1721.000977	-137.614761
1720.027344	247.404602
1719.052734	225.952469
1718.078125	178.392288
1717.104492	86.813309
1716.128906	64.078766
1715.154297	10.196816
1714.178711	43.109497
1713.204102	57.719028
1712.228516	46.341698
1711.251953	52.565712
1710.276367	240.360962
1709.299805	125.575249
1708.324219	-53.433804
1707.347656	215.345413
1706.370117	-48.602974
1705.393555	17.437016
1704.416016	-274.948822
1703.438477	23.437452
1702.460938	344.525970
1701.483398	233.213257
1700.505859	19.532980
1699.527344	-168.670044
1698.548828	39.109383
1697.570313	185.360687
1696.591797	124.549461
1695.612305	20.224442
1694.632813	46.045963
1693.653320	158.549728
1692.673828	102.493706
1691.694336	-124.559807
1690.713867	-42.944187
1689.734375	168.665375
1688.753906	15.490641
1687.772461	158.038712
1686.791992	134.836792
1685.810547	-71.877930
1684.830078	-18.646133
1683.848633	-39.340687
1682.866211	-202.669785
1681.884766	33.821190
1680.902344	211.645218
1679.919922	-213.782654
1678.937500	-94.494911
1677.955078	-0.686398
1676.971680	113.430336
1675.989258	44.443962
1675.005859	0.916997
1674.022461	115.031502
1673.038086	61.381783
1672.054688	96.735077
1671.070313	33.019562
1670.085938	53.181965
1669.101563	42.907360
1668.117188	190.079865
1667.131836	-183.107483
1666.146484	-84.087746
1665.161133	-155.047623
1664.175781	96.221497
1663.189453	268.803894
1662.204102	-12.477402
1661.217773	-17.286596
1660.231445	97.083588
1659.245117	-143.290756
1658.257813	-112.445885
1657.270508	-43.561783
1656.284180	73.483894
1655.295898	-44.953213
1654.308594	282.247559
1653.321289	171.544632
1652.333008	33.099773
1651.344727	114.859871
1650.356445	75.244751
1649.367188	28.104567
1648.378906	56.905464
1647.389648	-38.116051
1646.400391	89.346512
1645.411133	-131.852844
1644.420898	182.606674
1643.431641	173.740997
1642.441406	210.370895
1641.451172	259.665497
1640.459961	155.017899
1639.469727	126.188370
1638.478516	195.801727
1637.487305	20.770742
1636.496094	274.577850
1635.504883	404.786469
1634.512695	224.918671
1633.520508	62.817528
1632.528320	115.009239
1631.536133	33.709450
1630.543945	264.805634
1629.550781	493.318054
1628.557617	434.768036
1627.564453	265.532288
1626.571289	438.663208
1625.578125	757.693726
1624.583984	475.402985
1623.589844	653.514221
1622.595703	705.862000
1621.601563	921.630493
1620.606445	1134.815918
1619.611328	1151.935059
1618.616211	1123.857788
1617.621094	1218.901123
1616.625977	962.346863
1615.629883	914.308411
1614.633789	974.259644
1613.637695	913.740173
1612.641602	1071.574951
1611.645508	1261.975342
1610.648438	1126.240723
1609.651367	1045.749023
1608.654297	992.887451
1607.657227	1248.379517
1606.659180	1461.161255
1605.662109	1478.448608
1604.664063	1553.343384
1603.666016	1623.209961
1602.666992	1688.035156
1601.668945	1447.433350
1600.669922	1612.403076
1599.670898	1504.546997
1598.671875	1326.690063
1597.671875	1288.973755
1596.672852	1318.814941
1595.672852	1276.122803
1594.672852	978.468506
1593.671875	1025.829590
1592.671875	1153.142578
1591.670898	813.217102
1590.669922	688.233826
1589.668945	523.346191
1588.667969	720.541565
1587.666016	553.197998
1586.664063	460.787292
1585.662109	333.476685
1584.660156	445.693115
1583.658203	355.834290
1582.655273	268.485352
1581.652344	290.856628
1580.649414	420.384949
1579.646484	173.561829
1578.642578	462.476501
1577.638672	16.436045
1576.634766	-18.512266
1575.630859	-80.848434
1574.626953	103.273727
1573.622070	170.316605
1572.618164	192.541565
1571.613281	-1.710106
1570.607422	55.305332
1569.602539	234.146271
1568.596680	-9.775669
1567.590820	69.529533
1566.584961	109.022552
1565.579102	-8.052711
1564.572266	58.717461
1563.566406	224.801895
1562.559570	259.180634
1561.551758	112.285133
1560.544922	-32.069908
1559.537109	66.794769
1558.530273	240.043549
1557.521484	-6.029284
1556.513672	-48.643822
1555.505859	-128.450623
1554.497070	-7.461610
1553.488281	21.759073
1552.479492	-122.505272
1551.470703	169.294296
1550.460938	-34.434139
1549.451172	170.503204
1548.441406	-15.840731
1547.431641	-207.075119
1546.421875	-168.092300
1545.411133	-5.441163
1544.400391	-11.089869
1543.389648	10.454069
1542.378906	2.300347
1541.367188	-18.238546
1540.355469	-75.859177
1539.343750	-111.231087
1538.332031	97.991829
1537.320313	-206.668533
1536.307617	-79.051964
1535.294922	92.941963
1534.282227	30.339121
1533.269531	-12.504547
1532.256836	-77.549477
1531.243164	64.634140
1530.229492	-153.353180
1529.215820	-127.131958
1528.202148	-157.635254
1527.187500	-87.087502
1526.172852	-60.936924
1525.158203	24.328787
1524.143555	119.403610
1523.127930	177.477203
1522.113281	149.353745
1521.097656	22.751839
1520.082031	73.410805
1519.065430	18.217638
1518.049805	14.722635
1517.033203	13.673732
1516.016602	-80.824471
1515.000000	-79.396271
1513.982422	-58.318676
1512.965820	34.036716
1511.948242	-30.914091
1510.930664	120.343666
1509.913086	67.687675
1508.894531	42.051933
1507.875977	40.982445
1506.857422	-48.443874
1505.838867	83.033485
1504.820313	54.985588
1503.800781	90.719559
1502.781250	97.017693
1501.761719	122.937386
1500.742188	222.397369
1499.721680	-50.726818
1498.702148	21.796478
1497.681641	-167.850723
1496.661133	154.510269
1495.639648	182.874222
1494.618164	59.443245
1493.597656	139.261108
1492.576172	123.603806
1491.553711	-114.699738
1490.532227	-17.736570
1489.509766	201.478378
1488.487305	-75.761139
1487.464844	-52.165329
1486.442383	-140.993225
1485.418945	339.599762
1484.395508	77.293999
1483.372070	249.908554
1482.348633	124.535919
1481.324219	92.007133
1480.300781	186.466980
1479.276367	-99.829430
1478.251953	97.151543
1477.226563	84.262512
1476.202148	-70.043419
1475.176758	-87.714043
1474.151367	75.061478
1473.125000	132.975708
1472.099609	47.127907
1471.073242	92.900627
1470.046875	38.813511
1469.020508	-37.136734
1467.994141	120.726280
1466.966797	-18.449646
1465.939453	-9.068874
1464.912109	219.343781
1463.884766	53.577938
1462.856445	36.275669
1461.829102	77.392807
1460.800781	235.216858
1459.772461	349.257233
1458.743164	419.531067
1457.714844	560.288818
1456.685547	496.958862
1455.656250	627.991760
1454.625977	547.744751
1453.596680	348.629883
1452.566406	423.894226
1451.536133	380.263550
1450.505859	380.363281
1449.474609	322.279236
1448.444336	467.981598
1447.413086	296.034271
1446.381836	82.996666
1445.350586	306.328125
1444.318359	265.487732
1443.286133	292.538635
1442.253906	317.201874
1441.221680	-33.426598
1440.189453	117.276581
1439.156250	93.676888
1438.123047	65.296173
1437.089844	138.585846
1436.056641	197.380112
1435.022461	234.419632
1433.988281	203.790436
1432.954102	327.930206
1431.919922	108.876228
1430.885742	175.089584
1429.850586	118.104103
1428.815430	-23.342176
1427.780273	-299.909271
1426.744141	51.387863
1425.708984	-150.152985
1424.672852	24.893362
1423.636719	4.485328
1422.600586	-148.535233
1421.563477	-156.753372
1420.527344	93.089050
1419.490234	53.583645
1418.452148	74.386833
1417.415039	-22.829580
1416.376953	84.807579
1415.338867	-96.581673
1414.300781	83.367851
1413.262695	63.460773
1412.224609	-201.908463
1411.185547	-130.209259
1410.146484	-190.821915
1409.107422	-75.758255
1408.067383	123.469444
1407.027344	-138.997803
1405.987305	-110.425797
1404.947266	23.935308
1403.907227	78.989632
1402.866211	-65.341286
1401.826172	184.360672
1400.785156	342.741516
1399.743164	164.967224
1398.702148	301.775848
1397.660156	157.782455
1396.618164	265.826630
1395.576172	572.974548
1394.533203	597.026917
1393.491211	570.772034
1392.448242	978.473877
1391.405273	743.711975
1390.361328	914.052856
1389.318359	1139.479736
1388.274414	1422.331055
1387.230469	1190.240845
1386.186523	1374.888428
1385.141602	1681.567139
1384.097656	1593.294678
1383.052734	1483.560547
1382.007813	1907.365479
1380.961914	1776.163208
1379.916992	1558.988647
1378.871094	1387.360718
1377.825195	1419.006836
1376.778320	1414.827759
1375.732422	1200.463867
1374.685547	1141.479126
1373.638672	1218.676880
1372.591797	1052.355347
1371.543945	981.615173
1370.497070	841.744263
1369.449219	775.930359
1368.400391	874.770691
1367.352539	730.349976
1366.303711	619.401001
1365.255859	727.867615
1364.206055	614.648499
1363.157227	639.730713
1362.108398	774.429810
1361.058594	678.051514
1360.008789	543.648560
1358.958984	630.757446
1357.908203	924.945862
1356.857422	512.227234
1355.806641	796.860779
1354.755859	853.039368
1353.705078	1025.760498
1352.653320	582.584290
1351.601563	852.810913
1350.549805	609.570801
1349.498047	825.080200
1348.445313	263.655060
1347.393555	388.945068
1346.340820	426.338654
1345.287109	326.030670
1344.234375	268.527985
1343.180664	303.621552
1342.126953	395.671967
1341.073242	224.397430
1340.019531	226.352112
1338.964844	237.807312
1337.910156	21.703596
1336.855469	327.138092
1335.799805	108.776756
1334.745117	58.743164
1333.689453	231.391235
1332.633789	81.932892
1331.578125	174.047302
1330.521484	180.921997
1329.464844	15.057905
1328.408203	244.407639
1327.351563	-4.152363
1326.294922	-94.132378
1325.237305	-20.915043
1324.179688	14.465298
1323.122070	7.305023
1322.064453	23.793091
1321.005859	-139.259689
1319.947266	-136.893585
1318.888672	-6.997753
1317.830078	-271.410553
1316.770508	-68.348450
1315.710938	127.558411
1314.651367	-129.600616
1313.591797	-105.933388
1312.531250	226.669891
1311.471680	-16.160185
1310.411133	146.575790
1309.349609	-15.989779
1308.289063	-20.599403
1307.227539	-41.693043
1306.166016	-72.188065
1305.104492	99.846748
1304.042969	311.838715
1302.980469	121.253304
1301.917969	175.491455
1300.855469	36.794971
1299.792969	378.011108
1298.729492	-47.566460
1297.666016	-103.820023
1296.602539	114.982475
1295.539063	117.483253
1294.474609	28.347120
1293.411133	-65.438217
1292.346680	-95.769341
1291.281250	287.173767
1290.216797	280.261566
1289.151367	118.443283
1288.085938	233.594437
1287.020508	163.359222
1285.955078	60.321369
1284.888672	309.077423
1283.822266	248.252945
1282.755859	196.831985
1281.689453	297.761566
1280.622070	328.355133
1279.554688	115.318237
1278.487305	155.306931
1277.419922	73.524094
1276.351563	317.162109
1275.283203	158.141403
1274.214844	282.319214
1273.146484	181.859390
1272.077148	284.921143
1271.008789	93.308502
1269.939453	158.937775
1268.869141	219.857651
1267.799805	103.153336
1266.729492	353.301788
1265.659180	479.537933
1264.588867	285.779602
1263.517578	332.582550
1262.447266	220.637558
1261.375977	227.757523
1260.304688	206.872711
1259.232422	398.271393
1258.161133	237.417740
1257.088867	622.257507
1256.016602	302.890961
1254.943359	435.817291
1253.871094	461.498718
1252.797852	559.381104
1251.724609	454.578339
1250.650391	626.925598
1249.577148	678.137085
1248.502930	661.812988
1247.428711	503.537903
1246.354492	210.382141
1245.279297	494.229736
1244.204102	331.429016
1243.128906	273.325623
1242.053711	540.691101
1240.977539	287.333344
1239.902344	545.277100
1238.826172	296.669464
1237.750000	373.325653
1236.672852	278.108246
1235.595703	415.082367
1234.518555	363.992218
1233.441406	185.290924
1232.364258	101.787125
1231.286133	308.247803
1230.208008	243.294724
1229.129883	280.379120
1228.051758	303.536194
1226.972656	159.818115
1225.893555	162.129837
1224.814453	171.385529
1223.734375	222.315079
1222.655273	347.322144
1221.575195	312.534454
1220.495117	208.329681
1219.415039	13.924675
1218.333984	50.936111
1217.252930	23.169363
1216.171875	87.907715
1215.090820	-76.258904
1214.008789	13.887759
1212.926758	90.129631
1211.844727	80.851570
1210.762695	-4.645555
1209.679688	9.186603
1208.597656	-219.406570
1207.513672	-110.901306
1206.430664	-99.366104
1205.347656	-115.524101
1204.263672	-235.485138
1203.179688	62.036606
1202.095703	-16.407999
1201.010742	-117.879951
1199.925781	124.097954
1198.840820	126.330505
1197.755859	89.399811
1196.670898	-9.703792
1195.584961	24.788782
1194.499023	47.753155
1193.413086	-35.168011
1192.326172	266.233826
1191.239258	330.537415
1190.152344	12.986975
1189.065430	19.828650
1187.978516	353.140656
1186.890625	304.731140
1185.802734	279.325317
1184.714844	5.788448
1183.625977	-26.436504
1182.538086	86.044037
1181.449219	51.520199
1180.360352	544.992493
1179.270508	44.482021
1178.180664	136.188477
1177.090820	326.496643
1176.000977	422.687836
1174.911133	447.754272
1173.820313	454.465027
1172.729492	562.021729
1171.638672	373.928314
1170.547852	185.919159
1169.456055	190.390320
1168.364258	357.445740
1167.272461	348.141998
1166.179688	519.664307
1165.087891	263.177368
1163.995117	599.375793
1162.902344	885.099670
1161.808594	628.694397
1160.715820	866.273804
1159.622070	991.733704
1158.528320	906.880920
1157.433594	652.980774
1156.339844	1031.971191
1155.245117	798.710999
1154.149414	449.098328
1153.054688	604.157288
1151.958984	718.056946
1150.863281	485.071014
1149.767578	847.611389
1148.671875	562.238586
1147.575195	304.352356
1146.478516	365.749878
1145.381836	319.993378
1144.285156	226.401062
1143.187500	278.654114
1142.089844	239.772095
1140.992188	-10.879914
1139.894531	61.877518
1138.795898	136.868118
1137.697266	225.480576
1136.598633	-120.519722
1135.499023	-20.527847
1134.400391	129.454529
1133.300781	26.979305
1132.201172	54.118732
1131.100586	-186.940262
1130.000977	-96.152527
1128.900391	-280.288452
1127.799805	-132.756317
1126.698242	-196.472733
1125.596680	78.083679
1124.495117	71.078583
1123.393555	479.320190
1122.291992	220.397964
1121.189453	310.867889
1120.086914	505.598938
1118.984375	593.682556
1117.881836	813.178772
1116.778320	762.899414
1115.674805	674.117798
1114.571289	820.932983
1113.466797	820.469238
1112.363281	790.570496
1111.258789	606.745300
1110.153320	730.756958
1109.048828	856.970703
1107.943359	700.356201
1106.837891	756.379883
1105.732422	418.949554
1104.625977	556.355286
1103.520508	458.651855
1102.414063	381.306793
1101.306641	552.460144
1100.200195	317.000671
1099.092773	192.264954
1097.985352	78.854317
1096.877930	272.420502
1095.769531	165.769089
1094.661133	183.222137
1093.552734	238.987976
1092.444336	200.001526
1091.335938	176.791428
1090.226563	327.112366
1089.117188	193.415359
1088.006836	334.601471
1086.897461	176.139893
1085.787109	33.479984
1084.676758	316.365723
1083.566406	576.589417
1082.455078	337.085175
1081.343750	174.153763
1080.232422	584.849121
1079.121094	284.697815
1078.008789	353.372253
1076.896484	390.513031
1075.784180	79.271698
1074.671875	386.010803
1073.558594	488.156525
1072.445313	336.449127
1071.332031	310.510834
1070.217773	349.638885
1069.104492	186.736557
1067.990234	162.975128
1066.875977	531.757080
1065.760742	231.986816
1064.645508	82.543472
1063.530273	175.232880
1062.415039	119.919518
1061.299805	127.327187
1060.183594	58.514500
1059.067383	-14.789717
1057.951172	12.657901
1056.833984	181.079895
1055.716797	-57.972507
1054.599609	231.128799
1053.482422	-61.615021
1052.364258	-155.217865
1051.247070	19.519552
1050.128906	-206.064621
1049.009766	51.188869
1047.891602	-6.803628
1046.772461	-8.977642
1045.653320	51.337528
1044.533203	392.936310
1043.414063	19.895508
1042.293945	50.972672
1041.173828	12.797669
1040.052734	-34.348919
1038.932617	-54.759010
1037.811523	-90.835579
1036.689453	-51.157604
1035.568359	48.631733
1034.446289	-99.062202
1033.324219	-8.349408
1032.202148	59.984291
1031.079102	-232.567947
1029.957031	-46.336277
1028.833984	-0.503671
1027.709961	20.753304
1026.586914	-60.406879
1025.462891	147.580566
1024.338867	157.467499
1023.214844	36.097042
1022.089844	-143.096542
1020.964844	57.769619
1019.839844	11.833663
1018.714844	52.485683
1017.588867	70.827713
1016.462891	-99.649651
1015.336914	136.131241
1014.210938	49.912086
1013.083984	-5.287248
1011.957031	250.047546
1010.830078	108.179749
1009.702148	285.603668
1008.574219	396.363159
1007.446289	874.924683
1006.318359	1510.520264
1005.190430	1939.716064
1004.061523	2262.314697
1002.932617	1858.360718
1001.802734	1210.976807
1000.673828	448.720886
999.543945	414.767029
998.414063	115.263283
997.283203	231.642975
996.153320	314.730316
995.022461	101.431190
993.891602	447.374542
992.759766	640.591187
991.628906	473.523193
990.497070	677.529114
989.364258	1009.434998
988.232422	1248.392212
987.099609	1072.169312
985.966797	1546.964233
984.833984	1322.056274
983.700195	1564.794556
982.566406	1741.183716
981.432617	1419.124390
980.298828	1293.318115
979.164063	1099.160522
978.029297	988.738708
976.894531	708.674255
975.759766	532.168701
974.624023	657.299194
973.488281	419.082977
972.352539	618.854553
971.215820	539.011353
970.080078	223.765884
968.943359	425.404663
967.805664	297.051147
966.668945	542.396851
965.531250	405.136200
964.393555	388.714996
963.254883	251.395737
962.117188	476.458344
960.978516	336.843109
959.839844	335.521545
958.700195	566.760010
957.561523	600.354553
956.421875	491.264740
955.281250	572.954407
954.141602	663.325378
953.000977	832.495361
951.860352	591.676575
950.719727	648.909363
949.578125	333.625854
948.436523	620.726196
947.294922	347.076874
946.153320	40.657661
945.010742	583.516052
943.868164	465.243774
942.725586	-38.060013
941.583008	64.660736
940.439453	291.910553
939.295898	-53.767319
938.152344	92.437286
937.007813	319.364807
935.863281	45.861485
934.718750	207.081299
933.574219	331.064972
932.428711	192.961594
931.283203	131.275848
930.137695	73.947044
928.992188	169.322678
927.845703	-51.655167
926.699219	69.793854
925.552734	86.513451
924.405273	151.137177
923.257813	47.912315
922.110352	-3.000909
920.962891	207.458130
919.814453	210.917221
918.666016	-105.674988
917.517578	-2.056597
916.369141	60.157368
915.219727	-195.317307
914.070313	-70.043556
912.920898	-81.833565
911.770508	56.378143
910.621094	-127.153610
909.470703	160.944061
908.319336	170.808304
907.168945	-14.798196
906.017578	53.747566
904.866211	91.878952
903.713867	82.237877
902.562500	89.991287
901.410156	-86.667259
900.256836	-39.824997
899.104492	-14.652964
897.951172	14.855123
896.797852	-92.177925
895.644531	171.434097
894.490234	268.120605
893.335938	-42.417469
892.181641	-229.335709
891.027344	-97.867775
889.872070	-159.072296
888.716797	132.534760
887.561523	-10.811523
886.405273	64.412460
885.249023	-24.694153
884.092773	57.097916
882.936523	97.842178
881.779297	67.306625
880.622070	188.088226
879.464844	-200.880569
878.307617	43.139301
877.149414	-10.835862
875.991211	15.157866
874.833008	127.539238
873.673828	151.482986
872.514648	117.261383
871.355469	262.133026
870.196289	-194.491165
869.036133	8.759125
867.875977	-137.098053
866.715820	12.379416
865.554688	133.876572
864.394531	-41.747894
863.233398	-40.647999
862.071289	165.036591
860.910156	71.624832
859.748047	524.836304
858.585938	259.529968
857.422852	312.727356
856.259766	277.876953
855.096680	176.533951
853.933594	176.370712
852.770508	219.307602
851.606445	6.739613
850.442383	7.009068
849.277344	54.638115
848.113281	80.933128
846.948242	-90.079460
845.783203	69.535759
844.617188	-86.093246
843.451172	-24.910328
842.285156	190.762314
841.119141	-133.661255
839.952148	-39.910164
838.785156	-179.571564
837.618164	-154.075287
836.451172	184.224899
835.283203	107.176407
834.115234	23.908068
832.947266	308.919495
831.778320	20.585615
830.609375	117.571800
829.440430	174.051254
828.271484	292.681488
827.101563	60.880760
825.931641	160.594772
824.761719	132.250336
823.590820	249.338211
822.420898	323.848602
821.250000	167.924118
820.078125	441.273010
818.907227	251.614761
817.735352	435.577057
816.562500	504.453735
815.390625	471.129150
814.217773	320.741425
813.044922	321.944458
811.872070	186.949310
810.698242	11.722040
809.524414	60.408043
808.350586	117.774658
807.176758	175.298096
806.001953	228.720047
804.827148	163.136032
803.651367	-55.413330
802.476563	68.768036
801.300781	20.828398
800.125000	-1.395637
798.948242	104.095711
797.772461	269.221436
796.595703	-120.041290
795.417969	444.716675
794.241211	274.666931
793.063477	134.591934
791.885742	103.000175
790.707031	222.254929
789.529297	157.055466
788.350586	204.464172
787.170898	360.158813
785.992188	208.548355
784.812500	504.377289
783.632813	416.691345
782.452148	466.900726
781.272461	506.651123
780.091797	-59.070278
778.911133	141.970688
777.729492	108.129517
776.547852	133.690628
775.366211	377.273468
774.184570	115.391891
773.001953	-84.918938
771.819336	-126.459587
770.636719	-123.474365
769.453125	-65.436035
768.269531	-41.112621
767.085938	-109.617973
765.902344	-154.763306
764.717773	-398.220734
763.533203	27.565109
762.348633	83.987686
761.163086	5.460726
759.977539	-83.496201
758.791992	192.439774
757.606445	-35.504337
756.419922	379.522522
755.233398	23.236467
754.046875	12.645508
752.859375	252.725479
751.672852	252.698715
750.485352	267.446381
749.296875	488.462463
748.108398	172.864685
746.919922	219.246429
745.731445	15.351416
744.542969	133.249466
743.353516	61.904209
742.164063	307.923126
740.973633	371.017761
739.783203	259.715424
738.592773	-15.369460
737.402344	276.527985
736.211914	-2.706316
735.020508	181.933746
733.829102	334.961761
732.636719	332.633759
731.444336	376.373535
730.251953	101.334518
729.059570	237.179962
727.866211	268.093384
726.673828	-118.033028
725.479492	185.053970
724.286133	79.533340
723.091797	223.091064
721.897461	35.741676
720.703125	-84.681320
719.507813	368.065948
718.312500	-139.608871
717.117188	32.434719
715.921875	55.806099
714.725586	112.450317
713.529297	-63.048180
712.332031	225.160004
711.135742	132.918564
709.938477	339.150696
708.740234	601.464417
707.542969	704.837769
706.344727	860.135193
705.146484	1134.072510
703.948242	1682.989624
702.749023	1578.767944
701.549805	1820.448853
700.350586	1365.672363
699.150391	896.306335
697.950195	758.181030
696.750000	347.062317
695.549805	273.241974
694.348633	234.620285
693.147461	227.014191
691.946289	237.916000
690.744141	302.672302
689.541992	225.754395
688.339844	375.292938
687.136719	549.483337
685.934570	399.168732
684.730469	394.152130
683.527344	295.454803
682.323242	242.287277
681.119141	311.448853
679.915039	62.787685
678.710938	67.250473
677.505859	594.388611
676.300781	370.196533
675.094727	218.533859
673.889648	245.109955
672.683594	397.975769
671.476563	63.631847
670.270508	160.295166
669.063477	-136.750412
667.856445	119.190735
666.648438	105.791435
665.440430	24.046667
664.232422	219.616425
663.024414	-313.168152
661.815430	188.523102
660.606445	-147.497070
659.397461	8.758921
658.188477	-33.393753
656.978516	236.621277
655.768555	271.136200
654.557617	35.232780
653.346680	41.256039
652.135742	113.585815
650.924805	52.006035
649.712891	40.293797
648.501953	-261.931427
647.289063	-27.365879
646.077148	104.439552
644.864258	-142.653076
643.651367	-88.176117
642.438477	109.043228
641.224609	26.641108
640.010742	-139.464066
638.796875	117.374184
637.582031	66.117432
636.367188	46.633114
635.152344	-111.815369
633.937500	47.616077
632.721680	45.582352
631.505859	102.275192
630.289063	166.341583
629.073242	595.443604
627.856445	273.734802
626.639648	428.169128
625.421875	512.226929
624.204102	326.883972
622.986328	287.070404
621.768555	400.995087
620.549805	118.802513
619.331055	0.856034
618.111328	-82.030716
616.892578	-70.347160
