1721.000977	-1.894966
1720.027344	-29.948830
1719.052734	8.776571
1718.078125	28.860064
1717.104492	-64.570808
1716.128906	72.246735
1715.154297	80.215355
1714.178711	174.781265
1713.204102	-13.168234
1712.228516	47.015423
1711.251953	-134.153793
1710.276367	71.080544
1709.299805	-13.615488
1708.324219	-44.924473
1707.347656	-112.470520
1706.370117	177.936066
1705.393555	-13.205143
1704.416016	69.119232
1703.438477	-2.388504
1702.460938	-48.606285
1701.483398	234.719193
1700.505859	26.855343
1699.527344	-17.631918
1698.548828	-146.669388
1697.570313	63.876900
1696.591797	23.814262
1695.612305	85.694977
1694.632813	134.591217
1693.653320	78.634033
1692.673828	116.954987
1691.694336	53.046516
1690.713867	-105.375198
1689.734375	-21.567900
1688.753906	-32.274792
1687.772461	23.181053
1686.791992	-76.953728
1685.810547	8.868793
1684.830078	-7.325856
1683.848633	-138.225204
1682.866211	72.101761
1681.884766	65.872314
1680.902344	34.126011
1679.919922	32.887947
1678.937500	-154.138565
1677.955078	-51.102070
1676.971680	-54.971138
1675.989258	93.730743
1675.005859	69.461807
1674.022461	106.199631
1673.038086	84.457886
1672.054688	-193.884644
1671.070313	8.001238
1670.085938	29.490515
1669.101563	-88.671371
1668.117188	-133.140579
1667.131836	45.780754
1666.146484	74.933388
1665.161133	162.459335
1664.175781	-16.360966
1663.189453	33.164791
1662.204102	-13.628454
1661.217773	-19.812502
1660.231445	-109.586105
1659.245117	-1.627775
1658.257813	103.790253
1657.270508	-1.016808
1656.284180	-44.938202
1655.295898	-91.342651
1654.308594	24.343569
1653.321289	-9.278443
1652.333008	22.946236
1651.344727	-30.793400
1650.356445	95.121613
1649.367188	28.853817
1648.378906	-108.102524
1647.389648	-60.434891
1646.400391	-194.675919
1645.411133	-108.987503
1644.420898	-3.074514
1643.431641	80.138153
1642.441406	32.066669
1641.451172	127.973480
1640.459961	-13.360075
1639.469727	140.678314
1638.478516	-169.509613
1637.487305	-65.838799
1636.496094	108.460724
1635.504883	-17.289415
1634.512695	3.267271
1633.520508	175.090347
1632.528320	74.767876
1631.536133	140.811676
1630.543945	206.883911
1629.550781	114.330360
1628.557617	303.844391
1627.564453	216.449341
1626.571289	360.669556
1625.578125	356.432526
1624.583984	314.505096
1623.589844	338.033203
1622.595703	698.540100
1621.601563	691.904358
1620.606445	660.173096
1619.611328	779.273254
1618.616211	938.563904
1617.621094	819.013367
1616.625977	870.322510
1615.629883	979.388123
1614.633789	1038.240356
1613.637695	846.126770
1612.641602	879.959167
1611.645508	1122.032959
1610.648438	905.030334
1609.651367	1066.806274
1608.654297	1108.199341
1607.657227	1034.298828
1606.659180	865.214844
1605.662109	1014.441833
1604.664063	1121.035156
1603.666016	1302.740601
1602.666992	1296.583008
1601.668945	1110.204468
1600.669922	1286.841187
1599.670898	1313.273804
1598.671875	1374.738159
1597.671875	1186.042969
1596.672852	1287.546631
1595.672852	1231.489502
1594.672852	1047.974487
1593.671875	862.036926
1592.671875	873.595642
1591.670898	600.346375
1590.669922	721.855896
1589.668945	683.497986
1588.667969	562.767578
1587.666016	424.606232
1586.664063	488.649139
1585.662109	630.012329
1584.660156	357.213257
1583.658203	336.424652
1582.655273	245.812851
1581.652344	264.926208
1580.649414	126.997101
1579.646484	185.984497
1578.642578	197.591919
1577.638672	136.948868
1576.634766	228.235107
1575.630859	48.073765
1574.626953	-17.513563
1573.622070	173.255829
1572.618164	291.778870
1571.613281	196.278107
1570.607422	172.924622
1569.602539	171.953369
1568.596680	230.626968
1567.590820	5.886796
1566.584961	263.349396
1565.579102	205.132309
1564.572266	37.609177
1563.566406	6.743818
1562.559570	157.128906
1561.551758	170.878113
1560.544922	-93.381462
1559.537109	81.671318
1558.530273	269.041595
1557.521484	-27.404461
1556.513672	-3.823856
1555.505859	59.393532
1554.497070	-165.004532
1553.488281	126.177864
1552.479492	-43.675781
1551.470703	123.440147
1550.460938	206.238281
1549.451172	58.676411
1548.441406	-125.985863
1547.431641	-25.938150
1546.421875	-96.717690
1545.411133	-229.358887
1544.400391	51.143143
1543.389648	-19.696026
1542.378906	-147.404755
1541.367188	-158.902206
1540.355469	22.368452
1539.343750	-21.337879
1538.332031	83.184921
1537.320313	-74.192955
1536.307617	-73.487358
1535.294922	119.778679
1534.282227	-62.281429
1533.269531	39.532673
1532.256836	27.771950
1531.243164	40.651012
1530.229492	-153.683060
1529.215820	93.442833
1528.202148	7.608036
1527.187500	-102.874207
1526.172852	57.747826
1525.158203	-40.426926
1524.143555	-5.565132
1523.127930	-54.486374
1522.113281	-93.551476
1521.097656	-56.316902
1520.082031	10.414587
1519.065430	30.332195
1518.049805	45.307716
1517.033203	-50.440010
1516.016602	-106.822014
1515.000000	3.989295
1513.982422	45.895992
1512.965820	-62.141041
1511.948242	14.123309
1510.930664	33.833805
1509.913086	-76.653587
1508.894531	65.800507
1507.875977	-123.253815
1506.857422	136.933975
1505.838867	28.893703
1504.820313	97.535095
1503.800781	31.208445
1502.781250	87.518639
1501.761719	6.482841
1500.742188	-13.247993
1499.721680	-45.246426
1498.702148	91.842392
1497.681641	-109.230751
1496.661133	155.146927
1495.639648	152.469269
1494.618164	-21.599157
1493.597656	61.425556
1492.576172	-288.773224
1491.553711	-46.724167
1490.532227	-46.954193
1489.509766	133.783554
1488.487305	104.148781
1487.464844	-99.051254
1486.442383	57.122532
1485.418945	22.611238
1484.395508	5.211309
1483.372070	17.127453
1482.348633	-2.711986
1481.324219	92.200500
1480.300781	106.524559
1479.276367	262.384949
1478.251953	-18.588867
1477.226563	122.584236
1476.202148	124.684967
1475.176758	-0.026144
1474.151367	267.832275
1473.125000	177.263824
1472.099609	-108.209618
1471.073242	103.463516
1470.046875	156.717285
1469.020508	132.020020
1467.994141	168.210175
1466.966797	-85.307220
1465.939453	398.744568
1464.912109	327.799713
1463.884766	-20.448866
1462.856445	156.824753
1461.829102	112.749565
1460.800781	182.961319
1459.772461	233.708359
1458.743164	111.886948
1457.714844	97.044907
1456.685547	344.565125
1455.656250	261.690948
1454.625977	246.843155
1453.596680	302.424805
1452.566406	217.213455
1451.536133	187.864471
1450.505859	585.535522
1449.474609	248.089737
1448.444336	332.773804
1447.413086	405.305786
1446.381836	266.929779
1445.350586	189.218475
1444.318359	104.277237
1443.286133	157.471191
1442.253906	121.046806
1441.221680	220.258316
1440.189453	-4.963255
1439.156250	82.157455
1438.123047	74.882881
1437.089844	19.241652
1436.056641	120.871750
1435.022461	-16.950403
1433.988281	67.749390
1432.954102	-55.458294
1431.919922	-154.424744
1430.885742	31.796549
1429.850586	230.029938
1428.815430	15.186933
1427.780273	58.836124
1426.744141	-64.103394
1425.708984	-51.790478
1424.672852	-37.056080
1423.636719	-101.925369
1422.600586	69.650642
1421.563477	33.763008
1420.527344	58.200798
1419.490234	-78.870636
1418.452148	-170.076096
1417.415039	-111.815186
1416.376953	-133.064011
1415.338867	23.954685
1414.300781	79.790794
1413.262695	171.741257
1412.224609	-155.151871
1411.185547	196.753387
1410.146484	79.358154
1409.107422	-100.506493
1408.067383	66.040749
1407.027344	-111.300293
1405.987305	-117.859695
1404.947266	-73.919701
1403.907227	-37.183460
1402.866211	-235.884811
1401.826172	14.687993
1400.785156	178.719650
1399.743164	-41.445107
1398.702148	163.381866
1397.660156	-56.637070
1396.618164	128.950485
1395.576172	153.760635
1394.533203	236.134872
1393.491211	299.322571
1392.448242	362.498962
1391.405273	437.655365
1390.361328	531.965332
1389.318359	489.707336
1388.274414	878.624146
1387.230469	817.190369
1386.186523	839.603088
1385.141602	615.470520
1384.097656	791.124512
1383.052734	626.959473
1382.007813	752.336548
1380.961914	767.657959
1379.916992	833.216248
1378.871094	843.776184
1377.825195	672.705505
1376.778320	743.069702
1375.732422	545.855408
1374.685547	537.434875
1373.638672	392.920959
1372.591797	544.541016
1371.543945	118.452232
1370.497070	475.345215
1369.449219	354.899048
1368.400391	239.287384
1367.352539	285.930084
1366.303711	413.634308
1365.255859	212.325699
1364.206055	235.149872
1363.157227	145.991898
1362.108398	211.746475
1361.058594	329.883575
1360.008789	407.503021
1358.958984	347.016571
1357.908203	255.620865
1356.857422	357.047455
1355.806641	372.790161
1354.755859	205.374069
1353.705078	425.707092
1352.653320	222.707596
1351.601563	314.592346
1350.549805	190.166748
1349.498047	479.275208
1348.445313	200.465988
1347.393555	187.822266
1346.340820	191.812057
1345.287109	326.388245
1344.234375	130.983459
1343.180664	135.015030
1342.126953	210.235779
1341.073242	159.712753
1340.019531	213.574554
1338.964844	-133.301270
1337.910156	17.810656
1336.855469	-16.000120
1335.799805	56.839302
1334.745117	1.733978
1333.689453	-43.871140
1332.633789	81.052979
1331.578125	210.667175
1330.521484	-33.762211
1329.464844	124.229362
1328.408203	36.096680
1327.351563	94.670517
1326.294922	-0.496675
1325.237305	133.730652
1324.179688	204.080673
1323.122070	116.056038
1322.064453	-106.610107
1321.005859	86.605515
1319.947266	78.980873
1318.888672	-152.966721
1317.830078	-224.267776
1316.770508	-71.304245
1315.710938	6.081703
1314.651367	5.581239
1313.591797	-51.525604
1312.531250	35.246490
1311.471680	-87.852104
1310.411133	55.473701
1309.349609	43.187592
1308.289063	-138.735489
1307.227539	72.829704
1306.166016	-94.888741
1305.104492	-187.180069
1304.042969	-34.588425
1302.980469	-70.364693
1301.917969	68.015106
1300.855469	-19.522436
1299.792969	107.029358
1298.729492	-166.262985
1297.666016	-72.653793
1296.602539	-56.654926
1295.539063	-31.260666
1294.474609	43.459820
1293.411133	-27.489305
1292.346680	40.154160
1291.281250	-54.255386
1290.216797	156.569412
1289.151367	-45.787910
1288.085938	132.086319
1287.020508	112.816010
1285.955078	140.465561
1284.888672	104.781334
1283.822266	165.238510
1282.755859	-177.499893
1281.689453	54.068043
1280.622070	60.602779
1279.554688	-110.893143
1278.487305	64.296074
1277.419922	-4.101082
1276.351563	213.119843
1275.283203	221.947739
1274.214844	132.494888
1273.146484	211.520111
1272.077148	12.175160
1271.008789	-39.758495
1269.939453	-77.647240
1268.869141	27.052925
1267.799805	166.767990
1266.729492	-60.390842
1265.659180	67.597557
1264.588867	-16.984514
1263.517578	279.039215
1262.447266	21.710905
1261.375977	-13.800508
1260.304688	30.036850
1259.232422	83.179565
1258.161133	-3.629009
1257.088867	103.130676
1256.016602	223.832321
1254.943359	113.734291
1253.871094	204.090683
1252.797852	282.754120
1251.724609	130.794571
1250.650391	125.604271
1249.577148	250.802521
1248.502930	471.375763
1247.428711	191.516098
1246.354492	204.939468
1245.279297	25.284260
1244.204102	78.271820
1243.128906	61.487278
1242.053711	256.251129
1240.977539	276.620728
1239.902344	73.925293
1238.826172	136.148499
1237.750000	84.541969
1236.672852	188.534195
1235.595703	208.909027
1234.518555	203.747711
1233.441406	217.157867
1232.364258	-38.554592
1231.286133	81.605278
1230.208008	101.999428
1229.129883	-51.494984
1228.051758	45.425018
1226.972656	-31.507271
1225.893555	234.510483
1224.814453	30.178720
1223.734375	240.489563
1222.655273	110.354980
1221.575195	8.056863
1220.495117	-54.843704
1219.415039	-154.730255
1218.333984	32.288788
1217.252930	11.075285
1216.171875	43.064049
1215.090820	105.101036
1214.008789	-112.558830
1212.926758	111.257782
1211.844727	-187.150055
1210.762695	-55.788929
1209.679688	-199.290573
1208.597656	-118.757950
1207.513672	-299.099396
1206.430664	-140.099457
1205.347656	-281.104675
1204.263672	-156.764313
1203.179688	-316.135620
1202.095703	-97.282822
1201.010742	133.006210
1199.925781	-14.770190
1198.840820	-79.516068
1197.755859	-151.130615
1196.670898	-26.929033
1195.584961	-133.043854
1194.499023	2.631569
1193.413086	-52.778511
1192.326172	-11.506215
1191.239258	91.879280
1190.152344	-64.682365
1189.065430	-90.080589
1187.978516	93.768791
1186.890625	243.066345
1185.802734	-21.346096
1184.714844	15.359800
1183.625977	180.696152
1182.538086	118.619736
1181.449219	127.760094
1180.360352	476.656219
1179.270508	86.401382
1178.180664	146.066711
1177.090820	65.787148
1176.000977	311.240570
1174.911133	350.230774
1173.820313	116.406792
1172.729492	-23.324446
1171.638672	208.247162
1170.547852	-36.791386
1169.456055	270.295837
1168.364258	36.831749
1167.272461	39.304684
1166.179688	172.259201
1165.087891	78.623032
1163.995117	83.421722
1162.902344	326.129395
1161.808594	131.941055
1160.715820	674.085938
1159.622070	450.227509
1158.528320	514.446167
1157.433594	354.730835
1156.339844	316.182770
1155.245117	279.948792
1154.149414	262.011414
1153.054688	550.006775
1151.958984	506.949005
1150.863281	587.146912
1149.767578	462.008606
1148.671875	717.840637
1147.575195	779.745361
1146.478516	490.552948
1145.381836	454.507324
1144.285156	400.266602
1143.187500	405.297424
1142.089844	266.844818
1140.992188	260.552185
1139.894531	245.172241
1138.795898	163.801590
1137.697266	184.892120
1136.598633	108.155563
1135.499023	104.255859
1134.400391	-92.928513
1133.300781	135.167862
1132.201172	106.308281
1131.100586	-63.433117
1130.000977	-124.014961
1128.900391	-191.373703
1127.799805	-220.077209
1126.698242	-92.083572
1125.596680	74.459213
1124.495117	-90.424789
1123.393555	46.572666
1122.291992	-168.114227
1121.189453	16.491022
1120.086914	74.040077
1118.984375	129.308914
1117.881836	250.295135
1116.778320	149.157852
1115.674805	449.083801
1114.571289	363.824463
1113.466797	283.137604
1112.363281	417.586365
1111.258789	248.664230
1110.153320	222.392242
1109.048828	128.269974
1107.943359	366.708923
1106.837891	458.049866
1105.732422	289.340149
1104.625977	394.228058
1103.520508	58.380100
1102.414063	100.017303
1101.306641	245.548279
1100.200195	-10.985627
1099.092773	125.478477
1097.985352	31.624014
1096.877930	237.986465
1095.769531	-18.317116
1094.661133	27.790203
1093.552734	105.451286
1092.444336	234.939865
1091.335938	-7.609037
1090.226563	146.630585
1089.117188	136.299057
1088.006836	-65.530579
1086.897461	50.315659
1085.787109	157.091003
1084.676758	344.862488
1083.566406	113.882324
1082.455078	389.322083
1081.343750	183.162857
1080.232422	69.310120
1079.121094	-57.994759
1078.008789	320.615082
1076.896484	382.099274
1075.784180	126.673721
1074.671875	66.820053
1073.558594	179.939240
1072.445313	456.935211
1071.332031	358.827637
1070.217773	119.322098
1069.104492	-90.914177
1067.990234	172.355103
1066.875977	78.808296
1065.760742	124.328690
1064.645508	-99.261772
1063.530273	-15.656378
1062.415039	7.374447
1061.299805	-126.480751
1060.183594	-69.885689
1059.067383	44.888870
1057.951172	166.301971
1056.833984	182.408585
1055.716797	23.900892
1054.599609	66.825821
1053.482422	26.924627
1052.364258	-4.048596
1051.247070	235.539719
1050.128906	-25.806232
1049.009766	25.848072
1047.891602	253.985016
1046.772461	287.606628
1045.653320	59.839939
1044.533203	1.850901
1043.414063	26.461000
1042.293945	216.189651
1041.173828	-9.287228
1040.052734	35.253868
1038.932617	50.739182
1037.811523	135.300171
1036.689453	57.012997
1035.568359	-63.632404
1034.446289	80.924927
1033.324219	-4.122211
1032.202148	-80.268822
1031.079102	-229.928375
1029.957031	-112.380051
1028.833984	-75.079842
1027.709961	86.775002
1026.586914	188.433914
1025.462891	-32.569099
1024.338867	-151.222488
1023.214844	43.637989
1022.089844	-55.089882
1020.964844	-133.827011
1019.839844	-52.603432
1018.714844	66.289078
1017.588867	-45.919811
1016.462891	-164.800171
1015.336914	-88.330238
1014.210938	-267.195282
1013.083984	-130.955795
1011.957031	-101.328102
1010.830078	-16.328466
1009.702148	117.343834
1008.574219	344.001984
1007.446289	373.227417
1006.318359	825.614319
1005.190430	1295.451172
1004.061523	916.686951
1002.932617	788.254395
1001.802734	464.981232
1000.673828	270.170349
999.543945	385.175110
998.414063	314.217560
997.283203	406.892914
996.153320	508.306366
995.022461	443.779602
993.891602	677.609253
992.759766	904.621887
991.628906	1076.231689
990.497070	1503.908691
989.364258	1984.309448
988.232422	2486.501221
987.099609	2721.294189
985.966797	2777.152588
984.833984	3002.797119
983.700195	3078.259033
982.566406	3036.729492
981.432617	2951.048096
980.298828	2556.726563
979.164063	2376.270752
978.029297	1757.367188
976.894531	1299.474976
975.759766	1112.598022
974.624023	965.356323
973.488281	734.458313
972.352539	560.810364
971.215820	464.169067
970.080078	649.075623
968.943359	541.313538
967.805664	532.462036
966.668945	538.936768
965.531250	340.936066
964.393555	270.393524
963.254883	357.967010
962.117188	298.288574
960.978516	497.653839
959.839844	207.321060
958.700195	44.334694
957.561523	370.674042
956.421875	361.145203
955.281250	283.554382
954.141602	416.439911
953.000977	209.396713
951.860352	508.663208
950.719727	520.679688
949.578125	337.645721
948.436523	255.380112
947.294922	168.709930
946.153320	88.584480
945.010742	227.292145
943.868164	120.801430
942.725586	342.450378
941.583008	54.329960
940.439453	168.620193
939.295898	99.165886
938.152344	31.874537
937.007813	-35.448864
935.863281	115.670616
934.718750	120.332977
933.574219	314.919525
932.428711	9.421769
931.283203	-3.509286
930.137695	-71.033241
928.992188	-49.122177
927.845703	149.397079
926.699219	70.846718
925.552734	44.616096
924.405273	13.991698
923.257813	74.868172
922.110352	153.111542
920.962891	139.807617
919.814453	172.198975
918.666016	17.317198
917.517578	-4.746912
916.369141	-46.410370
915.219727	-16.292822
914.070313	81.218590
912.920898	2.525318
911.770508	-30.502958
910.621094	129.927979
909.470703	244.628693
908.319336	-53.531452
907.168945	24.215490
906.017578	23.733892
904.866211	-93.987114
903.713867	187.717285
902.562500	219.746948
901.410156	-45.474014
900.256836	-37.275276
899.104492	22.982334
897.951172	-131.423462
896.797852	145.596222
895.644531	238.304565
894.490234	-128.326706
893.335938	-87.554382
892.181641	-100.915047
891.027344	-164.039963
889.872070	-92.917183
888.716797	-205.738098
887.561523	-97.795090
886.405273	187.492340
885.249023	260.758911
884.092773	37.837250
882.936523	16.083523
881.779297	219.120407
880.622070	-159.063019
879.464844	37.542717
878.307617	48.393372
877.149414	-87.524857
875.991211	154.417572
874.833008	81.242851
873.673828	-101.875160
872.514648	10.669486
871.355469	97.354050
870.196289	-70.335449
869.036133	128.553467
867.875977	232.609863
866.715820	155.722092
865.554688	137.102585
864.394531	21.682032
863.233398	235.801682
862.071289	-12.878422
860.910156	268.048431
859.748047	316.573395
858.585938	270.532806
857.422852	314.927734
856.259766	286.309174
855.096680	122.394424
853.933594	216.543320
852.770508	239.861801
851.606445	93.587547
850.442383	35.545391
849.277344	57.080601
848.113281	52.978374
846.948242	121.958237
845.783203	208.196991
844.617188	180.835144
843.451172	78.561890
842.285156	-10.665622
841.119141	-43.985985
839.952148	184.282593
838.785156	215.479080
837.618164	92.581909
836.451172	188.314575
835.283203	228.478333
834.115234	300.878204
832.947266	390.513916
831.778320	178.589264
830.609375	283.483887
829.440430	163.945389
828.271484	335.382355
827.101563	261.083893
825.931641	246.814545
824.761719	335.262054
823.590820	291.396332
822.420898	375.846436
821.250000	419.852753
820.078125	374.352173
818.907227	563.778320
817.735352	418.326294
816.562500	467.205231
815.390625	407.479431
814.217773	211.500916
813.044922	77.597290
811.872070	278.486603
810.698242	372.926483
809.524414	64.930359
808.350586	29.820517
807.176758	71.541161
806.001953	179.393112
804.827148	112.872192
803.651367	133.777344
802.476563	122.940170
801.300781	231.358292
800.125000	140.053879
798.948242	97.844582
797.772461	-71.672989
796.595703	73.476051
795.417969	155.001877
794.241211	-151.939529
793.063477	-176.219467
791.885742	-72.976707
790.707031	261.671936
789.529297	284.466858
788.350586	222.567642
787.170898	25.142563
785.992188	99.321472
784.812500	59.164749
783.632813	-29.560934
782.452148	161.542328
781.272461	325.165375
780.091797	222.050735
778.911133	11.156452
777.729492	-114.842239
776.547852	148.694839
775.366211	12.408987
774.184570	1.098593
773.001953	-52.371735
771.819336	-283.272919
770.636719	-281.464111
769.453125	-182.343552
768.269531	-97.948418
767.085938	-271.153900
765.902344	-148.565765
764.717773	-120.932930
763.533203	-152.314926
762.348633	14.746582
761.163086	36.257435
759.977539	154.850891
758.791992	-25.948668
757.606445	-147.569092
756.419922	38.631977
755.233398	-44.896492
754.046875	103.386086
752.859375	7.348450
751.672852	1.934085
750.485352	13.401360
749.296875	155.378464
748.108398	128.989319
746.919922	12.180215
745.731445	206.691330
744.542969	136.195358
743.353516	-43.571293
742.164063	102.485550
740.973633	25.751554
739.783203	58.266106
738.592773	164.244583
737.402344	129.471695
736.211914	254.208649
735.020508	-0.998111
733.829102	-65.206909
732.636719	308.958649
731.444336	175.387512
730.251953	100.515648
729.059570	270.848328
727.866211	197.929733
726.673828	26.486269
725.479492	225.780212
724.286133	223.841339
723.091797	110.835396
721.897461	-54.558865
720.703125	-2.360240
719.507813	208.691956
718.312500	118.316093
717.117188	163.769012
715.921875	102.433708
714.725586	172.658737
713.529297	267.771790
712.332031	36.769939
711.135742	200.470428
709.938477	255.338669
708.740234	295.390045
707.542969	184.965744
706.344727	483.401062
705.146484	766.901978
703.948242	708.021423
702.749023	872.088135
701.549805	850.337646
700.350586	630.392090
699.150391	604.132507
697.950195	300.608429
696.750000	361.496765
695.549805	222.249298
694.348633	490.875702
693.147461	105.648598
691.946289	338.375549
690.744141	416.836639
689.541992	278.751801
688.339844	446.174225
687.136719	457.396851
685.934570	466.331421
684.730469	520.761719
683.527344	437.868042
682.323242	564.570923
681.119141	319.362366
679.915039	352.245300
678.710938	220.982285
677.505859	280.490601
676.300781	55.622353
675.094727	241.324554
673.889648	124.087715
672.683594	37.861961
671.476563	69.674507
670.270508	281.620911
669.063477	331.797211
667.856445	170.639221
666.648438	224.809296
665.440430	237.508316
664.232422	28.744907
663.024414	-39.242580
661.815430	157.567551
660.606445	128.912537
659.397461	-125.022949
658.188477	-83.181740
656.978516	-243.769745
655.768555	-73.590080
654.557617	11.985762
653.346680	244.330521
652.135742	-173.516266
650.924805	90.218109
649.712891	17.773195
648.501953	-21.285099
647.289063	-111.514740
646.077148	-124.982224
644.864258	-123.548798
643.651367	-68.016258
642.438477	115.804893
641.224609	217.745132
640.010742	204.966003
638.796875	85.839531
637.582031	-3.631052
636.367188	60.076881
635.152344	130.828003
633.937500	124.340111
632.721680	-117.620285
631.505859	-14.985723
630.289063	255.289291
629.073242	275.956757
627.856445	125.365135
626.639648	337.795044
625.421875	169.653244
624.204102	155.121140
622.986328	-42.460022
621.768555	71.716240
620.549805	128.234848
619.331055	-114.816711
618.111328	-207.989349
616.892578	135.719208
