1721.000977	44.169460
1720.027344	168.940979
1719.052734	-164.236938
1718.078125	158.487930
1717.104492	408.230469
1716.128906	254.191132
1715.154297	42.870300
1714.178711	135.791840
1713.204102	-2.856911
1712.228516	37.088329
1711.251953	-105.696060
1710.276367	117.140709
1709.299805	-80.854622
1708.324219	66.227936
1707.347656	-53.653919
1706.370117	30.624218
1705.393555	-62.261379
1704.416016	-206.855881
1703.438477	-27.077612
1702.460938	-241.696945
1701.483398	-129.438309
1700.505859	194.490433
1699.527344	-123.637871
1698.548828	-33.210537
1697.570313	174.317810
1696.591797	-1.705565
1695.612305	156.504929
1694.632813	196.898056
1693.653320	-20.814129
1692.673828	-24.340321
1691.694336	-219.473938
1690.713867	-144.389572
1689.734375	246.720291
1688.753906	-285.599335
1687.772461	56.507107
1686.791992	-6.925267
1685.810547	54.354542
1684.830078	186.834076
1683.848633	-223.444489
1682.866211	227.078522
1681.884766	112.104401
1680.902344	256.714020
1679.919922	83.054283
1678.937500	-156.756516
1677.955078	-12.375956
1676.971680	-331.041229
1675.989258	-212.192230
1675.005859	292.998322
1674.022461	213.328949
1673.038086	-100.152351
1672.054688	76.903831
1671.070313	116.686295
1670.085938	293.612946
1669.101563	64.203781
1668.117188	32.935497
1667.131836	9.295292
1666.146484	137.959229
1665.161133	-68.290436
1664.175781	103.543030
1663.189453	113.017960
1662.204102	76.928574
1661.217773	347.621124
1660.231445	-251.068405
1659.245117	-124.734680
1658.257813	-66.816521
1657.270508	188.712372
1656.284180	274.563293
1655.295898	-145.974762
1654.308594	74.191902
1653.321289	233.601913
1652.333008	5.864301
1651.344727	-153.394913
1650.356445	-62.118149
1649.367188	193.541595
1648.378906	54.808407
1647.389648	-273.384430
1646.400391	103.704895
1645.411133	397.340088
1644.420898	195.803391
1643.431641	100.531944
1642.441406	154.330307
1641.451172	49.144173
1640.459961	-15.558896
1639.469727	101.555489
1638.478516	185.878021
1637.487305	192.048904
1636.496094	485.783813
1635.504883	345.806213
1634.512695	337.019073
1633.520508	424.077515
1632.528320	448.177338
1631.536133	532.801392
1630.543945	602.344604
1629.550781	760.038147
1628.557617	550.157471
1627.564453	803.575745
1626.571289	621.580322
1625.578125	1186.993408
1624.583984	1002.573853
1623.589844	1484.766235
1622.595703	1496.603882
1621.601563	1548.713501
1620.606445	1832.062988
1619.611328	1544.913086
1618.616211	1712.670044
1617.621094	1486.042480
1616.625977	1623.694580
1615.629883	1588.060913
1614.633789	1750.794678
1613.637695	1459.229492
1612.641602	1709.814575
1611.645508	1729.528198
1610.648438	1367.994995
1609.651367	1723.832397
1608.654297	1660.856689
1607.657227	1600.438965
1606.659180	2031.239014
1605.662109	2231.390137
1604.664063	1902.888062
1603.666016	2270.797363
1602.666992	2190.328613
1601.668945	2345.255859
1600.669922	1829.315308
1599.670898	1876.647705
1598.671875	1626.237549
1597.671875	1821.163086
1596.672852	1565.877808
1595.672852	1783.241089
1594.672852	1508.052246
1593.671875	1237.952148
1592.671875	1332.806519
1591.670898	1180.265869
1590.669922	950.354248
1589.668945	975.245911
1588.667969	810.371094
1587.666016	792.802612
1586.664063	882.544983
1585.662109	695.278503
1584.660156	655.255920
1583.658203	547.897827
1582.655273	600.128784
1581.652344	273.383331
1580.649414	477.656464
1579.646484	494.925629
1578.642578	380.098083
1577.638672	282.733459
1576.634766	190.367996
1575.630859	401.782135
1574.626953	227.234863
1573.622070	-31.909430
1572.618164	-69.487106
1571.613281	181.485321
1570.607422	233.321716
1569.602539	91.164421
1568.596680	401.510681
1567.590820	-140.901459
1566.584961	32.620953
1565.579102	-62.303246
1564.572266	103.594948
1563.566406	-120.512329
1562.559570	159.493362
1561.551758	-230.970184
1560.544922	-92.597763
1559.537109	259.076752
1558.530273	-116.342461
1557.521484	86.274460
1556.513672	313.600586
1555.505859	-91.462006
1554.497070	-65.071693
1553.488281	62.895172
1552.479492	69.360756
1551.470703	-23.301573
1550.460938	-49.101707
1549.451172	-37.773151
1548.441406	-95.799828
1547.431641	71.422256
1546.421875	268.245209
1545.411133	-262.497009
1544.400391	102.450676
1543.389648	-153.555634
1542.378906	-152.319946
1541.367188	-163.492554
1540.355469	319.648590
1539.343750	-15.382051
1538.332031	-78.525078
1537.320313	-314.570648
1536.307617	457.030273
1535.294922	8.570267
1534.282227	-94.121597
1533.269531	32.738857
1532.256836	344.590118
1531.243164	150.541931
1530.229492	-179.093460
1529.215820	-289.133331
1528.202148	187.632416
1527.187500	-122.143417
1526.172852	-168.107452
1525.158203	153.053970
1524.143555	-380.706757
1523.127930	-99.076576
1522.113281	172.605225
1521.097656	87.186295
1520.082031	270.078705
1519.065430	184.648346
1518.049805	330.540344
1517.033203	136.907135
1516.016602	326.994843
1515.000000	84.279350
1513.982422	239.868973
1512.965820	257.797363
1511.948242	-262.407806
1510.930664	202.714417
1509.913086	-2.858058
1508.894531	356.424591
1507.875977	-6.213073
1506.857422	240.040878
1505.838867	262.892944
1504.820313	398.614105
1503.800781	6.885202
1502.781250	49.428688
1501.761719	-37.976654
1500.742188	288.971405
1499.721680	-229.780548
1498.702148	197.589554
1497.681641	-51.381912
1496.661133	101.476517
1495.639648	173.467102
1494.618164	-48.336433
1493.597656	133.897293
1492.576172	176.572250
1491.553711	-42.560020
1490.532227	-80.514130
1489.509766	-172.243256
1488.487305	271.611176
1487.464844	121.259521
1486.442383	24.789101
1485.418945	143.424469
1484.395508	110.580612
1483.372070	-144.477478
1482.348633	318.601166
1481.324219	337.144775
1480.300781	109.205894
1479.276367	8.305024
1478.251953	161.266861
1477.226563	65.365189
1476.202148	115.927361
1475.176758	-43.207310
1474.151367	80.594154
1473.125000	209.256149
1472.099609	-144.566498
1471.073242	-52.328865
1470.046875	203.140717
1469.020508	-155.152710
1467.994141	-38.422916
1466.966797	-45.846725
1465.939453	117.169060
1464.912109	136.623520
1463.884766	190.199310
1462.856445	110.028412
1461.829102	550.388977
1460.800781	650.239319
1459.772461	582.402466
1458.743164	777.116211
1457.714844	430.019165
1456.685547	549.535156
1455.656250	647.221130
1454.625977	771.637329
1453.596680	813.562317
1452.566406	605.535645
1451.536133	378.270142
1450.505859	318.584869
1449.474609	540.358765
1448.444336	609.365417
1447.413086	450.500641
1446.381836	369.359497
1445.350586	848.174988
1444.318359	549.070557
1443.286133	51.537289
1442.253906	426.218292
1441.221680	396.444153
1440.189453	298.988708
1439.156250	138.714020
1438.123047	56.038364
1437.089844	123.493347
1436.056641	394.196503
1435.022461	140.074615
1433.988281	7.045448
1432.954102	321.374908
1431.919922	229.639374
1430.885742	-45.604290
1429.850586	-117.727783
1428.815430	51.805187
1427.780273	-165.003296
1426.744141	-65.376282
1425.708984	24.667864
1424.672852	-104.850227
1423.636719	-164.250336
1422.600586	-127.042252
1421.563477	-342.997467
1420.527344	5.466057
1419.490234	-41.489525
1418.452148	205.692612
1417.415039	-103.742088
1416.376953	182.083878
1415.338867	56.015736
1414.300781	-65.089325
1413.262695	179.903229
1412.224609	37.350567
1411.185547	5.640115
1410.146484	12.532479
1409.107422	-261.927765
1408.067383	33.789658
1407.027344	4.870722
1405.987305	-9.518944
1404.947266	-28.614145
1403.907227	-69.237595
1402.866211	168.916687
1401.826172	78.012741
1400.785156	-116.034218
1399.743164	18.998224
1398.702148	293.298828
1397.660156	17.990404
1396.618164	220.359314
1395.576172	669.807312
1394.533203	987.232727
1393.491211	841.846741
1392.448242	1137.694824
1391.405273	1323.256348
1390.361328	1458.484375
1389.318359	1703.958618
1388.274414	2124.250488
1387.230469	2182.842529
1386.186523	2184.035156
1385.141602	2613.762207
1384.097656	2579.125732
1383.052734	2822.119873
1382.007813	3199.051025
1380.961914	2760.338135
1379.916992	2721.222900
1378.871094	2421.614258
1377.825195	2368.388672
1376.778320	2181.429688
1375.732422	2226.380859
1374.685547	1707.675415
1373.638672	2008.364868
1372.591797	1747.928711
1371.543945	1585.528564
1370.497070	1482.947632
1369.449219	1432.955688
1368.400391	1041.918823
1367.352539	1392.858276
1366.303711	1059.360596
1365.255859	928.719727
1364.206055	1007.916016
1363.157227	1125.279663
1362.108398	1287.921753
1361.058594	1128.992920
1360.008789	1279.766479
1358.958984	1221.022339
1357.908203	1659.841064
1356.857422	1003.808228
1355.806641	776.387451
1354.755859	1010.612915
1353.705078	1004.585083
1352.653320	1279.177490
1351.601563	766.826904
1350.549805	1086.618286
1349.498047	546.116760
1348.445313	699.602539
1347.393555	736.695801
1346.340820	564.832825
1345.287109	542.657043
1344.234375	693.823730
1343.180664	600.519287
1342.126953	580.851990
1341.073242	599.191772
1340.019531	411.229004
1338.964844	467.603516
1337.910156	208.700653
1336.855469	160.886551
1335.799805	146.293365
1334.745117	252.575394
1333.689453	162.244217
1332.633789	185.649872
1331.578125	7.838152
1330.521484	147.308640
1329.464844	116.356583
1328.408203	272.363739
1327.351563	-141.752991
1326.294922	-167.807114
1325.237305	-14.134820
1324.179688	-205.636292
1323.122070	193.824158
1322.064453	96.921303
1321.005859	18.971483
1319.947266	-505.322083
1318.888672	82.846268
1317.830078	-35.120140
1316.770508	-186.078659
1315.710938	-96.242157
1314.651367	-157.431885
1313.591797	57.405926
1312.531250	-149.982437
1311.471680	-305.385223
1310.411133	-38.762051
1309.349609	107.550346
1308.289063	-153.810593
1307.227539	296.379303
1306.166016	-188.651566
1305.104492	-75.357079
1304.042969	-329.367004
1302.980469	71.065239
1301.917969	153.648560
1300.855469	295.018890
1299.792969	-3.523705
1298.729492	-257.263855
1297.666016	43.987846
1296.602539	-164.984161
1295.539063	-134.145401
1294.474609	-122.128052
1293.411133	-103.056541
1292.346680	164.950089
1291.281250	-130.714264
1290.216797	306.204895
1289.151367	-73.860641
1288.085938	273.673126
1287.020508	327.797821
1285.955078	15.989425
1284.888672	182.686310
1283.822266	332.898285
1282.755859	295.519379
1281.689453	258.146759
1280.622070	94.257889
1279.554688	176.393921
1278.487305	527.808289
1277.419922	-87.952507
1276.351563	317.186707
1275.283203	455.329620
1274.214844	392.171143
1273.146484	448.343811
1272.077148	750.055603
1271.008789	445.994934
1269.939453	569.875122
1268.869141	-28.561853
1267.799805	15.895732
1266.729492	158.441833
1265.659180	539.168579
1264.588867	795.946777
1263.517578	67.297256
1262.447266	181.650558
1261.375977	363.614777
1260.304688	225.821167
1259.232422	468.313934
1258.161133	596.414429
1257.088867	582.199524
1256.016602	635.585693
1254.943359	840.421875
1253.871094	474.263885
1252.797852	895.684692
1251.724609	760.229797
1250.650391	883.295105
1249.577148	1006.303589
1248.502930	1017.508057
1247.428711	514.391479
1246.354492	779.278137
1245.279297	657.888184
1244.204102	755.146179
1243.128906	333.848999
1242.053711	579.883484
1240.977539	340.055756
1239.902344	400.070343
1238.826172	360.144836
1237.750000	352.742889
1236.672852	526.444092
1235.595703	282.173157
1234.518555	383.836426
1233.441406	39.902885
1232.364258	197.232117
1231.286133	8.868573
1230.208008	261.182281
1229.129883	492.509460
1228.051758	5.151079
1226.972656	199.323532
1225.893555	203.412521
1224.814453	263.082397
1223.734375	23.951868
1222.655273	278.112457
1221.575195	212.684189
1220.495117	-44.818279
1219.415039	-29.175894
1218.333984	104.425430
1217.252930	163.949600
1216.171875	100.885223
1215.090820	-232.650162
1214.008789	203.630188
1212.926758	198.338654
1211.844727	47.495117
1210.762695	340.197571
1209.679688	152.416443
1208.597656	-69.905190
1207.513672	42.549408
1206.430664	-205.051376
1205.347656	-182.600418
1204.263672	-107.111664
1203.179688	-38.582138
1202.095703	-129.179428
1201.010742	372.699738
1199.925781	-12.969055
1198.840820	-18.267418
1197.755859	-55.819992
1196.670898	-224.638123
1195.584961	242.151016
1194.499023	188.440979
1193.413086	-1.041311
1192.326172	198.444183
1191.239258	-234.834000
1190.152344	-145.785675
1189.065430	-171.758133
1187.978516	11.506794
1186.890625	162.503052
1185.802734	124.987396
1184.714844	-27.387489
1183.625977	-44.170609
1182.538086	-125.235634
1181.449219	498.623810
1180.360352	144.301086
1179.270508	145.860519
1178.180664	587.980591
1177.090820	605.517090
1176.000977	288.192932
1174.911133	523.633362
1173.820313	479.281647
1172.729492	136.991928
1171.638672	250.873840
1170.547852	298.271362
1169.456055	638.826904
1168.364258	328.886841
1167.272461	25.962973
1166.179688	986.674377
1165.087891	448.045258
1163.995117	973.543945
1162.902344	1130.540039
1161.808594	1159.398560
1160.715820	1688.987427
1159.622070	1137.110962
1158.528320	1143.122925
1157.433594	856.665771
1156.339844	846.767395
1155.245117	599.349182
1154.149414	475.341095
1153.054688	18.114342
1151.958984	243.508591
1150.863281	493.912598
1149.767578	14.189610
1148.671875	98.050476
1147.575195	209.239243
1146.478516	-85.417953
1145.381836	-354.858734
1144.285156	-95.497330
1143.187500	170.586105
1142.089844	304.444122
1140.992188	48.846020
1139.894531	66.576782
1138.795898	97.954613
1137.697266	-121.003227
1136.598633	-14.500137
1135.499023	-160.538223
1134.400391	41.460064
1133.300781	-145.438919
1132.201172	65.559258
1131.100586	-23.531921
1130.000977	-48.947590
1128.900391	-28.926067
1127.799805	-342.766815
1126.698242	-127.409485
1125.596680	40.182301
1124.495117	137.340088
1123.393555	109.657082
1122.291992	388.253845
1121.189453	471.659363
1120.086914	716.027100
1118.984375	1248.208008
1117.881836	857.650635
1116.778320	1296.641724
1115.674805	1130.526123
1114.571289	1261.209229
1113.466797	1493.723877
1112.363281	1205.408691
1111.258789	903.626526
1110.153320	1208.458862
1109.048828	1008.615051
1107.943359	894.802063
1106.837891	937.075195
1105.732422	696.695435
1104.625977	795.476563
1103.520508	598.155334
1102.414063	312.782257
1101.306641	515.453979
1100.200195	507.996948
1099.092773	721.793701
1097.985352	377.891632
1096.877930	264.332703
1095.769531	-192.174866
1094.661133	298.990570
1093.552734	447.089600
1092.444336	423.730499
1091.335938	208.732422
1090.226563	480.643250
1089.117188	603.682251
1088.006836	143.135559
1086.897461	207.579651
1085.787109	130.091766
1084.676758	36.848221
1083.566406	562.601624
1082.455078	388.216034
1081.343750	495.109924
1080.232422	577.172607
1079.121094	737.875366
1078.008789	884.968872
1076.896484	715.012146
1075.784180	403.515656
1074.671875	278.598999
1073.558594	818.586853
1072.445313	536.331421
1071.332031	458.479584
1070.217773	207.754410
1069.104492	165.818848
1067.990234	420.022522
1066.875977	270.268494
1065.760742	82.396690
1064.645508	163.618790
1063.530273	-190.144836
1062.415039	121.834763
1061.299805	54.931084
1060.183594	12.632229
1059.067383	-152.896820
1057.951172	-352.005249
1056.833984	-56.345726
1055.716797	371.160889
1054.599609	62.212303
1053.482422	39.689739
1052.364258	187.080933
1051.247070	5.624471
1050.128906	159.512131
1049.009766	297.593719
1047.891602	-49.368340
1046.772461	-130.405334
1045.653320	54.316334
1044.533203	4.377691
1043.414063	-0.958367
1042.293945	252.534225
1041.173828	309.439331
1040.052734	-164.783401
1038.932617	-161.522812
1037.811523	-136.069016
1036.689453	-199.915909
1035.568359	117.348862
1034.446289	-127.237083
1033.324219	-338.390137
1032.202148	-28.299242
1031.079102	-23.575584
1029.957031	41.174530
1028.833984	246.015320
1027.709961	-99.062683
1026.586914	25.401159
1025.462891	-288.545013
1024.338867	-137.644180
1023.214844	-351.577332
1022.089844	21.328911
1020.964844	-28.324293
1019.839844	101.910980
1018.714844	-23.505579
1017.588867	137.509308
1016.462891	-12.536514
1015.336914	97.097946
1014.210938	290.899811
1013.083984	-63.610394
1011.957031	-107.502495
1010.830078	17.062281
1009.702148	236.776093
1008.574219	742.245300
1007.446289	1732.754150
1006.318359	2638.469482
1005.190430	3510.410156
1004.061523	3861.295166
1002.932617	3365.985352
1001.802734	1723.946045
1000.673828	511.931915
999.543945	493.069305
998.414063	259.473633
997.283203	81.129219
996.153320	33.209915
995.022461	188.556091
993.891602	482.947845
992.759766	465.451294
991.628906	355.045990
990.497070	653.165344
989.364258	818.492310
988.232422	621.526794
987.099609	903.486755
985.966797	1002.001160
984.833984	1009.866699
983.700195	1028.598145
982.566406	1216.984985
981.432617	946.535034
980.298828	883.271851
979.164063	1157.053589
978.029297	562.467407
976.894531	203.704834
975.759766	408.746674
974.624023	507.845459
973.488281	373.420959
972.352539	436.981476
971.215820	443.142578
970.080078	541.565063
968.943359	613.389893
967.805664	276.051025
966.668945	582.831055
965.531250	524.487732
964.393555	327.598511
963.254883	602.942688
962.117188	1044.952515
960.978516	276.756195
959.839844	707.365417
958.700195	198.285889
957.561523	674.521301
956.421875	667.769592
955.281250	1022.750488
954.141602	1011.273193
953.000977	1137.761719
951.860352	781.885132
950.719727	1394.555298
949.578125	1038.512207
948.436523	835.823669
947.294922	854.265137
946.153320	798.143127
945.010742	709.076355
943.868164	372.672516
942.725586	80.062729
941.583008	133.045959
940.439453	240.541611
939.295898	19.954960
938.152344	352.331360
937.007813	352.289368
935.863281	256.023773
934.718750	367.197327
933.574219	61.144684
932.428711	185.199234
931.283203	71.196983
930.137695	232.105591
928.992188	277.232635
927.845703	36.505329
926.699219	155.611710
925.552734	-248.636536
924.405273	75.191734
923.257813	17.456816
922.110352	279.939331
920.962891	640.248108
919.814453	305.658112
918.666016	504.549591
917.517578	383.340149
916.369141	-112.150238
915.219727	101.759781
914.070313	239.400070
912.920898	61.622047
911.770508	-227.006134
910.621094	-4.718681
909.470703	208.718567
908.319336	-121.124031
907.168945	118.265625
906.017578	-0.800055
904.866211	162.419510
903.713867	12.969413
902.562500	215.158798
901.410156	-5.828618
900.256836	378.437317
899.104492	40.425991
897.951172	-316.944275
896.797852	2.141557
895.644531	119.570801
894.490234	-181.192978
893.335938	-55.072964
892.181641	-221.322403
891.027344	-361.475739
889.872070	46.091072
888.716797	167.864960
887.561523	317.768585
886.405273	-241.831558
885.249023	-130.722076
884.092773	213.898697
882.936523	188.820648
881.779297	-13.393985
880.622070	-33.942196
879.464844	-218.553528
878.307617	-174.078644
877.149414	205.103668
875.991211	-13.692161
874.833008	156.163712
873.673828	-58.000141
872.514648	379.470245
871.355469	-54.361691
870.196289	-67.448166
869.036133	40.297646
867.875977	251.568298
866.715820	-15.408755
865.554688	305.906769
864.394531	278.382263
863.233398	227.324142
862.071289	499.307831
860.910156	414.125549
859.748047	415.197784
858.585938	779.958008
857.422852	611.396606
856.259766	468.903625
855.096680	143.964035
853.933594	433.976746
852.770508	403.930511
851.606445	438.531219
850.442383	391.718567
849.277344	375.183136
848.113281	94.876816
846.948242	241.953903
845.783203	97.407799
844.617188	-83.320427
843.451172	130.851913
842.285156	23.573112
841.119141	-51.266468
839.952148	-170.834625
838.785156	-86.565453
837.618164	-104.896980
836.451172	247.513916
835.283203	313.117126
834.115234	2.231202
832.947266	19.175486
831.778320	-81.302856
830.609375	66.660538
829.440430	163.509689
828.271484	281.973663
827.101563	481.874298
825.931641	36.601856
824.761719	324.631104
823.590820	484.647491
822.420898	61.914986
821.250000	371.947083
820.078125	193.331970
818.907227	552.862915
817.735352	263.941193
816.562500	489.490479
815.390625	145.876251
814.217773	502.000854
813.044922	208.164139
811.872070	-127.848320
810.698242	84.114914
809.524414	-27.464001
808.350586	-315.436768
807.176758	-170.788040
806.001953	-81.248947
804.827148	280.926544
803.651367	62.433315
802.476563	127.238411
801.300781	273.115112
800.125000	144.971634
798.948242	425.272614
797.772461	185.126831
796.595703	334.160278
795.417969	585.363647
794.241211	560.695068
793.063477	859.011902
791.885742	597.145020
790.707031	628.508423
789.529297	702.573181
788.350586	320.865570
787.170898	571.511475
785.992188	695.108704
784.812500	732.016357
783.632813	773.401917
782.452148	810.788818
781.272461	770.045593
780.091797	905.317444
778.911133	314.637207
777.729492	619.746948
776.547852	292.264587
775.366211	-168.116760
774.184570	268.694244
773.001953	331.248138
771.819336	-102.811516
770.636719	-86.292519
769.453125	152.273499
768.269531	-346.350067
767.085938	-88.463799
765.902344	-193.708405
764.717773	-93.971283
763.533203	-245.279572
762.348633	-73.540199
761.163086	13.874770
759.977539	154.105164
758.791992	-395.104218
757.606445	185.963898
756.419922	25.003445
755.233398	79.129616
754.046875	68.008347
752.859375	353.919159
751.672852	479.729889
750.485352	595.009338
749.296875	663.973633
748.108398	371.041260
746.919922	864.994446
745.731445	656.298828
744.542969	287.908142
743.353516	470.417419
742.164063	137.931900
740.973633	429.581421
739.783203	334.545319
738.592773	403.296448
737.402344	711.295837
736.211914	183.633514
735.020508	491.364410
733.829102	641.484314
732.636719	680.243225
731.444336	360.250366
730.251953	449.103333
729.059570	-65.916527
727.866211	232.237381
726.673828	83.812004
725.479492	461.020813
724.286133	372.951721
723.091797	443.830231
721.897461	169.087357
720.703125	-97.393356
719.507813	58.617931
718.312500	-153.825638
717.117188	612.218750
715.921875	248.670639
714.725586	10.416161
713.529297	187.822830
712.332031	346.030792
711.135742	280.365021
709.938477	442.013885
708.740234	511.390381
707.542969	423.861359
706.344727	1345.978149
705.146484	1852.147949
703.948242	2712.290283
702.749023	3014.898193
701.549805	2414.307373
700.350586	2038.720459
699.150391	1577.490479
697.950195	1570.237305
696.750000	1108.564087
695.549805	800.805054
694.348633	544.834961
693.147461	400.984863
691.946289	169.423767
690.744141	278.735107
689.541992	237.867020
688.339844	541.792236
687.136719	40.697937
685.934570	576.545959
684.730469	534.123718
683.527344	522.538696
682.323242	618.593323
681.119141	340.527405
679.915039	186.818420
678.710938	263.234314
677.505859	295.736328
676.300781	431.661102
675.094727	386.824310
673.889648	634.121216
672.683594	-250.707352
671.476563	315.334869
670.270508	307.044250
669.063477	116.322662
667.856445	167.876373
666.648438	74.385117
665.440430	314.149597
664.232422	48.858746
663.024414	44.406975
661.815430	-305.411133
660.606445	120.531143
659.397461	25.440485
658.188477	176.573059
656.978516	65.445671
655.768555	-45.308350
654.557617	203.752274
653.346680	-222.116257
652.135742	184.708664
650.924805	174.985733
649.712891	-32.192402
648.501953	-345.826599
647.289063	-169.712402
646.077148	-194.875748
644.864258	-37.652672
643.651367	-413.262634
642.438477	-286.831329
641.224609	-111.839211
640.010742	37.644871
638.796875	-149.171616
637.582031	112.380524
636.367188	233.485138
635.152344	183.500351
633.937500	191.011856
632.721680	173.851135
631.505859	454.986053
630.289063	898.680481
629.073242	947.999207
627.856445	989.678894
626.639648	929.382141
625.421875	656.471191
624.204102	953.511169
622.986328	282.810760
621.768555	184.395706
620.549805	161.567123
619.331055	-236.828125
618.111328	66.359680
616.892578	-28.164116
