1721.000977	-159.162582
1720.027344	-7.102427
1719.052734	-12.181450
1718.078125	-141.516846
1717.104492	-23.029200
1716.128906	63.618519
1715.154297	92.837517
1714.178711	-30.152559
1713.204102	-18.147732
1712.228516	44.235767
1711.251953	-88.958878
1710.276367	-2.601636
1709.299805	-63.025612
1708.324219	208.709976
1707.347656	105.876503
1706.370117	117.582245
1705.393555	-6.970734
1704.416016	44.435417
1703.438477	15.944826
1702.460938	135.232742
1701.483398	95.423805
1700.505859	-47.119923
1699.527344	264.817230
1698.548828	52.366486
1697.570313	107.806580
1696.591797	7.018046
1695.612305	120.371162
1694.632813	156.721603
1693.653320	108.481987
1692.673828	39.522240
1691.694336	-101.153610
1690.713867	-35.446812
1689.734375	29.979723
1688.753906	31.368443
1687.772461	-112.800339
1686.791992	23.253498
1685.810547	-37.179943
1684.830078	172.299210
1683.848633	-178.875290
1682.866211	-2.918128
1681.884766	-28.306019
1680.902344	-18.189718
1679.919922	4.530400
1678.937500	90.749435
1677.955078	29.287790
1676.971680	64.405304
1675.989258	30.793482
1675.005859	96.273216
1674.022461	187.093292
1673.038086	-37.309654
1672.054688	58.508465
1671.070313	-219.176407
1670.085938	26.432856
1669.101563	12.929226
1668.117188	-5.645513
1667.131836	39.234734
1666.146484	195.767044
1665.161133	-0.405307
1664.175781	-130.517303
1663.189453	66.596565
1662.204102	25.341448
1661.217773	-104.592873
1660.231445	-224.285843
1659.245117	51.422508
1658.257813	-50.421688
1657.270508	139.122620
1656.284180	-117.027512
1655.295898	181.442719
1654.308594	24.240129
1653.321289	-104.980919
1652.333008	51.836384
1651.344727	-120.195015
1650.356445	-54.323658
1649.367188	4.006878
1648.378906	-10.899571
1647.389648	62.744080
1646.400391	-250.196808
1645.411133	78.837807
1644.420898	-51.924267
1643.431641	-66.347130
1642.441406	-12.503953
1641.451172	-26.746557
1640.459961	-212.525101
1639.469727	-14.552803
1638.478516	102.691116
1637.487305	45.943684
1636.496094	62.453922
1635.504883	91.665070
1634.512695	-20.214033
1633.520508	-114.303757
1632.528320	66.396393
1631.536133	2.757897
1630.543945	-68.311729
1629.550781	37.003735
1628.557617	39.150253
1627.564453	111.871964
1626.571289	302.937317
1625.578125	31.062962
1624.583984	101.493866
1623.589844	393.308868
1622.595703	247.572998
1621.601563	104.500618
1620.606445	464.250916
1619.611328	391.716461
1618.616211	605.709167
1617.621094	656.424622
1616.625977	651.950867
1615.629883	810.749084
1614.633789	567.914246
1613.637695	975.284363
1612.641602	873.184692
1611.645508	798.794922
1610.648438	1153.396729
1609.651367	991.339355
1608.654297	914.658936
1607.657227	1146.389526
1606.659180	1054.789551
1605.662109	835.514771
1604.664063	1147.448364
1603.666016	1181.307129
1602.666992	1064.955200
1601.668945	1151.497192
1600.669922	1378.207031
1599.670898	1364.637329
1598.671875	1331.103516
1597.671875	1122.521484
1596.672852	1326.719849
1595.672852	1158.313110
1594.672852	1170.000000
1593.671875	1241.690918
1592.671875	1185.958374
1591.670898	935.407166
1590.669922	894.798767
1589.668945	589.531372
1588.667969	441.707428
1587.666016	498.642700
1586.664063	575.540771
1585.662109	298.120331
1584.660156	397.515076
1583.658203	252.465240
1582.655273	394.237000
1581.652344	301.616882
1580.649414	321.206512
1579.646484	355.747131
1578.642578	250.748276
1577.638672	262.870514
1576.634766	260.047577
1575.630859	212.407532
1574.626953	110.019913
1573.622070	25.082876
1572.618164	129.299408
1571.613281	191.162338
1570.607422	277.854553
1569.602539	364.509857
1568.596680	78.171921
1567.590820	-36.545300
1566.584961	221.550049
1565.579102	201.236740
1564.572266	41.793240
1563.566406	73.645584
1562.559570	-16.217146
1561.551758	104.943886
1560.544922	77.118385
1559.537109	81.528847
1558.530273	108.252037
1557.521484	25.773613
1556.513672	221.069397
1555.505859	-39.966732
1554.497070	1.496572
1553.488281	-103.315666
1552.479492	59.495903
1551.470703	93.381447
1550.460938	-103.140160
1549.451172	69.359474
1548.441406	23.877495
1547.431641	32.833946
1546.421875	-34.969261
1545.411133	107.517029
1544.400391	22.320177
1543.389648	33.573250
1542.378906	118.962090
1541.367188	-23.178988
1540.355469	22.542879
1539.343750	-23.230310
1538.332031	-39.380939
1537.320313	-77.800148
1536.307617	39.323910
1535.294922	-147.340164
1534.282227	159.735535
1533.269531	-54.116371
1532.256836	-105.071022
1531.243164	-148.660370
1530.229492	-93.620720
1529.215820	-75.641792
1528.202148	-18.271645
1527.187500	-303.606720
1526.172852	76.514404
1525.158203	-162.004105
1524.143555	5.981226
1523.127930	-8.414195
1522.113281	-42.538639
1521.097656	169.468719
1520.082031	-0.158969
1519.065430	123.054008
1518.049805	-61.351498
1517.033203	37.126705
1516.016602	-9.578744
1515.000000	-93.192314
1513.982422	152.561447
1512.965820	221.224899
1511.948242	206.256989
1510.930664	100.352386
1509.913086	4.269176
1508.894531	131.623535
1507.875977	-87.285156
1506.857422	106.212357
1505.838867	-51.342552
1504.820313	254.832703
1503.800781	87.396225
1502.781250	-18.703896
1501.761719	-36.534615
1500.742188	188.287323
1499.721680	-1.245100
1498.702148	240.538803
1497.681641	-47.007320
1496.661133	86.813988
1495.639648	215.625504
1494.618164	123.991013
1493.597656	206.160934
1492.576172	16.593153
1491.553711	-104.437431
1490.532227	119.475891
1489.509766	-57.856617
1488.487305	-130.009583
1487.464844	-114.161087
1486.442383	-0.588795
1485.418945	254.617004
1484.395508	-40.029293
1483.372070	9.824569
1482.348633	-33.178150
1481.324219	197.249130
1480.300781	-77.745926
1479.276367	276.995056
1478.251953	287.506287
1477.226563	232.101578
1476.202148	164.507919
1475.176758	109.091568
1474.151367	-253.516525
1473.125000	319.973053
1472.099609	64.642899
1471.073242	211.391357
1470.046875	129.076065
1469.020508	256.212433
1467.994141	227.438904
1466.966797	169.426620
1465.939453	337.763763
1464.912109	350.273376
1463.884766	333.561707
1462.856445	411.681641
1461.829102	351.149811
1460.800781	256.573151
1459.772461	373.492157
1458.743164	218.144257
1457.714844	194.063675
1456.685547	369.156158
1455.656250	240.573502
1454.625977	24.601950
1453.596680	148.593185
1452.566406	284.639404
1451.536133	136.701004
1450.505859	245.979904
1449.474609	238.759384
1448.444336	306.721252
1447.413086	151.571854
1446.381836	253.426910
1445.350586	6.242205
1444.318359	299.473816
1443.286133	180.748169
1442.253906	23.315002
1441.221680	74.189651
1440.189453	8.830829
1439.156250	267.820557
1438.123047	151.609436
1437.089844	1.572173
1436.056641	175.727982
1435.022461	-73.420219
1433.988281	110.332031
1432.954102	-208.801743
1431.919922	76.408615
1430.885742	71.539879
1429.850586	185.035385
1428.815430	-312.581146
1427.780273	-44.502449
1426.744141	56.869083
1425.708984	25.458138
1424.672852	61.622456
1423.636719	-8.382880
1422.600586	133.920227
1421.563477	-1.187984
1420.527344	119.365456
1419.490234	116.917839
1418.452148	-167.520523
1417.415039	-71.095520
1416.376953	20.464752
1415.338867	164.985519
1414.300781	-99.920448
1413.262695	-148.021255
1412.224609	-39.633831
1411.185547	-8.303083
1410.146484	-90.058418
1409.107422	97.650383
1408.067383	-121.164917
1407.027344	-125.876595
1405.987305	-53.645401
1404.947266	18.567120
1403.907227	-84.650795
1402.866211	-139.774643
1401.826172	-41.126801
1400.785156	-7.355887
1399.743164	-12.011334
1398.702148	48.173191
1397.660156	62.737640
1396.618164	31.724478
1395.576172	132.676926
1394.533203	305.538513
1393.491211	-25.181524
1392.448242	245.962173
1391.405273	322.869354
1390.361328	210.443512
1389.318359	184.343079
1388.274414	177.420807
1387.230469	182.493271
1386.186523	412.636780
1385.141602	302.784271
1384.097656	427.540100
1383.052734	267.522827
1382.007813	217.631912
1380.961914	191.685013
1379.916992	184.909378
1378.871094	-37.010883
1377.825195	114.038368
1376.778320	131.212769
1375.732422	143.633850
1374.685547	84.399956
1373.638672	166.105530
1372.591797	42.468372
1371.543945	159.979172
1370.497070	122.349953
1369.449219	68.042564
1368.400391	257.083435
1367.352539	264.819183
1366.303711	110.415848
1365.255859	134.905518
1364.206055	185.597519
1363.157227	186.259537
1362.108398	79.731964
1361.058594	44.713615
1360.008789	259.775085
1358.958984	31.922113
1357.908203	32.688572
1356.857422	104.869545
1355.806641	155.623108
1354.755859	92.192291
1353.705078	114.425613
1352.653320	-46.433044
1351.601563	75.690552
1350.549805	71.812836
1349.498047	3.795961
1348.445313	-161.589752
1347.393555	53.160465
1346.340820	-64.635223
1345.287109	-1.934935
1344.234375	103.494438
1343.180664	-80.644035
1342.126953	17.661098
1341.073242	92.218224
1340.019531	-77.516815
1338.964844	-121.504990
1337.910156	166.427155
1336.855469	-74.280167
1335.799805	-23.420898
1334.745117	-107.593407
1333.689453	-92.245659
1332.633789	230.956818
1331.578125	-115.977440
1330.521484	-95.870605
1329.464844	120.662498
1328.408203	-105.325653
1327.351563	108.778931
1326.294922	34.276775
1325.237305	236.452225
1324.179688	-20.053787
1323.122070	33.174477
1322.064453	65.126976
1321.005859	73.442612
1319.947266	-26.881313
1318.888672	-1.996457
1317.830078	15.806860
1316.770508	123.297493
1315.710938	171.754868
1314.651367	340.529297
1313.591797	56.345119
1312.531250	-173.475067
1311.471680	-89.586151
1310.411133	34.339073
1309.349609	-9.123476
1308.289063	-153.866074
1307.227539	-37.058514
1306.166016	-5.081657
1305.104492	73.984123
1304.042969	-306.051880
1302.980469	-85.727272
1301.917969	198.045776
1300.855469	-52.359974
1299.792969	38.417507
1298.729492	53.897305
1297.666016	-111.661888
1296.602539	51.947647
1295.539063	81.533257
1294.474609	-41.625179
1293.411133	-54.305038
1292.346680	88.023460
1291.281250	202.106171
1290.216797	168.256470
1289.151367	78.085281
1288.085938	168.642212
1287.020508	-29.400135
1285.955078	-20.945349
1284.888672	50.813908
1283.822266	-20.471209
1282.755859	-12.026530
1281.689453	129.997299
1280.622070	225.090286
1279.554688	-127.269287
1278.487305	19.365601
1277.419922	91.011322
1276.351563	78.342484
1275.283203	-170.703659
1274.214844	216.817978
1273.146484	98.859337
1272.077148	34.735672
1271.008789	-83.131454
1269.939453	-20.941343
1268.869141	-75.657082
1267.799805	-97.623734
1266.729492	67.316856
1265.659180	-22.422482
1264.588867	98.055511
1263.517578	-66.377167
1262.447266	40.049606
1261.375977	-19.281321
1260.304688	105.741112
1259.232422	286.683258
1258.161133	89.728302
1257.088867	-88.499626
1256.016602	94.691566
1254.943359	9.754024
1253.871094	167.205887
1252.797852	-111.081627
1251.724609	132.491806
1250.650391	-17.604074
1249.577148	60.534607
1248.502930	206.126770
1247.428711	114.282516
1246.354492	203.953857
1245.279297	40.021721
1244.204102	411.052246
1243.128906	230.863678
1242.053711	259.964722
1240.977539	110.082977
1239.902344	29.980734
1238.826172	-24.546843
1237.750000	-41.893555
1236.672852	126.515892
1235.595703	127.696869
1234.518555	186.897369
1233.441406	88.272583
1232.364258	-12.634574
1231.286133	97.562744
1230.208008	191.474655
1229.129883	-43.885220
1228.051758	77.821938
1226.972656	0.157791
1225.893555	29.102592
1224.814453	197.016647
1223.734375	-17.287371
1222.655273	-20.789383
1221.575195	47.458241
1220.495117	50.866421
1219.415039	123.685127
1218.333984	-270.848145
1217.252930	40.215614
1216.171875	-9.593350
1215.090820	-68.632462
1214.008789	-139.218903
1212.926758	-230.576523
1211.844727	-65.452385
1210.762695	16.440607
1209.679688	-370.509644
1208.597656	-281.669739
1207.513672	-31.314436
1206.430664	-247.237350
1205.347656	-112.364037
1204.263672	-85.984306
1203.179688	-262.571991
1202.095703	-231.569458
1201.010742	18.400457
1199.925781	-1.397776
1198.840820	-235.484665
1197.755859	-38.679512
1196.670898	192.581161
1195.584961	-64.446541
1194.499023	-1.362435
1193.413086	103.118660
1192.326172	28.047768
1191.239258	79.539917
1190.152344	11.397853
1189.065430	62.860855
1187.978516	203.963120
1186.890625	135.812332
1185.802734	407.807678
1184.714844	153.526306
1183.625977	154.319077
1182.538086	125.261688
1181.449219	174.268692
1180.360352	122.244179
1179.270508	543.007690
1178.180664	424.361786
1177.090820	353.938263
1176.000977	281.247894
1174.911133	511.262329
1173.820313	273.487701
1172.729492	-28.361387
1171.638672	178.629089
1170.547852	76.239410
1169.456055	161.699310
1168.364258	137.197983
1167.272461	101.254936
1166.179688	85.912399
1165.087891	4.217685
1163.995117	213.110748
1162.902344	78.793427
1161.808594	100.029648
1160.715820	338.470184
1159.622070	165.327469
1158.528320	243.649033
1157.433594	395.035675
1156.339844	423.004395
1155.245117	514.893555
1154.149414	830.494080
1153.054688	582.096436
1151.958984	1073.269409
1150.863281	811.214783
1149.767578	1064.848511
1148.671875	812.024109
1147.575195	892.219177
1146.478516	1095.481201
1145.381836	970.431274
1144.285156	824.918823
1143.187500	1043.978149
1142.089844	868.881409
1140.992188	809.995667
1139.894531	553.051147
1138.795898	485.133026
1137.697266	460.476257
1136.598633	215.125565
1135.499023	454.380920
1134.400391	331.934906
1133.300781	43.543842
1132.201172	232.645706
1131.100586	139.829468
1130.000977	67.508446
1128.900391	-102.483002
1127.799805	152.300934
1126.698242	23.210894
1125.596680	-21.834656
1124.495117	328.044922
1123.393555	119.556442
1122.291992	131.205521
1121.189453	-102.127945
1120.086914	297.294800
1118.984375	104.817276
1117.881836	-141.984634
1116.778320	282.061890
1115.674805	205.217117
1114.571289	273.357666
1113.466797	232.746216
1112.363281	269.130035
1111.258789	-27.266123
1110.153320	237.678543
1109.048828	439.150787
1107.943359	104.410439
1106.837891	183.663055
1105.732422	138.509842
1104.625977	-76.183128
1103.520508	274.210358
1102.414063	-5.973722
1101.306641	222.211487
1100.200195	163.462570
1099.092773	179.224777
1097.985352	382.332550
1096.877930	133.943665
1095.769531	-21.849325
1094.661133	23.188375
1093.552734	205.767303
1092.444336	74.812851
1091.335938	31.820688
1090.226563	45.162533
1089.117188	58.479485
1088.006836	24.449862
1086.897461	46.733303
1085.787109	118.514984
1084.676758	167.728989
1083.566406	27.828001
1082.455078	157.996109
1081.343750	204.839310
1080.232422	-141.996368
1079.121094	60.013992
1078.008789	277.634491
1076.896484	313.061005
1075.784180	229.336014
1074.671875	478.150482
1073.558594	176.473465
1072.445313	-35.264721
1071.332031	233.554581
1070.217773	-0.615223
1069.104492	63.790226
1067.990234	155.051254
1066.875977	30.889248
1065.760742	101.861046
1064.645508	22.539640
1063.530273	75.485085
1062.415039	32.001560
1061.299805	55.725296
1060.183594	97.318474
1059.067383	29.112009
1057.951172	117.646416
1056.833984	47.148262
1055.716797	50.507122
1054.599609	62.779144
1053.482422	242.797821
1052.364258	317.563049
1051.247070	204.430939
1050.128906	279.095123
1049.009766	156.984772
1047.891602	-108.116173
1046.772461	26.763157
1045.653320	101.233284
1044.533203	146.588882
1043.414063	165.100494
1042.293945	-19.569834
1041.173828	135.006912
1040.052734	-145.605148
1038.932617	4.382335
1037.811523	27.131216
1036.689453	-208.816071
1035.568359	-47.913124
1034.446289	126.232185
1033.324219	-4.991878
1032.202148	-22.595501
1031.079102	-113.743301
1029.957031	104.605629
1028.833984	-17.785772
1027.709961	-231.429703
1026.586914	-129.056503
1025.462891	-49.036236
1024.338867	-251.550613
1023.214844	-124.941772
1022.089844	-14.013214
1020.964844	-229.891830
1019.839844	-265.740021
1018.714844	-103.909653
1017.588867	-155.430878
1016.462891	-100.397194
1015.336914	-56.537365
1014.210938	-39.384830
1013.083984	124.147339
1011.957031	-9.717743
1010.830078	-32.677532
1009.702148	-193.172516
1008.574219	-194.028244
1007.446289	51.087166
1006.318359	72.228271
1005.190430	370.236755
1004.061523	333.589996
1002.932617	197.257660
1001.802734	162.761963
1000.673828	241.122650
999.543945	164.480026
998.414063	384.278564
997.283203	340.696655
996.153320	566.881409
995.022461	706.672119
993.891602	1098.325928
992.759766	1277.589600
991.628906	1622.430908
990.497070	2289.540527
989.364258	3062.279541
988.232422	3335.651611
987.099609	4034.848877
985.966797	4512.988281
984.833984	4573.863281
983.700195	4200.095703
982.566406	4221.198242
981.432617	3836.553223
980.298828	3670.259766
979.164063	3221.889160
978.029297	2537.921875
976.894531	1988.587036
975.759766	1432.845947
974.624023	1007.202820
973.488281	1213.470825
972.352539	893.611267
971.215820	798.263367
970.080078	841.511963
968.943359	605.372864
967.805664	516.598633
966.668945	293.739288
965.531250	563.218750
964.393555	118.426666
963.254883	389.918152
962.117188	380.138062
960.978516	293.455597
959.839844	105.789894
958.700195	260.533966
957.561523	178.205276
956.421875	207.741241
955.281250	245.982620
954.141602	18.869019
953.000977	377.126862
951.860352	117.126884
950.719727	378.715912
949.578125	287.437347
948.436523	364.812500
947.294922	43.600346
946.153320	64.018921
945.010742	93.139000
943.868164	6.247743
942.725586	76.881599
941.583008	9.668852
940.439453	93.328812
939.295898	135.390991
938.152344	131.516953
937.007813	59.871418
935.863281	130.241806
934.718750	-57.161369
933.574219	-41.416649
932.428711	48.521618
931.283203	-1.279679
930.137695	127.864685
928.992188	-59.391277
927.845703	255.074371
926.699219	152.895050
925.552734	20.236584
924.405273	109.945618
923.257813	-72.774040
922.110352	-113.795547
920.962891	-93.808464
919.814453	32.864120
918.666016	83.289360
917.517578	-29.542526
916.369141	301.610657
915.219727	119.174049
914.070313	121.720703
912.920898	132.983124
911.770508	83.372910
910.621094	-146.583145
909.470703	-4.829455
908.319336	-95.590355
907.168945	9.219423
906.017578	-192.193878
904.866211	-54.792397
903.713867	-112.785210
902.562500	-7.942739
901.410156	18.773676
900.256836	23.815657
899.104492	165.531738
897.951172	-76.525444
896.797852	-110.337677
895.644531	-74.736626
894.490234	-390.089050
893.335938	-109.578033
892.181641	-28.369175
891.027344	20.391491
889.872070	101.646065
888.716797	-130.851212
887.561523	171.218506
886.405273	159.569016
885.249023	9.596974
884.092773	56.515778
882.936523	109.978264
881.779297	-48.295574
880.622070	9.639491
879.464844	69.795685
878.307617	0.444989
877.149414	-60.160995
875.991211	97.365990
874.833008	207.442459
873.673828	295.978485
872.514648	97.696030
871.355469	160.548721
870.196289	115.677658
869.036133	273.542084
867.875977	299.992493
866.715820	253.291061
865.554688	131.328949
864.394531	265.821320
863.233398	346.536469
862.071289	188.402878
860.910156	75.672096
859.748047	300.894318
858.585938	9.911229
857.422852	454.649841
856.259766	381.174225
855.096680	294.976807
853.933594	228.302017
852.770508	342.273071
851.606445	473.510864
850.442383	297.748627
849.277344	261.761688
848.113281	470.650208
846.948242	280.439453
845.783203	326.475250
844.617188	216.056870
843.451172	363.186005
842.285156	124.499313
841.119141	233.328629
839.952148	155.827103
838.785156	226.362930
837.618164	-45.679424
836.451172	185.822739
835.283203	359.577637
834.115234	449.948761
832.947266	191.640701
831.778320	329.426422
830.609375	574.276184
829.440430	536.917847
828.271484	268.860474
827.101563	390.121490
825.931641	381.160583
824.761719	543.306885
823.590820	434.293030
822.420898	526.258240
821.250000	688.817261
820.078125	616.697876
818.907227	670.711914
817.735352	492.342102
816.562500	461.417511
815.390625	311.289825
814.217773	470.555786
813.044922	482.871582
811.872070	427.186646
810.698242	324.849854
809.524414	301.563538
808.350586	384.960449
807.176758	364.192749
806.001953	222.306870
804.827148	195.592072
803.651367	111.639809
802.476563	185.322510
801.300781	197.495453
800.125000	156.706589
798.948242	307.420746
797.772461	-24.108557
796.595703	63.228767
795.417969	-29.823759
794.241211	-88.664299
793.063477	179.646057
791.885742	25.647572
790.707031	-15.630074
789.529297	161.811722
788.350586	-55.151730
787.170898	56.843418
785.992188	-38.791409
784.812500	37.473995
783.632813	194.400726
782.452148	97.210182
781.272461	21.415712
780.091797	-92.287674
778.911133	84.258553
777.729492	-183.579529
776.547852	-82.944672
775.366211	-79.511635
774.184570	-56.886932
773.001953	-51.036392
771.819336	189.616974
770.636719	-34.668396
769.453125	7.538192
768.269531	83.664619
767.085938	-76.654045
765.902344	-23.497644
764.717773	-103.232292
763.533203	-79.384087
762.348633	20.533237
761.163086	61.458294
759.977539	64.514786
758.791992	19.186756
757.606445	-158.821106
756.419922	162.843887
755.233398	-67.587837
754.046875	53.972927
752.859375	91.326149
751.672852	29.783876
750.485352	176.751358
749.296875	-25.629519
748.108398	26.745808
746.919922	49.712276
745.731445	179.983688
744.542969	-95.546509
743.353516	-55.582226
742.164063	-47.117050
740.973633	100.059174
739.783203	18.237883
738.592773	60.388569
737.402344	465.773682
736.211914	60.739651
735.020508	167.971298
733.829102	-129.771317
732.636719	187.229843
731.444336	227.264160
730.251953	311.301208
729.059570	-7.164026
727.866211	282.237061
726.673828	-8.870501
725.479492	154.673874
724.286133	364.178589
723.091797	154.827316
721.897461	35.538910
720.703125	-25.142214
719.507813	121.281830
718.312500	20.771391
717.117188	-192.671707
715.921875	89.413490
714.725586	74.499916
713.529297	26.089745
712.332031	8.972552
711.135742	39.826935
709.938477	283.585358
708.740234	295.418793
707.542969	194.452255
706.344727	391.849030
705.146484	380.447418
703.948242	108.247772
702.749023	459.568634
701.549805	304.046265
700.350586	419.455566
699.150391	351.352173
697.950195	374.854218
696.750000	377.425262
695.549805	327.849609
694.348633	390.625763
693.147461	309.680511
691.946289	214.123840
690.744141	725.971191
689.541992	459.662872
688.339844	388.861298
687.136719	397.018951
685.934570	494.476227
684.730469	421.453339
683.527344	610.152954
682.323242	582.733704
681.119141	314.439697
679.915039	467.641174
678.710938	608.299011
677.505859	348.443634
676.300781	435.132965
675.094727	221.092514
673.889648	233.178665
672.683594	6.927705
671.476563	85.483856
670.270508	12.831218
669.063477	91.521210
667.856445	81.237762
666.648438	-171.143341
665.440430	243.257339
664.232422	212.713699
663.024414	-32.784328
661.815430	123.334084
660.606445	-208.404404
659.397461	-109.679596
658.188477	40.976566
656.978516	121.639587
655.768555	58.016953
654.557617	65.053192
653.346680	-14.203619
652.135742	-80.562614
650.924805	62.086742
649.712891	182.527527
648.501953	-107.037506
647.289063	165.191452
646.077148	-25.984144
644.864258	72.286659
643.651367	-47.172756
642.438477	182.494263
641.224609	289.350891
640.010742	-60.116512
638.796875	-89.249573
637.582031	10.346640
636.367188	98.682991
635.152344	85.302216
633.937500	64.974174
632.721680	-227.514923
631.505859	121.014778
630.289063	-30.677673
629.073242	248.790649
627.856445	51.075119
626.639648	200.308075
625.421875	-88.147827
624.204102	-121.986572
622.986328	45.338631
621.768555	-302.434601
620.549805	-19.946903
619.331055	119.117256
618.111328	156.024979
616.892578	275.416748
