1721.000977	66.094757
1720.027344	-317.801666
1719.052734	141.232727
1718.078125	393.546967
1717.104492	157.147873
1716.128906	142.789993
1715.154297	293.997375
1714.178711	90.267761
1713.204102	-16.994289
1712.228516	-220.034225
1711.251953	34.656399
1710.276367	111.603493
1709.299805	149.220261
1708.324219	-169.896027
1707.347656	127.253906
1706.370117	-80.699898
1705.393555	-186.912704
1704.416016	159.036652
1703.438477	2.855104
1702.460938	152.989090
1701.483398	-17.123798
1700.505859	269.833862
1699.527344	-210.588989
1698.548828	62.451389
1697.570313	56.445415
1696.591797	-253.945572
1695.612305	73.726227
1694.632813	-109.743896
1693.653320	127.644623
1692.673828	300.780212
1691.694336	-118.422256
1690.713867	186.664810
1689.734375	164.916306
1688.753906	0.083522
1687.772461	-14.555197
1686.791992	-312.305267
1685.810547	-57.209965
1684.830078	-8.752986
1683.848633	-105.721931
1682.866211	-172.286911
1681.884766	-104.000916
1680.902344	32.818340
1679.919922	202.543457
1678.937500	-93.564049
1677.955078	32.659157
1676.971680	344.387787
1675.989258	-61.165749
1675.005859	79.975166
1674.022461	40.530048
1673.038086	379.692902
1672.054688	-18.126303
1671.070313	130.330032
1670.085938	-87.015228
1669.101563	71.533859
1668.117188	-89.858437
1667.131836	-68.455811
1666.146484	64.614044
1665.161133	-53.520962
1664.175781	-219.772369
1663.189453	-58.795864
1662.204102	170.647964
1661.217773	-33.473824
1660.231445	-47.369438
1659.245117	-66.270523
1658.257813	-123.132927
1657.270508	70.853516
1656.284180	-241.614929
1655.295898	233.465927
1654.308594	181.940414
1653.321289	9.038915
1652.333008	124.714615
1651.344727	27.927881
1650.356445	356.178986
1649.367188	158.385529
1648.378906	142.825546
1647.389648	54.033131
1646.400391	-279.755615
1645.411133	-128.205566
1644.420898	177.438309
1643.431641	86.575027
1642.441406	-84.981903
1641.451172	81.912346
1640.459961	125.135590
1639.469727	-0.600231
1638.478516	121.032333
1637.487305	71.190720
1636.496094	66.864876
1635.504883	302.165710
1634.512695	197.131027
1633.520508	442.556030
1632.528320	413.326630
1631.536133	381.684204
1630.543945	574.315186
1629.550781	467.273163
1628.557617	478.697876
1627.564453	872.812744
1626.571289	750.952393
1625.578125	1338.763916
1624.583984	910.115295
1623.589844	1216.116211
1622.595703	1494.415405
1621.601563	1425.755615
1620.606445	1520.555542
1619.611328	1741.041626
1618.616211	2024.325317
1617.621094	1873.016113
1616.625977	1774.584961
1615.629883	1613.470459
1614.633789	1495.171631
1613.637695	1665.616455
1612.641602	1502.330078
1611.645508	2074.228760
1610.648438	1584.966309
1609.651367	1625.088013
1608.654297	1294.195557
1607.657227	1632.767334
1606.659180	1830.889038
1605.662109	2434.908936
1604.664063	2192.000000
1603.666016	1956.756836
1602.666992	2380.186768
1601.668945	2295.307373
1600.669922	2205.478271
1599.670898	1910.531372
1598.671875	1783.376831
1597.671875	1508.706543
1596.672852	1594.339966
1595.672852	1437.415039
1594.672852	1445.575684
1593.671875	1156.326660
1592.671875	1067.155151
1591.670898	1060.467041
1590.669922	814.029358
1589.668945	914.828613
1588.667969	676.060547
1587.666016	891.690918
1586.664063	790.307373
1585.662109	449.453125
1584.660156	625.140320
1583.658203	299.461182
1582.655273	402.798004
1581.652344	174.533173
1580.649414	225.534454
1579.646484	194.288742
1578.642578	43.453960
1577.638672	141.779770
1576.634766	342.178986
1575.630859	159.056625
1574.626953	-48.877514
1573.622070	278.353149
1572.618164	152.598785
1571.613281	375.167297
1570.607422	366.299927
1569.602539	312.698425
1568.596680	-79.036087
1567.590820	307.420502
1566.584961	119.629852
1565.579102	-266.858002
1564.572266	54.769947
1563.566406	155.237122
1562.559570	-101.937088
1561.551758	-95.878242
1560.544922	-184.126480
1559.537109	-200.402496
1558.530273	-234.025650
1557.521484	-493.416412
1556.513672	-45.889488
1555.505859	-57.260349
1554.497070	-145.506546
1553.488281	-80.065125
1552.479492	-17.139420
1551.470703	169.616104
1550.460938	172.974075
1549.451172	-497.246552
1548.441406	278.680756
1547.431641	205.246246
1546.421875	139.254593
1545.411133	239.029465
1544.400391	44.378269
1543.389648	-46.325790
1542.378906	-117.223152
1541.367188	-383.425598
1540.355469	143.876434
1539.343750	-317.508209
1538.332031	-47.405331
1537.320313	336.199097
1536.307617	28.127050
1535.294922	-131.678925
1534.282227	-2.607064
1533.269531	-90.783813
1532.256836	94.963226
1531.243164	176.989456
1530.229492	-165.256638
1529.215820	-142.403351
1528.202148	-114.633621
1527.187500	359.244019
1526.172852	27.066832
1525.158203	192.726151
1524.143555	-193.474548
1523.127930	-25.402224
1522.113281	58.905968
1521.097656	308.096252
1520.082031	138.765686
1519.065430	-269.208374
1518.049805	-184.933426
1517.033203	140.336533
1516.016602	79.380280
1515.000000	43.042488
1513.982422	33.745590
1512.965820	262.874207
1511.948242	300.235138
1510.930664	241.782959
1509.913086	151.438583
1508.894531	176.532822
1507.875977	-63.516911
1506.857422	204.638092
1505.838867	-91.727684
1504.820313	181.257950
1503.800781	248.074417
1502.781250	361.476929
1501.761719	-189.625183
1500.742188	338.151978
1499.721680	-173.477600
1498.702148	123.784142
1497.681641	173.483261
1496.661133	240.331833
1495.639648	346.338928
1494.618164	422.947052
1493.597656	382.082886
1492.576172	174.826126
1491.553711	21.494370
1490.532227	325.732788
1489.509766	64.886909
1488.487305	126.955597
1487.464844	-153.222107
1486.442383	336.671326
1485.418945	-31.352617
1484.395508	-201.285492
1483.372070	144.287888
1482.348633	99.019028
1481.324219	102.620758
1480.300781	-49.940510
1479.276367	-21.812487
1478.251953	233.274689
1477.226563	-87.450356
1476.202148	192.027145
1475.176758	115.393913
1474.151367	-122.060944
1473.125000	184.166809
1472.099609	144.294540
1471.073242	11.886349
1470.046875	50.104130
1469.020508	76.185204
1467.994141	438.323914
1466.966797	65.169334
1465.939453	-35.177502
1464.912109	387.745300
1463.884766	224.241364
1462.856445	128.952209
1461.829102	471.507813
1460.800781	303.395325
1459.772461	577.816833
1458.743164	507.070374
1457.714844	757.166077
1456.685547	701.124817
1455.656250	846.753906
1454.625977	730.126770
1453.596680	875.829224
1452.566406	601.624817
1451.536133	601.816528
1450.505859	415.268341
1449.474609	696.995483
1448.444336	486.403168
1447.413086	688.130615
1446.381836	734.710815
1445.350586	597.159912
1444.318359	682.638062
1443.286133	792.384949
1442.253906	643.006470
1441.221680	881.210266
1440.189453	204.270279
1439.156250	716.112549
1438.123047	138.851181
1437.089844	418.388947
1436.056641	330.214539
1435.022461	271.160583
1433.988281	524.118042
1432.954102	293.583374
1431.919922	-96.282967
1430.885742	265.577942
1429.850586	57.217808
1428.815430	80.894218
1427.780273	-361.400391
1426.744141	203.299942
1425.708984	-101.080521
1424.672852	-19.149101
1423.636719	130.390335
1422.600586	50.791801
1421.563477	84.642708
1420.527344	-16.442305
1419.490234	142.934158
1418.452148	-66.438538
1417.415039	-135.860413
1416.376953	216.406250
1415.338867	-139.511322
1414.300781	29.765755
1413.262695	-51.329014
1412.224609	-141.928543
1411.185547	-251.675201
1410.146484	-305.946198
1409.107422	-292.757355
1408.067383	-373.301605
1407.027344	63.242702
1405.987305	194.379272
1404.947266	-80.638245
1403.907227	122.732857
1402.866211	345.307800
1401.826172	10.642859
1400.785156	343.778961
1399.743164	220.669159
1398.702148	275.345734
1397.660156	409.256287
1396.618164	924.690125
1395.576172	535.631287
1394.533203	799.145386
1393.491211	779.705322
1392.448242	1129.517090
1391.405273	1287.522095
1390.361328	1821.739258
1389.318359	1831.152344
1388.274414	2211.890137
1387.230469	2618.885254
1386.186523	2901.285889
1385.141602	2659.408447
1384.097656	2977.735352
1383.052734	2987.333740
1382.007813	3274.491699
1380.961914	2664.728760
1379.916992	2504.847168
1378.871094	2804.090332
1377.825195	2713.695068
1376.778320	2269.740234
1375.732422	2170.089355
1374.685547	2280.729248
1373.638672	1887.520630
1372.591797	1702.267822
1371.543945	1879.975464
1370.497070	1513.569336
1369.449219	1187.934692
1368.400391	1427.856201
1367.352539	1403.024780
1366.303711	1230.419800
1365.255859	1003.138306
1364.206055	1533.923706
1363.157227	1275.812012
1362.108398	1244.206787
1361.058594	1538.980713
1360.008789	1507.442993
1358.958984	1187.893677
1357.908203	1275.572632
1356.857422	1494.160278
1355.806641	1355.819702
1354.755859	1239.003052
1353.705078	1096.131470
1352.653320	1369.480225
1351.601563	1155.420654
1350.549805	898.733154
1349.498047	991.514465
1348.445313	925.122070
1347.393555	830.318665
1346.340820	716.601624
1345.287109	693.184937
1344.234375	624.744995
1343.180664	406.857574
1342.126953	718.217834
1341.073242	294.125519
1340.019531	192.802399
1338.964844	625.055725
1337.910156	455.033447
1336.855469	-65.644241
1335.799805	281.197235
1334.745117	305.752838
1333.689453	339.798462
1332.633789	468.587372
1331.578125	-1.623577
1330.521484	-111.815834
1329.464844	-202.994095
1328.408203	200.395432
1327.351563	-27.937271
1326.294922	-270.329041
1325.237305	24.141220
1324.179688	245.234253
1323.122070	319.726501
1322.064453	91.765533
1321.005859	390.737396
1319.947266	35.363712
1318.888672	117.030273
1317.830078	-101.146591
1316.770508	89.133430
1315.710938	43.369141
1314.651367	-169.862198
1313.591797	-109.354385
1312.531250	-145.549164
1311.471680	105.953972
1310.411133	112.202141
1309.349609	-88.942108
1308.289063	-141.523743
1307.227539	-24.456369
1306.166016	-20.475777
1305.104492	-51.797581
1304.042969	-85.445992
1302.980469	10.379756
1301.917969	-218.560074
1300.855469	-61.547462
1299.792969	-191.551895
1298.729492	54.766563
1297.666016	-213.913879
1296.602539	227.433411
1295.539063	102.214012
1294.474609	153.271866
1293.411133	314.737366
1292.346680	206.041367
1291.281250	-90.461288
1290.216797	-93.362938
1289.151367	563.259583
1288.085938	165.994568
1287.020508	329.614838
1285.955078	155.412811
1284.888672	241.580322
1283.822266	294.889282
1282.755859	824.014893
1281.689453	429.573792
1280.622070	178.218918
1279.554688	240.866669
1278.487305	305.832947
1277.419922	270.086029
1276.351563	454.399963
1275.283203	-61.160358
1274.214844	387.553040
1273.146484	553.000671
1272.077148	449.394226
1271.008789	490.820801
1269.939453	137.114380
1268.869141	508.133942
1267.799805	350.872925
1266.729492	488.044220
1265.659180	746.615051
1264.588867	493.635986
1263.517578	551.279663
1262.447266	478.187958
1261.375977	367.769226
1260.304688	332.061066
1259.232422	674.263611
1258.161133	402.936768
1257.088867	255.293594
1256.016602	555.309204
1254.943359	302.793274
1253.871094	446.528259
1252.797852	1032.828979
1251.724609	710.479065
1250.650391	746.874146
1249.577148	867.066406
1248.502930	863.827637
1247.428711	1067.695557
1246.354492	692.134827
1245.279297	940.127075
1244.204102	790.315491
1243.128906	508.036011
1242.053711	651.272827
1240.977539	608.503723
1239.902344	572.722290
1238.826172	627.544128
1237.750000	522.073608
1236.672852	539.698486
1235.595703	267.116791
1234.518555	528.484863
1233.441406	546.075989
1232.364258	626.292664
1231.286133	448.991547
1230.208008	429.448761
1229.129883	312.531555
1228.051758	283.743896
1226.972656	210.915161
1225.893555	235.427002
1224.814453	199.689667
1223.734375	45.837231
1222.655273	174.539246
1221.575195	-46.385372
1220.495117	82.257568
1219.415039	282.565826
1218.333984	135.759476
1217.252930	-135.885239
1216.171875	172.987259
1215.090820	308.330200
1214.008789	122.320763
1212.926758	153.602356
1211.844727	-87.754585
1210.762695	618.015747
1209.679688	-209.925186
1208.597656	-185.548386
1207.513672	-110.424271
1206.430664	-549.966492
1205.347656	120.482498
1204.263672	-157.462555
1203.179688	136.658203
1202.095703	-85.838707
1201.010742	69.805969
1199.925781	91.700500
1198.840820	-29.279945
1197.755859	84.771034
1196.670898	320.834045
1195.584961	174.531647
1194.499023	-277.899017
1193.413086	-101.778107
1192.326172	-139.756531
1191.239258	-108.702591
1190.152344	138.547913
1189.065430	-37.446285
1187.978516	-105.306137
1186.890625	311.860443
1185.802734	-73.201660
1184.714844	77.242096
1183.625977	257.470490
1182.538086	40.320839
1181.449219	126.334976
1180.360352	203.124969
1179.270508	270.692261
1178.180664	420.828583
1177.090820	506.662933
1176.000977	275.953217
1174.911133	813.504150
1173.820313	456.723480
1172.729492	586.008362
1171.638672	369.218140
1170.547852	949.782593
1169.456055	556.625000
1168.364258	280.431580
1167.272461	512.620239
1166.179688	680.598694
1165.087891	736.383606
1163.995117	998.040344
1162.902344	1470.028442
1161.808594	1406.649902
1160.715820	1732.003540
1159.622070	1586.303101
1158.528320	1091.000244
1157.433594	1386.475098
1156.339844	946.259949
1155.245117	736.900574
1154.149414	593.838196
1153.054688	320.722168
1151.958984	225.742752
1150.863281	249.453033
1149.767578	63.274693
1148.671875	638.965393
1147.575195	-69.426758
1146.478516	-95.844795
1145.381836	28.175863
1144.285156	156.697479
1143.187500	-67.981812
1142.089844	165.261215
1140.992188	207.105942
1139.894531	164.692703
1138.795898	-251.024155
1137.697266	-379.819946
1136.598633	187.656555
1135.499023	-482.577850
1134.400391	-167.784485
1133.300781	-294.241852
1132.201172	-168.326965
1131.100586	18.875418
1130.000977	151.467163
1128.900391	-118.107658
1127.799805	-33.269066
1126.698242	-175.551147
1125.596680	-43.096622
1124.495117	57.515865
1123.393555	194.379501
1122.291992	92.962479
1121.189453	787.675903
1120.086914	976.388733
1118.984375	1400.783936
1117.881836	1070.196777
1116.778320	1952.088989
1115.674805	1510.474243
1114.571289	1370.296875
1113.466797	1234.678955
1112.363281	1300.620605
1111.258789	1142.409302
1110.153320	1371.219849
1109.048828	1065.958862
1107.943359	1181.542358
1106.837891	1240.515137
1105.732422	967.067566
1104.625977	1111.903564
1103.520508	662.280945
1102.414063	400.361938
1101.306641	572.247131
1100.200195	387.202332
1099.092773	351.225525
1097.985352	653.857300
1096.877930	613.264648
1095.769531	175.514328
1094.661133	489.154816
1093.552734	168.849152
1092.444336	69.635376
1091.335938	211.649185
1090.226563	405.394592
1089.117188	-0.384568
1088.006836	202.245316
1086.897461	465.569977
1085.787109	566.590515
1084.676758	275.785156
1083.566406	640.070740
1082.455078	356.033020
1081.343750	625.540955
1080.232422	631.706604
1079.121094	961.653809
1078.008789	742.804077
1076.896484	29.479574
1075.784180	709.761108
1074.671875	214.600525
1073.558594	573.196594
1072.445313	446.480804
1071.332031	519.596497
1070.217773	226.710983
1069.104492	194.247589
1067.990234	599.256897
1066.875977	250.291733
1065.760742	-105.320656
1064.645508	92.996109
1063.530273	217.182129
1062.415039	-176.478729
1061.299805	135.793472
1060.183594	358.239746
1059.067383	18.342905
1057.951172	146.523560
1056.833984	88.749054
1055.716797	-0.411653
1054.599609	310.934662
1053.482422	214.899933
1052.364258	-15.384600
1051.247070	293.279480
1050.128906	-57.805107
1049.009766	451.703888
1047.891602	134.091217
1046.772461	158.346725
1045.653320	-81.065544
1044.533203	50.227341
1043.414063	58.588825
1042.293945	-78.241783
1041.173828	79.465462
1040.052734	-46.354248
1038.932617	-67.364212
1037.811523	205.896973
1036.689453	-154.279190
1035.568359	-39.582863
1034.446289	-350.713226
1033.324219	-240.697525
1032.202148	-75.146378
1031.079102	-346.293091
1029.957031	-169.873840
1028.833984	-305.299500
1027.709961	-409.630035
1026.586914	-146.882339
1025.462891	-226.952087
1024.338867	-209.240784
1023.214844	-169.417480
1022.089844	19.197996
1020.964844	-7.967422
1019.839844	-57.457710
1018.714844	-231.445740
1017.588867	-107.880531
1016.462891	217.575439
1015.336914	-21.113871
1014.210938	-17.894695
1013.083984	5.158643
1011.957031	136.778717
1010.830078	443.433441
1009.702148	284.142029
1008.574219	1093.598389
1007.446289	1576.743164
1006.318359	3191.876465
1005.190430	3822.497559
1004.061523	4149.242188
1002.932617	3492.504883
1001.802734	2200.534180
1000.673828	922.314575
999.543945	496.493256
998.414063	117.195030
997.283203	341.762543
996.153320	55.282589
995.022461	239.694748
993.891602	154.225922
992.759766	358.132538
991.628906	687.760193
990.497070	610.657166
989.364258	601.893311
988.232422	389.889130
987.099609	694.348694
985.966797	625.574158
984.833984	397.838898
983.700195	1085.469238
982.566406	881.697327
981.432617	1070.339844
980.298828	522.518127
979.164063	860.722046
978.029297	191.723679
976.894531	785.097534
975.759766	435.484680
974.624023	819.070190
973.488281	209.564163
972.352539	192.213242
971.215820	350.737549
970.080078	20.725851
968.943359	163.551422
967.805664	380.917786
966.668945	422.207550
965.531250	346.852020
964.393555	792.140686
963.254883	386.941833
962.117188	618.724915
960.978516	494.545715
959.839844	660.065430
958.700195	781.468567
957.561523	575.768555
956.421875	920.645691
955.281250	1168.714233
954.141602	1138.097778
953.000977	1195.042725
951.860352	1074.312744
950.719727	1126.628174
949.578125	931.231873
948.436523	1016.153687
947.294922	772.473450
946.153320	432.470367
945.010742	293.851898
943.868164	984.504028
942.725586	808.420898
941.583008	380.788086
940.439453	42.883430
939.295898	-45.742577
938.152344	-27.329903
937.007813	119.879639
935.863281	572.780762
934.718750	276.219513
933.574219	-22.473463
932.428711	178.799805
931.283203	-224.690491
930.137695	46.198879
928.992188	225.255722
927.845703	-66.988365
926.699219	-8.090852
925.552734	89.951073
924.405273	449.411255
923.257813	8.912164
922.110352	317.988068
920.962891	256.591217
919.814453	23.112665
918.666016	266.472198
917.517578	43.880005
916.369141	-17.625504
915.219727	-137.910980
914.070313	46.334290
912.920898	365.281647
911.770508	155.724701
910.621094	-353.694733
909.470703	201.876785
908.319336	-240.061157
907.168945	130.559265
906.017578	1.513404
904.866211	-38.473499
903.713867	123.392448
902.562500	-127.109879
901.410156	78.088051
900.256836	200.744019
899.104492	-147.195114
897.951172	-5.012177
896.797852	37.416698
895.644531	-104.353760
894.490234	-183.228439
893.335938	-142.907684
892.181641	-89.578857
891.027344	108.816765
889.872070	-197.199646
888.716797	141.851196
887.561523	-8.163310
886.405273	410.793854
885.249023	-67.829399
884.092773	50.545341
882.936523	264.039429
881.779297	-164.341095
880.622070	-0.472658
879.464844	44.598118
878.307617	243.055115
877.149414	-63.720226
875.991211	152.090622
874.833008	-44.277691
873.673828	-152.021576
872.514648	-335.107941
871.355469	21.123653
870.196289	-135.826569
869.036133	300.150055
867.875977	63.691639
866.715820	445.802277
865.554688	-76.830933
864.394531	171.883301
863.233398	411.983124
862.071289	264.644745
860.910156	365.021179
859.748047	493.448090
858.585938	273.507721
857.422852	488.208191
856.259766	754.564941
855.096680	470.702911
853.933594	417.078888
852.770508	584.946533
851.606445	20.435690
850.442383	317.502136
849.277344	118.647003
848.113281	536.128723
846.948242	181.039795
845.783203	203.913254
844.617188	-107.659546
843.451172	155.834488
842.285156	370.097656
841.119141	-28.562304
839.952148	134.618225
838.785156	57.979408
837.618164	-269.018951
836.451172	252.375809
835.283203	-29.123018
834.115234	199.163437
832.947266	-60.340557
831.778320	44.199680
830.609375	170.313690
829.440430	196.097290
828.271484	211.419601
827.101563	329.553253
825.931641	-103.457924
824.761719	346.329132
823.590820	-19.793230
822.420898	302.129913
821.250000	508.849792
820.078125	542.821228
818.907227	683.735779
817.735352	780.021362
816.562500	279.273010
815.390625	410.231262
814.217773	409.192139
813.044922	576.793335
811.872070	441.972473
810.698242	15.585317
809.524414	117.885620
808.350586	-237.443375
807.176758	444.457184
806.001953	189.755798
804.827148	282.286774
803.651367	-14.312521
802.476563	163.805145
801.300781	244.266998
800.125000	318.558105
798.948242	135.870697
797.772461	265.897278
796.595703	366.355896
795.417969	267.350433
794.241211	393.727844
793.063477	288.870911
791.885742	630.015930
790.707031	818.445190
789.529297	599.702454
788.350586	357.948792
787.170898	599.993774
785.992188	907.875549
784.812500	603.287048
783.632813	629.618103
782.452148	668.850159
781.272461	519.773071
780.091797	277.787567
778.911133	385.418640
777.729492	99.514915
776.547852	4.370265
775.366211	368.514496
774.184570	290.625610
773.001953	-0.623618
771.819336	-118.225861
770.636719	-106.691109
769.453125	-285.186615
768.269531	-106.436432
767.085938	-29.009672
765.902344	-67.620125
764.717773	322.443665
763.533203	22.304100
762.348633	-182.631973
761.163086	32.424828
759.977539	-222.837448
758.791992	177.862579
757.606445	30.368671
756.419922	-315.092560
755.233398	-21.896469
754.046875	-118.492615
752.859375	298.880524
751.672852	-136.645416
750.485352	415.327942
749.296875	676.635864
748.108398	937.831726
746.919922	403.770020
745.731445	343.145081
744.542969	562.178406
743.353516	39.052952
742.164063	434.532654
740.973633	632.284607
739.783203	82.088448
738.592773	393.126495
737.402344	263.042053
736.211914	-74.865341
735.020508	328.102448
733.829102	560.838562
732.636719	717.845764
731.444336	539.130676
730.251953	354.094788
729.059570	45.342648
727.866211	55.130878
726.673828	96.198021
725.479492	-397.044098
724.286133	-121.668182
723.091797	-196.230576
721.897461	68.148430
720.703125	-115.608917
719.507813	-86.073776
718.312500	26.908175
717.117188	137.537308
715.921875	24.201811
714.725586	389.342773
713.529297	168.975876
712.332031	94.722252
711.135742	-4.797069
709.938477	390.388824
708.740234	223.544968
707.542969	363.353485
706.344727	1694.340332
705.146484	2150.322754
703.948242	2841.517334
702.749023	3037.923096
701.549805	2698.207275
700.350586	1883.190186
699.150391	1624.649414
697.950195	1293.059570
696.750000	919.716248
695.549805	523.396118
694.348633	85.371246
693.147461	101.026886
691.946289	420.228424
690.744141	216.894882
689.541992	198.532181
688.339844	279.770599
687.136719	539.535828
685.934570	429.055267
684.730469	424.399933
683.527344	321.955261
682.323242	101.023735
681.119141	164.515594
679.915039	95.011482
678.710938	158.265442
677.505859	5.623413
676.300781	282.384918
675.094727	249.977325
673.889648	358.582062
672.683594	359.360992
671.476563	190.254303
670.270508	-198.293350
669.063477	103.225891
667.856445	31.999590
666.648438	54.160683
665.440430	-140.790482
664.232422	186.122208
663.024414	51.834213
661.815430	211.691956
660.606445	-33.420433
659.397461	267.865845
658.188477	-143.558182
656.978516	-37.591652
655.768555	-211.993301
654.557617	35.751034
653.346680	40.493172
652.135742	-119.072006
650.924805	-261.125336
649.712891	237.577866
648.501953	-302.624756
647.289063	-284.524841
646.077148	-98.152664
644.864258	-376.427429
643.651367	158.930634
642.438477	13.531794
641.224609	32.604069
640.010742	300.568970
638.796875	191.408691
637.582031	623.646240
636.367188	41.091248
635.152344	267.630280
633.937500	486.146759
632.721680	299.862091
631.505859	805.122070
630.289063	1055.999023
629.073242	1260.360718
627.856445	1344.474243
626.639648	1477.006958
625.421875	1194.001587
624.204102	906.538635
622.986328	748.223328
621.768555	678.116028
620.549805	421.456757
619.331055	58.543179
618.111328	116.749474
616.892578	52.574852
