1721.000977	135.820679
1720.027344	305.686005
1719.052734	-8.325144
1718.078125	31.445536
1717.104492	260.630280
1716.128906	214.876175
1715.154297	230.309937
1714.178711	-134.064255
1713.204102	96.016541
1712.228516	66.825806
1711.251953	65.488976
1710.276367	89.465263
1709.299805	-27.740480
1708.324219	-109.328690
1707.347656	-145.099091
1706.370117	-19.896544
1705.393555	117.805763
1704.416016	142.621597
1703.438477	44.414131
1702.460938	-2.833768
1701.483398	-303.397369
1700.505859	-5.892085
1699.527344	-97.186234
1698.548828	-104.315392
1697.570313	-86.075455
1696.591797	269.124115
1695.612305	8.585138
1694.632813	-119.243889
1693.653320	-109.335678
1692.673828	140.311432
1691.694336	96.304329
1690.713867	-24.357819
1689.734375	28.353271
1688.753906	-31.282570
1687.772461	-29.837391
1686.791992	167.777634
1685.810547	-4.299513
1684.830078	-18.419508
1683.848633	104.912308
1682.866211	192.439377
1681.884766	22.715225
1680.902344	-47.746952
1679.919922	372.951019
1678.937500	131.833359
1677.955078	-60.902107
1676.971680	-62.869289
1675.989258	-146.237701
1675.005859	131.390961
1674.022461	243.638840
1673.038086	30.492836
1672.054688	-27.588018
1671.070313	64.184425
1670.085938	249.863464
1669.101563	252.618301
1668.117188	138.571091
1667.131836	197.131653
1666.146484	166.835297
1665.161133	78.186615
1664.175781	362.445984
1663.189453	60.727844
1662.204102	-121.677780
1661.217773	309.443634
1660.231445	51.007549
1659.245117	-40.079678
1658.257813	175.401367
1657.270508	-128.444672
1656.284180	89.529655
1655.295898	-39.478374
1654.308594	102.450439
1653.321289	201.306610
1652.333008	-38.938889
1651.344727	49.798443
1650.356445	-96.704765
1649.367188	-15.563632
1648.378906	-78.524963
1647.389648	134.052795
1646.400391	-105.789284
1645.411133	84.008255
1644.420898	235.837952
1643.431641	46.702370
1642.441406	-59.024513
1641.451172	292.246735
1640.459961	221.879242
1639.469727	88.498154
1638.478516	136.831009
1637.487305	263.363403
1636.496094	271.341827
1635.504883	17.129910
1634.512695	194.088791
1633.520508	411.324799
1632.528320	293.373383
1631.536133	230.924164
1630.543945	594.186279
1629.550781	307.622467
1628.557617	570.051514
1627.564453	480.006805
1626.571289	694.535217
1625.578125	740.425781
1624.583984	927.180298
1623.589844	882.504028
1622.595703	868.051270
1621.601563	1255.864868
1620.606445	1449.995361
1619.611328	1314.882324
1618.616211	1531.588135
1617.621094	1615.102661
1616.625977	1432.412231
1615.629883	1234.741333
1614.633789	1526.689331
1613.637695	1186.082031
1612.641602	1287.270874
1611.645508	1428.583618
1610.648438	1399.290039
1609.651367	1197.008667
1608.654297	1285.666748
1607.657227	1457.031860
1606.659180	1307.555176
1605.662109	1393.708130
1604.664063	1865.608643
1603.666016	1488.304688
1602.666992	1546.863037
1601.668945	1875.815186
1600.669922	1744.091919
1599.670898	1407.250854
1598.671875	1285.736938
1597.671875	1602.021240
1596.672852	1132.945679
1595.672852	1396.669678
1594.672852	1337.828979
1593.671875	894.129028
1592.671875	493.134216
1591.670898	849.275696
1590.669922	703.251404
1589.668945	652.199768
1588.667969	706.052002
1587.666016	682.504211
1586.664063	636.525757
1585.662109	495.772491
1584.660156	547.179688
1583.658203	426.495117
1582.655273	343.266510
1581.652344	484.461121
1580.649414	42.373634
1579.646484	163.673645
1578.642578	322.295746
1577.638672	316.468903
1576.634766	79.052193
1575.630859	48.412537
1574.626953	304.078979
1573.622070	206.224533
1572.618164	426.947723
1571.613281	239.579285
1570.607422	-24.816507
1569.602539	213.253281
1568.596680	-33.591404
1567.590820	137.280563
1566.584961	24.784998
1565.579102	-124.918144
1564.572266	53.348339
1563.566406	-63.983383
1562.559570	37.247971
1561.551758	-224.024109
1560.544922	26.148062
1559.537109	-71.201035
1558.530273	-54.352306
1557.521484	81.533340
1556.513672	-72.766258
1555.505859	1.123591
1554.497070	-172.914536
1553.488281	22.418249
1552.479492	252.373825
1551.470703	33.838829
1550.460938	-226.712250
1549.451172	141.847565
1548.441406	232.975250
1547.431641	44.368015
1546.421875	11.762161
1545.411133	50.923336
1544.400391	35.658138
1543.389648	-125.508057
1542.378906	54.637634
1541.367188	-202.869492
1540.355469	-284.767822
1539.343750	233.868469
1538.332031	33.347969
1537.320313	213.321106
1536.307617	62.292072
1535.294922	24.916952
1534.282227	125.809082
1533.269531	-12.726803
1532.256836	-17.946489
1531.243164	77.982468
1530.229492	-173.889389
1529.215820	35.490780
1528.202148	-78.173828
1527.187500	-103.054565
1526.172852	61.844383
1525.158203	147.845383
1524.143555	130.364578
1523.127930	-251.609146
1522.113281	-187.715332
1521.097656	191.262054
1520.082031	6.461277
1519.065430	57.970982
1518.049805	286.628021
1517.033203	30.621264
1516.016602	192.803772
1515.000000	177.908127
1513.982422	121.230125
1512.965820	138.334930
1511.948242	-213.133270
1510.930664	54.627712
1509.913086	44.752834
1508.894531	277.987213
1507.875977	147.791229
1506.857422	-114.877930
1505.838867	10.315860
1504.820313	226.253647
1503.800781	331.717804
1502.781250	272.840485
1501.761719	177.229263
1500.742188	130.702713
1499.721680	214.098022
1498.702148	59.803928
1497.681641	62.371601
1496.661133	211.917374
1495.639648	292.839111
1494.618164	-79.194199
1493.597656	371.425873
1492.576172	146.410843
1491.553711	-115.205750
1490.532227	139.482010
1489.509766	107.918266
1488.487305	-31.200750
1487.464844	42.447433
1486.442383	-120.998299
1485.418945	-79.098816
1484.395508	102.062698
1483.372070	-49.027225
1482.348633	207.801559
1481.324219	325.357422
1480.300781	49.889484
1479.276367	-57.055969
1478.251953	346.037292
1477.226563	287.897736
1476.202148	149.332779
1475.176758	174.217087
1474.151367	8.951540
1473.125000	121.637726
1472.099609	-31.313612
1471.073242	332.333710
1470.046875	286.621124
1469.020508	97.261658
1467.994141	329.243805
1466.966797	327.440826
1465.939453	362.171326
1464.912109	311.746002
1463.884766	375.711914
1462.856445	369.126038
1461.829102	350.423828
1460.800781	285.549164
1459.772461	395.744263
1458.743164	437.857178
1457.714844	482.424713
1456.685547	512.412476
1455.656250	712.421814
1454.625977	781.240479
1453.596680	769.959656
1452.566406	787.822449
1451.536133	735.336548
1450.505859	641.656250
1449.474609	710.545959
1448.444336	481.163025
1447.413086	457.983246
1446.381836	585.133179
1445.350586	479.599274
1444.318359	504.968323
1443.286133	460.105042
1442.253906	473.417694
1441.221680	293.039276
1440.189453	274.969818
1439.156250	465.083435
1438.123047	292.158661
1437.089844	438.699524
1436.056641	486.032257
1435.022461	354.406067
1433.988281	92.300507
1432.954102	294.469604
1431.919922	97.805954
1430.885742	55.899517
1429.850586	11.616831
1428.815430	163.021240
1427.780273	82.573738
1426.744141	328.105835
1425.708984	252.548462
1424.672852	-141.501785
1423.636719	-38.333359
1422.600586	-70.262611
1421.563477	107.659302
1420.527344	-218.383133
1419.490234	-153.742249
1418.452148	14.527430
1417.415039	83.975372
1416.376953	-32.088417
1415.338867	415.541473
1414.300781	-83.363510
1413.262695	15.054106
1412.224609	-40.590458
1411.185547	-182.824585
1410.146484	14.283484
1409.107422	107.901695
1408.067383	110.112144
1407.027344	-5.466039
1405.987305	133.858536
1404.947266	222.683487
1403.907227	229.801758
1402.866211	114.416725
1401.826172	-125.776833
1400.785156	323.356384
1399.743164	-142.419922
1398.702148	181.770508
1397.660156	419.445953
1396.618164	292.354034
1395.576172	503.582611
1394.533203	393.368500
1393.491211	990.595337
1392.448242	774.908691
1391.405273	1084.237671
1390.361328	1072.358398
1389.318359	1515.718506
1388.274414	1573.276367
1387.230469	1788.894531
1386.186523	1899.106323
1385.141602	1942.267700
1384.097656	2181.695313
1383.052734	2334.904541
1382.007813	1887.650513
1380.961914	2055.258057
1379.916992	1813.955566
1378.871094	1821.401367
1377.825195	2070.274170
1376.778320	1475.537598
1375.732422	1693.382813
1374.685547	1624.526855
1373.638672	1331.257568
1372.591797	1219.596313
1371.543945	1213.032593
1370.497070	1208.899536
1369.449219	963.805298
1368.400391	966.923645
1367.352539	991.548401
1366.303711	720.510620
1365.255859	1148.121582
1364.206055	820.016663
1363.157227	842.378601
1362.108398	821.878662
1361.058594	968.139648
1360.008789	1038.163574
1358.958984	1043.903564
1357.908203	871.134521
1356.857422	698.469971
1355.806641	856.634399
1354.755859	931.502563
1353.705078	1096.742432
1352.653320	667.486450
1351.601563	694.879333
1350.549805	940.950073
1349.498047	697.436890
1348.445313	758.142456
1347.393555	657.345703
1346.340820	611.228455
1345.287109	489.177368
1344.234375	652.057068
1343.180664	342.623810
1342.126953	628.890869
1341.073242	454.865845
1340.019531	508.619019
1338.964844	495.976776
1337.910156	440.696411
1336.855469	394.947723
1335.799805	327.910767
1334.745117	256.201569
1333.689453	298.231201
1332.633789	413.678650
1331.578125	67.434471
1330.521484	57.473728
1329.464844	106.707794
1328.408203	267.150208
1327.351563	-33.722660
1326.294922	181.126190
1325.237305	199.648590
1324.179688	-221.505981
1323.122070	-75.226357
1322.064453	283.678741
1321.005859	47.114403
1319.947266	-9.814951
1318.888672	63.181561
1317.830078	256.576447
1316.770508	-133.105957
1315.710938	-38.825768
1314.651367	-1.184698
1313.591797	-270.184845
1312.531250	-41.444332
1311.471680	-29.690210
1310.411133	514.823853
1309.349609	210.675964
1308.289063	-34.402142
1307.227539	227.130981
1306.166016	88.182144
1305.104492	45.860580
1304.042969	-22.314314
1302.980469	206.123566
1301.917969	41.500858
1300.855469	-10.098601
1299.792969	20.674662
1298.729492	112.591553
1297.666016	-171.693283
1296.602539	117.726280
1295.539063	42.771965
1294.474609	-121.421928
1293.411133	73.901016
1292.346680	116.493927
1291.281250	-7.633496
1290.216797	-225.578491
1289.151367	-16.247950
1288.085938	232.905136
1287.020508	329.478302
1285.955078	104.692085
1284.888672	243.497437
1283.822266	283.792816
1282.755859	171.732376
1281.689453	350.333588
1280.622070	235.998611
1279.554688	437.967651
1278.487305	84.824516
1277.419922	174.391373
1276.351563	-108.277153
1275.283203	262.176208
1274.214844	297.880188
1273.146484	441.201874
1272.077148	544.713562
1271.008789	217.944138
1269.939453	209.278534
1268.869141	371.259705
1267.799805	133.594055
1266.729492	106.315170
1265.659180	209.873856
1264.588867	203.646927
1263.517578	437.919769
1262.447266	135.226669
1261.375977	474.472565
1260.304688	365.596405
1259.232422	410.743073
1258.161133	143.374359
1257.088867	573.325073
1256.016602	371.340759
1254.943359	798.753784
1253.871094	426.738770
1252.797852	360.089630
1251.724609	470.506836
1250.650391	627.459656
1249.577148	749.444702
1248.502930	617.672180
1247.428711	569.752502
1246.354492	803.396606
1245.279297	620.567871
1244.204102	672.724487
1243.128906	464.461914
1242.053711	495.742981
1240.977539	536.316345
1239.902344	305.033813
1238.826172	320.109680
1237.750000	414.162140
1236.672852	250.434113
1235.595703	279.481201
1234.518555	357.273987
1233.441406	244.765366
1232.364258	225.121216
1231.286133	469.916534
1230.208008	206.761551
1229.129883	291.509583
1228.051758	204.703430
1226.972656	345.054871
1225.893555	272.201416
1224.814453	51.138912
1223.734375	172.940567
1222.655273	347.963348
1221.575195	305.314758
1220.495117	82.175156
1219.415039	171.522797
1218.333984	24.870419
1217.252930	269.173676
1216.171875	11.596378
1215.090820	-37.787437
1214.008789	261.870911
1212.926758	-4.746451
1211.844727	225.485260
1210.762695	51.409542
1209.679688	-48.687351
1208.597656	-44.825874
1207.513672	99.837570
1206.430664	-11.711033
1205.347656	-162.421783
1204.263672	-220.791580
1203.179688	101.404495
1202.095703	-155.273270
1201.010742	-6.112782
1199.925781	-78.264160
1198.840820	160.696136
1197.755859	265.943634
1196.670898	122.407677
1195.584961	278.286774
1194.499023	-159.858368
1193.413086	55.872341
1192.326172	-158.808929
1191.239258	49.929962
1190.152344	134.377777
1189.065430	39.420910
1187.978516	142.238708
1186.890625	385.225006
1185.802734	-196.913116
1184.714844	232.157974
1183.625977	403.759857
1182.538086	352.529602
1181.449219	457.452454
1180.360352	316.706177
1179.270508	598.309631
1178.180664	335.983368
1177.090820	172.418533
1176.000977	426.351013
1174.911133	508.196411
1173.820313	553.319336
1172.729492	653.432495
1171.638672	524.351990
1170.547852	248.704239
1169.456055	303.000336
1168.364258	492.380768
1167.272461	386.335327
1166.179688	486.334015
1165.087891	613.753845
1163.995117	747.972778
1162.902344	902.715210
1161.808594	917.876953
1160.715820	1511.495117
1159.622070	1261.340210
1158.528320	1146.130737
1157.433594	861.881714
1156.339844	607.454346
1155.245117	946.931702
1154.149414	669.739014
1153.054688	538.770813
1151.958984	405.563171
1150.863281	397.908844
1149.767578	565.908813
1148.671875	451.006012
1147.575195	349.816711
1146.478516	465.245026
1145.381836	286.581329
1144.285156	89.754845
1143.187500	77.538116
1142.089844	188.313690
1140.992188	371.897430
1139.894531	29.458639
1138.795898	233.447617
1137.697266	-168.014801
1136.598633	99.602028
1135.499023	119.133102
1134.400391	441.115662
1133.300781	-148.824707
1132.201172	91.194595
1131.100586	-53.001282
1130.000977	27.800737
1128.900391	-45.935947
1127.799805	266.438843
1126.698242	169.927917
1125.596680	220.997879
1124.495117	172.157883
1123.393555	198.198273
1122.291992	249.157486
1121.189453	601.719849
1120.086914	706.932190
1118.984375	882.350403
1117.881836	917.135925
1116.778320	1176.211426
1115.674805	1444.207520
1114.571289	1114.074951
1113.466797	1076.185181
1112.363281	947.724487
1111.258789	658.571716
1110.153320	1030.317993
1109.048828	1082.854492
1107.943359	800.550415
1106.837891	717.350891
1105.732422	751.726135
1104.625977	648.154907
1103.520508	508.441010
1102.414063	732.521484
1101.306641	470.780304
1100.200195	511.757721
1099.092773	326.876892
1097.985352	487.429077
1096.877930	291.271027
1095.769531	415.566956
1094.661133	314.174622
1093.552734	363.896088
1092.444336	490.220886
1091.335938	127.238174
1090.226563	255.717484
1089.117188	7.778462
1088.006836	142.885880
1086.897461	257.623749
1085.787109	381.262054
1084.676758	405.735107
1083.566406	504.426971
1082.455078	519.755371
1081.343750	469.781555
1080.232422	583.979614
1079.121094	569.891724
1078.008789	353.400299
1076.896484	624.730957
1075.784180	504.851776
1074.671875	863.541382
1073.558594	662.680054
1072.445313	493.292450
1071.332031	227.379791
1070.217773	343.130890
1069.104492	261.285370
1067.990234	484.563232
1066.875977	303.893524
1065.760742	280.230530
1064.645508	-149.328583
1063.530273	362.772217
1062.415039	52.049961
1061.299805	301.586060
1060.183594	91.695877
1059.067383	5.017891
1057.951172	256.434357
1056.833984	-78.872307
1055.716797	-172.370880
1054.599609	242.061157
1053.482422	134.977982
1052.364258	191.143845
1051.247070	139.888000
1050.128906	271.901581
1049.009766	99.799156
1047.891602	224.920120
1046.772461	-139.368912
1045.653320	278.206024
1044.533203	210.922592
1043.414063	74.396019
1042.293945	-6.345361
1041.173828	49.003963
1040.052734	-72.009026
1038.932617	-201.956070
1037.811523	-1.873716
1036.689453	-40.530048
1035.568359	116.923492
1034.446289	35.764523
1033.324219	-36.519318
1032.202148	285.429108
1031.079102	-29.790829
1029.957031	107.056808
1028.833984	92.381927
1027.709961	-294.034607
1026.586914	-84.038513
1025.462891	-56.634220
1024.338867	-40.440903
1023.214844	11.244403
1022.089844	-119.469536
1020.964844	-234.645004
1019.839844	98.995232
1018.714844	221.363205
1017.588867	288.063599
1016.462891	-53.914799
1015.336914	241.314743
1014.210938	50.269756
1013.083984	163.216888
1011.957031	91.903099
1010.830078	295.566711
1009.702148	135.388275
1008.574219	564.907959
1007.446289	821.270508
1006.318359	1753.294189
1005.190430	2474.348633
1004.061523	2809.588379
1002.932617	2263.261475
1001.802734	1214.536255
1000.673828	724.000061
999.543945	333.179260
998.414063	438.030823
997.283203	301.650879
996.153320	103.349953
995.022461	411.339600
993.891602	336.717712
992.759766	650.976807
991.628906	726.416199
990.497070	826.032288
989.364258	850.430786
988.232422	748.907593
987.099609	1022.593567
985.966797	1410.833252
984.833984	1414.920166
983.700195	1423.333008
982.566406	1524.291504
981.432617	1272.362671
980.298828	985.209290
979.164063	885.427124
978.029297	666.642578
976.894531	947.922729
975.759766	702.657043
974.624023	598.339600
973.488281	533.624329
972.352539	433.662628
971.215820	311.663147
970.080078	519.634888
968.943359	221.603912
967.805664	328.203796
966.668945	516.043518
965.531250	661.965332
964.393555	89.262489
963.254883	487.708130
962.117188	499.390167
960.978516	546.127136
959.839844	478.636505
958.700195	369.410004
957.561523	374.291901
956.421875	480.018463
955.281250	616.336975
954.141602	557.406372
953.000977	818.501892
951.860352	770.401978
950.719727	891.000610
949.578125	612.779724
948.436523	424.441772
947.294922	571.171814
946.153320	194.578735
945.010742	332.447266
943.868164	229.515167
942.725586	216.291855
941.583008	273.026947
940.439453	-105.451897
939.295898	248.571884
938.152344	143.418274
937.007813	328.897430
935.863281	138.505264
934.718750	-112.979134
933.574219	46.154968
932.428711	202.997055
931.283203	-39.671646
930.137695	-53.122746
928.992188	-129.848557
927.845703	35.535397
926.699219	185.570236
925.552734	335.525452
924.405273	158.447647
923.257813	282.163208
922.110352	39.812767
920.962891	102.507645
919.814453	204.355148
918.666016	-211.988235
917.517578	79.254906
916.369141	76.598328
915.219727	141.381882
914.070313	-139.693024
912.920898	79.528061
911.770508	18.193663
910.621094	130.804062
909.470703	-80.419945
908.319336	-4.761285
907.168945	-98.518631
906.017578	-224.795197
904.866211	-40.526337
903.713867	-118.961670
902.562500	4.500322
901.410156	119.248909
900.256836	40.921185
899.104492	-82.858109
897.951172	122.990013
896.797852	-24.520781
895.644531	10.111738
894.490234	44.765305
893.335938	25.301119
892.181641	-43.909443
891.027344	-48.080944
889.872070	23.551298
888.716797	-30.302111
887.561523	-12.674097
886.405273	-1.491207
885.249023	-59.449261
884.092773	105.377785
882.936523	84.308563
881.779297	63.309345
880.622070	-41.864799
879.464844	-60.510506
878.307617	98.011131
877.149414	-112.661476
875.991211	-187.164200
874.833008	-153.647247
873.673828	115.100273
872.514648	71.047676
871.355469	55.144325
870.196289	-182.722916
869.036133	88.301643
867.875977	158.886139
866.715820	-18.225218
865.554688	-42.229237
864.394531	375.357758
863.233398	144.802338
862.071289	4.856710
860.910156	530.060547
859.748047	349.440674
858.585938	465.853699
857.422852	365.122894
856.259766	580.604614
855.096680	450.042786
853.933594	508.775085
852.770508	412.916473
851.606445	216.265228
850.442383	372.018738
849.277344	274.479370
848.113281	387.480835
846.948242	60.632141
845.783203	212.508972
844.617188	186.412018
843.451172	139.020187
842.285156	368.362122
841.119141	57.587559
839.952148	21.390057
838.785156	88.191978
837.618164	63.004211
836.451172	-139.767883
835.283203	103.016869
834.115234	-28.745317
832.947266	132.880081
831.778320	-77.694092
830.609375	310.890747
829.440430	-14.798236
828.271484	241.345062
827.101563	129.870529
825.931641	416.079315
824.761719	266.471954
823.590820	172.617996
822.420898	380.072906
821.250000	354.868103
820.078125	410.937805
818.907227	383.920410
817.735352	578.947510
816.562500	486.087952
815.390625	444.611877
814.217773	458.741333
813.044922	283.322113
811.872070	253.047272
810.698242	282.592651
809.524414	65.207672
808.350586	-183.860153
807.176758	8.040923
806.001953	221.286163
804.827148	-65.483292
803.651367	171.389175
802.476563	-85.146500
801.300781	234.858475
800.125000	376.286591
798.948242	373.261414
797.772461	385.268646
796.595703	187.091751
795.417969	401.204315
794.241211	451.856628
793.063477	627.883423
791.885742	351.884460
790.707031	551.475830
789.529297	543.213074
788.350586	443.886719
787.170898	671.293884
785.992188	631.614319
784.812500	219.054810
783.632813	434.039948
782.452148	490.162506
781.272461	353.649750
780.091797	606.939636
778.911133	201.848419
777.729492	235.178040
776.547852	137.416245
775.366211	259.825836
774.184570	105.222260
773.001953	242.598877
771.819336	145.360733
770.636719	-137.717972
769.453125	-14.870405
768.269531	-168.723267
767.085938	-77.418610
765.902344	24.487421
764.717773	183.427689
763.533203	146.097183
762.348633	-47.279247
761.163086	259.465668
759.977539	9.354656
758.791992	20.885820
757.606445	131.551407
756.419922	-223.539902
755.233398	-226.533859
754.046875	-6.182507
752.859375	-30.187723
751.672852	383.814789
750.485352	98.784630
749.296875	546.307617
748.108398	179.382019
746.919922	317.511475
745.731445	321.000336
744.542969	112.149101
743.353516	254.455063
742.164063	468.156586
740.973633	1.016598
739.783203	-52.087879
738.592773	-264.776337
737.402344	148.304443
736.211914	-148.310699
735.020508	191.069000
733.829102	184.086243
732.636719	-122.874802
731.444336	325.236877
730.251953	225.893829
729.059570	382.285492
727.866211	88.007057
726.673828	-88.848526
725.479492	209.810974
724.286133	-78.074944
723.091797	268.488953
721.897461	83.175613
720.703125	-28.869801
719.507813	34.813549
718.312500	-1.999293
717.117188	-116.236992
715.921875	444.787201
714.725586	-33.340538
713.529297	-26.518089
712.332031	95.126152
711.135742	250.047592
709.938477	91.583809
708.740234	310.979126
707.542969	432.086548
706.344727	832.663818
705.146484	1397.772095
703.948242	1801.920654
702.749023	2174.510010
701.549805	2040.244507
700.350586	1532.878906
699.150391	1494.499634
697.950195	945.658569
696.750000	719.816040
695.549805	104.614555
694.348633	322.321686
693.147461	52.828926
691.946289	336.871765
690.744141	86.072487
689.541992	519.568237
688.339844	588.920166
687.136719	248.654160
685.934570	319.999634
684.730469	555.402222
683.527344	292.100952
682.323242	128.574448
681.119141	484.174988
679.915039	223.071335
678.710938	219.423065
677.505859	358.936615
676.300781	106.345985
675.094727	326.730255
673.889648	101.278687
672.683594	91.555618
671.476563	9.362051
670.270508	165.553558
669.063477	93.908249
667.856445	101.097351
666.648438	87.702431
665.440430	-84.923851
664.232422	-157.973160
663.024414	290.563080
661.815430	37.894131
660.606445	41.995480
659.397461	48.416092
658.188477	55.108425
656.978516	-187.939362
655.768555	46.693607
654.557617	25.457582
653.346680	-26.353357
652.135742	-38.495213
650.924805	110.814491
649.712891	239.907928
648.501953	-43.140987
647.289063	-224.426468
646.077148	-161.708710
644.864258	-158.161224
643.651367	-57.063019
642.438477	-128.372711
641.224609	106.016586
640.010742	291.686890
638.796875	385.477905
637.582031	261.945557
636.367188	384.357269
635.152344	248.484360
633.937500	521.070801
632.721680	233.228928
631.505859	413.473450
630.289063	905.319580
629.073242	705.673157
627.856445	926.694824
626.639648	627.330383
625.421875	978.642334
624.204102	922.833008
622.986328	263.214203
621.768555	516.879578
620.549805	372.235748
619.331055	100.396790
618.111328	-40.038136
616.892578	106.697166
