1721.000977	329.198334
1720.027344	739.039551
1719.052734	70.839890
1718.078125	-51.059753
1717.104492	-163.083023
1716.128906	3.981619
1715.154297	234.689926
1714.178711	270.026398
1713.204102	-17.958639
1712.228516	-244.717194
1711.251953	-154.066971
1710.276367	-58.621525
1709.299805	5.706216
1708.324219	-160.689545
1707.347656	105.299332
1706.370117	191.723465
1705.393555	83.430000
1704.416016	179.582535
1703.438477	-144.001770
1702.460938	189.569992
1701.483398	11.463682
1700.505859	93.993050
1699.527344	56.171440
1698.548828	41.208969
1697.570313	-47.972641
1696.591797	-170.444321
1695.612305	-9.577806
1694.632813	-104.187683
1693.653320	-78.889137
1692.673828	-20.516495
1691.694336	-158.705292
1690.713867	-54.610909
1689.734375	-44.947956
1688.753906	-76.177200
1687.772461	134.700974
1686.791992	-210.142181
1685.810547	178.979797
1684.830078	-104.645241
1683.848633	-115.659653
1682.866211	-167.475510
1681.884766	216.151123
1680.902344	197.370026
1679.919922	-248.973923
1678.937500	-557.719727
1677.955078	72.410522
1676.971680	272.405487
1675.989258	-135.387253
1675.005859	-115.901253
1674.022461	-248.914383
1673.038086	-71.833275
1672.054688	-77.694420
1671.070313	137.446991
1670.085938	96.019119
1669.101563	196.848602
1668.117188	-149.136551
1667.131836	152.265549
1666.146484	149.071930
1665.161133	59.663177
1664.175781	31.216631
1663.189453	66.199387
1662.204102	159.575836
1661.217773	-287.030029
1660.231445	-279.719696
1659.245117	244.570114
1658.257813	39.028847
1657.270508	178.105148
1656.284180	31.059809
1655.295898	154.967590
1654.308594	-2.058252
1653.321289	299.112671
1652.333008	-62.752357
1651.344727	190.317719
1650.356445	56.373497
1649.367188	129.854111
1648.378906	-132.842209
1647.389648	-195.731522
1646.400391	183.707214
1645.411133	194.164795
1644.420898	310.728821
1643.431641	417.237854
1642.441406	210.613739
1641.451172	589.810364
1640.459961	423.692780
1639.469727	166.887787
1638.478516	223.040237
1637.487305	87.521576
1636.496094	-60.501251
1635.504883	631.185486
1634.512695	263.861053
1633.520508	778.826111
1632.528320	361.317810
1631.536133	384.889648
1630.543945	1199.360718
1629.550781	862.697937
1628.557617	1122.896851
1627.564453	1050.764893
1626.571289	1127.179565
1625.578125	1160.823364
1624.583984	1629.639771
1623.589844	1512.296143
1622.595703	1689.232422
1621.601563	1981.763794
1620.606445	1917.259888
1619.611328	2433.293945
1618.616211	2346.169189
1617.621094	1912.470459
1616.625977	2111.829346
1615.629883	2115.252197
1614.633789	1744.663940
1613.637695	1795.891113
1612.641602	2318.854736
1611.645508	1757.850098
1610.648438	1994.669312
1609.651367	1777.518311
1608.654297	2229.880127
1607.657227	2521.640137
1606.659180	2226.833252
1605.662109	2385.703369
1604.664063	2364.121338
1603.666016	2492.828125
1602.666992	2716.608154
1601.668945	2627.401123
1600.669922	2528.191162
1599.670898	2421.519775
1598.671875	2022.179443
1597.671875	2193.286621
1596.672852	2034.249634
1595.672852	1672.717163
1594.672852	1738.809204
1593.671875	1742.353394
1592.671875	1745.933960
1591.670898	1214.852173
1590.669922	1383.352783
1589.668945	1079.810059
1588.667969	1245.766602
1587.666016	785.081726
1586.664063	851.168335
1585.662109	727.592346
1584.660156	509.267273
1583.658203	692.575500
1582.655273	237.415848
1581.652344	567.748108
1580.649414	369.521149
1579.646484	440.508118
1578.642578	523.881348
1577.638672	208.659409
1576.634766	212.338150
1575.630859	270.784576
1574.626953	346.627441
1573.622070	16.711208
1572.618164	-29.372105
1571.613281	539.011902
1570.607422	393.261749
1569.602539	558.449890
1568.596680	-82.019547
1567.590820	155.231552
1566.584961	163.738464
1565.579102	194.595062
1564.572266	-403.092102
1563.566406	-138.680099
1562.559570	306.844818
1561.551758	-414.673309
1560.544922	-51.200897
1559.537109	-10.520909
1558.530273	211.286957
1557.521484	-343.469330
1556.513672	-297.811798
1555.505859	-279.450012
1554.497070	229.699539
1553.488281	-148.644928
1552.479492	-167.541489
1551.470703	148.018173
1550.460938	-220.206482
1549.451172	97.666878
1548.441406	1.947437
1547.431641	-279.379791
1546.421875	-268.568115
1545.411133	291.493713
1544.400391	101.781815
1543.389648	149.578125
1542.378906	-42.495533
1541.367188	-98.546532
1540.355469	-255.907349
1539.343750	48.907181
1538.332031	126.300201
1537.320313	-53.219658
1536.307617	-64.759567
1535.294922	-81.222336
1534.282227	-161.853180
1533.269531	448.606598
1532.256836	-14.537449
1531.243164	-26.056305
1530.229492	51.240902
1529.215820	-73.691765
1528.202148	-28.439289
1527.187500	-207.530334
1526.172852	39.811859
1525.158203	163.869522
1524.143555	-44.653236
1523.127930	-206.308319
1522.113281	-377.688049
1521.097656	221.532440
1520.082031	249.508682
1519.065430	223.325684
1518.049805	445.699402
1517.033203	-136.357407
1516.016602	-339.419830
1515.000000	-75.221191
1513.982422	277.355011
1512.965820	647.051636
1511.948242	343.338989
1510.930664	-36.366043
1509.913086	146.566483
1508.894531	388.358826
1507.875977	104.701118
1506.857422	287.567139
1505.838867	-145.565521
1504.820313	407.831604
1503.800781	-27.550297
1502.781250	292.654510
1501.761719	88.052544
1500.742188	25.762066
1499.721680	757.603455
1498.702148	-189.299118
1497.681641	-18.649630
1496.661133	115.241463
1495.639648	21.347103
1494.618164	23.032492
1493.597656	536.389099
1492.576172	197.893280
1491.553711	537.319580
1490.532227	98.783447
1489.509766	37.097401
1488.487305	-39.178463
1487.464844	-352.496277
1486.442383	96.961319
1485.418945	218.804626
1484.395508	196.515289
1483.372070	235.363754
1482.348633	276.698639
1481.324219	-145.853882
1480.300781	278.921509
1479.276367	27.522385
1478.251953	247.218933
1477.226563	179.000885
1476.202148	223.102402
1475.176758	218.455276
1474.151367	-95.741035
1473.125000	280.038666
1472.099609	153.750458
1471.073242	12.940039
1470.046875	249.829941
1469.020508	384.409210
1467.994141	480.049683
1466.966797	724.191040
1465.939453	191.910858
1464.912109	329.100494
1463.884766	205.998932
1462.856445	362.714111
1461.829102	835.606445
1460.800781	272.629486
1459.772461	723.594604
1458.743164	659.211548
1457.714844	901.117371
1456.685547	1291.152954
1455.656250	818.922241
1454.625977	1058.404785
1453.596680	984.736755
1452.566406	624.748169
1451.536133	983.284546
1450.505859	1128.256470
1449.474609	674.109009
1448.444336	588.879395
1447.413086	957.140747
1446.381836	629.636536
1445.350586	406.570190
1444.318359	896.027710
1443.286133	816.080261
1442.253906	859.782959
1441.221680	763.108704
1440.189453	216.272598
1439.156250	567.716553
1438.123047	851.347046
1437.089844	162.347992
1436.056641	39.758621
1435.022461	316.317993
1433.988281	358.318909
1432.954102	223.933380
1431.919922	-43.229023
1430.885742	107.839607
1429.850586	113.968597
1428.815430	265.102478
1427.780273	58.881931
1426.744141	96.659988
1425.708984	305.918396
1424.672852	-216.047012
1423.636719	72.973358
1422.600586	-98.762718
1421.563477	183.039597
1420.527344	-342.896851
1419.490234	-147.755783
1418.452148	32.916222
1417.415039	-65.885307
1416.376953	-159.757492
1415.338867	-149.921448
1414.300781	139.341415
1413.262695	40.956741
1412.224609	89.541512
1411.185547	-116.917152
1410.146484	-34.469078
1409.107422	19.174564
1408.067383	-189.280090
1407.027344	104.983948
1405.987305	-19.072651
1404.947266	352.131836
1403.907227	79.280716
1402.866211	-224.610870
1401.826172	288.390717
1400.785156	78.425583
1399.743164	418.419434
1398.702148	-530.612732
1397.660156	131.129959
1396.618164	622.330444
1395.576172	703.214966
1394.533203	808.115662
1393.491211	1476.566162
1392.448242	1363.282104
1391.405273	1755.856201
1390.361328	2124.371094
1389.318359	2310.757813
1388.274414	2865.998535
1387.230469	2523.072021
1386.186523	2857.938965
1385.141602	3312.412598
1384.097656	3405.430908
1383.052734	3529.578369
1382.007813	3814.032715
1380.961914	3459.861816
1379.916992	3703.729248
1378.871094	3115.626221
1377.825195	3342.878906
1376.778320	2896.234619
1375.732422	3102.102539
1374.685547	2670.201416
1373.638672	2718.559814
1372.591797	2454.211670
1371.543945	2011.015137
1370.497070	1899.831177
1369.449219	1452.328491
1368.400391	1844.764648
1367.352539	1958.090210
1366.303711	1389.474365
1365.255859	1410.027466
1364.206055	1721.387451
1363.157227	1687.188354
1362.108398	2024.733521
1361.058594	1902.482910
1360.008789	1897.045532
1358.958984	1679.787842
1357.908203	1710.228638
1356.857422	1693.132935
1355.806641	1590.461060
1354.755859	1787.634033
1353.705078	1214.225220
1352.653320	1178.488281
1351.601563	1703.875366
1350.549805	1178.573242
1349.498047	919.702087
1348.445313	1140.890747
1347.393555	894.149048
1346.340820	868.407166
1345.287109	738.258240
1344.234375	643.852356
1343.180664	684.799744
1342.126953	569.196533
1341.073242	539.104492
1340.019531	523.311768
1338.964844	393.756378
1337.910156	499.002869
1336.855469	874.456726
1335.799805	93.427147
1334.745117	620.539551
1333.689453	218.987411
1332.633789	464.139648
1331.578125	-301.695862
1330.521484	267.837189
1329.464844	193.486542
1328.408203	190.200607
1327.351563	-18.829945
1326.294922	-123.660583
1325.237305	-55.809597
1324.179688	267.372711
1323.122070	311.577057
1322.064453	-185.302856
1321.005859	-171.652237
1319.947266	-209.923157
1318.888672	-26.159319
1317.830078	51.326046
1316.770508	-3.371624
1315.710938	-13.165527
1314.651367	50.232677
1313.591797	-167.060547
1312.531250	-16.336239
1311.471680	-464.498749
1310.411133	-172.254440
1309.349609	108.103188
1308.289063	-443.369568
1307.227539	164.457230
1306.166016	79.611328
1305.104492	-184.118851
1304.042969	-275.843384
1302.980469	-162.727829
1301.917969	180.981979
1300.855469	-91.823967
1299.792969	-336.251801
1298.729492	-96.115334
1297.666016	195.679291
1296.602539	-83.829468
1295.539063	-135.220367
1294.474609	71.884331
1293.411133	-78.120316
1292.346680	469.494507
1291.281250	40.072041
1290.216797	82.749336
1289.151367	191.134338
1288.085938	423.871460
1287.020508	412.546021
1285.955078	518.528564
1284.888672	392.314423
1283.822266	242.739258
1282.755859	149.509552
1281.689453	227.421631
1280.622070	389.654572
1279.554688	376.153290
1278.487305	308.819641
1277.419922	-48.803944
1276.351563	-17.667143
1275.283203	621.987366
1274.214844	42.288002
1273.146484	319.081909
1272.077148	268.318024
1271.008789	488.866638
1269.939453	389.028442
1268.869141	113.939743
1267.799805	119.427757
1266.729492	522.090210
1265.659180	723.715454
1264.588867	133.596054
1263.517578	330.567871
1262.447266	235.696136
1261.375977	189.879669
1260.304688	526.754395
1259.232422	602.210938
1258.161133	164.568390
1257.088867	18.585056
1256.016602	492.791351
1254.943359	547.253845
1253.871094	387.346008
1252.797852	651.510071
1251.724609	617.432556
1250.650391	888.426331
1249.577148	1073.184937
1248.502930	1106.560913
1247.428711	895.584595
1246.354492	1019.747742
1245.279297	862.386719
1244.204102	814.410583
1243.128906	626.959656
1242.053711	713.904663
1240.977539	610.230530
1239.902344	618.153992
1238.826172	493.656830
1237.750000	699.023132
1236.672852	1090.058105
1235.595703	584.815186
1234.518555	198.169174
1233.441406	651.732971
1232.364258	423.021912
1231.286133	-58.424274
1230.208008	51.690002
1229.129883	175.673035
1228.051758	158.208115
1226.972656	-33.063404
1225.893555	130.243881
1224.814453	-338.901581
1223.734375	-6.538087
1222.655273	270.124878
1221.575195	-32.070976
1220.495117	66.259697
1219.415039	-226.496704
1218.333984	202.641159
1217.252930	-48.390667
1216.171875	-273.877655
1215.090820	-16.085726
1214.008789	151.439148
1212.926758	161.757950
1211.844727	379.999268
1210.762695	150.037827
1209.679688	17.159693
1208.597656	-217.235611
1207.513672	-40.679771
1206.430664	-249.587051
1205.347656	-82.319817
1204.263672	34.111210
1203.179688	60.544239
1202.095703	45.463310
1201.010742	256.283478
1199.925781	33.717915
1198.840820	-52.800129
1197.755859	-120.856949
1196.670898	145.078354
1195.584961	-70.383858
1194.499023	-244.315613
1193.413086	-206.420395
1192.326172	197.322296
1191.239258	-8.792391
1190.152344	157.801544
1189.065430	75.951355
1187.978516	99.894928
1186.890625	268.621552
1185.802734	48.879368
1184.714844	146.300812
1183.625977	69.074341
1182.538086	143.462326
1181.449219	328.006226
1180.360352	207.149445
1179.270508	655.494568
1178.180664	566.707581
1177.090820	494.002960
1176.000977	724.067688
1174.911133	892.108215
1173.820313	1193.012329
1172.729492	334.016266
1171.638672	941.939819
1170.547852	793.559875
1169.456055	977.330383
1168.364258	691.565796
1167.272461	474.593658
1166.179688	365.266418
1165.087891	1294.940063
1163.995117	1311.280762
1162.902344	1524.313965
1161.808594	2080.259277
1160.715820	2487.335693
1159.622070	2510.162842
1158.528320	1922.761963
1157.433594	1356.149414
1156.339844	1653.275024
1155.245117	1011.562561
1154.149414	749.132507
1153.054688	352.126038
1151.958984	539.529419
1150.863281	291.000824
1149.767578	391.594177
1148.671875	-73.523270
1147.575195	214.023972
1146.478516	303.069824
1145.381836	902.609619
1144.285156	166.486267
1143.187500	218.926788
1142.089844	310.034637
1140.992188	77.699577
1139.894531	-45.282303
1138.795898	-81.762321
1137.697266	-400.449463
1136.598633	-220.758698
1135.499023	-61.670311
1134.400391	-164.210678
1133.300781	-191.730255
1132.201172	44.417480
1131.100586	425.853638
1130.000977	98.173058
1128.900391	-261.221008
1127.799805	133.528915
1126.698242	-48.706207
1125.596680	-67.451653
1124.495117	347.260345
1123.393555	171.768646
1122.291992	588.415955
1121.189453	707.690308
1120.086914	1194.210938
1118.984375	1417.480713
1117.881836	1339.135498
1116.778320	1854.475220
1115.674805	1789.537598
1114.571289	1939.755005
1113.466797	1648.247925
1112.363281	1927.361938
1111.258789	2038.776489
1110.153320	1683.881104
1109.048828	1044.017578
1107.943359	1191.544800
1106.837891	1617.105957
1105.732422	1228.453613
1104.625977	1626.539917
1103.520508	1303.461304
1102.414063	1154.423584
1101.306641	901.452820
1100.200195	946.657288
1099.092773	644.027832
1097.985352	765.860229
1096.877930	208.223557
1095.769531	494.651367
1094.661133	437.967010
1093.552734	940.579407
1092.444336	597.288147
1091.335938	-169.759613
1090.226563	956.719421
1089.117188	354.248016
1088.006836	477.378784
1086.897461	611.647278
1085.787109	1002.460693
1084.676758	1010.275574
1083.566406	732.137695
1082.455078	523.778870
1081.343750	556.152161
1080.232422	930.314819
1079.121094	1151.292969
1078.008789	917.892456
1076.896484	1008.187683
1075.784180	837.653931
1074.671875	1249.012573
1073.558594	1026.616089
1072.445313	712.132813
1071.332031	1134.143555
1070.217773	615.274109
1069.104492	491.542603
1067.990234	430.561035
1066.875977	643.177856
1065.760742	265.725372
1064.645508	-1.803199
1063.530273	421.130005
1062.415039	346.203461
1061.299805	112.103539
1060.183594	41.509800
1059.067383	163.439346
1057.951172	410.590240
1056.833984	267.954376
1055.716797	351.314697
1054.599609	0.404516
1053.482422	208.824249
1052.364258	486.334961
1051.247070	-106.252907
1050.128906	-150.986542
1049.009766	-202.558716
1047.891602	9.470579
1046.772461	312.850464
1045.653320	209.439148
1044.533203	56.790051
1043.414063	118.426086
1042.293945	92.822174
1041.173828	680.786255
1040.052734	317.875214
1038.932617	-167.676071
1037.811523	-75.577126
1036.689453	-208.872116
1035.568359	371.076843
1034.446289	614.083069
1033.324219	-337.407867
1032.202148	-38.955311
1031.079102	-28.092932
1029.957031	-48.537075
1028.833984	-109.209785
1027.709961	-254.596466
1026.586914	-275.443970
1025.462891	-78.452278
1024.338867	-26.264584
1023.214844	88.005264
1022.089844	-198.091156
1020.964844	6.959654
1019.839844	-1.549808
1018.714844	12.004987
1017.588867	354.081512
1016.462891	407.182129
1015.336914	-72.689560
1014.210938	-252.873779
1013.083984	534.309265
1011.957031	65.331268
1010.830078	219.649109
1009.702148	384.805542
1008.574219	738.163452
1007.446289	1627.578125
1006.318359	3746.268311
1005.190430	5086.218262
1004.061523	5123.001465
1002.932617	4313.704590
1001.802734	2032.345825
1000.673828	1102.064209
999.543945	437.568542
998.414063	47.555397
997.283203	175.113419
996.153320	118.932968
995.022461	7.324023
993.891602	68.010956
992.759766	159.429810
991.628906	-67.477890
990.497070	275.417328
989.364258	61.467213
988.232422	112.426620
987.099609	297.826782
985.966797	454.295624
984.833984	387.697083
983.700195	-7.720832
982.566406	79.853821
981.432617	98.882843
980.298828	388.882782
979.164063	649.917664
978.029297	104.276810
976.894531	563.207275
975.759766	407.335175
974.624023	401.083740
973.488281	465.129547
972.352539	227.493347
971.215820	71.199799
970.080078	623.187866
968.943359	317.040649
967.805664	386.849121
966.668945	399.361694
965.531250	710.594543
964.393555	294.260651
963.254883	811.563965
962.117188	1144.042969
960.978516	1192.959351
959.839844	908.050232
958.700195	781.132507
957.561523	1259.776978
956.421875	994.377625
955.281250	961.432312
954.141602	1224.422485
953.000977	1379.722290
951.860352	1418.679199
950.719727	1293.158691
949.578125	983.539978
948.436523	980.573425
947.294922	933.710510
946.153320	584.656860
945.010742	1093.588501
943.868164	521.228943
942.725586	305.623627
941.583008	225.626831
940.439453	410.129395
939.295898	-0.179997
938.152344	385.189758
937.007813	-55.718132
935.863281	147.965027
934.718750	292.503906
933.574219	-165.786011
932.428711	369.357239
931.283203	57.322327
930.137695	92.323288
928.992188	384.675842
927.845703	175.141937
926.699219	148.821533
925.552734	-47.590641
924.405273	109.101028
923.257813	-303.073608
922.110352	-33.197021
920.962891	184.238174
919.814453	564.822205
918.666016	590.331360
917.517578	480.851166
916.369141	12.342381
915.219727	100.942238
914.070313	250.384155
912.920898	-139.550751
911.770508	-207.588394
910.621094	-60.386677
909.470703	312.712189
908.319336	218.505142
907.168945	72.248276
906.017578	-2.306621
904.866211	-159.312698
903.713867	-192.538422
902.562500	325.494873
901.410156	-330.445068
900.256836	-261.623596
899.104492	-249.152054
897.951172	-165.137390
896.797852	306.868744
895.644531	-120.617813
894.490234	-86.415756
893.335938	118.938759
892.181641	-201.968048
891.027344	-152.444489
889.872070	-12.000388
888.716797	273.441193
887.561523	294.872742
886.405273	242.804260
885.249023	203.812439
884.092773	52.506969
882.936523	31.048302
881.779297	122.040550
880.622070	241.177246
879.464844	40.685242
878.307617	23.947611
877.149414	28.893085
875.991211	122.453033
874.833008	11.080800
873.673828	130.709351
872.514648	334.535278
871.355469	180.425934
870.196289	-236.509171
869.036133	-142.285828
867.875977	64.104416
866.715820	-401.654785
865.554688	425.323456
864.394531	-207.960983
863.233398	209.843811
862.071289	382.206970
860.910156	464.307007
859.748047	307.699799
858.585938	471.841553
857.422852	547.893433
856.259766	654.194031
855.096680	382.328949
853.933594	282.700012
852.770508	269.256042
851.606445	681.291565
850.442383	296.624481
849.277344	401.830902
848.113281	138.030197
846.948242	365.968964
845.783203	-186.930420
844.617188	17.795347
843.451172	424.228241
842.285156	7.417887
841.119141	107.609200
839.952148	-323.495728
838.785156	-250.687210
837.618164	190.748154
836.451172	178.222870
835.283203	249.423889
834.115234	-267.791870
832.947266	120.687042
831.778320	-211.787994
830.609375	125.638992
829.440430	-244.666962
828.271484	247.053558
827.101563	238.613373
825.931641	33.839783
824.761719	805.780945
823.590820	251.171860
822.420898	346.288300
821.250000	110.685074
820.078125	818.867615
818.907227	594.465332
817.735352	826.975464
816.562500	726.883545
815.390625	659.114075
814.217773	638.528625
813.044922	370.973907
811.872070	-4.862684
810.698242	269.516785
809.524414	62.664955
808.350586	24.405504
807.176758	-58.273987
806.001953	446.792725
804.827148	-335.526794
803.651367	265.621307
802.476563	388.197815
801.300781	279.185028
800.125000	349.066132
798.948242	19.570360
797.772461	672.241882
796.595703	249.869019
795.417969	728.497009
794.241211	865.289368
793.063477	877.000061
791.885742	538.746277
790.707031	848.085876
789.529297	930.539246
788.350586	792.599792
787.170898	822.467957
785.992188	844.088257
784.812500	1141.450806
783.632813	807.439941
782.452148	1086.043335
781.272461	634.043213
780.091797	1131.094727
778.911133	749.569031
777.729492	696.477478
776.547852	535.698181
775.366211	227.109207
774.184570	-134.017136
773.001953	378.490814
771.819336	-172.400177
770.636719	-84.574425
769.453125	-72.696175
768.269531	-14.182382
767.085938	12.785388
765.902344	-243.044876
764.717773	-224.181091
763.533203	140.943054
762.348633	62.926792
761.163086	67.340324
759.977539	-238.145248
758.791992	186.178360
757.606445	47.574013
756.419922	391.752594
755.233398	-87.978905
754.046875	153.044525
752.859375	794.178284
751.672852	371.796204
750.485352	814.850342
749.296875	577.982239
748.108398	795.759827
746.919922	826.265686
745.731445	745.340393
744.542969	706.543030
743.353516	762.373779
742.164063	40.618969
740.973633	487.411560
739.783203	192.494934
738.592773	519.342407
737.402344	447.107147
736.211914	39.036018
735.020508	749.680298
733.829102	511.623413
732.636719	842.084778
731.444336	388.034760
730.251953	793.759888
729.059570	304.199219
727.866211	204.588074
726.673828	161.535080
725.479492	-86.862167
724.286133	-404.314148
723.091797	138.777725
721.897461	3.346630
720.703125	-291.155182
719.507813	37.836987
718.312500	-463.809021
717.117188	-197.874374
715.921875	-346.124359
714.725586	203.690399
713.529297	7.119195
712.332031	167.759689
711.135742	-51.922104
709.938477	394.498871
708.740234	349.970642
707.542969	749.922241
706.344727	1687.920288
705.146484	2859.002686
703.948242	3774.955566
702.749023	3616.462646
701.549805	3557.993408
700.350586	2742.867676
699.150391	1975.934326
697.950195	1278.005615
696.750000	1001.024536
695.549805	919.814087
694.348633	334.765381
693.147461	93.323082
691.946289	-48.198978
690.744141	-27.457596
689.541992	348.869904
688.339844	22.186390
687.136719	508.432007
685.934570	294.068573
684.730469	198.227966
683.527344	168.943848
682.323242	229.013779
681.119141	471.831421
679.915039	386.640350
678.710938	42.185638
677.505859	185.598053
676.300781	300.061920
675.094727	269.477173
673.889648	295.107269
672.683594	468.134796
671.476563	-11.446598
670.270508	271.970551
669.063477	180.669388
667.856445	73.228172
666.648438	241.620041
665.440430	33.676804
664.232422	217.461960
663.024414	188.619324
661.815430	110.749664
660.606445	-38.803883
659.397461	118.410286
658.188477	40.686077
656.978516	9.285009
655.768555	-128.645004
654.557617	197.109848
653.346680	81.826691
652.135742	-253.210297
650.924805	-196.827347
649.712891	-339.388947
648.501953	-266.010468
647.289063	-28.320648
646.077148	-288.266327
644.864258	-383.640564
643.651367	105.976639
642.438477	220.051910
641.224609	-378.886780
640.010742	-17.865309
638.796875	373.899078
637.582031	374.494263
636.367188	459.733856
635.152344	386.877838
633.937500	639.581177
632.721680	370.445282
631.505859	1082.981567
630.289063	1232.875854
629.073242	1576.910156
627.856445	1270.698730
626.639648	1210.438721
625.421875	1591.265381
624.204102	1374.072876
622.986328	881.736633
621.768555	1060.696289
620.549805	211.891235
619.331055	-31.031166
618.111328	7.739756
616.892578	166.108810
