1721.000977	-43.599369
1720.027344	294.468597
1719.052734	-36.353409
1718.078125	273.798859
1717.104492	175.369492
1716.128906	-33.887024
1715.154297	-43.579105
1714.178711	-112.759079
1713.204102	66.230721
1712.228516	170.344391
1711.251953	-102.673592
1710.276367	59.464275
1709.299805	85.373573
1708.324219	-78.579636
1707.347656	-58.540379
1706.370117	163.311264
1705.393555	215.861389
1704.416016	101.760040
1703.438477	-84.220482
1702.460938	-106.747673
1701.483398	21.305357
1700.505859	-37.556087
1699.527344	-101.768394
1698.548828	181.312714
1697.570313	-92.845985
1696.591797	82.421013
1695.612305	229.313370
1694.632813	-96.343903
1693.653320	11.888809
1692.673828	35.704594
1691.694336	-17.180431
1690.713867	-133.971756
1689.734375	243.950729
1688.753906	-151.020996
1687.772461	-112.571098
1686.791992	58.318531
1685.810547	71.038185
1684.830078	27.642719
1683.848633	55.492142
1682.866211	52.685863
1681.884766	-52.001148
1680.902344	-26.891802
1679.919922	-118.906982
1678.937500	23.174730
1677.955078	111.742439
1676.971680	29.815655
1675.989258	97.957054
1675.005859	-22.101643
1674.022461	-50.610924
1673.038086	-206.200745
1672.054688	166.788239
1671.070313	222.071152
1670.085938	165.589920
1669.101563	22.813416
1668.117188	-28.494770
1667.131836	-46.782219
1666.146484	-92.949738
1665.161133	140.011734
1664.175781	-157.240463
1663.189453	-46.047123
1662.204102	57.549248
1661.217773	-92.380180
1660.231445	-57.186756
1659.245117	-9.294112
1658.257813	-156.471344
1657.270508	139.720581
1656.284180	-141.525742
1655.295898	134.367004
1654.308594	-75.800568
1653.321289	114.039757
1652.333008	-47.867935
1651.344727	-128.702957
1650.356445	-80.456573
1649.367188	41.140518
1648.378906	137.481674
1647.389648	-72.020386
1646.400391	-278.846649
1645.411133	176.434921
1644.420898	146.568054
1643.431641	258.220337
1642.441406	6.271496
1641.451172	82.667480
1640.459961	-25.172235
1639.469727	144.686630
1638.478516	233.784195
1637.487305	-194.178314
1636.496094	91.777290
1635.504883	140.670120
1634.512695	151.771179
1633.520508	440.156250
1632.528320	257.287567
1631.536133	487.703644
1630.543945	458.655640
1629.550781	311.305359
1628.557617	408.284576
1627.564453	772.088562
1626.571289	773.407837
1625.578125	729.489624
1624.583984	879.321899
1623.589844	1024.112061
1622.595703	824.408142
1621.601563	1356.400391
1620.606445	1393.053467
1619.611328	1120.650879
1618.616211	1370.984253
1617.621094	1063.626953
1616.625977	1354.138306
1615.629883	1062.047607
1614.633789	1068.844849
1613.637695	1218.735962
1612.641602	1275.760864
1611.645508	1455.728760
1610.648438	1083.841064
1609.651367	1512.091553
1608.654297	1386.117432
1607.657227	1383.056519
1606.659180	1455.194092
1605.662109	1366.992920
1604.664063	1551.894165
1603.666016	1523.862061
1602.666992	1708.695923
1601.668945	1575.551270
1600.669922	1650.217651
1599.670898	1772.424683
1598.671875	1621.897461
1597.671875	1423.912476
1596.672852	1363.593506
1595.672852	1215.795044
1594.672852	1155.568481
1593.671875	880.432617
1592.671875	837.829590
1591.670898	732.789612
1590.669922	1007.460083
1589.668945	872.490417
1588.667969	575.307373
1587.666016	378.089630
1586.664063	797.387085
1585.662109	495.433044
1584.660156	677.564514
1583.658203	233.618500
1582.655273	348.402863
1581.652344	350.959534
1580.649414	415.834564
1579.646484	261.392334
1578.642578	253.999496
1577.638672	298.924561
1576.634766	137.127716
1575.630859	82.467590
1574.626953	159.765732
1573.622070	172.306900
1572.618164	344.111328
1571.613281	-58.852272
1570.607422	117.870560
1569.602539	177.653625
1568.596680	-16.200306
1567.590820	105.708305
1566.584961	63.541042
1565.579102	90.957558
1564.572266	-50.581352
1563.566406	-62.899078
1562.559570	73.752678
1561.551758	103.574677
1560.544922	83.751411
1559.537109	31.654297
1558.530273	14.321377
1557.521484	-166.752487
1556.513672	-87.347908
1555.505859	-198.900360
1554.497070	-236.064026
1553.488281	76.238663
1552.479492	-124.523758
1551.470703	157.879028
1550.460938	33.933525
1549.451172	177.475220
1548.441406	-166.788986
1547.431641	-57.937271
1546.421875	-161.971664
1545.411133	-196.708282
1544.400391	97.567390
1543.389648	-298.316559
1542.378906	-164.885452
1541.367188	-21.648714
1540.355469	-14.421053
1539.343750	-202.425049
1538.332031	-331.064880
1537.320313	-121.256447
1536.307617	-286.936798
1535.294922	-25.406851
1534.282227	80.483940
1533.269531	-16.053289
1532.256836	-90.352303
1531.243164	84.522995
1530.229492	2.804952
1529.215820	59.206722
1528.202148	-64.398369
1527.187500	-67.193283
1526.172852	183.839523
1525.158203	-70.334763
1524.143555	84.510750
1523.127930	340.243958
1522.113281	54.173119
1521.097656	164.549316
1520.082031	-8.170364
1519.065430	-257.119934
1518.049805	106.645630
1517.033203	-223.399857
1516.016602	238.552261
1515.000000	65.967316
1513.982422	178.586349
1512.965820	104.389580
1511.948242	69.522774
1510.930664	2.734090
1509.913086	-56.657608
1508.894531	-7.993189
1507.875977	55.381763
1506.857422	-8.903321
1505.838867	-193.406494
1504.820313	237.999725
1503.800781	51.060497
1502.781250	57.949764
1501.761719	-20.978401
1500.742188	285.005066
1499.721680	179.098557
1498.702148	-228.139816
1497.681641	258.988861
1496.661133	331.976807
1495.639648	223.715851
1494.618164	115.506798
1493.597656	210.537140
1492.576172	261.468811
1491.553711	87.273201
1490.532227	233.635147
1489.509766	13.074162
1488.487305	115.385109
1487.464844	-200.376724
1486.442383	46.170147
1485.418945	204.640350
1484.395508	45.447830
1483.372070	169.683044
1482.348633	42.346569
1481.324219	-6.806206
1480.300781	-243.866226
1479.276367	95.147346
1478.251953	146.111221
1477.226563	28.730059
1476.202148	321.188110
1475.176758	350.169556
1474.151367	474.240387
1473.125000	174.148392
1472.099609	22.872473
1471.073242	-1.635397
1470.046875	-101.623772
1469.020508	246.566116
1467.994141	319.491455
1466.966797	95.405998
1465.939453	139.162628
1464.912109	426.259949
1463.884766	231.565643
1462.856445	720.441040
1461.829102	389.643616
1460.800781	348.317413
1459.772461	328.916565
1458.743164	372.724365
1457.714844	664.390686
1456.685547	343.788116
1455.656250	603.810303
1454.625977	526.222900
1453.596680	621.077881
1452.566406	621.252075
1451.536133	677.271606
1450.505859	587.734558
1449.474609	478.850281
1448.444336	467.062775
1447.413086	433.481659
1446.381836	264.203125
1445.350586	330.112366
1444.318359	502.631744
1443.286133	137.318268
1442.253906	564.183960
1441.221680	332.266357
1440.189453	233.638031
1439.156250	181.065277
1438.123047	382.643890
1437.089844	255.135895
1436.056641	526.838501
1435.022461	430.857941
1433.988281	-59.153545
1432.954102	176.288696
1431.919922	27.393908
1430.885742	105.736565
1429.850586	-115.485085
1428.815430	64.365265
1427.780273	137.930435
1426.744141	146.307190
1425.708984	234.390533
1424.672852	8.744947
1423.636719	89.652954
1422.600586	-118.895050
1421.563477	51.309235
1420.527344	-241.447128
1419.490234	116.828476
1418.452148	197.816010
1417.415039	33.042461
1416.376953	-201.491486
1415.338867	53.060669
1414.300781	179.919739
1413.262695	56.382656
1412.224609	-69.464561
1411.185547	194.633621
1410.146484	-97.128906
1409.107422	-1.437671
1408.067383	-165.492081
1407.027344	28.835144
1405.987305	42.827225
1404.947266	-183.488495
1403.907227	-205.412827
1402.866211	221.958527
1401.826172	209.652908
1400.785156	-129.204681
1399.743164	362.821442
1398.702148	353.016052
1397.660156	398.445892
1396.618164	350.323578
1395.576172	508.567017
1394.533203	590.029968
1393.491211	580.395264
1392.448242	822.515137
1391.405273	1174.824585
1390.361328	1162.785034
1389.318359	1191.533936
1388.274414	1359.224609
1387.230469	1562.809448
1386.186523	1622.698364
1385.141602	1965.048462
1384.097656	2058.414551
1383.052734	2247.479492
1382.007813	2034.627441
1380.961914	1731.015137
1379.916992	1776.689331
1378.871094	1473.347290
1377.825195	1552.591064
1376.778320	1572.095581
1375.732422	1345.567139
1374.685547	1252.927979
1373.638672	1294.098511
1372.591797	1129.967041
1371.543945	1092.446777
1370.497070	1265.005615
1369.449219	1050.991577
1368.400391	899.119507
1367.352539	1069.335205
1366.303711	862.762634
1365.255859	916.177612
1364.206055	1060.156982
1363.157227	694.181885
1362.108398	924.003662
1361.058594	856.016296
1360.008789	790.479492
1358.958984	870.240540
1357.908203	640.549194
1356.857422	670.395325
1355.806641	774.024719
1354.755859	1046.540527
1353.705078	890.881897
1352.653320	723.427551
1351.601563	644.040283
1350.549805	935.497070
1349.498047	825.276123
1348.445313	342.139038
1347.393555	650.200073
1346.340820	281.361938
1345.287109	406.540405
1344.234375	529.331848
1343.180664	493.092285
1342.126953	544.690063
1341.073242	551.224365
1340.019531	545.931152
1338.964844	332.002167
1337.910156	322.071136
1336.855469	267.141571
1335.799805	226.473648
1334.745117	318.532257
1333.689453	232.927948
1332.633789	135.550217
1331.578125	161.353714
1330.521484	90.120270
1329.464844	75.739227
1328.408203	-90.030037
1327.351563	-116.137131
1326.294922	-217.885178
1325.237305	148.593735
1324.179688	-47.682304
1323.122070	-33.500782
1322.064453	-21.660912
1321.005859	-80.685303
1319.947266	-0.304003
1318.888672	-47.449043
1317.830078	-403.825867
1316.770508	-198.265579
1315.710938	42.628628
1314.651367	-103.493233
1313.591797	347.257141
1312.531250	-169.085983
1311.471680	-57.998478
1310.411133	48.340549
1309.349609	15.596828
1308.289063	275.073639
1307.227539	-19.155993
1306.166016	195.499786
1305.104492	89.835571
1304.042969	-201.746658
1302.980469	-29.507313
1301.917969	-344.440521
1300.855469	168.933853
1299.792969	176.381088
1298.729492	19.219002
1297.666016	-22.650129
1296.602539	-48.029366
1295.539063	25.327066
1294.474609	157.399185
1293.411133	68.622513
1292.346680	26.863684
1291.281250	-40.697865
1290.216797	42.039299
1289.151367	33.211464
1288.085938	22.056698
1287.020508	55.496586
1285.955078	70.171463
1284.888672	-175.450150
1283.822266	-1.284566
1282.755859	198.603500
1281.689453	119.543869
1280.622070	342.766846
1279.554688	200.481079
1278.487305	-117.378136
1277.419922	147.936996
1276.351563	160.317032
1275.283203	151.640503
1274.214844	224.877869
1273.146484	230.251541
1272.077148	165.458817
1271.008789	329.875977
1269.939453	237.057922
1268.869141	88.188148
1267.799805	392.750244
1266.729492	94.404709
1265.659180	162.926498
1264.588867	219.750946
1263.517578	-5.959687
1262.447266	48.561310
1261.375977	462.466827
1260.304688	327.877380
1259.232422	538.599915
1258.161133	418.065033
1257.088867	351.212921
1256.016602	363.662079
1254.943359	217.617920
1253.871094	572.649719
1252.797852	552.445679
1251.724609	355.237732
1250.650391	549.336731
1249.577148	601.345032
1248.502930	699.886658
1247.428711	598.255737
1246.354492	599.049988
1245.279297	281.164246
1244.204102	437.851837
1243.128906	443.345032
1242.053711	341.911285
1240.977539	217.281586
1239.902344	524.905823
1238.826172	476.964752
1237.750000	621.824890
1236.672852	367.227020
1235.595703	263.646973
1234.518555	204.219437
1233.441406	293.336884
1232.364258	329.061768
1231.286133	237.197418
1230.208008	333.217682
1229.129883	-8.992774
1228.051758	-19.574617
1226.972656	83.400551
1225.893555	28.785446
1224.814453	150.249924
1223.734375	74.802490
1222.655273	82.759911
1221.575195	190.250626
1220.495117	124.121468
1219.415039	-69.238976
1218.333984	79.865387
1217.252930	-104.144432
1216.171875	42.600632
1215.090820	149.985291
1214.008789	134.818954
1212.926758	-42.094601
1211.844727	21.350035
1210.762695	-69.987823
1209.679688	-128.954971
1208.597656	-268.693909
1207.513672	307.190643
1206.430664	-305.675232
1205.347656	-207.624634
1204.263672	42.626518
1203.179688	-133.885666
1202.095703	49.381733
1201.010742	-110.916077
1199.925781	-174.338715
1198.840820	-7.306162
1197.755859	-24.640757
1196.670898	-302.225372
1195.584961	141.052261
1194.499023	56.939137
1193.413086	-4.115623
1192.326172	-99.663765
1191.239258	23.397106
1190.152344	31.398949
1189.065430	-54.882935
1187.978516	-173.311905
1186.890625	82.984123
1185.802734	235.755951
1184.714844	-59.568790
1183.625977	19.659353
1182.538086	261.920471
1181.449219	19.597582
1180.360352	371.937469
1179.270508	171.009583
1178.180664	422.199341
1177.090820	448.463654
1176.000977	433.435242
1174.911133	306.059265
1173.820313	208.537964
1172.729492	131.690323
1171.638672	350.479095
1170.547852	406.515442
1169.456055	357.159821
1168.364258	218.518311
1167.272461	178.387589
1166.179688	600.635925
1165.087891	523.825134
1163.995117	797.096130
1162.902344	816.342102
1161.808594	981.937134
1160.715820	1097.163696
1159.622070	992.887268
1158.528320	1000.639709
1157.433594	1015.236511
1156.339844	518.133911
1155.245117	564.804871
1154.149414	348.862457
1153.054688	518.823425
1151.958984	535.781860
1150.863281	497.968689
1149.767578	-0.657407
1148.671875	413.260742
1147.575195	266.032745
1146.478516	164.461731
1145.381836	21.906752
1144.285156	342.004242
1143.187500	69.598953
1142.089844	18.253721
1140.992188	85.343224
1139.894531	-54.785217
1138.795898	-74.220467
1137.697266	-155.098938
1136.598633	-33.452240
1135.499023	3.964719
1134.400391	39.090363
1133.300781	24.165213
1132.201172	-136.244064
1131.100586	239.757980
1130.000977	-125.140251
1128.900391	-130.965866
1127.799805	-150.423691
1126.698242	191.143372
1125.596680	110.301979
1124.495117	165.666916
1123.393555	12.233824
1122.291992	521.297180
1121.189453	587.832397
1120.086914	565.888550
1118.984375	621.023743
1117.881836	667.053833
1116.778320	932.854614
1115.674805	967.434143
1114.571289	759.621948
1113.466797	1249.364014
1112.363281	554.778564
1111.258789	668.568604
1110.153320	1110.422974
1109.048828	794.122070
1107.943359	557.111023
1106.837891	492.059906
1105.732422	589.813904
1104.625977	382.330597
1103.520508	572.683350
1102.414063	369.776123
1101.306641	297.950104
1100.200195	241.952484
1099.092773	206.271179
1097.985352	46.424004
1096.877930	202.595901
1095.769531	-112.927589
1094.661133	271.004211
1093.552734	50.283253
1092.444336	158.854202
1091.335938	64.450798
1090.226563	94.020569
1089.117188	85.241608
1088.006836	254.409058
1086.897461	166.706009
1085.787109	218.621826
1084.676758	220.951828
1083.566406	565.378906
1082.455078	194.002853
1081.343750	484.212708
1080.232422	288.400391
1079.121094	331.018311
1078.008789	600.656372
1076.896484	456.537659
1075.784180	316.942810
1074.671875	134.683594
1073.558594	554.466919
1072.445313	253.125381
1071.332031	223.558762
1070.217773	164.776535
1069.104492	168.825882
1067.990234	233.404251
1066.875977	-0.440701
1065.760742	207.589478
1064.645508	-3.816854
1063.530273	53.835674
1062.415039	-52.191925
1061.299805	18.796917
1060.183594	114.342674
1059.067383	-41.049740
1057.951172	367.857269
1056.833984	-71.942825
1055.716797	59.142914
1054.599609	62.572784
1053.482422	224.787491
1052.364258	-87.303589
1051.247070	331.924011
1050.128906	-38.284519
1049.009766	150.400070
1047.891602	81.965843
1046.772461	198.935043
1045.653320	23.186153
1044.533203	75.231789
1043.414063	109.343559
1042.293945	-202.605042
1041.173828	23.344753
1040.052734	-94.466484
1038.932617	-178.815582
1037.811523	-162.843033
1036.689453	-231.672653
1035.568359	-73.159073
1034.446289	11.668266
1033.324219	42.918892
1032.202148	56.269974
1031.079102	-93.031975
1029.957031	113.922623
1028.833984	-48.814095
1027.709961	-20.156874
1026.586914	-76.121567
1025.462891	-241.138748
1024.338867	-92.565163
1023.214844	35.860420
1022.089844	17.431065
1020.964844	21.165199
1019.839844	44.826073
1018.714844	-160.410950
1017.588867	-21.381891
1016.462891	-29.038727
1015.336914	89.772461
1014.210938	-417.431091
1013.083984	-245.485565
1011.957031	-2.702050
1010.830078	49.153549
1009.702148	107.555473
1008.574219	520.563965
1007.446289	851.301819
1006.318359	1618.348877
1005.190430	2509.037109
1004.061523	2763.549316
1002.932617	1983.743042
1001.802734	1140.002563
1000.673828	537.840210
999.543945	491.301910
998.414063	183.645752
997.283203	223.308472
996.153320	141.262146
995.022461	578.720093
993.891602	454.466187
992.759766	411.948792
991.628906	537.292847
990.497070	432.771759
989.364258	778.713684
988.232422	691.695129
987.099609	984.288208
985.966797	1554.732422
984.833984	1259.959595
983.700195	1289.488159
982.566406	1045.468018
981.432617	1099.131958
980.298828	1276.138428
979.164063	1221.575928
978.029297	598.510986
976.894531	662.930115
975.759766	496.003754
974.624023	584.474609
973.488281	613.397583
972.352539	347.327972
971.215820	448.742706
970.080078	437.861267
968.943359	228.967178
967.805664	420.258179
966.668945	488.301788
965.531250	455.135223
964.393555	355.997711
963.254883	401.809479
962.117188	397.029236
960.978516	223.102036
959.839844	220.415955
958.700195	434.928192
957.561523	493.500336
956.421875	556.358459
955.281250	820.884277
954.141602	692.746277
953.000977	748.738831
951.860352	806.834473
950.719727	334.577209
949.578125	230.502319
948.436523	652.061096
947.294922	342.016449
946.153320	299.141083
945.010742	437.876373
943.868164	270.152527
942.725586	402.166107
941.583008	70.389160
940.439453	256.942780
939.295898	6.130460
938.152344	203.447723
937.007813	335.060608
935.863281	106.104774
934.718750	-22.316675
933.574219	61.094658
932.428711	-41.151421
931.283203	13.762631
930.137695	182.084534
928.992188	-62.029751
927.845703	-183.933670
926.699219	45.266685
925.552734	389.879700
924.405273	141.438721
923.257813	313.654175
922.110352	106.691971
920.962891	202.557861
919.814453	-163.302673
918.666016	60.981163
917.517578	354.794098
916.369141	274.171295
915.219727	67.378647
914.070313	-139.330139
912.920898	147.677826
911.770508	32.330616
910.621094	-46.001041
909.470703	-135.179794
908.319336	-235.189850
907.168945	-4.986598
906.017578	-135.375961
904.866211	5.683048
903.713867	253.030823
902.562500	127.040039
901.410156	-46.622353
900.256836	163.719788
899.104492	-31.523842
897.951172	148.403748
896.797852	70.332573
895.644531	139.682907
894.490234	161.350159
893.335938	-228.507553
892.181641	-163.391815
891.027344	-80.952621
889.872070	-154.372498
888.716797	250.529999
887.561523	395.665436
886.405273	23.800686
885.249023	41.410034
884.092773	28.792746
882.936523	-161.013641
881.779297	92.318466
880.622070	181.390182
879.464844	-64.323479
878.307617	147.955261
877.149414	-78.090279
875.991211	110.464958
874.833008	-3.116893
873.673828	-118.746078
872.514648	305.002258
871.355469	-36.926189
870.196289	-232.011505
869.036133	344.728912
867.875977	238.153152
866.715820	-64.345848
865.554688	206.331894
864.394531	29.059711
863.233398	168.439621
862.071289	385.327637
860.910156	113.723465
859.748047	367.295990
858.585938	117.521698
857.422852	437.833038
856.259766	244.255112
855.096680	164.799728
853.933594	476.603668
852.770508	326.454163
851.606445	245.213669
850.442383	258.615631
849.277344	199.122284
848.113281	30.318808
846.948242	177.163010
845.783203	-40.666962
844.617188	295.121521
843.451172	-6.022195
842.285156	244.100784
841.119141	329.193268
839.952148	159.356735
838.785156	-265.217926
837.618164	-252.498001
836.451172	102.988602
835.283203	118.025330
834.115234	94.669533
832.947266	73.606049
831.778320	56.966156
830.609375	-196.945267
829.440430	473.222412
828.271484	138.384293
827.101563	229.195343
825.931641	290.197937
824.761719	233.816681
823.590820	252.363022
822.420898	309.497589
821.250000	450.014343
820.078125	462.545105
818.907227	460.292389
817.735352	496.591797
816.562500	571.412781
815.390625	580.255676
814.217773	-65.267967
813.044922	229.641693
811.872070	437.197510
810.698242	-4.985756
809.524414	-31.462423
808.350586	67.866798
807.176758	212.013229
806.001953	132.751999
804.827148	-93.145958
803.651367	376.891449
802.476563	293.854797
801.300781	64.279457
800.125000	-69.369171
798.948242	215.908844
797.772461	288.712036
796.595703	384.992493
795.417969	345.436737
794.241211	320.915680
793.063477	372.973663
791.885742	493.068604
790.707031	360.729889
789.529297	251.934540
788.350586	228.164932
787.170898	219.380325
785.992188	312.498047
784.812500	424.776306
783.632813	384.564056
782.452148	467.367371
781.272461	300.338623
780.091797	501.951355
778.911133	345.817352
777.729492	278.764954
776.547852	343.050079
775.366211	295.296631
774.184570	169.417526
773.001953	-248.098755
771.819336	-272.112305
770.636719	-50.849201
769.453125	-366.301422
768.269531	-128.032745
767.085938	25.730488
765.902344	-27.423706
764.717773	-264.129944
763.533203	-46.886238
762.348633	147.117813
761.163086	87.954597
759.977539	233.461548
758.791992	33.161766
757.606445	58.572426
756.419922	48.193531
755.233398	-126.479759
754.046875	-168.317184
752.859375	21.569855
751.672852	272.460754
750.485352	34.893074
749.296875	325.703979
748.108398	321.829468
746.919922	179.137833
745.731445	410.868378
744.542969	-38.733765
743.353516	85.739395
742.164063	285.807648
740.973633	168.509781
739.783203	234.002274
738.592773	51.637653
737.402344	35.202061
736.211914	109.008987
735.020508	262.489746
733.829102	323.547089
732.636719	74.084961
731.444336	321.707397
730.251953	-101.754303
729.059570	139.394424
727.866211	86.981468
726.673828	160.234009
725.479492	-93.380684
724.286133	113.759163
723.091797	-158.723221
721.897461	-48.113346
720.703125	51.893463
719.507813	40.875427
718.312500	-183.579330
717.117188	-313.923431
715.921875	7.275390
714.725586	-112.810493
713.529297	21.994026
712.332031	81.410378
711.135742	80.118851
709.938477	233.233292
708.740234	425.823792
707.542969	478.365021
706.344727	693.519836
705.146484	1069.088989
703.948242	1809.356934
702.749023	1825.581787
701.549805	1852.098877
700.350586	1219.867432
699.150391	1037.896606
697.950195	610.071838
696.750000	459.334412
695.549805	91.998962
694.348633	197.279083
693.147461	358.589905
691.946289	-92.023796
690.744141	127.313049
689.541992	109.355415
688.339844	118.343124
687.136719	-80.640068
685.934570	94.485695
684.730469	392.036835
683.527344	348.708557
682.323242	292.879639
681.119141	243.261475
679.915039	13.032449
678.710938	272.668640
677.505859	173.216568
676.300781	374.590302
675.094727	5.572609
673.889648	148.880875
672.683594	-271.655914
671.476563	178.457703
670.270508	160.199829
669.063477	-137.591263
667.856445	49.466446
666.648438	52.308178
665.440430	262.300598
664.232422	155.760437
663.024414	-126.373192
661.815430	-375.042114
660.606445	112.857407
659.397461	174.928802
658.188477	18.202675
656.978516	-32.701309
655.768555	249.431152
654.557617	-83.653343
653.346680	182.732925
652.135742	3.570032
650.924805	-156.384811
649.712891	-181.546234
648.501953	2.301759
647.289063	65.057007
646.077148	-230.281662
644.864258	-170.112137
643.651367	-59.674667
642.438477	-179.182587
641.224609	21.624475
640.010742	-139.141327
638.796875	-64.028328
637.582031	174.813629
636.367188	182.177307
635.152344	-6.722322
633.937500	178.144745
632.721680	358.178375
631.505859	469.713165
630.289063	366.940308
629.073242	533.028076
627.856445	300.140350
626.639648	755.288574
625.421875	589.902527
624.204102	658.632080
622.986328	333.282196
621.768555	287.360291
620.549805	-162.417816
619.331055	48.905735
618.111328	291.429230
616.892578	161.287796
