1721.000977	-13.527056
1720.027344	-209.023605
1719.052734	77.468773
1718.078125	-19.010706
1717.104492	217.513306
1716.128906	71.272751
1715.154297	40.004707
1714.178711	282.588531
1713.204102	99.155411
1712.228516	256.188171
1711.251953	61.736786
1710.276367	69.347412
1709.299805	-33.550026
1708.324219	-21.528112
1707.347656	-50.817612
1706.370117	-67.632607
1705.393555	-48.909447
1704.416016	-25.381281
1703.438477	123.192528
1702.460938	-12.414750
1701.483398	-2.479156
1700.505859	-26.012520
1699.527344	83.122391
1698.548828	77.021759
1697.570313	-85.104858
1696.591797	271.128448
1695.612305	-98.183479
1694.632813	135.007889
1693.653320	-43.001583
1692.673828	6.045547
1691.694336	54.939537
1690.713867	-8.565171
1689.734375	142.089050
1688.753906	-0.670609
1687.772461	29.871235
1686.791992	11.899741
1685.810547	-23.998251
1684.830078	-370.759003
1683.848633	90.001305
1682.866211	-19.955544
1681.884766	435.337982
1680.902344	157.249908
1679.919922	-108.035881
1678.937500	-156.959656
1677.955078	91.759689
1676.971680	73.272125
1675.989258	-31.667967
1675.005859	143.074173
1674.022461	134.721146
1673.038086	-257.392456
1672.054688	-29.360802
1671.070313	84.251747
1670.085938	73.378868
1669.101563	95.535011
1668.117188	244.633865
1667.131836	-263.712799
1666.146484	60.526470
1665.161133	113.185722
1664.175781	110.048012
1663.189453	-73.132866
1662.204102	35.400070
1661.217773	78.000153
1660.231445	-41.586536
1659.245117	-95.197845
1658.257813	-49.955509
1657.270508	-37.614006
1656.284180	205.230026
1655.295898	-33.059959
1654.308594	-124.370041
1653.321289	45.080818
1652.333008	65.212448
1651.344727	1.907948
1650.356445	-18.321075
1649.367188	67.703835
1648.378906	27.355486
1647.389648	-12.935865
1646.400391	-146.656082
1645.411133	88.616089
1644.420898	-60.126598
1643.431641	-324.908905
1642.441406	29.086313
1641.451172	-66.364830
1640.459961	60.374870
1639.469727	141.711487
1638.478516	187.736801
1637.487305	62.280075
1636.496094	73.111504
1635.504883	-79.890396
1634.512695	104.999466
1633.520508	315.069855
1632.528320	230.299667
1631.536133	127.984230
1630.543945	345.639496
1629.550781	301.353912
1628.557617	186.647110
1627.564453	306.130615
1626.571289	194.089737
1625.578125	165.176010
1624.583984	677.150757
1623.589844	703.563538
1622.595703	815.505066
1621.601563	804.263550
1620.606445	868.462708
1619.611328	975.398804
1618.616211	1160.219116
1617.621094	925.523315
1616.625977	1047.577881
1615.629883	1059.133667
1614.633789	920.107544
1613.637695	1077.330566
1612.641602	908.323975
1611.645508	1088.135498
1610.648438	1167.567017
1609.651367	991.218689
1608.654297	910.247681
1607.657227	1072.484741
1606.659180	1219.636230
1605.662109	1103.683594
1604.664063	1163.147949
1603.666016	1292.742554
1602.666992	1171.896606
1601.668945	1354.060059
1600.669922	1380.974854
1599.670898	1325.322021
1598.671875	1134.612305
1597.671875	1269.169189
1596.672852	1153.616333
1595.672852	1013.115234
1594.672852	990.180542
1593.671875	917.274841
1592.671875	981.858521
1591.670898	829.070679
1590.669922	766.277649
1589.668945	413.848480
1588.667969	473.529266
1587.666016	613.059998
1586.664063	617.777832
1585.662109	273.186523
1584.660156	282.977600
1583.658203	330.182281
1582.655273	137.981232
1581.652344	302.365784
1580.649414	135.183655
1579.646484	416.628326
1578.642578	463.749695
1577.638672	25.121128
1576.634766	361.193024
1575.630859	201.636444
1574.626953	278.634186
1573.622070	104.212791
1572.618164	116.497581
1571.613281	292.956512
1570.607422	91.258812
1569.602539	128.381393
1568.596680	-83.152054
1567.590820	-1.290377
1566.584961	-51.183605
1565.579102	137.463562
1564.572266	25.429825
1563.566406	-69.168129
1562.559570	221.133957
1561.551758	193.522079
1560.544922	-121.996353
1559.537109	150.720688
1558.530273	152.892593
1557.521484	229.443573
1556.513672	127.403656
1555.505859	-9.318390
1554.497070	-183.191757
1553.488281	-114.121002
1552.479492	-149.163086
1551.470703	41.236397
1550.460938	-16.155354
1549.451172	-130.492798
1548.441406	17.639872
1547.431641	-42.230225
1546.421875	-52.593494
1545.411133	112.692322
1544.400391	126.995377
1543.389648	-31.847536
1542.378906	-42.277931
1541.367188	229.097488
1540.355469	-45.894043
1539.343750	252.518936
1538.332031	-197.807190
1537.320313	-341.667297
1536.307617	-142.222794
1535.294922	89.219955
1534.282227	-7.766741
1533.269531	-181.236526
1532.256836	198.070435
1531.243164	-187.572571
1530.229492	-185.835114
1529.215820	64.947014
1528.202148	-61.602013
1527.187500	164.357498
1526.172852	-16.417120
1525.158203	2.442477
1524.143555	-37.839863
1523.127930	-134.776947
1522.113281	204.154617
1521.097656	-67.608124
1520.082031	20.077051
1519.065430	-86.700096
1518.049805	151.000916
1517.033203	145.063461
1516.016602	45.667885
1515.000000	-100.412994
1513.982422	230.427216
1512.965820	49.939663
1511.948242	56.245995
1510.930664	40.429012
1509.913086	201.448105
1508.894531	-1.047350
1507.875977	123.054817
1506.857422	256.914215
1505.838867	-134.451172
1504.820313	320.796997
1503.800781	-75.349045
1502.781250	134.421127
1501.761719	62.123600
1500.742188	-12.601490
1499.721680	-11.335148
1498.702148	87.953262
1497.681641	128.386429
1496.661133	36.532650
1495.639648	-79.786682
1494.618164	-0.194658
1493.597656	243.376053
1492.576172	-27.100258
1491.553711	23.050797
1490.532227	-9.981956
1489.509766	-84.590378
1488.487305	75.573151
1487.464844	-25.913681
1486.442383	131.727005
1485.418945	-116.357124
1484.395508	-117.577271
1483.372070	-45.515881
1482.348633	124.203568
1481.324219	74.098892
1480.300781	31.355869
1479.276367	76.483215
1478.251953	209.437851
1477.226563	108.136093
1476.202148	250.796829
1475.176758	173.927887
1474.151367	53.215649
1473.125000	54.424126
1472.099609	67.837532
1471.073242	393.104431
1470.046875	350.421906
1469.020508	93.452576
1467.994141	206.704834
1466.966797	302.868561
1465.939453	26.625109
1464.912109	207.976974
1463.884766	116.790924
1462.856445	91.317429
1461.829102	357.694855
1460.800781	502.398224
1459.772461	428.288513
1458.743164	429.551788
1457.714844	707.831116
1456.685547	281.528442
1455.656250	316.875702
1454.625977	405.633331
1453.596680	409.414825
1452.566406	435.047150
1451.536133	375.757233
1450.505859	377.164673
1449.474609	543.520264
1448.444336	372.752625
1447.413086	342.692902
1446.381836	327.211395
1445.350586	551.688416
1444.318359	364.169739
1443.286133	392.356659
1442.253906	284.924408
1441.221680	100.074593
1440.189453	302.681641
1439.156250	289.796295
1438.123047	371.319885
1437.089844	133.473511
1436.056641	369.857147
1435.022461	107.970871
1433.988281	303.199249
1432.954102	106.762337
1431.919922	-33.976189
1430.885742	105.666634
1429.850586	192.120682
1428.815430	-59.573456
1427.780273	-74.482819
1426.744141	-231.808319
1425.708984	-51.101250
1424.672852	119.895447
1423.636719	44.753410
1422.600586	-235.362030
1421.563477	-35.412384
1420.527344	-74.210083
1419.490234	-28.598351
1418.452148	-93.849281
1417.415039	36.149269
1416.376953	-84.431084
1415.338867	-9.831547
1414.300781	55.137554
1413.262695	-154.349731
1412.224609	-115.787361
1411.185547	55.141766
1410.146484	-168.554764
1409.107422	12.004079
1408.067383	7.324927
1407.027344	7.492379
1405.987305	-76.443611
1404.947266	15.144056
1403.907227	56.265278
1402.866211	27.725658
1401.826172	-125.655914
1400.785156	119.685760
1399.743164	256.909119
1398.702148	82.071037
1397.660156	363.308258
1396.618164	370.935364
1395.576172	349.811768
1394.533203	307.136932
1393.491211	420.385254
1392.448242	464.090271
1391.405273	809.806641
1390.361328	501.224030
1389.318359	1146.326416
1388.274414	1173.209961
1387.230469	1195.329590
1386.186523	932.566162
1385.141602	1167.832275
1384.097656	1403.040894
1383.052734	1238.603271
1382.007813	1320.665405
1380.961914	1199.430908
1379.916992	1271.974609
1378.871094	1148.485596
1377.825195	1283.216675
1376.778320	913.717651
1375.732422	919.506348
1374.685547	973.090149
1373.638672	668.481873
1372.591797	843.935303
1371.543945	577.742371
1370.497070	731.732971
1369.449219	680.491150
1368.400391	681.780518
1367.352539	518.549927
1366.303711	429.336670
1365.255859	392.651947
1364.206055	601.495361
1363.157227	436.175598
1362.108398	516.349976
1361.058594	689.410278
1360.008789	486.175415
1358.958984	285.444000
1357.908203	627.545471
1356.857422	386.474365
1355.806641	680.888611
1354.755859	435.221680
1353.705078	470.334656
1352.653320	379.436066
1351.601563	371.815063
1350.549805	485.446106
1349.498047	223.616058
1348.445313	285.023804
1347.393555	505.585358
1346.340820	210.765198
1345.287109	58.549492
1344.234375	112.951736
1343.180664	300.251007
1342.126953	309.554443
1341.073242	264.324768
1340.019531	34.161278
1338.964844	91.024872
1337.910156	128.930786
1336.855469	138.411972
1335.799805	226.107132
1334.745117	188.241989
1333.689453	-31.962381
1332.633789	3.708291
1331.578125	186.179520
1330.521484	77.451477
1329.464844	-121.126892
1328.408203	115.752731
1327.351563	-106.345482
1326.294922	-120.199165
1325.237305	97.690063
1324.179688	-53.262623
1323.122070	105.487419
1322.064453	91.703568
1321.005859	-11.824668
1319.947266	-75.129509
1318.888672	-126.572563
1317.830078	-109.501785
1316.770508	-134.904907
1315.710938	-280.622833
1314.651367	78.646828
1313.591797	41.503441
1312.531250	-42.773056
1311.471680	-46.815704
1310.411133	-204.062302
1309.349609	-38.343159
1308.289063	-124.785606
1307.227539	29.114117
1306.166016	107.602715
1305.104492	353.265839
1304.042969	-98.004234
1302.980469	-40.661682
1301.917969	-2.143486
1300.855469	78.725838
1299.792969	-96.803993
1298.729492	-39.429256
1297.666016	328.297729
1296.602539	-61.023697
1295.539063	-36.530560
1294.474609	16.161057
1293.411133	89.999283
1292.346680	-38.159847
1291.281250	216.488129
1290.216797	-33.679096
1289.151367	131.708313
1288.085938	43.613464
1287.020508	157.336853
1285.955078	132.641891
1284.888672	63.414635
1283.822266	50.502880
1282.755859	35.271591
1281.689453	202.857208
1280.622070	150.140045
1279.554688	8.450218
1278.487305	276.682007
1277.419922	106.960152
1276.351563	80.122055
1275.283203	-91.797134
1274.214844	59.284359
1273.146484	219.674866
1272.077148	-66.727570
1271.008789	-193.971725
1269.939453	-157.499542
1268.869141	208.532562
1267.799805	53.306152
1266.729492	148.145050
1265.659180	109.814713
1264.588867	174.268036
1263.517578	152.313370
1262.447266	-16.674513
1261.375977	66.470184
1260.304688	142.589035
1259.232422	-14.593543
1258.161133	-1.435289
1257.088867	-72.219505
1256.016602	97.157028
1254.943359	296.764526
1253.871094	295.903351
1252.797852	222.827377
1251.724609	212.682800
1250.650391	484.319183
1249.577148	553.300415
1248.502930	722.347351
1247.428711	256.014313
1246.354492	215.674088
1245.279297	494.035736
1244.204102	197.856644
1243.128906	264.533081
1242.053711	305.619537
1240.977539	390.850464
1239.902344	373.818848
1238.826172	222.060257
1237.750000	68.054649
1236.672852	116.138115
1235.595703	203.675369
1234.518555	117.103737
1233.441406	167.489410
1232.364258	268.900574
1231.286133	279.808136
1230.208008	279.123627
1229.129883	48.915226
1228.051758	15.844864
1226.972656	-100.639954
1225.893555	183.766815
1224.814453	-159.702591
1223.734375	27.331017
1222.655273	-45.035801
1221.575195	-24.773010
1220.495117	187.583603
1219.415039	20.371733
1218.333984	160.913971
1217.252930	269.018250
1216.171875	27.912924
1215.090820	124.451294
1214.008789	10.612239
1212.926758	197.236862
1211.844727	185.094513
1210.762695	-127.313042
1209.679688	-247.913147
1208.597656	14.810465
1207.513672	-22.666061
1206.430664	-150.121964
1205.347656	-235.986542
1204.263672	-8.097277
1203.179688	-315.355316
1202.095703	9.299672
1201.010742	349.944305
1199.925781	-102.385078
1198.840820	134.448029
1197.755859	193.793045
1196.670898	-149.945923
1195.584961	89.044090
1194.499023	1.018099
1193.413086	214.554047
1192.326172	-0.027316
1191.239258	112.181389
1190.152344	-5.673566
1189.065430	104.186920
1187.978516	-9.016660
1186.890625	342.147797
1185.802734	-21.556889
1184.714844	21.574125
1183.625977	358.707336
1182.538086	-46.100254
1181.449219	219.718918
1180.360352	450.986237
1179.270508	379.194305
1178.180664	222.537582
1177.090820	265.527527
1176.000977	127.308434
1174.911133	656.415222
1173.820313	428.752686
1172.729492	487.687042
1171.638672	53.921158
1170.547852	293.894287
1169.456055	416.936920
1168.364258	146.048096
1167.272461	459.085022
1166.179688	511.034424
1165.087891	485.154419
1163.995117	553.080872
1162.902344	623.258240
1161.808594	595.055908
1160.715820	736.060242
1159.622070	655.258606
1158.528320	951.575806
1157.433594	628.545410
1156.339844	627.753662
1155.245117	588.125549
1154.149414	511.967255
1153.054688	269.191254
1151.958984	556.013428
1150.863281	721.762817
1149.767578	613.669617
1148.671875	412.102631
1147.575195	379.353210
1146.478516	230.338272
1145.381836	117.848534
1144.285156	545.469604
1143.187500	471.662659
1142.089844	343.211884
1140.992188	262.628632
1139.894531	40.910610
1138.795898	128.843201
1137.697266	-129.187881
1136.598633	20.147083
1135.499023	-3.479835
1134.400391	-106.704956
1133.300781	-96.216972
1132.201172	89.287827
1131.100586	-223.030258
1130.000977	-144.403183
1128.900391	18.218536
1127.799805	-94.060585
1126.698242	50.273212
1125.596680	26.533430
1124.495117	177.549728
1123.393555	239.983765
1122.291992	173.059753
1121.189453	466.769836
1120.086914	413.386566
1118.984375	375.876282
1117.881836	555.955383
1116.778320	731.395142
1115.674805	671.114746
1114.571289	1038.935913
1113.466797	591.323486
1112.363281	761.981201
1111.258789	339.485504
1110.153320	620.951050
1109.048828	608.144409
1107.943359	597.575378
1106.837891	505.571320
1105.732422	415.842651
1104.625977	407.500366
1103.520508	469.197937
1102.414063	365.896088
1101.306641	355.221252
1100.200195	507.139404
1099.092773	415.095581
1097.985352	266.626221
1096.877930	271.664459
1095.769531	82.612091
1094.661133	144.021271
1093.552734	254.989136
1092.444336	401.954590
1091.335938	152.044067
1090.226563	276.352631
1089.117188	130.166901
1088.006836	146.210800
1086.897461	227.540726
1085.787109	252.491730
1084.676758	216.610291
1083.566406	263.989624
1082.455078	162.781250
1081.343750	547.545410
1080.232422	430.494385
1079.121094	450.637482
1078.008789	189.684631
1076.896484	407.592712
1075.784180	389.394348
1074.671875	427.333130
1073.558594	573.027161
1072.445313	471.577911
1071.332031	172.545380
1070.217773	448.258453
1069.104492	467.963989
1067.990234	420.294830
1066.875977	294.089050
1065.760742	49.021042
1064.645508	230.042206
1063.530273	381.792633
1062.415039	8.978824
1061.299805	467.592468
1060.183594	334.526550
1059.067383	37.972927
1057.951172	-16.664644
1056.833984	-13.127997
1055.716797	-105.885361
1054.599609	226.506119
1053.482422	32.958084
1052.364258	152.572281
1051.247070	240.780411
1050.128906	192.511063
1049.009766	193.374969
1047.891602	8.716228
1046.772461	27.385050
1045.653320	204.577698
1044.533203	84.620285
1043.414063	31.646334
1042.293945	-36.994251
1041.173828	420.998505
1040.052734	166.997452
1038.932617	180.730255
1037.811523	15.983977
1036.689453	100.957321
1035.568359	-112.854164
1034.446289	190.389069
1033.324219	-92.545799
1032.202148	172.565475
1031.079102	87.837646
1029.957031	-152.760574
1028.833984	123.119705
1027.709961	-217.668427
1026.586914	26.824553
1025.462891	57.580093
1024.338867	-27.388073
1023.214844	-7.879020
1022.089844	-299.670898
1020.964844	-282.468536
1019.839844	105.735641
1018.714844	142.701248
1017.588867	-138.021912
1016.462891	-5.675505
1015.336914	195.363358
1014.210938	-60.964062
1013.083984	-6.596356
1011.957031	220.721161
1010.830078	199.457138
1009.702148	231.346710
1008.574219	238.767807
1007.446289	492.142273
1006.318359	1297.100952
1005.190430	1999.716064
1004.061523	1778.314331
1002.932617	1483.871826
1001.802734	819.764038
1000.673828	279.853210
999.543945	295.548584
998.414063	247.009995
997.283203	322.282715
996.153320	589.854614
995.022461	216.074036
993.891602	277.841248
992.759766	465.465088
991.628906	681.668396
990.497070	851.312683
989.364258	1133.427368
988.232422	1324.837280
987.099609	1577.890015
985.966797	1910.207153
984.833984	1756.916016
983.700195	2137.428711
982.566406	1937.706909
981.432617	1740.215820
980.298828	1602.268433
979.164063	1517.202637
978.029297	1284.491821
976.894531	954.902466
975.759766	572.548157
974.624023	511.758972
973.488281	464.145416
972.352539	368.075378
971.215820	694.433411
970.080078	446.454254
968.943359	295.287262
967.805664	295.837341
966.668945	276.556396
965.531250	270.404083
964.393555	303.751434
963.254883	255.738647
962.117188	34.202919
960.978516	216.718918
959.839844	271.776978
958.700195	480.378723
957.561523	361.908539
956.421875	528.614746
955.281250	475.863495
954.141602	613.867615
953.000977	690.369507
951.860352	514.744629
950.719727	593.335938
949.578125	384.857849
948.436523	382.311127
947.294922	631.538757
946.153320	427.454102
945.010742	133.677765
943.868164	338.902130
942.725586	349.294556
941.583008	125.621964
940.439453	-91.430511
939.295898	-192.549210
938.152344	219.976273
937.007813	293.573273
935.863281	-21.754976
934.718750	311.723511
933.574219	72.912560
932.428711	15.378242
931.283203	25.510691
930.137695	140.360321
928.992188	148.241226
927.845703	125.553505
926.699219	-12.710983
925.552734	-2.677528
924.405273	-182.295578
923.257813	67.440468
922.110352	-11.912958
920.962891	200.628326
919.814453	27.620840
918.666016	-71.287163
917.517578	-107.029396
916.369141	3.044434
915.219727	-0.071569
914.070313	138.198669
912.920898	-156.328506
911.770508	-83.303391
910.621094	67.957397
909.470703	60.516582
908.319336	-203.280045
907.168945	36.991074
906.017578	214.183853
904.866211	-184.014282
903.713867	134.264191
902.562500	-120.459633
901.410156	269.305115
900.256836	77.603615
899.104492	198.304443
897.951172	76.148735
896.797852	3.940978
895.644531	-42.191708
894.490234	115.378349
893.335938	28.156729
892.181641	131.586990
891.027344	-5.303324
889.872070	178.258194
888.716797	-25.574579
887.561523	-73.485016
886.405273	32.242813
885.249023	-147.471710
884.092773	-48.142052
882.936523	57.687099
881.779297	85.724106
880.622070	-52.543522
879.464844	-115.078461
878.307617	295.416382
877.149414	-123.270317
875.991211	30.313553
874.833008	13.422084
873.673828	-91.849182
872.514648	33.809021
871.355469	90.486725
870.196289	-57.597176
869.036133	-30.936701
867.875977	-64.537376
866.715820	438.436859
865.554688	17.203106
864.394531	227.243546
863.233398	163.847839
862.071289	221.112000
860.910156	336.564484
859.748047	174.520798
858.585938	406.289063
857.422852	242.362305
856.259766	323.720245
855.096680	441.696777
853.933594	362.026184
852.770508	239.542252
851.606445	400.757965
850.442383	231.310608
849.277344	117.877296
848.113281	133.419510
846.948242	273.537903
845.783203	33.970791
844.617188	232.212006
843.451172	342.569824
842.285156	49.944218
841.119141	6.233067
839.952148	89.104378
838.785156	255.631424
837.618164	128.772552
836.451172	62.073936
835.283203	-36.571533
834.115234	104.701721
832.947266	235.355728
831.778320	83.678146
830.609375	223.117996
829.440430	18.350035
828.271484	279.898590
827.101563	400.399200
825.931641	433.378357
824.761719	351.125732
823.590820	179.347458
822.420898	462.662567
821.250000	447.097900
820.078125	316.429688
818.907227	422.852051
817.735352	371.497955
816.562500	226.469559
815.390625	488.969788
814.217773	384.802063
813.044922	432.174133
811.872070	328.380829
810.698242	-182.128876
809.524414	215.121704
808.350586	197.095123
807.176758	113.236282
806.001953	163.662338
804.827148	-73.055222
803.651367	-120.166336
802.476563	-120.303909
801.300781	-128.797302
800.125000	230.656540
798.948242	58.725796
797.772461	-87.471886
796.595703	125.582481
795.417969	47.698532
794.241211	460.522156
793.063477	285.232971
791.885742	105.925476
790.707031	366.092255
789.529297	121.368095
788.350586	133.536713
787.170898	557.207825
785.992188	219.743759
784.812500	393.368042
783.632813	189.861145
782.452148	414.514648
781.272461	520.582092
780.091797	245.576645
778.911133	233.328690
777.729492	178.875885
776.547852	94.942757
775.366211	146.553696
774.184570	158.067017
773.001953	-111.544106
771.819336	-268.882080
770.636719	28.358305
769.453125	-221.711075
768.269531	18.535297
767.085938	-47.482391
765.902344	-130.271759
764.717773	304.259430
763.533203	132.948883
762.348633	-147.926132
761.163086	-27.785210
759.977539	-221.878998
758.791992	-59.475418
757.606445	43.887981
756.419922	-154.120621
755.233398	44.140144
754.046875	-31.496426
752.859375	196.213898
751.672852	289.098755
750.485352	264.092529
749.296875	411.698242
748.108398	470.886658
746.919922	277.639130
745.731445	183.337265
744.542969	-9.731036
743.353516	150.441742
742.164063	-4.697452
740.973633	218.421295
739.783203	17.104235
738.592773	223.279602
737.402344	297.061188
736.211914	68.508034
735.020508	148.523804
733.829102	234.754486
732.636719	335.582153
731.444336	253.863785
730.251953	-54.306492
729.059570	272.727997
727.866211	50.489780
726.673828	289.210480
725.479492	339.222198
724.286133	188.090317
723.091797	139.529083
721.897461	-76.555107
720.703125	48.463394
719.507813	-150.963470
718.312500	189.237106
717.117188	-150.463287
715.921875	1.180430
714.725586	202.790085
713.529297	78.187263
712.332031	39.161774
711.135742	346.737488
709.938477	372.117889
708.740234	265.814087
707.542969	564.321777
706.344727	966.865723
705.146484	916.353271
703.948242	1382.954956
702.749023	1511.363037
701.549805	1314.324097
700.350586	1269.352783
699.150391	1080.448608
697.950195	762.294495
696.750000	429.533081
695.549805	38.444000
694.348633	267.712738
693.147461	421.764374
691.946289	440.307220
690.744141	148.693405
689.541992	196.033142
688.339844	318.018311
687.136719	427.283020
685.934570	492.671326
684.730469	578.617554
683.527344	429.609375
682.323242	257.645813
681.119141	262.075653
679.915039	314.074585
678.710938	96.090355
677.505859	554.437805
676.300781	323.730316
675.094727	88.828651
673.889648	254.057739
672.683594	-39.037682
671.476563	107.216331
670.270508	4.661135
669.063477	61.534477
667.856445	300.519958
666.648438	166.625519
665.440430	175.544403
664.232422	118.172554
663.024414	-21.978001
661.815430	26.125580
660.606445	-23.005039
659.397461	31.258404
658.188477	-67.441132
656.978516	199.697037
655.768555	237.442734
654.557617	114.136147
653.346680	26.092402
652.135742	-169.139389
650.924805	-77.235397
649.712891	-249.332413
648.501953	251.401932
647.289063	-27.511459
646.077148	190.921051
644.864258	-99.656235
643.651367	-171.295227
642.438477	-32.361355
641.224609	61.581245
640.010742	15.869465
638.796875	73.613571
637.582031	166.845596
636.367188	-39.882393
635.152344	50.394909
633.937500	231.800919
632.721680	253.414398
631.505859	22.875340
630.289063	200.279678
629.073242	468.895142
627.856445	446.554779
626.639648	511.490692
625.421875	281.722931
624.204102	88.092300
622.986328	462.284943
621.768555	353.235504
620.549805	-35.506435
619.331055	-49.331875
618.111328	131.115341
616.892578	-17.055115
