1721.000977	-66.817314
1720.027344	-72.521400
1719.052734	-39.870678
1718.078125	87.210258
1717.104492	185.558945
1716.128906	3.843093
1715.154297	32.041897
1714.178711	100.823257
1713.204102	5.145424
1712.228516	-19.130049
1711.251953	-43.771950
1710.276367	41.402443
1709.299805	269.611450
1708.324219	264.414185
1707.347656	-86.688087
1706.370117	58.575779
1705.393555	134.423615
1704.416016	-43.312305
1703.438477	29.438211
1702.460938	66.117432
1701.483398	87.212151
1700.505859	-1.834224
1699.527344	6.053934
1698.548828	-98.681816
1697.570313	36.576645
1696.591797	0.481249
1695.612305	-28.115173
1694.632813	-3.240442
1693.653320	-52.543427
1692.673828	-66.234840
1691.694336	44.973305
1690.713867	-81.232452
1689.734375	1.648177
1688.753906	-78.813766
1687.772461	-29.336628
1686.791992	-51.320778
1685.810547	54.019283
1684.830078	21.679445
1683.848633	175.212936
1682.866211	-152.712128
1681.884766	56.688831
1680.902344	6.286332
1679.919922	75.477631
1678.937500	-48.785755
1677.955078	35.575413
1676.971680	119.855576
1675.989258	-1.889158
1675.005859	-14.295816
1674.022461	80.043480
1673.038086	-69.655800
1672.054688	-10.939795
1671.070313	78.214760
1670.085938	-86.648247
1669.101563	32.951984
1668.117188	116.964828
1667.131836	-134.107193
1666.146484	0.659012
1665.161133	-44.756401
1664.175781	-16.576569
1663.189453	57.241516
1662.204102	-71.780792
1661.217773	169.368698
1660.231445	149.388443
1659.245117	-7.393592
1658.257813	-93.162476
1657.270508	-1.564903
1656.284180	-132.811310
1655.295898	128.435272
1654.308594	-0.205588
1653.321289	104.073746
1652.333008	33.740105
1651.344727	-147.839417
1650.356445	-71.327156
1649.367188	199.882248
1648.378906	-21.960001
1647.389648	110.180229
1646.400391	-73.584549
1645.411133	-75.321381
1644.420898	-92.190750
1643.431641	-2.927632
1642.441406	136.822464
1641.451172	117.511307
1640.459961	113.375786
1639.469727	-178.375366
1638.478516	47.213001
1637.487305	23.030735
1636.496094	-81.801353
1635.504883	15.151958
1634.512695	228.045456
1633.520508	-32.922844
1632.528320	-24.134262
1631.536133	77.897995
1630.543945	177.404816
1629.550781	67.883736
1628.557617	240.417130
1627.564453	209.026794
1626.571289	127.351685
1625.578125	304.895935
1624.583984	371.701050
1623.589844	388.209412
1622.595703	319.248322
1621.601563	602.298401
1620.606445	550.959717
1619.611328	421.770233
1618.616211	508.725006
1617.621094	748.893494
1616.625977	750.409485
1615.629883	972.886902
1614.633789	1135.046875
1613.637695	1048.695068
1612.641602	1158.120605
1611.645508	938.879089
1610.648438	1010.685974
1609.651367	1002.233948
1608.654297	1038.932129
1607.657227	1098.189819
1606.659180	1057.181274
1605.662109	1226.684448
1604.664063	995.310120
1603.666016	1305.020386
1602.666992	1331.648071
1601.668945	1250.637695
1600.669922	1444.981201
1599.670898	1384.003784
1598.671875	1388.108765
1597.671875	1562.297974
1596.672852	1526.360596
1595.672852	1397.916626
1594.672852	1114.541260
1593.671875	933.743225
1592.671875	1227.800903
1591.670898	1114.508179
1590.669922	781.462891
1589.668945	848.107300
1588.667969	822.342834
1587.666016	701.718323
1586.664063	536.219299
1585.662109	525.479553
1584.660156	636.972717
1583.658203	506.487122
1582.655273	433.387054
1581.652344	412.660919
1580.649414	434.306885
1579.646484	356.252899
1578.642578	480.014679
1577.638672	292.346344
1576.634766	276.582062
1575.630859	365.384155
1574.626953	252.496063
1573.622070	104.784142
1572.618164	126.335686
1571.613281	321.993652
1570.607422	184.244598
1569.602539	180.832184
1568.596680	100.316124
1567.590820	238.557220
1566.584961	71.041176
1565.579102	122.225418
1564.572266	123.671715
1563.566406	157.394455
1562.559570	193.550003
1561.551758	291.719818
1560.544922	178.862793
1559.537109	257.093231
1558.530273	196.342819
1557.521484	21.463783
1556.513672	57.443821
1555.505859	-30.589813
1554.497070	69.773277
1553.488281	-139.735535
1552.479492	62.148056
1551.470703	120.231316
1550.460938	-66.960129
1549.451172	-85.709404
1548.441406	56.448051
1547.431641	-195.055420
1546.421875	-122.285477
1545.411133	205.259048
1544.400391	79.942688
1543.389648	-20.618540
1542.378906	-91.496117
1541.367188	-83.276756
1540.355469	-166.542068
1539.343750	-178.140823
1538.332031	-132.941299
1537.320313	6.073002
1536.307617	-134.078232
1535.294922	96.157372
1534.282227	153.467270
1533.269531	18.215660
1532.256836	-20.777157
1531.243164	51.216469
1530.229492	7.223712
1529.215820	66.788536
1528.202148	185.466644
1527.187500	-53.361046
1526.172852	146.541794
1525.158203	-244.999588
1524.143555	-30.422579
1523.127930	-89.355095
1522.113281	-126.120163
1521.097656	58.648407
1520.082031	-71.735718
1519.065430	-22.473705
1518.049805	127.620422
1517.033203	88.209602
1516.016602	41.406460
1515.000000	122.444595
1513.982422	200.946991
1512.965820	68.043259
1511.948242	77.665703
1510.930664	-38.031872
1509.913086	-67.747459
1508.894531	-77.848373
1507.875977	27.414021
1506.857422	189.057571
1505.838867	-137.743622
1504.820313	40.985340
1503.800781	35.624153
1502.781250	42.499725
1501.761719	174.394577
1500.742188	-27.186073
1499.721680	4.113972
1498.702148	153.007065
1497.681641	181.753143
1496.661133	-39.371479
1495.639648	209.734467
1494.618164	-273.337280
1493.597656	61.349861
1492.576172	41.001980
1491.553711	-157.988998
1490.532227	220.408905
1489.509766	-115.543594
1488.487305	159.926056
1487.464844	48.994987
1486.442383	33.412609
1485.418945	88.666817
1484.395508	63.251915
1483.372070	103.778641
1482.348633	161.361649
1481.324219	72.391144
1480.300781	34.714844
1479.276367	55.594212
1478.251953	166.727722
1477.226563	94.817078
1476.202148	130.249146
1475.176758	180.264816
1474.151367	52.269619
1473.125000	153.418365
1472.099609	188.724945
1471.073242	216.676254
1470.046875	176.394699
1469.020508	274.932434
1467.994141	215.146347
1466.966797	143.184280
1465.939453	149.121826
1464.912109	1.742587
1463.884766	336.110443
1462.856445	261.681854
1461.829102	240.787277
1460.800781	127.485718
1459.772461	471.201416
1458.743164	204.756989
1457.714844	336.901886
1456.685547	94.868881
1455.656250	248.804886
1454.625977	184.114548
1453.596680	308.813904
1452.566406	210.140610
1451.536133	135.765961
1450.505859	541.783081
1449.474609	212.651352
1448.444336	189.226608
1447.413086	245.799240
1446.381836	253.859833
1445.350586	341.887268
1444.318359	371.704163
1443.286133	188.322601
1442.253906	53.452881
1441.221680	158.360962
1440.189453	9.018870
1439.156250	17.049974
1438.123047	90.410667
1437.089844	-20.137983
1436.056641	87.056686
1435.022461	170.003784
1433.988281	-220.987793
1432.954102	-46.156986
1431.919922	203.517975
1430.885742	30.230755
1429.850586	417.465088
1428.815430	169.313965
1427.780273	-211.545547
1426.744141	6.477715
1425.708984	19.253031
1424.672852	15.115752
1423.636719	-66.226891
1422.600586	-89.641823
1421.563477	75.050003
1420.527344	3.392587
1419.490234	42.641254
1418.452148	103.551140
1417.415039	-90.968582
1416.376953	-18.007278
1415.338867	-58.279705
1414.300781	-21.475101
1413.262695	-133.952637
1412.224609	3.953897
1411.185547	50.340584
1410.146484	-131.861877
1409.107422	119.008781
1408.067383	155.715668
1407.027344	105.848587
1405.987305	-172.369629
1404.947266	44.644199
1403.907227	52.514236
1402.866211	101.212578
1401.826172	173.926361
1400.785156	59.291016
1399.743164	-168.147385
1398.702148	0.591181
1397.660156	-185.931046
1396.618164	-14.866575
1395.576172	189.713409
1394.533203	5.669720
1393.491211	210.166809
1392.448242	153.264084
1391.405273	326.479828
1390.361328	159.344849
1389.318359	186.356430
1388.274414	345.085815
1387.230469	252.307068
1386.186523	243.370850
1385.141602	236.823608
1384.097656	50.810936
1383.052734	474.998901
1382.007813	521.051147
1380.961914	229.854919
1379.916992	318.992279
1378.871094	367.442841
1377.825195	523.432678
1376.778320	275.509216
1375.732422	237.949722
1374.685547	40.366692
1373.638672	41.080849
1372.591797	342.630310
1371.543945	221.540100
1370.497070	234.166428
1369.449219	332.675598
1368.400391	130.564743
1367.352539	276.766083
1366.303711	48.537807
1365.255859	201.858032
1364.206055	71.463249
1363.157227	169.904022
1362.108398	342.163483
1361.058594	57.019718
1360.008789	-73.206764
1358.958984	-17.663452
1357.908203	299.685577
1356.857422	117.140320
1355.806641	113.128441
1354.755859	-7.437980
1353.705078	252.581635
1352.653320	-167.563843
1351.601563	151.808304
1350.549805	-249.109619
1349.498047	122.432358
1348.445313	42.415565
1347.393555	185.724823
1346.340820	34.499649
1345.287109	-195.015854
1344.234375	-61.239677
1343.180664	91.455055
1342.126953	279.680603
1341.073242	119.124413
1340.019531	160.231705
1338.964844	61.416542
1337.910156	176.004990
1336.855469	-124.217857
1335.799805	87.509727
1334.745117	173.604507
1333.689453	183.859543
1332.633789	191.747360
1331.578125	109.670197
1330.521484	-26.822048
1329.464844	7.138575
1328.408203	481.165283
1327.351563	162.552887
1326.294922	-115.712326
1325.237305	131.045532
1324.179688	-137.641571
1323.122070	-124.958275
1322.064453	34.225216
1321.005859	77.572159
1319.947266	76.028526
1318.888672	150.053238
1317.830078	61.150116
1316.770508	-133.940399
1315.710938	100.549911
1314.651367	49.463734
1313.591797	210.697479
1312.531250	-151.696854
1311.471680	148.628647
1310.411133	55.144314
1309.349609	173.802246
1308.289063	101.566475
1307.227539	-5.984185
1306.166016	56.093174
1305.104492	42.794575
1304.042969	-64.665215
1302.980469	260.997375
1301.917969	31.164650
1300.855469	-92.696632
1299.792969	82.227898
1298.729492	99.505043
1297.666016	168.501480
1296.602539	21.211292
1295.539063	-3.807005
1294.474609	192.040787
1293.411133	-32.672192
1292.346680	-43.573872
1291.281250	-23.959217
1290.216797	293.807373
1289.151367	203.033569
1288.085938	-28.492163
1287.020508	202.255508
1285.955078	-47.928555
1284.888672	67.807755
1283.822266	-193.971741
1282.755859	-57.151852
1281.689453	100.699013
1280.622070	164.751343
1279.554688	158.504501
1278.487305	-51.490799
1277.419922	-312.902557
1276.351563	69.545235
1275.283203	-4.554361
1274.214844	113.251740
1273.146484	-45.042358
1272.077148	110.134300
1271.008789	260.581116
1269.939453	50.916576
1268.869141	-9.076086
1267.799805	237.099716
1266.729492	-5.138594
1265.659180	30.694557
1264.588867	-169.355942
1263.517578	289.087616
1262.447266	12.039286
1261.375977	227.529877
1260.304688	202.599625
1259.232422	329.300079
1258.161133	64.137444
1257.088867	-102.986320
1256.016602	67.994385
1254.943359	348.431915
1253.871094	92.808998
1252.797852	86.566711
1251.724609	150.204224
1250.650391	34.491875
1249.577148	112.084229
1248.502930	198.940002
1247.428711	227.579803
1246.354492	309.722382
1245.279297	296.444763
1244.204102	213.404282
1243.128906	200.155594
1242.053711	312.440857
1240.977539	171.341110
1239.902344	204.582962
1238.826172	24.076477
1237.750000	308.164459
1236.672852	383.129120
1235.595703	51.791729
1234.518555	261.402313
1233.441406	141.406143
1232.364258	95.705551
1231.286133	80.164803
1230.208008	59.995792
1229.129883	134.891861
1228.051758	399.831512
1226.972656	66.735641
1225.893555	30.357159
1224.814453	-156.571533
1223.734375	-107.207642
1222.655273	-27.748550
1221.575195	-43.250801
1220.495117	-93.459595
1219.415039	-120.507774
1218.333984	-89.720459
1217.252930	-151.462021
1216.171875	61.996029
1215.090820	18.743498
1214.008789	-200.163849
1212.926758	107.897850
1211.844727	-13.897601
1210.762695	-133.329544
1209.679688	186.046478
1208.597656	-134.240585
1207.513672	-278.984253
1206.430664	-10.555142
1205.347656	-155.247116
1204.263672	-136.107880
1203.179688	7.560590
1202.095703	-100.161697
1201.010742	18.066233
1199.925781	-186.420914
1198.840820	5.507651
1197.755859	-30.716496
1196.670898	-20.861004
1195.584961	-77.799721
1194.499023	58.669186
1193.413086	63.881577
1192.326172	71.379631
1191.239258	85.775307
1190.152344	24.259928
1189.065430	188.134171
1187.978516	133.519058
1186.890625	-19.926071
1185.802734	274.824799
1184.714844	268.460968
1183.625977	333.294220
1182.538086	290.171417
1181.449219	194.241547
1180.360352	236.089111
1179.270508	55.281723
1178.180664	165.960510
1177.090820	95.359718
1176.000977	153.223343
1174.911133	160.615692
1173.820313	367.436401
1172.729492	1.160531
1171.638672	56.680519
1170.547852	245.050888
1169.456055	421.868500
1168.364258	117.711967
1167.272461	6.000997
1166.179688	187.309036
1165.087891	41.297256
1163.995117	126.415451
1162.902344	145.156189
1161.808594	131.854645
1160.715820	196.304749
1159.622070	370.430878
1158.528320	219.950241
1157.433594	277.444031
1156.339844	339.485443
1155.245117	670.977417
1154.149414	509.099426
1153.054688	687.444092
1151.958984	845.148804
1150.863281	1107.739136
1149.767578	763.375061
1148.671875	920.935242
1147.575195	1000.875854
1146.478516	1217.558594
1145.381836	1060.334473
1144.285156	992.045349
1143.187500	723.276123
1142.089844	878.280945
1140.992188	609.639648
1139.894531	420.793365
1138.795898	232.008713
1137.697266	209.426605
1136.598633	129.962738
1135.499023	116.477539
1134.400391	21.130013
1133.300781	75.862030
1132.201172	332.873047
1131.100586	-76.150391
1130.000977	244.374588
1128.900391	14.989407
1127.799805	17.348583
1126.698242	-5.294956
1125.596680	-48.372623
1124.495117	87.853485
1123.393555	-77.790840
1122.291992	-21.050135
1121.189453	-50.552383
1120.086914	155.774918
1118.984375	87.671585
1117.881836	343.705597
1116.778320	69.332863
1115.674805	-14.627980
1114.571289	143.791382
1113.466797	-37.574234
1112.363281	211.303482
1111.258789	179.360184
1110.153320	235.653992
1109.048828	409.568756
1107.943359	17.864254
1106.837891	191.693130
1105.732422	-9.904066
1104.625977	224.829239
1103.520508	95.589493
1102.414063	264.622681
1101.306641	187.314972
1100.200195	234.245743
1099.092773	82.416718
1097.985352	382.123199
1096.877930	279.931091
1095.769531	180.003098
1094.661133	122.954849
1093.552734	86.203842
1092.444336	412.483948
1091.335938	147.933411
1090.226563	341.001862
1089.117188	74.262062
1088.006836	-16.674219
1086.897461	291.083252
1085.787109	432.018250
1084.676758	217.144943
1083.566406	306.201172
1082.455078	77.872780
1081.343750	565.064697
1080.232422	152.268600
1079.121094	400.778931
1078.008789	-32.109131
1076.896484	193.771103
1075.784180	361.083221
1074.671875	137.342361
1073.558594	189.947113
1072.445313	267.193207
1071.332031	178.216843
1070.217773	37.598202
1069.104492	215.704834
1067.990234	-151.554474
1066.875977	129.612244
1065.760742	89.884628
1064.645508	12.017607
1063.530273	12.606415
1062.415039	-27.191196
1061.299805	29.339165
1060.183594	-53.103436
1059.067383	-50.445564
1057.951172	270.136566
1056.833984	-83.331917
1055.716797	53.478413
1054.599609	87.246811
1053.482422	154.513885
1052.364258	210.507813
1051.247070	130.038559
1050.128906	308.881226
1049.009766	324.416199
1047.891602	214.770096
1046.772461	261.501007
1045.653320	276.891815
1044.533203	325.711517
1043.414063	-156.891464
1042.293945	260.203217
1041.173828	-79.455727
1040.052734	16.041189
1038.932617	209.602448
1037.811523	68.498596
1036.689453	-110.509056
1035.568359	122.904221
1034.446289	-85.108406
1033.324219	58.953209
1032.202148	200.670868
1031.079102	26.014414
1029.957031	-88.483940
1028.833984	-200.770966
1027.709961	-117.229797
1026.586914	-171.716629
1025.462891	107.432899
1024.338867	-62.852924
1023.214844	40.378887
1022.089844	-43.239899
1020.964844	-109.093330
1019.839844	-174.972519
1018.714844	14.593138
1017.588867	-171.340851
1016.462891	-181.828247
1015.336914	149.507889
1014.210938	-225.150864
1013.083984	-31.655334
1011.957031	-42.402798
1010.830078	-17.711594
1009.702148	-1.973651
1008.574219	33.656109
1007.446289	-61.556606
1006.318359	188.903915
1005.190430	525.596375
1004.061523	361.492065
1002.932617	146.479263
1001.802734	-17.587992
1000.673828	219.006592
999.543945	10.629082
998.414063	421.763733
997.283203	379.203979
996.153320	365.371552
995.022461	908.618591
993.891602	967.492188
992.759766	1375.428101
991.628906	1800.813477
990.497070	2287.785400
989.364258	3088.052979
988.232422	3819.472412
987.099609	4150.963867
985.966797	4495.492676
984.833984	4733.908691
983.700195	4824.361328
982.566406	4396.469727
981.432617	3869.509766
980.298828	3530.107666
979.164063	3483.903809
978.029297	2435.170654
976.894531	1955.192261
975.759766	1470.984741
974.624023	1301.790527
973.488281	1156.843262
972.352539	954.696472
971.215820	836.195862
970.080078	609.933289
968.943359	599.242432
967.805664	588.500916
966.668945	518.386719
965.531250	560.334961
964.393555	646.169495
963.254883	441.941223
962.117188	459.605774
960.978516	174.199692
959.839844	213.785339
958.700195	371.814056
957.561523	108.466316
956.421875	373.876282
955.281250	264.078217
954.141602	106.078941
953.000977	116.907120
951.860352	4.967197
950.719727	228.307251
949.578125	8.982257
948.436523	133.595978
947.294922	345.716125
946.153320	316.908478
945.010742	292.454590
943.868164	68.872452
942.725586	156.022842
941.583008	339.354462
940.439453	122.412598
939.295898	95.752495
938.152344	-0.847023
937.007813	107.977814
935.863281	168.680725
934.718750	54.618748
933.574219	217.926254
932.428711	116.978859
931.283203	352.203033
930.137695	74.518349
928.992188	-28.507086
927.845703	180.400879
926.699219	-29.458176
925.552734	81.261208
924.405273	-60.910828
923.257813	-203.008682
922.110352	360.838562
920.962891	88.050713
919.814453	-47.423992
918.666016	285.257019
917.517578	95.421745
916.369141	-70.367348
915.219727	192.517853
914.070313	179.072220
912.920898	187.405106
911.770508	-69.489967
910.621094	-191.455505
909.470703	73.456558
908.319336	44.969013
907.168945	-189.795959
906.017578	-46.577541
904.866211	-77.070473
903.713867	-38.062103
902.562500	-53.262596
901.410156	11.849043
900.256836	-33.654655
899.104492	135.613541
897.951172	42.510880
896.797852	-171.874420
895.644531	266.174561
894.490234	84.437386
893.335938	45.806793
892.181641	334.251678
891.027344	7.764414
889.872070	29.968563
888.716797	119.321083
887.561523	154.617050
886.405273	135.880676
885.249023	143.183945
884.092773	68.405907
882.936523	78.042824
881.779297	277.916077
880.622070	-157.406586
879.464844	360.123840
878.307617	61.214474
877.149414	-142.482864
875.991211	165.575775
874.833008	296.632690
873.673828	58.781334
872.514648	19.586838
871.355469	21.488745
870.196289	424.510559
869.036133	101.039017
867.875977	430.789246
866.715820	286.513184
865.554688	428.883026
864.394531	284.906128
863.233398	154.016647
862.071289	328.949280
860.910156	316.714569
859.748047	401.413330
858.585938	346.386627
857.422852	261.393158
856.259766	367.918304
855.096680	461.629791
853.933594	293.255920
852.770508	707.333496
851.606445	416.809265
850.442383	229.638443
849.277344	517.162476
848.113281	246.629166
846.948242	390.524506
845.783203	405.769897
844.617188	234.533340
843.451172	533.165588
842.285156	392.294922
841.119141	337.381714
839.952148	559.078674
838.785156	260.210388
837.618164	192.969543
836.451172	237.273285
835.283203	547.182861
834.115234	394.770294
832.947266	531.485779
831.778320	503.549042
830.609375	544.236633
829.440430	937.916626
828.271484	743.638489
827.101563	688.542358
825.931641	582.353149
824.761719	651.571472
823.590820	772.179321
822.420898	745.562073
821.250000	578.210632
820.078125	686.446106
818.907227	581.412415
817.735352	681.404053
816.562500	636.472290
815.390625	647.183899
814.217773	675.111267
813.044922	666.963379
811.872070	526.870972
810.698242	764.102234
809.524414	635.039307
808.350586	276.228638
807.176758	337.162170
806.001953	319.481323
804.827148	461.575165
803.651367	476.118591
802.476563	356.834320
801.300781	465.301208
800.125000	310.266785
798.948242	342.507751
797.772461	241.034485
796.595703	3.803597
795.417969	-105.718819
794.241211	35.552685
793.063477	242.725754
791.885742	110.368645
790.707031	5.815138
789.529297	100.895355
788.350586	92.155220
787.170898	-92.428017
785.992188	5.191524
784.812500	-212.886932
783.632813	94.794006
782.452148	44.455212
781.272461	-79.839249
780.091797	-57.827301
778.911133	-42.032848
777.729492	33.155800
776.547852	-73.527840
775.366211	71.718498
774.184570	-5.041287
773.001953	98.095695
771.819336	-318.731537
770.636719	245.431320
769.453125	177.663071
768.269531	-56.841167
767.085938	76.374702
765.902344	63.948345
764.717773	68.527054
763.533203	-192.710312
762.348633	331.211639
761.163086	-117.503075
759.977539	180.691177
758.791992	147.802826
757.606445	68.648880
756.419922	-107.326256
755.233398	-38.712246
754.046875	-16.389473
752.859375	163.955734
751.672852	-154.718597
750.485352	32.040630
749.296875	-23.238693
748.108398	-72.113625
746.919922	83.142746
745.731445	-41.318851
744.542969	359.974609
743.353516	225.106613
742.164063	378.265961
740.973633	48.153416
739.783203	243.381516
738.592773	127.747543
737.402344	24.802704
736.211914	28.990833
735.020508	297.630249
733.829102	417.202576
732.636719	1.854421
731.444336	148.745224
730.251953	-58.741470
729.059570	218.082687
727.866211	69.378281
726.673828	42.268372
725.479492	21.457748
724.286133	298.027161
723.091797	9.185987
721.897461	-42.999371
720.703125	229.195343
719.507813	43.074142
718.312500	204.244873
717.117188	200.127579
715.921875	198.089752
714.725586	5.834525
713.529297	95.759552
712.332031	116.681625
711.135742	490.563873
709.938477	10.183932
708.740234	162.582474
707.542969	-10.710151
706.344727	-131.772995
705.146484	266.668457
703.948242	226.906067
702.749023	312.258667
701.549805	226.611191
700.350586	101.389275
699.150391	220.014420
697.950195	169.833572
696.750000	327.943512
695.549805	125.751915
694.348633	358.742493
693.147461	373.097900
691.946289	657.957703
690.744141	424.711365
689.541992	428.693420
688.339844	515.873108
687.136719	301.623993
685.934570	507.335449
684.730469	775.334473
683.527344	557.178040
682.323242	438.882477
681.119141	432.843048
679.915039	283.666138
678.710938	404.455017
677.505859	330.266724
676.300781	220.977692
675.094727	180.318710
673.889648	284.969971
672.683594	14.556920
671.476563	102.981094
670.270508	241.291656
669.063477	-5.513114
667.856445	176.714127
666.648438	-30.112392
665.440430	55.300892
664.232422	-227.373352
663.024414	-48.213326
661.815430	89.852951
660.606445	2.829643
659.397461	207.767090
658.188477	107.136757
656.978516	93.817741
655.768555	-104.931961
654.557617	35.684364
653.346680	-9.045897
652.135742	14.974747
650.924805	390.499542
649.712891	48.432751
648.501953	-18.382967
647.289063	72.360245
646.077148	-275.356354
644.864258	43.823654
643.651367	184.436539
642.438477	146.659348
641.224609	241.749130
640.010742	20.669514
638.796875	132.308334
637.582031	-53.426117
636.367188	81.150162
635.152344	-143.135162
633.937500	-106.776466
632.721680	85.239189
631.505859	163.497223
630.289063	-280.900208
629.073242	-69.948227
627.856445	37.834415
626.639648	9.710065
625.421875	-41.162395
624.204102	-49.004303
622.986328	41.657681
621.768555	401.180511
620.549805	260.100250
619.331055	47.546421
618.111328	237.426331
616.892578	212.358032
