1721.000977	-25.607485
1720.027344	16.178267
1719.052734	104.490211
1718.078125	288.676453
1717.104492	32.609299
1716.128906	306.059113
1715.154297	113.873734
1714.178711	320.331970
1713.204102	-133.306396
1712.228516	119.256363
1711.251953	22.059093
1710.276367	5.739687
1709.299805	-80.837410
1708.324219	371.848145
1707.347656	32.298286
1706.370117	-57.272713
1705.393555	-12.082681
1704.416016	359.657593
1703.438477	241.864105
1702.460938	-1.983413
1701.483398	195.829941
1700.505859	-253.880600
1699.527344	198.039978
1698.548828	-117.421944
1697.570313	350.901001
1696.591797	430.223969
1695.612305	358.275391
1694.632813	76.489166
1693.653320	-11.678493
1692.673828	-210.006790
1691.694336	-125.473152
1690.713867	149.903580
1689.734375	182.535126
1688.753906	-137.110611
1687.772461	29.931580
1686.791992	5.475183
1685.810547	-172.182373
1684.830078	57.642910
1683.848633	292.191101
1682.866211	-41.513855
1681.884766	-97.716675
1680.902344	52.082882
1679.919922	-152.106873
1678.937500	12.602876
1677.955078	-0.964193
1676.971680	234.588730
1675.989258	88.541695
1675.005859	-215.188751
1674.022461	65.775490
1673.038086	100.021858
1672.054688	357.843994
1671.070313	-187.238800
1670.085938	12.045870
1669.101563	262.027893
1668.117188	334.206573
1667.131836	251.505859
1666.146484	-150.874222
1665.161133	190.327744
1664.175781	21.579741
1663.189453	-235.840454
1662.204102	-39.189831
1661.217773	-129.045166
1660.231445	-228.920471
1659.245117	-189.299240
1658.257813	58.102505
1657.270508	64.872757
1656.284180	122.426819
1655.295898	220.507675
1654.308594	169.347290
1653.321289	-124.629410
1652.333008	-21.141825
1651.344727	-79.473923
1650.356445	183.559509
1649.367188	325.205353
1648.378906	138.303650
1647.389648	156.323044
1646.400391	-287.981598
1645.411133	124.553947
1644.420898	185.910385
1643.431641	60.534264
1642.441406	86.826134
1641.451172	-23.062725
1640.459961	195.328568
1639.469727	-60.588856
1638.478516	-111.923744
1637.487305	275.809631
1636.496094	199.517639
1635.504883	194.006927
1634.512695	284.413971
1633.520508	322.012207
1632.528320	107.775665
1631.536133	188.529877
1630.543945	475.934143
1629.550781	650.023438
1628.557617	559.839233
1627.564453	688.831360
1626.571289	848.117737
1625.578125	1249.026855
1624.583984	1161.871338
1623.589844	1333.942993
1622.595703	1216.917969
1621.601563	1359.020996
1620.606445	1840.490356
1619.611328	1826.851685
1618.616211	2155.038330
1617.621094	1646.770630
1616.625977	1744.079712
1615.629883	1703.352905
1614.633789	1574.909424
1613.637695	1712.680298
1612.641602	1556.934814
1611.645508	1669.804932
1610.648438	1890.569214
1609.651367	1913.251099
1608.654297	1898.427856
1607.657227	1838.602905
1606.659180	1626.009888
1605.662109	2338.192871
1604.664063	2028.091064
1603.666016	2159.019775
1602.666992	2074.613770
1601.668945	2263.244141
1600.669922	2369.264648
1599.670898	1907.277832
1598.671875	2071.046387
1597.671875	1471.879150
1596.672852	1590.818237
1595.672852	1354.710693
1594.672852	1381.258057
1593.671875	1360.353271
1592.671875	1069.686279
1591.670898	1136.431274
1590.669922	1203.212891
1589.668945	745.618469
1588.667969	792.602356
1587.666016	692.325989
1586.664063	642.056396
1585.662109	681.685730
1584.660156	424.490692
1583.658203	159.970779
1582.655273	162.387436
1581.652344	309.441254
1580.649414	222.178680
1579.646484	324.380554
1578.642578	321.910309
1577.638672	209.872665
1576.634766	254.806473
1575.630859	304.732971
1574.626953	167.960556
1573.622070	173.110809
1572.618164	76.283974
1571.613281	138.713699
1570.607422	-129.697571
1569.602539	-109.490311
1568.596680	47.440571
1567.590820	2.977276
1566.584961	67.891464
1565.579102	165.089615
1564.572266	-80.583382
1563.566406	-365.859406
1562.559570	-97.304665
1561.551758	29.610588
1560.544922	-4.835695
1559.537109	211.343231
1558.530273	-76.191841
1557.521484	-160.255783
1556.513672	-150.026550
1555.505859	-139.805222
1554.497070	-203.986511
1553.488281	103.614967
1552.479492	-22.554590
1551.470703	200.630737
1550.460938	403.872131
1549.451172	42.411839
1548.441406	-101.036209
1547.431641	-38.988449
1546.421875	-244.254257
1545.411133	-137.718140
1544.400391	-340.459900
1543.389648	-256.237976
1542.378906	-295.701385
1541.367188	-43.474701
1540.355469	312.436707
1539.343750	-389.463715
1538.332031	-60.840408
1537.320313	-9.023805
1536.307617	-53.587479
1535.294922	-16.673269
1534.282227	296.683441
1533.269531	-93.497963
1532.256836	29.704245
1531.243164	-116.089951
1530.229492	83.464180
1529.215820	73.306091
1528.202148	146.957306
1527.187500	-62.930794
1526.172852	-260.429321
1525.158203	-98.137718
1524.143555	-54.174915
1523.127930	-69.383575
1522.113281	154.262207
1521.097656	-53.040237
1520.082031	135.991791
1519.065430	-7.302606
1518.049805	127.477661
1517.033203	-45.305916
1516.016602	394.309204
1515.000000	-93.199890
1513.982422	-162.658005
1512.965820	70.211113
1511.948242	278.374573
1510.930664	140.056824
1509.913086	176.164749
1508.894531	-318.184875
1507.875977	162.318359
1506.857422	259.702576
1505.838867	-111.683807
1504.820313	157.441254
1503.800781	-96.063156
1502.781250	204.785385
1501.761719	346.124481
1500.742188	107.423744
1499.721680	336.921295
1498.702148	211.034286
1497.681641	68.023216
1496.661133	133.265152
1495.639648	497.213135
1494.618164	503.548920
1493.597656	544.180786
1492.576172	359.619476
1491.553711	307.241028
1490.532227	42.087532
1489.509766	-264.548889
1488.487305	196.747864
1487.464844	-58.442970
1486.442383	414.852356
1485.418945	176.821579
1484.395508	227.197205
1483.372070	426.562378
1482.348633	196.043274
1481.324219	412.425385
1480.300781	99.035637
1479.276367	454.490875
1478.251953	309.601654
1477.226563	316.016846
1476.202148	163.938248
1475.176758	385.010223
1474.151367	332.957306
1473.125000	-182.192566
1472.099609	-216.995697
1471.073242	133.173080
1470.046875	142.190430
1469.020508	51.385674
1467.994141	96.998245
1466.966797	585.650146
1465.939453	416.991272
1464.912109	255.733810
1463.884766	140.804642
1462.856445	507.529053
1461.829102	424.279510
1460.800781	467.506226
1459.772461	880.226074
1458.743164	767.854309
1457.714844	835.395813
1456.685547	742.598083
1455.656250	1067.618286
1454.625977	894.750854
1453.596680	935.652588
1452.566406	991.125916
1451.536133	1083.023193
1450.505859	447.099426
1449.474609	740.473389
1448.444336	813.113708
1447.413086	655.417236
1446.381836	391.185120
1445.350586	706.344177
1444.318359	766.982117
1443.286133	648.388306
1442.253906	890.774597
1441.221680	181.481750
1440.189453	649.131775
1439.156250	722.090088
1438.123047	850.735413
1437.089844	-41.599342
1436.056641	440.438202
1435.022461	293.530090
1433.988281	286.992188
1432.954102	389.297974
1431.919922	-151.250992
1430.885742	-0.431287
1429.850586	280.818329
1428.815430	127.270287
1427.780273	-21.316889
1426.744141	-37.006767
1425.708984	109.122925
1424.672852	-65.715782
1423.636719	-59.457962
1422.600586	147.084503
1421.563477	184.774124
1420.527344	0.715882
1419.490234	-144.639206
1418.452148	-195.880173
1417.415039	165.042694
1416.376953	80.178535
1415.338867	62.872696
1414.300781	221.442062
1413.262695	-50.933235
1412.224609	59.610512
1411.185547	-5.512757
1410.146484	47.366013
1409.107422	170.063599
1408.067383	66.697258
1407.027344	50.021675
1405.987305	-206.962845
1404.947266	-124.869308
1403.907227	94.236160
1402.866211	178.779755
1401.826172	-12.832321
1400.785156	-45.806438
1399.743164	29.338314
1398.702148	584.624756
1397.660156	638.171143
1396.618164	411.059296
1395.576172	474.382996
1394.533203	842.330688
1393.491211	1373.271973
1392.448242	1705.079712
1391.405273	1660.538208
1390.361328	1999.480835
1389.318359	1959.858276
1388.274414	2590.977783
1387.230469	3051.888916
1386.186523	2713.024902
1385.141602	2977.583008
1384.097656	2998.024658
1383.052734	3130.981934
1382.007813	2950.593506
1380.961914	3212.802979
1379.916992	2958.516113
1378.871094	2898.049561
1377.825195	2792.280029
1376.778320	2741.580566
1375.732422	2170.188477
1374.685547	2103.096680
1373.638672	1754.325928
1372.591797	1730.489258
1371.543945	1921.565796
1370.497070	1656.834595
1369.449219	1165.617676
1368.400391	1344.993042
1367.352539	1161.875977
1366.303711	1009.901306
1365.255859	1005.894287
1364.206055	1492.923096
1363.157227	1534.235107
1362.108398	1470.782471
1361.058594	1490.791016
1360.008789	1444.186401
1358.958984	1483.397949
1357.908203	1729.741577
1356.857422	1371.580078
1355.806641	1418.135620
1354.755859	1267.310181
1353.705078	1337.806152
1352.653320	885.221191
1351.601563	620.710632
1350.549805	1264.312988
1349.498047	933.449463
1348.445313	602.788391
1347.393555	500.382202
1346.340820	787.528870
1345.287109	668.622498
1344.234375	820.453491
1343.180664	623.421814
1342.126953	286.560791
1341.073242	533.459778
1340.019531	208.762512
1338.964844	405.903412
1337.910156	446.568024
1336.855469	231.314194
1335.799805	-197.056290
1334.745117	213.487747
1333.689453	-171.925995
1332.633789	131.993073
1331.578125	199.091888
1330.521484	-36.764996
1329.464844	-220.396576
1328.408203	-53.713753
1327.351563	-128.322723
1326.294922	92.783562
1325.237305	96.309837
1324.179688	-77.399208
1323.122070	1.909588
1322.064453	88.337021
1321.005859	-87.458824
1319.947266	-185.180405
1318.888672	-103.332367
1317.830078	-115.903778
1316.770508	-52.892567
1315.710938	-72.450653
1314.651367	-132.055374
1313.591797	37.222198
1312.531250	-22.287531
1311.471680	-114.716393
1310.411133	-275.430084
1309.349609	-77.804192
1308.289063	-188.873230
1307.227539	220.763046
1306.166016	1.417055
1305.104492	-170.689301
1304.042969	-177.881012
1302.980469	-159.143600
1301.917969	-6.235157
1300.855469	87.831841
1299.792969	-267.365265
1298.729492	-260.221893
1297.666016	-107.265907
1296.602539	184.357422
1295.539063	-17.641703
1294.474609	-87.939819
1293.411133	-82.986839
1292.346680	48.814201
1291.281250	-115.275581
1290.216797	-199.425095
1289.151367	68.548820
1288.085938	36.078911
1287.020508	266.414459
1285.955078	-80.316322
1284.888672	271.944794
1283.822266	49.681217
1282.755859	153.360992
1281.689453	76.577171
1280.622070	91.224121
1279.554688	56.703064
1278.487305	5.833638
1277.419922	-26.252016
1276.351563	377.106262
1275.283203	117.977509
1274.214844	521.185303
1273.146484	383.838440
1272.077148	291.007294
1271.008789	102.377213
1269.939453	262.191376
1268.869141	190.546906
1267.799805	76.906319
1266.729492	175.930939
1265.659180	139.459122
1264.588867	357.576233
1263.517578	514.903748
1262.447266	445.763397
1261.375977	402.336243
1260.304688	223.620789
1259.232422	252.605820
1258.161133	412.214386
1257.088867	40.120064
1256.016602	612.356323
1254.943359	268.377045
1253.871094	868.312073
1252.797852	734.132080
1251.724609	739.776733
1250.650391	1062.125732
1249.577148	918.722961
1248.502930	721.847778
1247.428711	848.553162
1246.354492	658.787842
1245.279297	983.185486
1244.204102	693.486572
1243.128906	671.315552
1242.053711	781.668091
1240.977539	761.822632
1239.902344	202.935852
1238.826172	466.662689
1237.750000	395.833252
1236.672852	204.288528
1235.595703	537.507019
1234.518555	722.039185
1233.441406	479.521240
1232.364258	271.917664
1231.286133	-153.629669
1230.208008	353.252258
1229.129883	349.852112
1228.051758	478.583588
1226.972656	210.967514
1225.893555	-14.818433
1224.814453	-4.223825
1223.734375	180.053452
1222.655273	-8.517669
1221.575195	157.171326
1220.495117	24.235596
1219.415039	0.108386
1218.333984	112.478615
1217.252930	9.703593
1216.171875	45.720497
1215.090820	44.732124
1214.008789	96.896194
1212.926758	-241.492523
1211.844727	164.194595
1210.762695	89.261894
1209.679688	9.734335
1208.597656	-159.790466
1207.513672	0.825484
1206.430664	-362.490021
1205.347656	33.452080
1204.263672	78.579086
1203.179688	-173.825989
1202.095703	-84.864975
1201.010742	287.584778
1199.925781	224.274994
1198.840820	-129.337555
1197.755859	143.809326
1196.670898	101.293457
1195.584961	49.573471
1194.499023	76.147186
1193.413086	-203.415375
1192.326172	-8.831374
1191.239258	40.721226
1190.152344	-98.363350
1189.065430	112.152885
1187.978516	205.312576
1186.890625	109.929871
1185.802734	115.701736
1184.714844	172.010681
1183.625977	44.510666
1182.538086	341.939728
1181.449219	180.004486
1180.360352	596.612854
1179.270508	349.750885
1178.180664	394.396729
1177.090820	333.487518
1176.000977	513.413635
1174.911133	537.330872
1173.820313	613.944092
1172.729492	491.106323
1171.638672	613.504761
1170.547852	701.475037
1169.456055	523.686646
1168.364258	652.820862
1167.272461	582.705505
1166.179688	709.447449
1165.087891	957.421448
1163.995117	896.384888
1162.902344	1269.975952
1161.808594	1272.895508
1160.715820	1751.385254
1159.622070	1847.890137
1158.528320	1331.849121
1157.433594	1190.736328
1156.339844	1024.551392
1155.245117	1004.579041
1154.149414	630.670166
1153.054688	391.609772
1151.958984	319.236908
1150.863281	532.107910
1149.767578	49.058178
1148.671875	97.638008
1147.575195	339.989288
1146.478516	30.500313
1145.381836	78.979156
1144.285156	-70.840363
1143.187500	159.843735
1142.089844	-26.424007
1140.992188	-21.347279
1139.894531	-109.641510
1138.795898	-136.469666
1137.697266	-145.111404
1136.598633	-3.606395
1135.499023	-192.035660
1134.400391	-191.637497
1133.300781	186.153214
1132.201172	-29.552544
1131.100586	-174.749954
1130.000977	-531.212341
1128.900391	-626.316284
1127.799805	209.764191
1126.698242	12.283710
1125.596680	-39.849796
1124.495117	73.687157
1123.393555	212.100861
1122.291992	361.757751
1121.189453	1017.095947
1120.086914	1102.929688
1118.984375	1213.629150
1117.881836	1480.631226
1116.778320	1742.936279
1115.674805	1773.991455
1114.571289	1893.330933
1113.466797	1389.810669
1112.363281	1703.806274
1111.258789	1782.198120
1110.153320	1595.727539
1109.048828	1384.414673
1107.943359	1261.358643
1106.837891	1326.014282
1105.732422	1060.490356
1104.625977	941.954468
1103.520508	624.552490
1102.414063	899.218811
1101.306641	676.721863
1100.200195	1023.418518
1099.092773	231.879547
1097.985352	515.189209
1096.877930	554.565186
1095.769531	189.956360
1094.661133	195.423523
1093.552734	327.129700
1092.444336	221.952805
1091.335938	560.880066
1090.226563	200.871780
1089.117188	462.895142
1088.006836	434.105652
1086.897461	409.778992
1085.787109	538.512207
1084.676758	455.487610
1083.566406	901.387695
1082.455078	584.133179
1081.343750	424.437805
1080.232422	921.550415
1079.121094	1006.829285
1078.008789	599.597290
1076.896484	675.755798
1075.784180	675.389587
1074.671875	764.821838
1073.558594	849.625061
1072.445313	637.868896
1071.332031	778.634155
1070.217773	459.059692
1069.104492	518.837036
1067.990234	228.463684
1066.875977	346.407867
1065.760742	448.499603
1064.645508	337.441620
1063.530273	320.494537
1062.415039	195.883713
1061.299805	156.385406
1060.183594	141.438583
1059.067383	-124.441124
1057.951172	21.709990
1056.833984	-136.774765
1055.716797	150.112625
1054.599609	-102.511749
1053.482422	233.253326
1052.364258	78.916641
1051.247070	14.011897
1050.128906	253.061600
1049.009766	129.790985
1047.891602	393.074097
1046.772461	21.624405
1045.653320	21.009287
1044.533203	87.268234
1043.414063	26.139328
1042.293945	-12.770133
1041.173828	108.900612
1040.052734	299.550110
1038.932617	-190.321106
1037.811523	-55.680599
1036.689453	-72.842155
1035.568359	-61.124939
1034.446289	309.249023
1033.324219	120.090462
1032.202148	271.710938
1031.079102	24.484877
1029.957031	88.973083
1028.833984	277.948730
1027.709961	-532.569824
1026.586914	-161.341400
1025.462891	-206.409851
1024.338867	106.477905
1023.214844	5.516387
1022.089844	-128.889374
1020.964844	-81.122688
1019.839844	-171.274109
1018.714844	-79.356071
1017.588867	-36.491203
1016.462891	-280.226379
1015.336914	597.097961
1014.210938	197.696030
1013.083984	2.460503
1011.957031	667.938782
1010.830078	332.681152
1009.702148	256.857330
1008.574219	1196.284668
1007.446289	1450.267578
1006.318359	2882.864014
1005.190430	4323.526855
1004.061523	4675.847168
1002.932617	3515.424805
1001.802734	2370.865723
1000.673828	642.366272
999.543945	370.577393
998.414063	379.743561
997.283203	326.807068
996.153320	123.394547
995.022461	430.625092
993.891602	-11.744574
992.759766	339.262726
991.628906	427.067627
990.497070	567.686951
989.364258	467.362579
988.232422	631.898865
987.099609	504.827545
985.966797	609.387024
984.833984	649.772827
983.700195	985.551392
982.566406	566.816956
981.432617	564.839478
980.298828	417.232727
979.164063	796.238586
978.029297	0.569177
976.894531	502.568787
975.759766	557.132568
974.624023	527.838257
973.488281	465.402313
972.352539	295.013092
971.215820	518.388611
970.080078	563.368713
968.943359	828.091736
967.805664	204.238052
966.668945	336.753693
965.531250	484.436768
964.393555	473.715973
963.254883	487.008270
962.117188	888.920837
960.978516	612.012878
959.839844	624.873840
958.700195	839.494812
957.561523	746.722168
956.421875	923.669250
955.281250	1203.466187
954.141602	1314.202393
953.000977	944.647034
951.860352	1304.980591
950.719727	1176.392090
949.578125	1076.204468
948.436523	980.328979
947.294922	963.212708
946.153320	455.619507
945.010742	258.918732
943.868164	471.393372
942.725586	513.022095
941.583008	165.217224
940.439453	281.020020
939.295898	466.628052
938.152344	-132.593124
937.007813	63.737560
935.863281	185.607071
934.718750	390.330414
933.574219	376.511719
932.428711	325.477264
931.283203	-7.176117
930.137695	247.237869
928.992188	-2.492849
927.845703	-210.764618
926.699219	254.797119
925.552734	467.183563
924.405273	-118.349243
923.257813	453.425110
922.110352	247.122955
920.962891	210.747391
919.814453	-41.269691
918.666016	355.556274
917.517578	284.185516
916.369141	73.535461
915.219727	300.213806
914.070313	6.904612
912.920898	70.326172
911.770508	88.012093
910.621094	-116.012444
909.470703	-217.859344
908.319336	-61.165668
907.168945	99.808746
906.017578	93.463821
904.866211	226.058243
903.713867	6.938408
902.562500	280.539886
901.410156	209.040192
900.256836	20.427519
899.104492	267.813232
897.951172	-65.957001
896.797852	-243.491577
895.644531	350.541565
894.490234	4.028379
893.335938	84.415138
892.181641	-10.606653
891.027344	227.865479
889.872070	106.936462
888.716797	-78.806839
887.561523	278.627930
886.405273	-118.962677
885.249023	201.644821
884.092773	124.356865
882.936523	103.372894
881.779297	311.513245
880.622070	165.309753
879.464844	347.579041
878.307617	93.626015
877.149414	-287.521576
875.991211	0.734160
874.833008	66.682518
873.673828	-115.437553
872.514648	-111.860466
871.355469	38.464764
870.196289	-147.500748
869.036133	-134.974686
867.875977	244.011200
866.715820	-23.394522
865.554688	185.461868
864.394531	84.277275
863.233398	142.577850
862.071289	181.602341
860.910156	681.300659
859.748047	382.699677
858.585938	301.637543
857.422852	339.030426
856.259766	333.571594
855.096680	229.405365
853.933594	159.844009
852.770508	571.746643
851.606445	287.670624
850.442383	132.761353
849.277344	78.994370
848.113281	317.386047
846.948242	-10.697841
845.783203	541.207397
844.617188	140.675552
843.451172	175.858322
842.285156	-33.182583
841.119141	-231.194183
839.952148	-195.336670
838.785156	-65.014015
837.618164	-262.250793
836.451172	408.115845
835.283203	-101.292648
834.115234	-19.467257
832.947266	413.504578
831.778320	-126.966293
830.609375	-35.953777
829.440430	55.251251
828.271484	99.619537
827.101563	458.394409
825.931641	244.543686
824.761719	513.881470
823.590820	238.651459
822.420898	305.488220
821.250000	483.549408
820.078125	546.500916
818.907227	863.631897
817.735352	414.944702
816.562500	918.007141
815.390625	764.309814
814.217773	372.144958
813.044922	93.390686
811.872070	271.051086
810.698242	259.265381
809.524414	7.054983
808.350586	10.755631
807.176758	385.156036
806.001953	344.575317
804.827148	-304.325897
803.651367	11.064622
802.476563	335.086304
801.300781	21.257397
800.125000	82.002533
798.948242	364.008423
797.772461	342.276154
796.595703	199.696091
795.417969	237.962250
794.241211	586.495728
793.063477	497.765869
791.885742	774.382019
790.707031	633.074219
789.529297	629.975952
788.350586	811.627869
787.170898	529.031250
785.992188	1048.157715
784.812500	1007.712524
783.632813	454.716583
782.452148	802.544373
781.272461	915.333313
780.091797	611.129272
778.911133	23.592194
777.729492	484.190399
776.547852	22.196337
775.366211	472.386200
774.184570	-160.327301
773.001953	89.180328
771.819336	-151.702652
770.636719	5.033592
769.453125	-292.439667
768.269531	-200.914871
767.085938	-155.745987
765.902344	-108.341797
764.717773	19.394548
763.533203	151.423309
762.348633	165.354691
761.163086	154.082291
759.977539	-70.090729
758.791992	-190.734314
757.606445	133.573669
756.419922	-22.707066
755.233398	223.608490
754.046875	-63.069698
752.859375	35.854607
751.672852	612.750488
750.485352	444.232300
749.296875	921.924561
748.108398	995.448669
746.919922	686.112305
745.731445	475.777832
744.542969	583.037903
743.353516	49.109238
742.164063	538.886108
740.973633	561.963928
739.783203	213.201782
738.592773	456.785706
737.402344	876.569824
736.211914	309.529327
735.020508	399.544464
733.829102	770.579712
732.636719	465.925354
731.444336	282.952240
730.251953	642.979370
729.059570	415.814026
727.866211	584.699463
726.673828	338.543976
725.479492	-127.580597
724.286133	59.740166
723.091797	472.915710
721.897461	-208.978622
720.703125	-51.576111
719.507813	295.944580
718.312500	-28.308981
717.117188	50.983559
715.921875	88.220947
714.725586	-106.794731
713.529297	80.471428
712.332031	338.442810
711.135742	408.084747
709.938477	239.391785
708.740234	625.845947
707.542969	782.282043
706.344727	1649.940796
705.146484	2333.337158
703.948242	2742.916992
702.749023	3312.581299
701.549805	3233.355713
700.350586	2874.604980
699.150391	1955.211914
697.950195	1704.696655
696.750000	1156.183472
695.549805	424.414886
694.348633	194.404556
693.147461	607.332275
691.946289	193.723923
690.744141	379.145752
689.541992	655.718140
688.339844	532.672791
687.136719	916.636536
685.934570	653.831299
684.730469	617.361755
683.527344	582.761414
682.323242	383.871307
681.119141	130.879059
679.915039	515.078552
678.710938	525.350708
677.505859	493.931976
676.300781	690.550903
675.094727	291.727722
673.889648	459.012329
672.683594	-118.050407
671.476563	380.628265
670.270508	228.462799
669.063477	132.252686
667.856445	427.488312
666.648438	115.974617
665.440430	34.428410
664.232422	168.238403
663.024414	254.525833
661.815430	22.389179
660.606445	119.369614
659.397461	179.340912
658.188477	371.858826
656.978516	-104.913414
655.768555	142.011490
654.557617	254.997833
653.346680	380.811035
652.135742	57.062496
650.924805	99.409439
649.712891	-249.665405
648.501953	-84.132256
647.289063	-122.073685
646.077148	-163.232025
644.864258	-228.153152
643.651367	-508.418884
642.438477	-0.299285
641.224609	-4.173874
640.010742	318.661041
638.796875	68.251060
637.582031	362.914948
636.367188	556.122803
635.152344	477.271881
633.937500	449.638672
632.721680	738.599426
631.505859	597.678955
630.289063	1079.801147
629.073242	1041.962646
627.856445	1310.670288
626.639648	1300.395020
625.421875	1358.561035
624.204102	807.711853
622.986328	728.147827
621.768555	510.190155
620.549805	445.474426
619.331055	33.541626
618.111328	-5.345570
616.892578	244.609207
