1721.000977	364.512909
1720.027344	162.738846
1719.052734	-142.399841
1718.078125	-35.666351
1717.104492	272.402618
1716.128906	230.251099
1715.154297	97.197937
1714.178711	439.867828
1713.204102	-420.791840
1712.228516	183.637177
1711.251953	-145.818649
1710.276367	-181.502502
1709.299805	217.247879
1708.324219	33.742836
1707.347656	54.240108
1706.370117	-105.270622
1705.393555	-342.219727
1704.416016	69.978233
1703.438477	120.654465
1702.460938	-100.426071
1701.483398	-173.757309
1700.505859	-332.010010
1699.527344	74.000206
1698.548828	144.575302
1697.570313	137.971237
1696.591797	294.349182
1695.612305	-65.647263
1694.632813	176.586807
1693.653320	53.307587
1692.673828	-93.268730
1691.694336	-206.969772
1690.713867	-68.458878
1689.734375	110.529915
1688.753906	-205.554291
1687.772461	-90.984520
1686.791992	97.238922
1685.810547	-58.899567
1684.830078	-182.025894
1683.848633	142.970993
1682.866211	-102.837608
1681.884766	-58.410599
1680.902344	3.633553
1679.919922	14.619297
1678.937500	5.123694
1677.955078	265.195862
1676.971680	-80.316208
1675.989258	-21.397243
1675.005859	-117.693840
1674.022461	335.045227
1673.038086	-68.924164
1672.054688	78.641869
1671.070313	-68.589172
1670.085938	-76.086685
1669.101563	231.287430
1668.117188	71.413002
1667.131836	66.410278
1666.146484	-47.691975
1665.161133	241.691803
1664.175781	186.013962
1663.189453	23.842529
1662.204102	-133.095261
1661.217773	9.177007
1660.231445	169.193283
1659.245117	-73.689697
1658.257813	-40.295937
1657.270508	-138.553665
1656.284180	26.717560
1655.295898	212.180313
1654.308594	147.093521
1653.321289	-127.934555
1652.333008	118.446693
1651.344727	61.248093
1650.356445	16.823687
1649.367188	-128.667755
1648.378906	694.326050
1647.389648	197.620132
1646.400391	183.907074
1645.411133	198.102264
1644.420898	-37.718033
1643.431641	269.699280
1642.441406	-491.014221
1641.451172	149.785660
1640.459961	661.671021
1639.469727	126.275970
1638.478516	378.322357
1637.487305	685.867188
1636.496094	567.207092
1635.504883	201.618973
1634.512695	300.088867
1633.520508	501.954041
1632.528320	303.209717
1631.536133	447.273010
1630.543945	729.912415
1629.550781	617.156982
1628.557617	894.784180
1627.564453	679.050476
1626.571289	1132.923218
1625.578125	1108.658691
1624.583984	1059.313599
1623.589844	1296.804810
1622.595703	1652.470459
1621.601563	1910.043335
1620.606445	1805.630859
1619.611328	2306.969727
1618.616211	2001.714111
1617.621094	2216.631592
1616.625977	1894.118896
1615.629883	1950.928101
1614.633789	1995.240356
1613.637695	1934.209961
1612.641602	1908.412842
1611.645508	1885.210205
1610.648438	1836.979614
1609.651367	1813.917236
1608.654297	1688.146118
1607.657227	1998.644287
1606.659180	2512.039795
1605.662109	2428.995850
1604.664063	2243.305908
1603.666016	2458.478027
1602.666992	2465.750000
1601.668945	2340.428955
1600.669922	2678.222900
1599.670898	2167.604492
1598.671875	1737.310181
1597.671875	2177.690918
1596.672852	1960.241089
1595.672852	1812.899780
1594.672852	1955.639404
1593.671875	1266.065674
1592.671875	1161.558960
1591.670898	919.691772
1590.669922	895.264771
1589.668945	1125.592285
1588.667969	991.336548
1587.666016	1111.736206
1586.664063	595.728516
1585.662109	1030.596802
1584.660156	609.663452
1583.658203	620.395447
1582.655273	-2.249356
1581.652344	193.095963
1580.649414	443.207062
1579.646484	274.574493
1578.642578	163.297134
1577.638672	139.257446
1576.634766	122.707855
1575.630859	6.580532
1574.626953	89.651413
1573.622070	-13.999889
1572.618164	6.846229
1571.613281	37.600460
1570.607422	120.546799
1569.602539	-80.001381
1568.596680	-69.172211
1567.590820	453.710052
1566.584961	-136.996277
1565.579102	-401.967926
1564.572266	-38.374706
1563.566406	166.139816
1562.559570	-359.505157
1561.551758	-50.822113
1560.544922	275.131470
1559.537109	285.747589
1558.530273	-6.300666
1557.521484	227.565445
1556.513672	-354.558197
1555.505859	-120.708145
1554.497070	358.415100
1553.488281	-101.996620
1552.479492	-525.060791
1551.470703	-293.930115
1550.460938	68.331818
1549.451172	103.549881
1548.441406	104.079361
1547.431641	136.771698
1546.421875	147.165878
1545.411133	18.948536
1544.400391	-151.277924
1543.389648	113.834206
1542.378906	45.007679
1541.367188	-285.883209
1540.355469	-77.829597
1539.343750	186.961670
1538.332031	-27.673197
1537.320313	-358.327667
1536.307617	59.400166
1535.294922	-261.312744
1534.282227	-177.059753
1533.269531	210.710419
1532.256836	-166.615067
1531.243164	-52.895809
1530.229492	-299.337494
1529.215820	-37.701283
1528.202148	-153.392746
1527.187500	-121.181549
1526.172852	39.156452
1525.158203	-14.936623
1524.143555	137.911072
1523.127930	-199.448822
1522.113281	-218.998444
1521.097656	91.308517
1520.082031	-14.479481
1519.065430	-110.409081
1518.049805	-48.810066
1517.033203	362.008636
1516.016602	2.923613
1515.000000	214.408554
1513.982422	165.213882
1512.965820	-95.283195
1511.948242	120.983665
1510.930664	182.402832
1509.913086	167.662888
1508.894531	260.952026
1507.875977	494.146851
1506.857422	162.713394
1505.838867	486.656708
1504.820313	368.845154
1503.800781	199.553055
1502.781250	15.637478
1501.761719	366.337921
1500.742188	-65.098282
1499.721680	292.829926
1498.702148	-153.067184
1497.681641	231.723007
1496.661133	116.701996
1495.639648	486.593689
1494.618164	109.618202
1493.597656	577.354919
1492.576172	249.520081
1491.553711	313.310425
1490.532227	225.465302
1489.509766	240.380890
1488.487305	96.382584
1487.464844	321.635773
1486.442383	77.544113
1485.418945	241.656265
1484.395508	202.957565
1483.372070	-23.769403
1482.348633	194.109497
1481.324219	6.604056
1480.300781	326.999451
1479.276367	-153.228912
1478.251953	203.724274
1477.226563	53.126835
1476.202148	-2.205286
1475.176758	320.477203
1474.151367	-0.551904
1473.125000	88.069237
1472.099609	15.905993
1471.073242	-229.190277
1470.046875	39.854713
1469.020508	33.647671
1467.994141	-28.501579
1466.966797	135.804337
1465.939453	446.135468
1464.912109	325.703949
1463.884766	66.714073
1462.856445	505.942413
1461.829102	307.956635
1460.800781	717.914124
1459.772461	627.029053
1458.743164	963.949219
1457.714844	1274.100952
1456.685547	1197.923584
1455.656250	745.408142
1454.625977	1157.562134
1453.596680	967.588501
1452.566406	1044.728027
1451.536133	641.447693
1450.505859	927.428284
1449.474609	619.076172
1448.444336	388.569763
1447.413086	783.748352
1446.381836	727.976868
1445.350586	611.721069
1444.318359	725.762756
1443.286133	1036.068115
1442.253906	425.973907
1441.221680	719.437988
1440.189453	361.629089
1439.156250	229.141861
1438.123047	142.777908
1437.089844	424.291809
1436.056641	688.848328
1435.022461	7.776877
1433.988281	-133.727005
1432.954102	322.005280
1431.919922	535.962646
1430.885742	261.825348
1429.850586	57.938770
1428.815430	-22.584146
1427.780273	-325.133514
1426.744141	-55.301186
1425.708984	163.851990
1424.672852	-123.787811
1423.636719	49.622169
1422.600586	75.914352
1421.563477	386.852783
1420.527344	63.648830
1419.490234	439.752167
1418.452148	-47.059254
1417.415039	203.811935
1416.376953	305.288666
1415.338867	-127.881180
1414.300781	-136.935654
1413.262695	17.828552
1412.224609	-96.955627
1411.185547	-110.534973
1410.146484	61.259636
1409.107422	-101.278755
1408.067383	149.990036
1407.027344	-250.351196
1405.987305	154.908463
1404.947266	286.112793
1403.907227	-512.574219
1402.866211	-167.281494
1401.826172	79.514343
1400.785156	-120.370178
1399.743164	-84.802040
1398.702148	198.120239
1397.660156	349.010681
1396.618164	384.774963
1395.576172	300.690155
1394.533203	1216.819580
1393.491211	1341.407104
1392.448242	1238.286499
1391.405273	1466.069946
1390.361328	1607.570923
1389.318359	2113.290283
1388.274414	2781.750244
1387.230469	2822.612793
1386.186523	2923.416748
1385.141602	3392.886230
1384.097656	3615.782715
1383.052734	3766.886963
1382.007813	4312.728027
1380.961914	4033.303223
1379.916992	3634.565186
1378.871094	3255.201416
1377.825195	3318.271484
1376.778320	2731.422363
1375.732422	2792.385986
1374.685547	2459.288574
1373.638672	2422.552490
1372.591797	2316.688965
1371.543945	2022.372192
1370.497070	1947.856934
1369.449219	1782.781860
1368.400391	1951.822510
1367.352539	1615.291260
1366.303711	1760.636108
1365.255859	1410.172852
1364.206055	1629.553345
1363.157227	1510.577271
1362.108398	1341.712646
1361.058594	1725.592041
1360.008789	1756.948608
1358.958984	1571.723022
1357.908203	1646.106445
1356.857422	1432.581909
1355.806641	1673.687622
1354.755859	1791.078857
1353.705078	1680.184448
1352.653320	1421.981201
1351.601563	1216.275757
1350.549805	1191.372070
1349.498047	1042.995483
1348.445313	1099.060791
1347.393555	979.431274
1346.340820	1337.230103
1345.287109	1129.878418
1344.234375	699.582825
1343.180664	466.506012
1342.126953	615.602295
1341.073242	140.831573
1340.019531	531.989746
1338.964844	417.980316
1337.910156	486.632233
1336.855469	588.503113
1335.799805	169.078705
1334.745117	297.173431
1333.689453	456.053009
1332.633789	792.534180
1331.578125	141.674576
1330.521484	274.628235
1329.464844	-58.612484
1328.408203	408.056854
1327.351563	-260.845276
1326.294922	-96.925446
1325.237305	230.111450
1324.179688	195.386292
1323.122070	-14.168378
1322.064453	81.247147
1321.005859	-217.864792
1319.947266	-30.239006
1318.888672	209.307022
1317.830078	-96.559822
1316.770508	-293.680695
1315.710938	-108.372665
1314.651367	-218.011826
1313.591797	-226.122681
1312.531250	-406.358673
1311.471680	-246.931625
1310.411133	155.262817
1309.349609	15.247187
1308.289063	139.254654
1307.227539	166.647736
1306.166016	163.452606
1305.104492	-256.491913
1304.042969	-134.737671
1302.980469	121.144440
1301.917969	216.938217
1300.855469	131.564529
1299.792969	-132.497177
1298.729492	38.631561
1297.666016	21.625059
1296.602539	155.103409
1295.539063	-275.481262
1294.474609	-109.058914
1293.411133	90.227478
1292.346680	-39.367687
1291.281250	84.705521
1290.216797	199.370300
1289.151367	-209.396027
1288.085938	158.748489
1287.020508	395.381073
1285.955078	19.746872
1284.888672	277.439758
1283.822266	-32.331230
1282.755859	419.858826
1281.689453	417.227753
1280.622070	402.893005
1279.554688	159.016693
1278.487305	200.980743
1277.419922	341.288239
1276.351563	631.353577
1275.283203	563.221680
1274.214844	366.434631
1273.146484	429.425201
1272.077148	705.221313
1271.008789	503.893646
1269.939453	358.760590
1268.869141	554.942444
1267.799805	295.373260
1266.729492	-6.144233
1265.659180	416.587097
1264.588867	484.171936
1263.517578	308.900116
1262.447266	579.572693
1261.375977	287.676239
1260.304688	408.899994
1259.232422	609.373718
1258.161133	529.906250
1257.088867	604.359192
1256.016602	315.105530
1254.943359	902.317932
1253.871094	491.953644
1252.797852	799.308105
1251.724609	808.387024
1250.650391	1008.398254
1249.577148	945.248291
1248.502930	1261.517822
1247.428711	958.622742
1246.354492	1009.507629
1245.279297	1185.958740
1244.204102	846.040466
1243.128906	666.701294
1242.053711	845.421204
1240.977539	791.631104
1239.902344	679.780212
1238.826172	804.914307
1237.750000	795.273438
1236.672852	520.897827
1235.595703	160.738510
1234.518555	394.912170
1233.441406	793.730896
1232.364258	600.756653
1231.286133	187.490677
1230.208008	-271.983154
1229.129883	168.299561
1228.051758	323.272003
1226.972656	325.193207
1225.893555	-150.196686
1224.814453	-83.339478
1223.734375	448.965302
1222.655273	448.487396
1221.575195	313.710236
1220.495117	-66.344803
1219.415039	210.896164
1218.333984	471.789856
1217.252930	323.174133
1216.171875	-179.185684
1215.090820	137.057709
1214.008789	-214.848358
1212.926758	6.469208
1211.844727	79.806961
1210.762695	-64.026817
1209.679688	4.629278
1208.597656	-132.236008
1207.513672	-181.372192
1206.430664	267.985260
1205.347656	343.349365
1204.263672	-116.524742
1203.179688	11.880623
1202.095703	-78.841049
1201.010742	5.643478
1199.925781	-89.702728
1198.840820	6.221612
1197.755859	636.545166
1196.670898	101.146500
1195.584961	61.026863
1194.499023	-156.370178
1193.413086	33.705101
1192.326172	90.191368
1191.239258	109.817383
1190.152344	145.512589
1189.065430	148.972015
1187.978516	85.734497
1186.890625	68.453453
1185.802734	359.103821
1184.714844	157.911896
1183.625977	581.577942
1182.538086	520.466248
1181.449219	98.856567
1180.360352	859.622253
1179.270508	628.545593
1178.180664	331.003876
1177.090820	827.305481
1176.000977	805.016541
1174.911133	743.730530
1173.820313	508.198364
1172.729492	689.887268
1171.638672	548.367249
1170.547852	684.087341
1169.456055	998.360779
1168.364258	607.151001
1167.272461	419.852203
1166.179688	1079.500366
1165.087891	928.729675
1163.995117	1196.674805
1162.902344	1469.041382
1161.808594	1960.787109
1160.715820	2251.089355
1159.622070	1880.594238
1158.528320	1864.464478
1157.433594	1475.856934
1156.339844	1450.617065
1155.245117	1288.312744
1154.149414	534.638794
1153.054688	621.366638
1151.958984	641.817749
1150.863281	210.424622
1149.767578	392.862549
1148.671875	415.525696
1147.575195	23.109674
1146.478516	29.796896
1145.381836	344.145508
1144.285156	352.959808
1143.187500	354.884460
1142.089844	-3.120732
1140.992188	76.225044
1139.894531	130.452560
1138.795898	-163.664703
1137.697266	-387.143433
1136.598633	-3.077895
1135.499023	50.922489
1134.400391	-213.518753
1133.300781	258.778442
1132.201172	67.047455
1131.100586	-29.200220
1130.000977	-34.551785
1128.900391	194.016281
1127.799805	379.288239
1126.698242	203.380859
1125.596680	11.613613
1124.495117	24.149939
1123.393555	202.278275
1122.291992	-68.912148
1121.189453	1007.214783
1120.086914	1212.045044
1118.984375	1217.230347
1117.881836	1784.473022
1116.778320	2102.124023
1115.674805	1939.276245
1114.571289	1805.893921
1113.466797	1953.304321
1112.363281	1930.803955
1111.258789	1874.289917
1110.153320	1509.953003
1109.048828	1790.554565
1107.943359	1679.628540
1106.837891	1460.135132
1105.732422	1317.558228
1104.625977	971.521240
1103.520508	1102.446411
1102.414063	1221.941162
1101.306641	523.547607
1100.200195	670.086365
1099.092773	999.375610
1097.985352	786.657349
1096.877930	368.583008
1095.769531	438.006378
1094.661133	579.513245
1093.552734	599.095032
1092.444336	388.594482
1091.335938	344.944336
1090.226563	301.220673
1089.117188	514.325989
1088.006836	434.371338
1086.897461	978.303650
1085.787109	596.373230
1084.676758	527.478882
1083.566406	694.873657
1082.455078	574.050964
1081.343750	648.937256
1080.232422	761.945496
1079.121094	564.481018
1078.008789	1063.982544
1076.896484	673.036560
1075.784180	605.794556
1074.671875	835.071899
1073.558594	1118.049194
1072.445313	801.184326
1071.332031	601.128723
1070.217773	392.070526
1069.104492	304.220245
1067.990234	521.451172
1066.875977	601.651306
1065.760742	405.840546
1064.645508	337.828918
1063.530273	686.713013
1062.415039	221.773209
1061.299805	395.547485
1060.183594	432.469452
1059.067383	-97.373177
1057.951172	302.190521
1056.833984	267.140747
1055.716797	97.710030
1054.599609	425.010681
1053.482422	-243.485657
1052.364258	284.810364
1051.247070	349.889038
1050.128906	39.218941
1049.009766	117.474609
1047.891602	-217.810089
1046.772461	9.926627
1045.653320	-251.718658
1044.533203	196.749023
1043.414063	-109.706024
1042.293945	-416.163361
1041.173828	-189.248611
1040.052734	19.575819
1038.932617	101.064049
1037.811523	53.022575
1036.689453	-73.174690
1035.568359	-96.878525
1034.446289	-198.720428
1033.324219	-146.903458
1032.202148	207.708344
1031.079102	-48.199638
1029.957031	223.593216
1028.833984	-123.729095
1027.709961	-117.183197
1026.586914	-19.524403
1025.462891	-131.170807
1024.338867	-76.094086
1023.214844	-167.927658
1022.089844	2.439012
1020.964844	-180.785675
1019.839844	-217.406967
1018.714844	-238.601181
1017.588867	-151.113556
1016.462891	91.631989
1015.336914	398.506104
1014.210938	176.867706
1013.083984	-27.075621
1011.957031	115.010536
1010.830078	219.188339
1009.702148	465.071320
1008.574219	520.045166
1007.446289	1804.972778
1006.318359	3465.877441
1005.190430	4496.708496
1004.061523	5320.910156
1002.932617	3892.545898
1001.802734	2557.645508
1000.673828	1046.166870
999.543945	210.144485
998.414063	221.703461
997.283203	392.347198
996.153320	-323.970032
995.022461	63.098259
993.891602	76.294991
992.759766	14.181826
991.628906	69.077347
990.497070	229.803894
989.364258	321.830170
988.232422	175.252899
987.099609	445.761047
985.966797	144.430649
984.833984	343.937927
983.700195	644.652588
982.566406	662.811279
981.432617	678.613831
980.298828	112.334320
979.164063	632.623474
978.029297	502.562225
976.894531	372.424805
975.759766	169.532379
974.624023	380.508118
973.488281	324.898407
972.352539	669.715942
971.215820	433.349335
970.080078	804.118103
968.943359	-224.174194
967.805664	293.578857
966.668945	571.377075
965.531250	618.133057
964.393555	642.765503
963.254883	500.283783
962.117188	797.012939
960.978516	788.251770
959.839844	436.919495
958.700195	794.494141
957.561523	684.446167
956.421875	811.222290
955.281250	1192.210693
954.141602	932.667786
953.000977	1122.504639
951.860352	1237.625854
950.719727	1488.439697
949.578125	1112.466797
948.436523	1051.952148
947.294922	829.319580
946.153320	746.801819
945.010742	633.552246
943.868164	286.121033
942.725586	336.912720
941.583008	352.597626
940.439453	431.567566
939.295898	165.001923
938.152344	641.594543
937.007813	307.170898
935.863281	239.344193
934.718750	204.234329
933.574219	99.191658
932.428711	229.873596
931.283203	107.241516
930.137695	-320.897034
928.992188	167.382706
927.845703	-42.613316
926.699219	-169.704651
925.552734	23.682070
924.405273	236.516876
923.257813	115.804710
922.110352	77.884705
920.962891	124.892921
919.814453	409.162781
918.666016	190.363525
917.517578	265.471222
916.369141	14.102573
915.219727	215.317688
914.070313	77.102470
912.920898	17.222181
911.770508	-566.626221
910.621094	238.724945
909.470703	-131.962830
908.319336	-430.818604
907.168945	-201.694260
906.017578	-367.921783
904.866211	-80.315804
903.713867	411.172607
902.562500	-43.667885
901.410156	-144.665009
900.256836	311.818085
899.104492	226.015274
897.951172	-137.256363
896.797852	113.090897
895.644531	133.654816
894.490234	-81.929192
893.335938	198.656998
892.181641	91.534645
891.027344	-206.003082
889.872070	-50.988392
888.716797	-164.314285
887.561523	109.746025
886.405273	-57.530781
885.249023	-222.487122
884.092773	12.685880
882.936523	260.804901
881.779297	61.541489
880.622070	303.205292
879.464844	-36.183853
878.307617	134.331329
877.149414	-113.999054
875.991211	-34.010284
874.833008	302.856476
873.673828	95.972786
872.514648	-140.891571
871.355469	183.173813
870.196289	-143.889481
869.036133	-91.322716
867.875977	-32.176956
866.715820	423.516693
865.554688	241.536819
864.394531	-26.313892
863.233398	-61.388462
862.071289	400.915161
860.910156	344.566650
859.748047	634.776245
858.585938	701.323669
857.422852	563.695251
856.259766	750.963318
855.096680	486.940002
853.933594	435.976746
852.770508	232.686432
851.606445	568.806213
850.442383	548.493103
849.277344	109.707085
848.113281	-45.305210
846.948242	269.908081
845.783203	173.256851
844.617188	402.885254
843.451172	-122.226997
842.285156	-102.299545
841.119141	-60.720074
839.952148	-128.242340
838.785156	-43.383877
837.618164	228.026001
836.451172	184.751602
835.283203	-162.300171
834.115234	-29.476133
832.947266	167.729935
831.778320	-86.352821
830.609375	-106.919830
829.440430	-97.277664
828.271484	57.993565
827.101563	138.621948
825.931641	347.691956
824.761719	91.177834
823.590820	469.409576
822.420898	-12.838594
821.250000	256.892609
820.078125	842.648010
818.907227	455.332794
817.735352	680.755005
816.562500	562.919983
815.390625	829.274048
814.217773	974.239563
813.044922	712.303345
811.872070	107.680344
810.698242	119.299431
809.524414	-113.752228
808.350586	-216.521759
807.176758	-52.849434
806.001953	-297.661469
804.827148	-278.212097
803.651367	47.838261
802.476563	178.346985
801.300781	-111.990334
800.125000	274.140778
798.948242	213.994263
797.772461	147.788315
796.595703	349.547852
795.417969	797.845825
794.241211	628.277405
793.063477	957.938721
791.885742	778.309509
790.707031	518.374634
789.529297	848.601746
788.350586	650.787354
787.170898	663.229858
785.992188	741.645081
784.812500	521.408386
783.632813	975.348450
782.452148	1081.868286
781.272461	676.033081
780.091797	579.754395
778.911133	919.847595
777.729492	153.063522
776.547852	260.759796
775.366211	679.595642
774.184570	51.515446
773.001953	417.738922
771.819336	380.212067
770.636719	-221.410294
769.453125	-195.013855
768.269531	-1.559814
767.085938	-190.292282
765.902344	290.575745
764.717773	271.064880
763.533203	118.755707
762.348633	494.177032
761.163086	139.658020
759.977539	-117.537888
758.791992	-119.351051
757.606445	85.547646
756.419922	341.042084
755.233398	181.437714
754.046875	226.348495
752.859375	604.084106
751.672852	446.925415
750.485352	24.682524
749.296875	469.777893
748.108398	782.176086
746.919922	778.955505
745.731445	889.350830
744.542969	810.510620
743.353516	628.732971
742.164063	585.778809
740.973633	780.278259
739.783203	783.546997
738.592773	436.108673
737.402344	487.756439
736.211914	323.162506
735.020508	578.343872
733.829102	692.807800
732.636719	884.790100
731.444336	487.360657
730.251953	492.621887
729.059570	543.945679
727.866211	546.978394
726.673828	-99.538261
725.479492	203.032242
724.286133	404.872711
723.091797	-233.021454
721.897461	-368.352112
720.703125	-325.839630
719.507813	166.354904
718.312500	49.538475
717.117188	210.792419
715.921875	68.710098
714.725586	-23.267027
713.529297	45.579952
712.332031	-59.138935
711.135742	124.304337
709.938477	737.688416
708.740234	839.159790
707.542969	1088.647705
706.344727	1740.603760
705.146484	2158.461914
703.948242	3207.953125
702.749023	3770.952881
701.549805	3622.666748
700.350586	2932.425781
699.150391	2217.368652
697.950195	1623.359863
696.750000	1273.193481
695.549805	481.648834
694.348633	385.668579
693.147461	483.195374
691.946289	212.288620
690.744141	-339.410980
689.541992	153.128494
688.339844	420.817261
687.136719	445.107880
685.934570	614.846313
684.730469	472.800110
683.527344	492.866669
682.323242	440.243896
681.119141	474.890564
679.915039	885.308105
678.710938	712.444580
677.505859	147.623260
676.300781	294.695557
675.094727	410.746094
673.889648	-30.791245
672.683594	295.049500
671.476563	237.594528
670.270508	315.133728
669.063477	148.530731
667.856445	676.117737
666.648438	543.396973
665.440430	75.864479
664.232422	494.752991
663.024414	-194.952499
661.815430	11.882230
660.606445	376.429321
659.397461	-85.475014
658.188477	69.551025
656.978516	694.404602
655.768555	357.110229
654.557617	409.232574
653.346680	350.839844
652.135742	107.769859
650.924805	51.746414
649.712891	98.112175
648.501953	50.886738
647.289063	-302.201080
646.077148	177.380280
644.864258	-44.636845
643.651367	-402.937988
642.438477	-242.059494
641.224609	56.622463
640.010742	577.559326
638.796875	9.074809
637.582031	15.420068
636.367188	456.340057
635.152344	691.738281
633.937500	530.589172
632.721680	329.124207
631.505859	817.431702
630.289063	1113.316650
629.073242	1397.867920
627.856445	1720.629395
626.639648	1831.099731
625.421875	1828.218750
624.204102	1658.823364
622.986328	1007.100464
621.768555	1125.427002
620.549805	856.338928
619.331055	411.540802
618.111328	800.390320
616.892578	156.660110
