1721.000977	-174.379227
1720.027344	192.929718
1719.052734	137.661560
1718.078125	48.350380
1717.104492	7.159182
1716.128906	-137.301910
1715.154297	340.793121
1714.178711	300.204651
1713.204102	48.905384
1712.228516	194.339264
1711.251953	303.290649
1710.276367	365.610291
1709.299805	9.953728
1708.324219	94.412399
1707.347656	252.607376
1706.370117	-116.945732
1705.393555	86.472099
1704.416016	123.104538
1703.438477	-37.591022
1702.460938	-83.484970
1701.483398	-9.516663
1700.505859	-125.049866
1699.527344	-41.512741
1698.548828	-50.271336
1697.570313	-5.642225
1696.591797	-170.714005
1695.612305	105.785263
1694.632813	108.777557
1693.653320	-62.006889
1692.673828	-31.307068
1691.694336	27.264496
1690.713867	-67.443428
1689.734375	-108.676895
1688.753906	-244.417404
1687.772461	-13.168248
1686.791992	-200.105652
1685.810547	247.398300
1684.830078	131.598633
1683.848633	135.434586
1682.866211	123.867859
1681.884766	-302.759216
1680.902344	1.272299
1679.919922	-99.551300
1678.937500	84.597694
1677.955078	-39.203327
1676.971680	-5.332601
1675.989258	56.492180
1675.005859	-13.979179
1674.022461	19.773119
1673.038086	-104.104980
1672.054688	-159.308762
1671.070313	-125.622787
1670.085938	-23.377899
1669.101563	50.891407
1668.117188	5.816390
1667.131836	252.627518
1666.146484	73.022232
1665.161133	-129.323944
1664.175781	147.850235
1663.189453	-97.530197
1662.204102	95.899231
1661.217773	73.768272
1660.231445	-214.441895
1659.245117	-48.918236
1658.257813	329.347565
1657.270508	178.119278
1656.284180	27.027418
1655.295898	-80.983841
1654.308594	157.920181
1653.321289	227.206146
1652.333008	-60.288101
1651.344727	115.326920
1650.356445	96.169479
1649.367188	49.223736
1648.378906	-33.010902
1647.389648	87.016701
1646.400391	73.113060
1645.411133	344.772827
1644.420898	123.761223
1643.431641	36.779537
1642.441406	257.908386
1641.451172	367.924194
1640.459961	162.424057
1639.469727	360.842773
1638.478516	-41.244644
1637.487305	533.044983
1636.496094	771.746643
1635.504883	606.992737
1634.512695	525.517151
1633.520508	310.554138
1632.528320	143.611008
1631.536133	737.591553
1630.543945	600.958069
1629.550781	935.299866
1628.557617	879.317505
1627.564453	1017.228943
1626.571289	603.998352
1625.578125	1131.997925
1624.583984	1589.356201
1623.589844	1460.577881
1622.595703	1221.263672
1621.601563	2025.385376
1620.606445	2037.454346
1619.611328	1810.836304
1618.616211	1946.139648
1617.621094	2053.797119
1616.625977	1907.807495
1615.629883	1839.721802
1614.633789	1648.702026
1613.637695	1447.762817
1612.641602	1979.641479
1611.645508	1964.430664
1610.648438	1778.677490
1609.651367	1603.067383
1608.654297	1615.603027
1607.657227	2066.818604
1606.659180	2039.183350
1605.662109	2036.677856
1604.664063	2119.342773
1603.666016	2515.070557
1602.666992	2324.689697
1601.668945	1821.516602
1600.669922	2204.588379
1599.670898	2317.266113
1598.671875	2122.185059
1597.671875	1767.088745
1596.672852	1792.324097
1595.672852	1730.030518
1594.672852	1785.271851
1593.671875	988.224731
1592.671875	1271.025269
1591.670898	809.215515
1590.669922	1309.242065
1589.668945	1242.213379
1588.667969	1374.956787
1587.666016	778.759033
1586.664063	1038.820313
1585.662109	582.694519
1584.660156	451.068634
1583.658203	394.328674
1582.655273	227.882538
1581.652344	290.871918
1580.649414	463.515015
1579.646484	147.670639
1578.642578	716.399231
1577.638672	71.822929
1576.634766	112.382729
1575.630859	3.539111
1574.626953	263.178375
1573.622070	-251.345886
1572.618164	18.203308
1571.613281	23.908642
1570.607422	467.351898
1569.602539	-71.628448
1568.596680	31.046585
1567.590820	131.194580
1566.584961	323.260651
1565.579102	-48.767124
1564.572266	140.750473
1563.566406	243.296356
1562.559570	-11.792263
1561.551758	60.902557
1560.544922	-0.429257
1559.537109	-250.356567
1558.530273	110.181641
1557.521484	138.134995
1556.513672	-200.934357
1555.505859	27.945189
1554.497070	-224.211761
1553.488281	448.193726
1552.479492	-150.842087
1551.470703	-130.276077
1550.460938	-176.616852
1549.451172	-74.351425
1548.441406	-142.952194
1547.431641	157.295959
1546.421875	-250.356674
1545.411133	-49.195858
1544.400391	55.416431
1543.389648	-52.706951
1542.378906	-51.979683
1541.367188	-98.242043
1540.355469	-142.004456
1539.343750	-168.442261
1538.332031	39.851254
1537.320313	-352.170319
1536.307617	-148.870468
1535.294922	-533.283081
1534.282227	42.736900
1533.269531	92.842377
1532.256836	172.545624
1531.243164	-275.727600
1530.229492	-3.593207
1529.215820	-42.269371
1528.202148	103.994537
1527.187500	-20.953655
1526.172852	285.434113
1525.158203	-204.118851
1524.143555	62.798286
1523.127930	-98.935211
1522.113281	-83.267151
1521.097656	112.095490
1520.082031	162.181122
1519.065430	113.814499
1518.049805	427.168671
1517.033203	140.216660
1516.016602	23.096180
1515.000000	193.714218
1513.982422	86.485611
1512.965820	-99.288017
1511.948242	103.241791
1510.930664	55.142242
1509.913086	-49.398354
1508.894531	84.296768
1507.875977	136.947067
1506.857422	312.338531
1505.838867	-62.016350
1504.820313	204.187973
1503.800781	41.011307
1502.781250	454.266663
1501.761719	394.161896
1500.742188	-43.403709
1499.721680	337.829071
1498.702148	76.965363
1497.681641	14.663536
1496.661133	77.345673
1495.639648	504.892334
1494.618164	72.940315
1493.597656	89.184875
1492.576172	222.913773
1491.553711	72.776421
1490.532227	-33.193214
1489.509766	103.027336
1488.487305	124.312851
1487.464844	174.976624
1486.442383	154.781189
1485.418945	308.123260
1484.395508	-171.325790
1483.372070	-144.901093
1482.348633	208.812195
1481.324219	-135.894470
1480.300781	190.921783
1479.276367	56.358803
1478.251953	-0.010083
1477.226563	138.841217
1476.202148	455.761230
1475.176758	-227.202423
1474.151367	292.101349
1473.125000	-32.140907
1472.099609	-100.280487
1471.073242	428.570557
1470.046875	-0.058040
1469.020508	275.385193
1467.994141	506.951660
1466.966797	297.836060
1465.939453	-79.064995
1464.912109	843.659241
1463.884766	437.743774
1462.856445	438.231171
1461.829102	348.838959
1460.800781	726.327454
1459.772461	945.721741
1458.743164	664.443481
1457.714844	1000.525940
1456.685547	1037.718384
1455.656250	904.955566
1454.625977	976.264954
1453.596680	1067.061890
1452.566406	864.182251
1451.536133	940.525146
1450.505859	888.321594
1449.474609	685.806396
1448.444336	595.026855
1447.413086	775.885864
1446.381836	685.254883
1445.350586	817.696777
1444.318359	569.724060
1443.286133	537.536011
1442.253906	650.757996
1441.221680	405.632477
1440.189453	373.730042
1439.156250	162.782394
1438.123047	334.351563
1437.089844	213.179947
1436.056641	723.467041
1435.022461	99.374451
1433.988281	2.725540
1432.954102	389.661133
1431.919922	-76.627228
1430.885742	184.673157
1429.850586	-174.939804
1428.815430	221.661407
1427.780273	-388.780884
1426.744141	242.024414
1425.708984	216.124374
1424.672852	-253.738693
1423.636719	-110.492455
1422.600586	213.687363
1421.563477	50.631268
1420.527344	-546.259155
1419.490234	-115.900902
1418.452148	-177.332825
1417.415039	-50.685169
1416.376953	68.742722
1415.338867	-18.938589
1414.300781	199.321594
1413.262695	198.488037
1412.224609	89.416077
1411.185547	-115.809105
1410.146484	-140.413391
1409.107422	-20.596161
1408.067383	294.036591
1407.027344	-86.280434
1405.987305	60.116684
1404.947266	26.270685
1403.907227	119.876656
1402.866211	321.614105
1401.826172	177.490585
1400.785156	254.416183
1399.743164	220.929932
1398.702148	552.413818
1397.660156	324.645630
1396.618164	406.573914
1395.576172	836.374146
1394.533203	707.245972
1393.491211	1208.886841
1392.448242	1264.477539
1391.405273	1818.653931
1390.361328	1994.041504
1389.318359	2571.934814
1388.274414	2538.854980
1387.230469	2608.835693
1386.186523	2973.353516
1385.141602	3581.928711
1384.097656	3460.413086
1383.052734	3432.325439
1382.007813	3507.183105
1380.961914	3555.760986
1379.916992	3310.296875
1378.871094	3256.243408
1377.825195	2872.453857
1376.778320	2692.000244
1375.732422	2643.107910
1374.685547	2247.952637
1373.638672	2027.368164
1372.591797	1990.783081
1371.543945	2025.879272
1370.497070	1545.565186
1369.449219	1750.283081
1368.400391	1869.090942
1367.352539	1689.811035
1366.303711	1260.291992
1365.255859	1291.144775
1364.206055	1362.530029
1363.157227	1424.438232
1362.108398	1448.266113
1361.058594	1400.676758
1360.008789	1598.451294
1358.958984	1550.976074
1357.908203	1520.230225
1356.857422	1491.940430
1355.806641	1796.828613
1354.755859	1744.827881
1353.705078	1119.742065
1352.653320	1148.855591
1351.601563	1508.461060
1350.549805	1347.456299
1349.498047	918.067200
1348.445313	1004.437622
1347.393555	1088.469116
1346.340820	847.169250
1345.287109	617.885010
1344.234375	735.326233
1343.180664	760.203796
1342.126953	573.958130
1341.073242	525.432312
1340.019531	436.660767
1338.964844	506.827118
1337.910156	496.418396
1336.855469	611.676147
1335.799805	229.311356
1334.745117	320.985901
1333.689453	365.286713
1332.633789	281.739594
1331.578125	368.742340
1330.521484	53.342201
1329.464844	-148.278870
1328.408203	378.956543
1327.351563	-52.010799
1326.294922	-276.994110
1325.237305	25.421377
1324.179688	228.468094
1323.122070	197.485214
1322.064453	161.831436
1321.005859	-169.078293
1319.947266	444.953125
1318.888672	-325.012451
1317.830078	-114.842903
1316.770508	22.087856
1315.710938	-1.468561
1314.651367	-60.372177
1313.591797	-95.619736
1312.531250	-152.057648
1311.471680	55.653469
1310.411133	411.805847
1309.349609	199.836487
1308.289063	68.123581
1307.227539	115.522141
1306.166016	120.541245
1305.104492	29.043562
1304.042969	-215.405121
1302.980469	25.134352
1301.917969	-61.497059
1300.855469	-16.307753
1299.792969	92.400894
1298.729492	-184.599792
1297.666016	-294.515839
1296.602539	-272.722778
1295.539063	-225.061096
1294.474609	-19.981926
1293.411133	-127.381454
1292.346680	75.291695
1291.281250	-243.388702
1290.216797	3.872385
1289.151367	333.189056
1288.085938	49.929256
1287.020508	498.783875
1285.955078	79.619545
1284.888672	244.555771
1283.822266	-3.195879
1282.755859	285.961761
1281.689453	310.200073
1280.622070	205.568344
1279.554688	117.399162
1278.487305	226.016281
1277.419922	-302.276093
1276.351563	330.778473
1275.283203	235.699997
1274.214844	77.499756
1273.146484	314.747620
1272.077148	420.914978
1271.008789	403.131927
1269.939453	415.751923
1268.869141	274.106659
1267.799805	597.579956
1266.729492	294.775513
1265.659180	573.736572
1264.588867	385.529114
1263.517578	615.331848
1262.447266	415.551849
1261.375977	474.906311
1260.304688	520.247009
1259.232422	661.213623
1258.161133	291.377228
1257.088867	842.740295
1256.016602	906.646729
1254.943359	770.076233
1253.871094	524.068420
1252.797852	984.071289
1251.724609	803.346619
1250.650391	615.717957
1249.577148	1268.658447
1248.502930	1018.178650
1247.428711	760.833374
1246.354492	1006.161316
1245.279297	804.763489
1244.204102	738.342957
1243.128906	778.915039
1242.053711	963.604553
1240.977539	783.320984
1239.902344	812.256104
1238.826172	938.744873
1237.750000	830.603821
1236.672852	552.988647
1235.595703	289.434448
1234.518555	455.390198
1233.441406	4.015759
1232.364258	536.533508
1231.286133	628.103271
1230.208008	510.924011
1229.129883	474.944824
1228.051758	253.548187
1226.972656	185.194702
1225.893555	499.169373
1224.814453	-44.074909
1223.734375	165.586502
1222.655273	132.051971
1221.575195	320.750793
1220.495117	326.530426
1219.415039	207.359375
1218.333984	201.585022
1217.252930	-90.980331
1216.171875	275.604462
1215.090820	-60.778015
1214.008789	25.957895
1212.926758	66.433067
1211.844727	-131.071487
1210.762695	108.065056
1209.679688	243.162796
1208.597656	-164.352798
1207.513672	217.717346
1206.430664	-171.170090
1205.347656	-241.484070
1204.263672	-360.220917
1203.179688	-33.802799
1202.095703	121.844246
1201.010742	-59.158894
1199.925781	144.804657
1198.840820	678.179932
1197.755859	-175.521637
1196.670898	76.687988
1195.584961	17.906252
1194.499023	-462.156281
1193.413086	158.191544
1192.326172	400.855774
1191.239258	-46.789017
1190.152344	299.307709
1189.065430	219.809662
1187.978516	377.154083
1186.890625	-1.170989
1185.802734	98.673897
1184.714844	200.762619
1183.625977	125.911400
1182.538086	218.744644
1181.449219	242.637268
1180.360352	776.123962
1179.270508	269.692749
1178.180664	724.890076
1177.090820	867.887451
1176.000977	960.352417
1174.911133	899.136230
1173.820313	794.363586
1172.729492	696.502808
1171.638672	747.619751
1170.547852	807.866516
1169.456055	572.590332
1168.364258	639.677490
1167.272461	576.225098
1166.179688	723.357971
1165.087891	939.075378
1163.995117	1049.427856
1162.902344	1409.039795
1161.808594	1574.078979
1160.715820	1793.915649
1159.622070	1668.451782
1158.528320	1641.296387
1157.433594	1995.702881
1156.339844	1258.010376
1155.245117	488.644348
1154.149414	664.897156
1153.054688	847.912720
1151.958984	378.065552
1150.863281	248.398056
1149.767578	442.714355
1148.671875	178.474838
1147.575195	272.331177
1146.478516	261.247681
1145.381836	352.715912
1144.285156	355.243073
1143.187500	-75.136368
1142.089844	228.084824
1140.992188	-172.523682
1139.894531	-217.810181
1138.795898	-276.771606
1137.697266	23.825912
1136.598633	-21.573021
1135.499023	128.632263
1134.400391	-280.703064
1133.300781	-53.263737
1132.201172	-171.483856
1131.100586	48.932411
1130.000977	137.441956
1128.900391	139.543396
1127.799805	209.744095
1126.698242	200.390549
1125.596680	143.329971
1124.495117	102.143616
1123.393555	287.854126
1122.291992	185.323959
1121.189453	770.024475
1120.086914	1089.111450
1118.984375	1219.845947
1117.881836	1411.676270
1116.778320	1950.073486
1115.674805	2030.537476
1114.571289	1734.922729
1113.466797	1880.965820
1112.363281	1648.815918
1111.258789	1538.935425
1110.153320	1490.147583
1109.048828	1122.328003
1107.943359	1494.286621
1106.837891	1054.144409
1105.732422	1107.044922
1104.625977	1300.005859
1103.520508	1140.278198
1102.414063	603.218201
1101.306641	764.356140
1100.200195	670.165894
1099.092773	666.265198
1097.985352	547.173828
1096.877930	459.675934
1095.769531	286.394073
1094.661133	340.973114
1093.552734	372.912018
1092.444336	339.377747
1091.335938	414.002106
1090.226563	508.798035
1089.117188	346.594208
1088.006836	366.864349
1086.897461	555.997620
1085.787109	346.376160
1084.676758	334.895142
1083.566406	730.752808
1082.455078	759.531982
1081.343750	540.741333
1080.232422	792.082947
1079.121094	948.782288
1078.008789	682.629028
1076.896484	773.917297
1075.784180	323.481812
1074.671875	1165.079468
1073.558594	1103.183105
1072.445313	722.329407
1071.332031	552.618713
1070.217773	789.184082
1069.104492	278.224976
1067.990234	530.274048
1066.875977	454.602417
1065.760742	495.479553
1064.645508	428.614227
1063.530273	435.665558
1062.415039	541.230164
1061.299805	480.834381
1060.183594	23.840994
1059.067383	131.353760
1057.951172	-92.679146
1056.833984	81.761147
1055.716797	88.153610
1054.599609	114.575371
1053.482422	-67.173767
1052.364258	126.799736
1051.247070	-55.083290
1050.128906	-35.796551
1049.009766	168.873596
1047.891602	304.082855
1046.772461	258.138367
1045.653320	-201.116882
1044.533203	2.940667
1043.414063	10.342463
1042.293945	-361.851166
1041.173828	-236.347534
1040.052734	-1.707035
1038.932617	259.493195
1037.811523	163.625305
1036.689453	87.731178
1035.568359	-32.816502
1034.446289	13.697667
1033.324219	-358.811768
1032.202148	95.154419
1031.079102	-52.535091
1029.957031	-160.186264
1028.833984	19.227917
1027.709961	27.050245
1026.586914	-92.063652
1025.462891	302.592407
1024.338867	-361.691101
1023.214844	137.093048
1022.089844	-322.612915
1020.964844	-219.943924
1019.839844	-126.345810
1018.714844	-110.670616
1017.588867	-88.492058
1016.462891	-188.585190
1015.336914	-13.485576
1014.210938	210.224350
1013.083984	-72.240349
1011.957031	-4.197192
1010.830078	343.142578
1009.702148	488.380493
1008.574219	908.316650
1007.446289	1534.052368
1006.318359	2886.188965
1005.190430	4651.855469
1004.061523	4447.500488
1002.932617	3888.795654
1001.802734	2358.283691
1000.673828	956.730896
999.543945	509.413666
998.414063	205.969238
997.283203	66.185791
996.153320	406.213593
995.022461	-25.663965
993.891602	663.175293
992.759766	443.284882
991.628906	79.773170
990.497070	389.965759
989.364258	512.147766
988.232422	419.998657
987.099609	535.226257
985.966797	400.887390
984.833984	778.345825
983.700195	579.752258
982.566406	420.812317
981.432617	380.866455
980.298828	422.368469
979.164063	604.734375
978.029297	449.783752
976.894531	226.482178
975.759766	236.592178
974.624023	486.541321
973.488281	95.673119
972.352539	532.343994
971.215820	669.430542
970.080078	634.764465
968.943359	496.598053
967.805664	694.760193
966.668945	395.923157
965.531250	725.631714
964.393555	347.554718
963.254883	193.572372
962.117188	448.064880
960.978516	1062.400635
959.839844	576.526550
958.700195	575.771667
957.561523	618.806213
956.421875	712.142639
955.281250	1020.235413
954.141602	825.970215
953.000977	1238.902100
951.860352	1544.142822
950.719727	928.838623
949.578125	1216.252197
948.436523	1155.190918
947.294922	721.816833
946.153320	500.889771
945.010742	323.719055
943.868164	606.054016
942.725586	297.498322
941.583008	96.163506
940.439453	174.698685
939.295898	170.041092
938.152344	12.310235
937.007813	219.459869
935.863281	-58.552902
934.718750	456.332916
933.574219	-166.770798
932.428711	135.964691
931.283203	-194.471893
930.137695	214.922043
928.992188	-224.589142
927.845703	221.549881
926.699219	165.882858
925.552734	491.705505
924.405273	265.858368
923.257813	20.451811
922.110352	110.617615
920.962891	161.491501
919.814453	48.957035
918.666016	454.581879
917.517578	198.302643
916.369141	-227.627594
915.219727	366.932617
914.070313	128.137070
912.920898	-8.366508
911.770508	-255.729553
910.621094	-74.776344
909.470703	-4.773773
908.319336	28.230682
907.168945	395.733124
906.017578	107.228508
904.866211	168.394318
903.713867	-128.631516
902.562500	-128.188828
901.410156	143.428497
900.256836	70.032593
899.104492	-66.173492
897.951172	-442.975586
896.797852	84.284279
895.644531	58.734669
894.490234	-81.622803
893.335938	152.842453
892.181641	-175.799545
891.027344	-21.447567
889.872070	-111.736427
888.716797	228.706512
887.561523	326.732544
886.405273	-122.500000
885.249023	-147.610794
884.092773	-222.369614
882.936523	-54.936882
881.779297	-306.771149
880.622070	258.257660
879.464844	-97.057739
878.307617	204.364395
877.149414	-189.488815
875.991211	16.992821
874.833008	55.152756
873.673828	425.618988
872.514648	-222.084534
871.355469	-17.567509
870.196289	-52.353706
869.036133	-37.455391
867.875977	22.807158
866.715820	296.453064
865.554688	156.509460
864.394531	214.901428
863.233398	277.679718
862.071289	319.016144
860.910156	394.924774
859.748047	625.820374
858.585938	284.596283
857.422852	769.440491
856.259766	392.066345
855.096680	34.371586
853.933594	59.519482
852.770508	372.708466
851.606445	159.646500
850.442383	470.831207
849.277344	210.923889
848.113281	219.645996
846.948242	219.934479
845.783203	76.657181
844.617188	55.870388
843.451172	144.648529
842.285156	-66.580032
841.119141	-386.836212
839.952148	32.550022
838.785156	-38.683830
837.618164	-482.386993
836.451172	-163.322891
835.283203	-118.266365
834.115234	63.964382
832.947266	212.078384
831.778320	-80.413757
830.609375	264.856476
829.440430	182.484558
828.271484	166.644028
827.101563	-45.634605
825.931641	398.449677
824.761719	415.257599
823.590820	455.761383
822.420898	223.145447
821.250000	405.028778
820.078125	484.580933
818.907227	549.402710
817.735352	529.071045
816.562500	289.262970
815.390625	1077.659790
814.217773	714.644043
813.044922	74.942940
811.872070	153.904404
810.698242	-141.916336
809.524414	-53.972618
808.350586	-97.866188
807.176758	-132.988007
806.001953	153.518311
804.827148	135.827011
803.651367	-0.779606
802.476563	241.518539
801.300781	226.622620
800.125000	86.525894
798.948242	127.374207
797.772461	317.192505
796.595703	352.047150
795.417969	850.120667
794.241211	418.116058
793.063477	812.362183
791.885742	302.463196
790.707031	739.409119
789.529297	798.756348
788.350586	429.838623
787.170898	864.950684
785.992188	755.245178
784.812500	1222.282959
783.632813	839.591675
782.452148	696.657776
781.272461	763.678711
780.091797	589.454468
778.911133	692.827942
777.729492	356.098022
776.547852	277.856995
775.366211	398.690674
774.184570	669.805908
773.001953	-82.463036
771.819336	-411.407990
770.636719	-420.900635
769.453125	-214.716095
768.269531	-114.100037
767.085938	-7.045653
765.902344	-214.514954
764.717773	51.111504
763.533203	65.590912
762.348633	0.015601
761.163086	-86.514519
759.977539	-40.016373
758.791992	-162.108871
757.606445	-96.426643
756.419922	-144.486969
755.233398	35.129932
754.046875	503.343872
752.859375	181.649292
751.672852	296.035248
750.485352	545.156738
749.296875	499.578064
748.108398	353.085266
746.919922	330.820465
745.731445	542.054626
744.542969	610.253967
743.353516	171.846573
742.164063	687.786072
740.973633	262.215424
739.783203	206.556915
738.592773	220.237717
737.402344	278.001404
736.211914	352.525177
735.020508	143.686432
733.829102	472.040436
732.636719	586.249817
731.444336	610.201965
730.251953	445.406433
729.059570	-2.326353
727.866211	459.596161
726.673828	3.588493
725.479492	-66.868355
724.286133	149.542084
723.091797	-172.289581
721.897461	347.396423
720.703125	-45.635281
719.507813	67.720360
718.312500	-32.412804
717.117188	-176.511673
715.921875	5.505720
714.725586	-136.653290
713.529297	-84.511902
712.332031	55.235340
711.135742	59.046608
709.938477	540.923279
708.740234	454.597412
707.542969	779.380432
706.344727	1477.395508
705.146484	2239.630371
703.948242	2920.041992
702.749023	3239.258545
701.549805	3564.457275
700.350586	2567.987061
699.150391	1719.805908
697.950195	1380.221680
696.750000	638.718018
695.549805	407.607391
694.348633	39.095924
693.147461	5.744734
691.946289	3.524589
690.744141	200.917236
689.541992	333.662109
688.339844	198.048828
687.136719	185.073288
685.934570	868.291992
684.730469	840.519531
683.527344	305.878723
682.323242	-33.308220
681.119141	115.595795
679.915039	272.746796
678.710938	241.001160
677.505859	292.300812
676.300781	436.990662
675.094727	102.632523
673.889648	411.293945
672.683594	104.292053
671.476563	222.421173
670.270508	324.107971
669.063477	-100.176773
667.856445	354.034576
666.648438	543.284180
665.440430	-169.726959
664.232422	345.097870
663.024414	295.235962
661.815430	340.956573
660.606445	114.138947
659.397461	121.543533
658.188477	208.030457
656.978516	177.269394
655.768555	4.607324
654.557617	47.516376
653.346680	6.480030
652.135742	-52.321724
650.924805	-97.858818
649.712891	-134.209229
648.501953	-229.389450
647.289063	266.395233
646.077148	-321.567505
644.864258	-66.962662
643.651367	-462.506104
642.438477	91.328087
641.224609	-389.890259
640.010742	86.266052
638.796875	-0.405860
637.582031	478.708832
636.367188	370.754791
635.152344	620.687927
633.937500	681.170776
632.721680	227.506805
631.505859	1069.552734
630.289063	1117.994507
629.073242	1534.628906
627.856445	1448.183716
626.639648	1120.005249
625.421875	1394.484497
624.204102	1244.711060
622.986328	683.443481
621.768555	644.874573
620.549805	605.627197
619.331055	-14.672132
618.111328	146.283417
616.892578	130.554306
