1721.000977	-37.994736
1720.027344	-10.777452
1719.052734	72.136406
1718.078125	46.625633
1717.104492	51.307236
1716.128906	-6.155634
1715.154297	33.287880
1714.178711	128.570801
1713.204102	49.006039
1712.228516	-69.470802
1711.251953	-32.099541
1710.276367	-72.047340
1709.299805	46.352242
1708.324219	-81.523270
1707.347656	-25.447718
1706.370117	-44.020672
1705.393555	-78.307999
1704.416016	150.555252
1703.438477	112.964981
1702.460938	67.385376
1701.483398	-39.855591
1700.505859	-93.675499
1699.527344	-186.110428
1698.548828	22.722300
1697.570313	-70.241653
1696.591797	91.987663
1695.612305	458.181122
1694.632813	65.743378
1693.653320	-28.108255
1692.673828	59.059978
1691.694336	115.376762
1690.713867	41.372868
1689.734375	74.350761
1688.753906	-180.999390
1687.772461	-43.822216
1686.791992	-21.535913
1685.810547	-83.505905
1684.830078	114.294846
1683.848633	-88.035385
1682.866211	-320.973633
1681.884766	-146.533035
1680.902344	157.541367
1679.919922	66.905907
1678.937500	4.205853
1677.955078	109.351830
1676.971680	122.794678
1675.989258	220.090118
1675.005859	7.088288
1674.022461	104.221893
1673.038086	104.672089
1672.054688	204.176758
1671.070313	161.320099
1670.085938	-21.249989
1669.101563	-8.260611
1668.117188	-33.393181
1667.131836	20.122866
1666.146484	-15.228287
1665.161133	114.324539
1664.175781	73.851173
1663.189453	193.135086
1662.204102	41.066196
1661.217773	-207.295059
1660.231445	-29.767145
1659.245117	129.942627
1658.257813	162.897247
1657.270508	91.987778
1656.284180	-151.078430
1655.295898	64.195740
1654.308594	203.461731
1653.321289	76.942078
1652.333008	-72.301918
1651.344727	114.981361
1650.356445	-26.598188
1649.367188	-251.566437
1648.378906	150.570938
1647.389648	183.508652
1646.400391	125.474281
1645.411133	-185.176666
1644.420898	19.621368
1643.431641	-98.897758
1642.441406	196.737823
1641.451172	85.831322
1640.459961	80.984222
1639.469727	136.738434
1638.478516	-1.784803
1637.487305	202.814957
1636.496094	271.173767
1635.504883	289.101471
1634.512695	269.219818
1633.520508	204.007080
1632.528320	363.101990
1631.536133	68.696983
1630.543945	328.549835
1629.550781	532.905334
1628.557617	533.272461
1627.564453	659.518311
1626.571289	602.025513
1625.578125	496.775330
1624.583984	595.336609
1623.589844	857.355835
1622.595703	970.935120
1621.601563	1031.696289
1620.606445	707.885010
1619.611328	1092.871094
1618.616211	1198.844360
1617.621094	963.180664
1616.625977	1039.042358
1615.629883	1034.532715
1614.633789	949.715515
1613.637695	1123.459473
1612.641602	1171.686890
1611.645508	969.040771
1610.648438	1227.990479
1609.651367	1115.714844
1608.654297	950.853210
1607.657227	1345.051270
1606.659180	1433.343994
1605.662109	1341.227051
1604.664063	1346.845337
1603.666016	1372.511108
1602.666992	1583.462646
1601.668945	1246.090088
1600.669922	1266.779297
1599.670898	1309.993286
1598.671875	1313.169800
1597.671875	1371.371338
1596.672852	1206.994629
1595.672852	962.672058
1594.672852	1288.417114
1593.671875	1124.160278
1592.671875	912.515442
1591.670898	878.327637
1590.669922	864.142761
1589.668945	660.181763
1588.667969	613.601501
1587.666016	634.428345
1586.664063	365.757813
1585.662109	803.316956
1584.660156	295.249878
1583.658203	378.490601
1582.655273	411.813660
1581.652344	472.548065
1580.649414	343.828156
1579.646484	265.002106
1578.642578	136.367966
1577.638672	366.480377
1576.634766	235.386780
1575.630859	383.214722
1574.626953	97.830025
1573.622070	116.188095
1572.618164	283.849731
1571.613281	264.839417
1570.607422	183.640244
1569.602539	-46.720169
1568.596680	76.045410
1567.590820	64.526855
1566.584961	137.505157
1565.579102	31.553333
1564.572266	308.187500
1563.566406	33.348389
1562.559570	198.117355
1561.551758	427.345764
1560.544922	140.217606
1559.537109	-303.145721
1558.530273	221.282532
1557.521484	8.751495
1556.513672	198.073395
1555.505859	50.104309
1554.497070	-16.016403
1553.488281	-64.767052
1552.479492	-170.493378
1551.470703	-23.489319
1550.460938	-181.219009
1549.451172	-247.263229
1548.441406	149.692505
1547.431641	-89.675972
1546.421875	-14.652787
1545.411133	-53.494942
1544.400391	-70.062447
1543.389648	269.513947
1542.378906	-4.285189
1541.367188	-129.657211
1540.355469	123.181458
1539.343750	202.930206
1538.332031	-80.539711
1537.320313	-74.894112
1536.307617	-5.058819
1535.294922	109.186340
1534.282227	-48.159382
1533.269531	120.334900
1532.256836	2.525886
1531.243164	-107.848106
1530.229492	-72.657684
1529.215820	122.801544
1528.202148	160.389236
1527.187500	193.015640
1526.172852	43.263306
1525.158203	51.259521
1524.143555	-68.842079
1523.127930	47.524097
1522.113281	-74.989876
1521.097656	19.172653
1520.082031	5.000499
1519.065430	224.593491
1518.049805	-20.876776
1517.033203	21.532164
1516.016602	-88.545357
1515.000000	25.166462
1513.982422	-77.499084
1512.965820	55.829739
1511.948242	-29.591972
1510.930664	-186.214859
1509.913086	-195.401779
1508.894531	-59.713863
1507.875977	-100.842018
1506.857422	115.778671
1505.838867	84.460159
1504.820313	-22.898664
1503.800781	-61.532681
1502.781250	358.466797
1501.761719	287.907806
1500.742188	23.725433
1499.721680	122.385025
1498.702148	194.070526
1497.681641	1.138029
1496.661133	-159.862259
1495.639648	220.397415
1494.618164	76.567810
1493.597656	40.526196
1492.576172	178.257736
1491.553711	34.552994
1490.532227	138.005814
1489.509766	6.625871
1488.487305	56.262081
1487.464844	242.794785
1486.442383	-22.908335
1485.418945	58.503105
1484.395508	34.841797
1483.372070	67.388481
1482.348633	7.137755
1481.324219	-1.808907
1480.300781	60.070595
1479.276367	124.370354
1478.251953	120.341385
1477.226563	-76.401093
1476.202148	122.090599
1475.176758	205.899017
1474.151367	136.099274
1473.125000	-133.533142
1472.099609	25.885738
1471.073242	-121.742981
1470.046875	195.972107
1469.020508	272.471863
1467.994141	144.433411
1466.966797	242.857010
1465.939453	229.306778
1464.912109	-10.512791
1463.884766	136.612549
1462.856445	344.496613
1461.829102	228.902588
1460.800781	123.098373
1459.772461	112.165436
1458.743164	283.519226
1457.714844	292.049683
1456.685547	426.911560
1455.656250	401.448914
1454.625977	645.543091
1453.596680	479.301544
1452.566406	567.996460
1451.536133	384.903351
1450.505859	405.709991
1449.474609	162.137772
1448.444336	127.268318
1447.413086	414.897583
1446.381836	280.654388
1445.350586	114.994064
1444.318359	189.302185
1443.286133	486.480865
1442.253906	509.881897
1441.221680	354.116852
1440.189453	353.392975
1439.156250	316.385040
1438.123047	163.268387
1437.089844	58.640869
1436.056641	384.653046
1435.022461	246.222015
1433.988281	40.185028
1432.954102	177.532486
1431.919922	53.838741
1430.885742	41.381306
1429.850586	50.698498
1428.815430	21.400774
1427.780273	95.986305
1426.744141	1.567715
1425.708984	47.232609
1424.672852	-160.487198
1423.636719	-196.778351
1422.600586	-100.347816
1421.563477	-81.104279
1420.527344	8.098004
1419.490234	61.131054
1418.452148	-76.235435
1417.415039	-158.072769
1416.376953	-66.395439
1415.338867	-49.384628
1414.300781	-87.731735
1413.262695	-169.362534
1412.224609	100.508133
1411.185547	35.780460
1410.146484	67.360924
1409.107422	-14.096206
1408.067383	-109.921089
1407.027344	-83.041389
1405.987305	-24.882946
1404.947266	-65.256363
1403.907227	117.898834
1402.866211	-131.432892
1401.826172	61.337921
1400.785156	232.440063
1399.743164	264.246613
1398.702148	159.262772
1397.660156	272.737091
1396.618164	450.981689
1395.576172	293.349915
1394.533203	382.840149
1393.491211	544.269775
1392.448242	784.766479
1391.405273	751.964417
1390.361328	620.955933
1389.318359	1191.999268
1388.274414	1245.455078
1387.230469	1385.133057
1386.186523	1012.427429
1385.141602	1535.145508
1384.097656	1466.568848
1383.052734	1467.433105
1382.007813	1537.704102
1380.961914	1818.435425
1379.916992	1716.507568
1378.871094	1464.039673
1377.825195	1226.053833
1376.778320	1222.375122
1375.732422	1082.561890
1374.685547	1019.264343
1373.638672	1003.789795
1372.591797	904.790344
1371.543945	824.952515
1370.497070	807.238464
1369.449219	679.798828
1368.400391	810.069092
1367.352539	625.507141
1366.303711	472.045166
1365.255859	430.732788
1364.206055	582.509705
1363.157227	360.142639
1362.108398	571.498047
1361.058594	708.944458
1360.008789	667.757263
1358.958984	731.375732
1357.908203	590.277832
1356.857422	592.057251
1355.806641	641.451965
1354.755859	674.201965
1353.705078	737.881042
1352.653320	506.709625
1351.601563	503.880859
1350.549805	774.408081
1349.498047	246.425766
1348.445313	421.906281
1347.393555	276.691040
1346.340820	563.752502
1345.287109	501.701721
1344.234375	211.835114
1343.180664	289.953339
1342.126953	515.165344
1341.073242	251.642700
1340.019531	130.556931
1338.964844	618.915833
1337.910156	322.416107
1336.855469	132.721497
1335.799805	194.300766
1334.745117	170.594360
1333.689453	213.233505
1332.633789	-23.553947
1331.578125	-9.258538
1330.521484	-37.561764
1329.464844	102.189934
1328.408203	14.765765
1327.351563	133.196671
1326.294922	-62.945412
1325.237305	-3.628944
1324.179688	67.500687
1323.122070	126.802544
1322.064453	205.000931
1321.005859	20.947765
1319.947266	-179.541458
1318.888672	-70.584244
1317.830078	-193.020737
1316.770508	-320.116089
1315.710938	-48.322487
1314.651367	27.543364
1313.591797	-64.085228
1312.531250	-96.705765
1311.471680	214.951309
1310.411133	31.447941
1309.349609	-156.680923
1308.289063	88.849770
1307.227539	-47.352970
1306.166016	252.240936
1305.104492	38.385147
1304.042969	-92.967491
1302.980469	25.240406
1301.917969	21.042774
1300.855469	89.792877
1299.792969	167.935776
1298.729492	32.048462
1297.666016	-167.247284
1296.602539	-11.496636
1295.539063	29.042372
1294.474609	100.112816
1293.411133	-138.912766
1292.346680	23.782129
1291.281250	-6.130810
1290.216797	-12.538879
1289.151367	182.907715
1288.085938	35.684158
1287.020508	-64.545685
1285.955078	27.614466
1284.888672	82.216446
1283.822266	106.325256
1282.755859	-96.934303
1281.689453	131.107513
1280.622070	206.758484
1279.554688	282.386261
1278.487305	67.586418
1277.419922	133.864624
1276.351563	-26.955662
1275.283203	317.835022
1274.214844	236.619308
1273.146484	309.846283
1272.077148	-2.871463
1271.008789	121.838127
1269.939453	8.030460
1268.869141	139.699585
1267.799805	-4.425076
1266.729492	143.557678
1265.659180	200.386520
1264.588867	296.897278
1263.517578	211.253418
1262.447266	202.690155
1261.375977	173.128342
1260.304688	339.582001
1259.232422	184.040848
1258.161133	406.407990
1257.088867	206.629761
1256.016602	156.145966
1254.943359	457.626038
1253.871094	341.875336
1252.797852	517.389160
1251.724609	313.175629
1250.650391	486.296783
1249.577148	554.587280
1248.502930	413.356903
1247.428711	365.281738
1246.354492	394.012085
1245.279297	469.252655
1244.204102	365.392426
1243.128906	182.530930
1242.053711	322.875153
1240.977539	263.286133
1239.902344	368.707672
1238.826172	513.576721
1237.750000	428.454102
1236.672852	152.958664
1235.595703	242.073013
1234.518555	138.506134
1233.441406	72.121246
1232.364258	244.730835
1231.286133	166.758530
1230.208008	-36.399029
1229.129883	263.648773
1228.051758	109.245628
1226.972656	293.262512
1225.893555	67.099907
1224.814453	-70.929672
1223.734375	78.275192
1222.655273	169.538925
1221.575195	128.814438
1220.495117	83.482658
1219.415039	21.979134
1218.333984	251.989319
1217.252930	63.273060
1216.171875	228.435791
1215.090820	16.700159
1214.008789	-53.951458
1212.926758	122.693855
1211.844727	-158.180328
1210.762695	-18.536901
1209.679688	-105.266518
1208.597656	-168.861389
1207.513672	-144.717957
1206.430664	-279.810913
1205.347656	74.303070
1204.263672	-111.524368
1203.179688	-52.801136
1202.095703	-208.531143
1201.010742	-25.325699
1199.925781	-190.208313
1198.840820	-124.591118
1197.755859	-72.819870
1196.670898	84.880798
1195.584961	267.839081
1194.499023	137.625137
1193.413086	-15.542305
1192.326172	176.532150
1191.239258	-54.794247
1190.152344	63.607349
1189.065430	133.670486
1187.978516	189.910721
1186.890625	-151.535110
1185.802734	-51.587151
1184.714844	156.307251
1183.625977	-14.912299
1182.538086	252.603302
1181.449219	235.284088
1180.360352	263.887604
1179.270508	283.298706
1178.180664	114.550346
1177.090820	418.454895
1176.000977	208.475128
1174.911133	411.337494
1173.820313	320.667206
1172.729492	395.063446
1171.638672	286.110107
1170.547852	126.808983
1169.456055	169.136826
1168.364258	170.227982
1167.272461	420.873291
1166.179688	291.440155
1165.087891	228.435562
1163.995117	453.736969
1162.902344	669.791138
1161.808594	430.647095
1160.715820	968.997314
1159.622070	839.621643
1158.528320	760.582031
1157.433594	587.894226
1156.339844	668.856140
1155.245117	293.003479
1154.149414	499.570435
1153.054688	445.804077
1151.958984	314.458801
1150.863281	516.319153
1149.767578	209.355637
1148.671875	331.319916
1147.575195	213.792252
1146.478516	315.176270
1145.381836	418.791992
1144.285156	62.047352
1143.187500	306.919067
1142.089844	41.459141
1140.992188	242.954407
1139.894531	123.334236
1138.795898	56.112423
1137.697266	118.635872
1136.598633	219.804657
1135.499023	-143.123322
1134.400391	-46.496910
1133.300781	15.971503
1132.201172	-130.728622
1131.100586	-72.831612
1130.000977	-51.315235
1128.900391	-113.872383
1127.799805	-28.783161
1126.698242	85.774719
1125.596680	45.905914
1124.495117	28.740870
1123.393555	36.536995
1122.291992	103.305580
1121.189453	240.341522
1120.086914	227.643997
1118.984375	457.521149
1117.881836	474.226410
1116.778320	518.099609
1115.674805	602.723816
1114.571289	598.959900
1113.466797	753.700378
1112.363281	917.418579
1111.258789	311.440979
1110.153320	649.401794
1109.048828	738.323242
1107.943359	682.414490
1106.837891	520.225525
1105.732422	692.722534
1104.625977	422.063568
1103.520508	327.792358
1102.414063	116.047653
1101.306641	396.830811
1100.200195	302.570465
1099.092773	384.448212
1097.985352	554.308899
1096.877930	-56.828480
1095.769531	185.215393
1094.661133	291.771729
1093.552734	98.287270
1092.444336	15.359045
1091.335938	119.560707
1090.226563	302.573395
1089.117188	88.880791
1088.006836	210.933487
1086.897461	71.635071
1085.787109	166.561203
1084.676758	63.299088
1083.566406	326.945801
1082.455078	347.401062
1081.343750	334.070496
1080.232422	300.473053
1079.121094	583.945923
1078.008789	487.285339
1076.896484	613.172363
1075.784180	334.455902
1074.671875	419.813141
1073.558594	428.717804
1072.445313	341.017120
1071.332031	60.226063
1070.217773	-29.675823
1069.104492	371.930542
1067.990234	62.040001
1066.875977	270.443237
1065.760742	384.512238
1064.645508	198.029968
1063.530273	197.657867
1062.415039	47.082848
1061.299805	116.126534
1060.183594	180.611954
1059.067383	-37.177788
1057.951172	76.489098
1056.833984	174.384766
1055.716797	-186.635315
1054.599609	52.160671
1053.482422	-13.452495
1052.364258	-34.355122
1051.247070	121.369789
1050.128906	73.524689
1049.009766	61.409657
1047.891602	138.645065
1046.772461	99.613220
1045.653320	156.595734
1044.533203	-146.035995
1043.414063	118.508659
1042.293945	-99.261314
1041.173828	-38.032887
1040.052734	-104.063683
1038.932617	15.029057
1037.811523	-162.595581
1036.689453	43.286388
1035.568359	57.327526
1034.446289	-28.985182
1033.324219	-144.281708
1032.202148	-25.685583
1031.079102	-80.919525
1029.957031	-29.303150
1028.833984	-57.914303
1027.709961	-313.581665
1026.586914	84.975060
1025.462891	-239.687439
1024.338867	-23.825657
1023.214844	-54.930191
1022.089844	-50.520935
1020.964844	-119.518250
1019.839844	242.520874
1018.714844	208.908646
1017.588867	-9.097637
1016.462891	8.302619
1015.336914	-114.226799
1014.210938	151.643936
1013.083984	108.886848
1011.957031	-13.779243
1010.830078	-21.118223
1009.702148	88.996140
1008.574219	281.023071
1007.446289	876.288635
1006.318359	1358.206787
1005.190430	1908.515503
1004.061523	2121.835205
1002.932617	1734.887085
1001.802734	1007.099976
1000.673828	354.842621
999.543945	435.277344
998.414063	387.291748
997.283203	383.492096
996.153320	169.554489
995.022461	333.701324
993.891602	420.343933
992.759766	444.994812
991.628906	451.904663
990.497070	737.053467
989.364258	1192.038818
988.232422	1152.203735
987.099609	1445.619507
985.966797	1410.020508
984.833984	1575.147095
983.700195	1740.126831
982.566406	1666.789673
981.432617	1483.182861
980.298828	1207.017700
979.164063	1232.824097
978.029297	1093.311157
976.894531	940.580872
975.759766	842.918945
974.624023	379.731934
973.488281	317.329071
972.352539	712.656128
971.215820	225.424423
970.080078	420.293243
968.943359	91.580956
967.805664	306.042053
966.668945	173.035355
965.531250	360.892792
964.393555	438.746338
963.254883	237.512253
962.117188	405.293945
960.978516	390.688751
959.839844	369.451996
958.700195	525.933411
957.561523	230.293564
956.421875	248.430313
955.281250	378.352325
954.141602	755.950928
953.000977	659.803528
951.860352	454.068268
950.719727	465.310699
949.578125	480.874634
948.436523	627.797363
947.294922	338.865143
946.153320	496.616272
945.010742	332.509888
943.868164	374.126404
942.725586	111.601814
941.583008	275.658142
940.439453	-15.231807
939.295898	-39.309696
938.152344	222.910248
937.007813	87.271896
935.863281	139.545502
934.718750	250.738388
933.574219	47.408672
932.428711	60.269432
931.283203	-27.301497
930.137695	-95.214653
928.992188	4.867475
927.845703	-21.631041
926.699219	10.742014
925.552734	-144.406235
924.405273	-55.389950
923.257813	183.930679
922.110352	-27.839090
920.962891	0.070059
919.814453	51.900696
918.666016	92.818130
917.517578	155.478470
916.369141	-97.423088
915.219727	-56.514957
914.070313	58.329166
912.920898	25.251806
911.770508	50.886349
910.621094	89.569450
909.470703	17.405869
908.319336	82.149567
907.168945	122.994576
906.017578	122.565346
904.866211	159.064392
903.713867	-169.099274
902.562500	58.457752
901.410156	125.373795
900.256836	177.090469
899.104492	124.735153
897.951172	-111.862183
896.797852	-90.379974
895.644531	-10.361031
894.490234	0.316902
893.335938	65.178452
892.181641	41.266750
891.027344	246.900345
889.872070	162.428253
888.716797	-97.242249
887.561523	-66.831657
886.405273	30.661537
885.249023	-40.513702
884.092773	329.451416
882.936523	31.398840
881.779297	57.683853
880.622070	40.811050
879.464844	250.811844
878.307617	-38.061630
877.149414	-65.504684
875.991211	-123.079376
874.833008	-165.447693
873.673828	-86.912155
872.514648	24.021568
871.355469	46.568432
870.196289	194.234390
869.036133	44.449562
867.875977	-51.303764
866.715820	8.199053
865.554688	272.384430
864.394531	185.532486
863.233398	301.185516
862.071289	214.541031
860.910156	18.292578
859.748047	411.732941
858.585938	306.066223
857.422852	366.131348
856.259766	123.130287
855.096680	363.980743
853.933594	299.676666
852.770508	233.366165
851.606445	407.763580
850.442383	219.275238
849.277344	166.240570
848.113281	413.864349
846.948242	294.525116
845.783203	-47.763958
844.617188	97.127838
843.451172	117.699707
842.285156	243.441238
841.119141	367.109558
839.952148	-59.898758
838.785156	173.301605
837.618164	-66.850777
836.451172	-96.891945
835.283203	70.174553
834.115234	-64.506905
832.947266	209.744232
831.778320	13.315247
830.609375	289.828491
829.440430	224.196747
828.271484	359.701904
827.101563	228.096710
825.931641	-22.975767
824.761719	456.879456
823.590820	186.926956
822.420898	331.525391
821.250000	371.580536
820.078125	262.342865
818.907227	426.451355
817.735352	234.333740
816.562500	279.203217
815.390625	405.232849
814.217773	166.778702
813.044922	237.639862
811.872070	346.966339
810.698242	243.335709
809.524414	-122.090218
808.350586	19.607794
807.176758	172.024689
806.001953	-20.302794
804.827148	85.512848
803.651367	114.824806
802.476563	259.120911
801.300781	95.143677
800.125000	260.904755
798.948242	101.521126
797.772461	184.594543
796.595703	250.760635
795.417969	232.064926
794.241211	351.534027
793.063477	519.897705
791.885742	176.793076
790.707031	175.604782
789.529297	590.350403
788.350586	230.859726
787.170898	490.831879
785.992188	492.160461
784.812500	468.163879
783.632813	67.106781
782.452148	507.381622
781.272461	305.804688
780.091797	305.583405
778.911133	112.813736
777.729492	337.177094
776.547852	284.329620
775.366211	136.398880
774.184570	231.848267
773.001953	-57.508030
771.819336	-31.663000
770.636719	-69.159370
769.453125	-237.575623
768.269531	-169.245056
767.085938	-14.290713
765.902344	-70.501770
764.717773	-78.077934
763.533203	-89.821800
762.348633	113.709671
761.163086	150.535400
759.977539	73.495010
758.791992	131.468811
757.606445	-303.832855
756.419922	-131.936172
755.233398	-90.738213
754.046875	359.125458
752.859375	-46.264027
751.672852	-19.821501
750.485352	280.266449
749.296875	178.239029
748.108398	353.985962
746.919922	127.857689
745.731445	208.864899
744.542969	594.680298
743.353516	-37.115349
742.164063	285.465210
740.973633	65.778076
739.783203	394.400360
738.592773	78.094551
737.402344	280.480652
736.211914	159.454056
735.020508	122.360901
733.829102	370.557861
732.636719	264.068817
731.444336	329.514282
730.251953	308.881622
729.059570	89.041122
727.866211	363.774353
726.673828	359.627106
725.479492	269.500397
724.286133	-90.834068
723.091797	392.623199
721.897461	197.558502
720.703125	-20.553761
719.507813	54.212708
718.312500	-69.890694
717.117188	69.415634
715.921875	45.450535
714.725586	293.078003
713.529297	26.386555
712.332031	-60.656147
711.135742	228.158493
709.938477	172.132324
708.740234	184.874207
707.542969	358.168427
706.344727	821.273926
705.146484	1142.141235
703.948242	1642.066162
702.749023	1401.343994
701.549805	1427.416626
700.350586	1153.192627
699.150391	755.992920
697.950195	806.720276
696.750000	209.534180
695.549805	424.547760
694.348633	270.835449
693.147461	254.405655
691.946289	418.861237
690.744141	156.637100
689.541992	187.644073
688.339844	224.738586
687.136719	286.626526
685.934570	128.065384
684.730469	366.311340
683.527344	465.161469
682.323242	393.557434
681.119141	155.788361
679.915039	221.119675
678.710938	265.591034
677.505859	444.839233
676.300781	38.986904
675.094727	52.201797
673.889648	131.738693
672.683594	-54.103321
671.476563	126.953140
670.270508	46.894302
669.063477	-68.301926
667.856445	357.117004
666.648438	12.220629
665.440430	-7.437500
664.232422	-130.430862
663.024414	86.080338
661.815430	95.813461
660.606445	70.584496
659.397461	72.469566
658.188477	68.407494
656.978516	-55.229698
655.768555	273.955078
654.557617	-113.387154
653.346680	40.862072
652.135742	-134.858643
650.924805	104.824516
649.712891	-278.282990
648.501953	-47.954430
647.289063	-235.843674
646.077148	-66.281036
644.864258	-52.798622
643.651367	-9.741363
642.438477	227.765823
641.224609	111.664886
640.010742	-5.552542
638.796875	242.688400
637.582031	65.696037
636.367188	21.578032
635.152344	178.201355
633.937500	173.441254
632.721680	229.605835
631.505859	367.279907
630.289063	491.929535
629.073242	597.459045
627.856445	462.082428
626.639648	663.264343
625.421875	601.194336
624.204102	409.596405
622.986328	780.409912
621.768555	535.368469
620.549805	261.823303
619.331055	353.712189
618.111328	123.912537
616.892578	-29.537676
