1721.000977	179.259644
1720.027344	117.893944
1719.052734	91.355141
1718.078125	27.037979
1717.104492	96.893730
1716.128906	0.853401
1715.154297	-7.083915
1714.178711	293.574036
1713.204102	-140.507645
1712.228516	5.804050
1711.251953	-223.453384
1710.276367	-23.663158
1709.299805	28.728243
1708.324219	-332.413849
1707.347656	-180.096832
1706.370117	193.632187
1705.393555	-55.725414
1704.416016	-6.750634
1703.438477	181.838409
1702.460938	85.492897
1701.483398	-50.120438
1700.505859	-230.045151
1699.527344	125.906189
1698.548828	84.828773
1697.570313	4.652112
1696.591797	301.753754
1695.612305	59.192474
1694.632813	456.849365
1693.653320	138.989365
1692.673828	-82.385345
1691.694336	111.624771
1690.713867	-39.398510
1689.734375	92.225739
1688.753906	320.168304
1687.772461	-179.031998
1686.791992	-13.217567
1685.810547	32.319897
1684.830078	-75.392967
1683.848633	369.284332
1682.866211	153.824036
1681.884766	-49.112755
1680.902344	239.010376
1679.919922	452.927734
1678.937500	53.265743
1677.955078	-10.658570
1676.971680	283.831238
1675.989258	-24.654068
1675.005859	-226.438873
1674.022461	362.225861
1673.038086	27.954620
1672.054688	311.141907
1671.070313	200.319000
1670.085938	315.481018
1669.101563	290.847198
1668.117188	78.286667
1667.131836	228.685196
1666.146484	56.690247
1665.161133	394.692688
1664.175781	329.209778
1663.189453	154.662262
1662.204102	0.492857
1661.217773	-146.027451
1660.231445	-94.783417
1659.245117	-48.601982
1658.257813	217.972488
1657.270508	-9.440317
1656.284180	-16.363884
1655.295898	126.095612
1654.308594	260.992065
1653.321289	31.466703
1652.333008	-96.704613
1651.344727	-83.074806
1650.356445	54.568531
1649.367188	553.820862
1648.378906	-16.423502
1647.389648	-22.692142
1646.400391	342.631744
1645.411133	-22.270359
1644.420898	305.205811
1643.431641	-117.391869
1642.441406	124.352119
1641.451172	224.747849
1640.459961	-25.628298
1639.469727	125.476463
1638.478516	173.180862
1637.487305	29.299320
1636.496094	316.841125
1635.504883	564.057495
1634.512695	181.082901
1633.520508	85.714722
1632.528320	350.842285
1631.536133	346.442596
1630.543945	417.742523
1629.550781	461.425140
1628.557617	671.391663
1627.564453	680.038452
1626.571289	736.634583
1625.578125	989.595703
1624.583984	1043.837158
1623.589844	1148.493164
1622.595703	1029.449585
1621.601563	1295.226929
1620.606445	1211.633179
1619.611328	1397.090698
1618.616211	1607.723145
1617.621094	1333.609131
1616.625977	1263.155273
1615.629883	1428.849609
1614.633789	1546.906250
1613.637695	1153.043945
1612.641602	1359.175171
1611.645508	1522.692383
1610.648438	1588.417969
1609.651367	1684.324585
1608.654297	1404.232422
1607.657227	1638.225464
1606.659180	1483.764771
1605.662109	1670.255371
1604.664063	1781.600586
1603.666016	2035.760376
1602.666992	1809.125977
1601.668945	1828.044678
1600.669922	1711.873779
1599.670898	1873.613647
1598.671875	1647.584229
1597.671875	1696.868286
1596.672852	1326.095581
1595.672852	1378.098511
1594.672852	1335.170166
1593.671875	1117.368408
1592.671875	1032.189087
1591.670898	832.182312
1590.669922	702.267700
1589.668945	802.218079
1588.667969	689.978271
1587.666016	562.854736
1586.664063	650.471863
1585.662109	343.883820
1584.660156	543.885071
1583.658203	282.455627
1582.655273	153.328201
1581.652344	293.552582
1580.649414	239.351059
1579.646484	73.080719
1578.642578	143.593658
1577.638672	224.084137
1576.634766	-11.702050
1575.630859	198.338379
1574.626953	139.474747
1573.622070	-66.190453
1572.618164	-70.167351
1571.613281	75.137993
1570.607422	128.362335
1569.602539	-213.785828
1568.596680	195.057297
1567.590820	-79.818459
1566.584961	-93.616135
1565.579102	267.795227
1564.572266	-1.920688
1563.566406	-80.250832
1562.559570	30.161354
1561.551758	-120.148628
1560.544922	-69.323967
1559.537109	199.847610
1558.530273	-191.023148
1557.521484	28.443703
1556.513672	175.919937
1555.505859	97.706444
1554.497070	-163.932938
1553.488281	-108.227608
1552.479492	-94.669083
1551.470703	-157.920700
1550.460938	66.148788
1549.451172	-41.709412
1548.441406	-164.385071
1547.431641	-66.715157
1546.421875	53.178215
1545.411133	-59.587147
1544.400391	50.322216
1543.389648	-62.416840
1542.378906	136.440964
1541.367188	-55.421951
1540.355469	7.363208
1539.343750	-41.092918
1538.332031	61.164097
1537.320313	175.711777
1536.307617	-58.030922
1535.294922	-180.587555
1534.282227	-6.882423
1533.269531	137.113342
1532.256836	-47.145573
1531.243164	-14.269342
1530.229492	398.408173
1529.215820	283.181641
1528.202148	315.910217
1527.187500	-210.945847
1526.172852	-64.821770
1525.158203	132.962021
1524.143555	42.428902
1523.127930	-282.070129
1522.113281	-177.993011
1521.097656	-106.002876
1520.082031	54.545422
1519.065430	-136.901321
1518.049805	38.306625
1517.033203	294.572571
1516.016602	73.629738
1515.000000	-46.435696
1513.982422	347.268494
1512.965820	126.398178
1511.948242	16.153587
1510.930664	434.108002
1509.913086	127.322350
1508.894531	39.177269
1507.875977	226.017624
1506.857422	265.492310
1505.838867	64.441711
1504.820313	194.680801
1503.800781	204.639145
1502.781250	442.655884
1501.761719	222.046127
1500.742188	40.740143
1499.721680	332.505493
1498.702148	175.732925
1497.681641	210.087738
1496.661133	327.696381
1495.639648	227.281494
1494.618164	229.729355
1493.597656	264.008209
1492.576172	217.486588
1491.553711	119.579407
1490.532227	38.849377
1489.509766	121.995216
1488.487305	36.383686
1487.464844	-93.201134
1486.442383	-205.621643
1485.418945	53.421223
1484.395508	-212.920563
1483.372070	148.605881
1482.348633	304.845215
1481.324219	397.520416
1480.300781	67.871948
1479.276367	206.936691
1478.251953	79.983780
1477.226563	265.333954
1476.202148	128.680679
1475.176758	-146.919464
1474.151367	60.327999
1473.125000	411.290802
1472.099609	155.334152
1471.073242	359.964020
1470.046875	479.265839
1469.020508	138.242554
1467.994141	218.611984
1466.966797	252.695129
1465.939453	600.745300
1464.912109	111.603348
1463.884766	639.602295
1462.856445	444.989075
1461.829102	316.155731
1460.800781	586.110657
1459.772461	571.575806
1458.743164	603.229736
1457.714844	800.132324
1456.685547	739.468018
1455.656250	912.009216
1454.625977	773.682922
1453.596680	832.103149
1452.566406	854.103088
1451.536133	912.527405
1450.505859	849.652405
1449.474609	570.944153
1448.444336	479.135468
1447.413086	334.044281
1446.381836	860.513000
1445.350586	555.523071
1444.318359	904.898010
1443.286133	769.665710
1442.253906	842.819214
1441.221680	405.054657
1440.189453	594.544800
1439.156250	445.117371
1438.123047	407.116272
1437.089844	374.013062
1436.056641	585.277222
1435.022461	99.988647
1433.988281	437.028107
1432.954102	353.351410
1431.919922	233.508148
1430.885742	343.313477
1429.850586	182.536911
1428.815430	62.939754
1427.780273	-83.117943
1426.744141	31.662735
1425.708984	144.051224
1424.672852	-79.011543
1423.636719	-108.907173
1422.600586	83.187187
1421.563477	258.357788
1420.527344	-205.433273
1419.490234	-25.342163
1418.452148	-110.401390
1417.415039	23.924971
1416.376953	281.102142
1415.338867	287.734192
1414.300781	258.302094
1413.262695	-74.410568
1412.224609	-103.633789
1411.185547	-115.950790
1410.146484	119.617096
1409.107422	-41.761787
1408.067383	112.028717
1407.027344	-166.988052
1405.987305	-65.997307
1404.947266	131.151627
1403.907227	157.671921
1402.866211	119.363594
1401.826172	249.285675
1400.785156	554.502808
1399.743164	629.154053
1398.702148	137.368271
1397.660156	337.001526
1396.618164	479.029388
1395.576172	385.979309
1394.533203	775.079468
1393.491211	1161.696289
1392.448242	1284.498779
1391.405273	1306.649780
1390.361328	1280.918457
1389.318359	1561.934326
1388.274414	2048.870850
1387.230469	1925.013428
1386.186523	2428.557373
1385.141602	2781.135742
1384.097656	2681.331787
1383.052734	2507.452881
1382.007813	2730.811279
1380.961914	2375.352295
1379.916992	2531.823486
1378.871094	2365.549561
1377.825195	2292.627686
1376.778320	2446.800537
1375.732422	2147.062744
1374.685547	1957.380371
1373.638672	1839.484985
1372.591797	1525.931030
1371.543945	1544.358032
1370.497070	1570.015625
1369.449219	1562.309937
1368.400391	1034.627686
1367.352539	1237.048096
1366.303711	1115.145752
1365.255859	902.784790
1364.206055	797.809082
1363.157227	1298.211914
1362.108398	1152.834229
1361.058594	1450.599243
1360.008789	1148.192383
1358.958984	981.687744
1357.908203	998.592407
1356.857422	1236.874878
1355.806641	1056.355225
1354.755859	940.202698
1353.705078	1342.627930
1352.653320	1136.216553
1351.601563	996.516846
1350.549805	1047.077026
1349.498047	917.078369
1348.445313	894.091064
1347.393555	868.807068
1346.340820	620.357727
1345.287109	659.340393
1344.234375	356.559784
1343.180664	497.739471
1342.126953	349.448456
1341.073242	362.582703
1340.019531	257.182648
1338.964844	365.274078
1337.910156	75.107445
1336.855469	107.451691
1335.799805	146.932404
1334.745117	423.364960
1333.689453	334.960175
1332.633789	194.546326
1331.578125	-73.601845
1330.521484	15.823130
1329.464844	107.623924
1328.408203	-91.584862
1327.351563	-408.934753
1326.294922	-94.651016
1325.237305	51.654137
1324.179688	176.665924
1323.122070	-78.844856
1322.064453	157.289124
1321.005859	-128.741470
1319.947266	-301.234039
1318.888672	-1.329877
1317.830078	22.261341
1316.770508	-166.558578
1315.710938	-244.343094
1314.651367	17.692255
1313.591797	-215.703201
1312.531250	-130.596252
1311.471680	-191.661972
1310.411133	-40.517582
1309.349609	58.740650
1308.289063	-164.810638
1307.227539	198.346329
1306.166016	-32.143059
1305.104492	-12.896676
1304.042969	69.940269
1302.980469	-280.321686
1301.917969	-25.625231
1300.855469	17.249693
1299.792969	83.659828
1298.729492	-101.568527
1297.666016	164.735107
1296.602539	-27.424061
1295.539063	20.242373
1294.474609	375.707336
1293.411133	489.095306
1292.346680	395.772736
1291.281250	98.223465
1290.216797	-124.039497
1289.151367	-17.600702
1288.085938	-47.285995
1287.020508	103.712593
1285.955078	264.048737
1284.888672	131.201508
1283.822266	399.343018
1282.755859	184.525375
1281.689453	173.705032
1280.622070	340.966644
1279.554688	353.572052
1278.487305	361.505096
1277.419922	111.894081
1276.351563	389.110870
1275.283203	291.757141
1274.214844	56.404575
1273.146484	310.107330
1272.077148	-25.696222
1271.008789	169.484695
1269.939453	348.220795
1268.869141	251.074081
1267.799805	576.963013
1266.729492	271.899780
1265.659180	279.983978
1264.588867	236.699524
1263.517578	340.529877
1262.447266	661.424561
1261.375977	517.755493
1260.304688	243.497055
1259.232422	326.271606
1258.161133	315.737518
1257.088867	564.032471
1256.016602	411.253906
1254.943359	696.717590
1253.871094	474.083801
1252.797852	505.486389
1251.724609	781.446655
1250.650391	670.719910
1249.577148	818.485901
1248.502930	847.472229
1247.428711	729.839050
1246.354492	900.767517
1245.279297	564.516968
1244.204102	479.587189
1243.128906	943.427063
1242.053711	619.022583
1240.977539	538.785400
1239.902344	472.537781
1238.826172	517.820129
1237.750000	168.247498
1236.672852	501.507019
1235.595703	205.483276
1234.518555	485.207245
1233.441406	319.266541
1232.364258	23.481190
1231.286133	437.585266
1230.208008	232.336395
1229.129883	467.689423
1228.051758	385.374573
1226.972656	228.930618
1225.893555	12.312488
1224.814453	-97.653877
1223.734375	107.384781
1222.655273	-65.073593
1221.575195	246.351563
1220.495117	238.249954
1219.415039	-59.087605
1218.333984	143.387512
1217.252930	-19.662724
1216.171875	55.529083
1215.090820	126.060425
1214.008789	-80.811066
1212.926758	165.330505
1211.844727	-11.431051
1210.762695	128.329910
1209.679688	-152.279327
1208.597656	146.748901
1207.513672	13.975020
1206.430664	-264.124542
1205.347656	-136.028427
1204.263672	-54.133244
1203.179688	-138.331680
1202.095703	-148.711746
1201.010742	156.718643
1199.925781	67.900764
1198.840820	-48.534615
1197.755859	367.234650
1196.670898	131.007309
1195.584961	76.787163
1194.499023	-0.437619
1193.413086	258.411011
1192.326172	238.690353
1191.239258	166.058563
1190.152344	102.654160
1189.065430	27.773960
1187.978516	90.869034
1186.890625	156.220566
1185.802734	-24.361013
1184.714844	378.721863
1183.625977	363.543365
1182.538086	52.113071
1181.449219	195.429031
1180.360352	389.176666
1179.270508	238.566818
1178.180664	464.322052
1177.090820	201.342667
1176.000977	656.345337
1174.911133	425.525299
1173.820313	453.849243
1172.729492	587.584656
1171.638672	219.414978
1170.547852	357.711243
1169.456055	363.080750
1168.364258	560.798767
1167.272461	499.712799
1166.179688	381.414612
1165.087891	933.681274
1163.995117	1275.196411
1162.902344	1147.629761
1161.808594	1317.402954
1160.715820	1363.635132
1159.622070	1236.099487
1158.528320	1433.137695
1157.433594	1447.280884
1156.339844	1278.667480
1155.245117	778.951660
1154.149414	631.076599
1153.054688	332.596832
1151.958984	661.877380
1150.863281	680.669983
1149.767578	405.154144
1148.671875	398.888245
1147.575195	198.778351
1146.478516	258.644501
1145.381836	33.562702
1144.285156	11.378382
1143.187500	235.239716
1142.089844	130.992188
1140.992188	-166.788300
1139.894531	72.862854
1138.795898	392.054688
1137.697266	-324.365387
1136.598633	245.022278
1135.499023	122.619644
1134.400391	25.282030
1133.300781	-51.571117
1132.201172	114.827530
1131.100586	-180.225586
1130.000977	-168.410294
1128.900391	-202.059174
1127.799805	-47.199848
1126.698242	289.216003
1125.596680	-16.985661
1124.495117	-32.555271
1123.393555	215.084915
1122.291992	419.491150
1121.189453	399.237000
1120.086914	746.326172
1118.984375	730.504333
1117.881836	569.606873
1116.778320	1555.390991
1115.674805	1577.842896
1114.571289	997.756775
1113.466797	1022.538269
1112.363281	1296.339722
1111.258789	1185.185547
1110.153320	1295.825195
1109.048828	1035.346436
1107.943359	1412.842041
1106.837891	765.676941
1105.732422	803.862366
1104.625977	602.381653
1103.520508	846.192139
1102.414063	615.366516
1101.306641	235.515594
1100.200195	287.182556
1099.092773	341.047546
1097.985352	575.452148
1096.877930	322.223938
1095.769531	387.224945
1094.661133	440.886688
1093.552734	131.368652
1092.444336	263.920227
1091.335938	389.614899
1090.226563	587.336121
1089.117188	7.509615
1088.006836	229.928864
1086.897461	134.633636
1085.787109	458.184265
1084.676758	124.153030
1083.566406	305.677856
1082.455078	808.872375
1081.343750	603.099976
1080.232422	449.113708
1079.121094	504.295746
1078.008789	633.595459
1076.896484	573.977905
1075.784180	357.030090
1074.671875	569.274780
1073.558594	720.717773
1072.445313	267.927795
1071.332031	437.237976
1070.217773	660.288879
1069.104492	600.420044
1067.990234	147.862488
1066.875977	283.188904
1065.760742	378.024078
1064.645508	228.358719
1063.530273	114.574791
1062.415039	-91.101944
1061.299805	52.812046
1060.183594	306.365143
1059.067383	-170.399017
1057.951172	306.893707
1056.833984	-142.917389
1055.716797	45.299332
1054.599609	-220.880814
1053.482422	289.299194
1052.364258	-35.100922
1051.247070	454.554626
1050.128906	358.171265
1049.009766	-35.517586
1047.891602	149.688583
1046.772461	97.915649
1045.653320	-132.592972
1044.533203	-41.506363
1043.414063	7.061950
1042.293945	71.149551
1041.173828	103.896568
1040.052734	-30.786198
1038.932617	155.734283
1037.811523	154.756882
1036.689453	-69.260368
1035.568359	-152.811005
1034.446289	-6.867961
1033.324219	-61.593395
1032.202148	-4.993907
1031.079102	44.807674
1029.957031	38.855553
1028.833984	108.500458
1027.709961	-338.301483
1026.586914	-355.540771
1025.462891	-88.128784
1024.338867	-227.916534
1023.214844	-378.840210
1022.089844	5.951530
1020.964844	-65.130371
1019.839844	85.934952
1018.714844	61.346146
1017.588867	-56.610111
1016.462891	20.799715
1015.336914	24.827028
1014.210938	-8.968143
1013.083984	-29.535641
1011.957031	100.670906
1010.830078	135.356094
1009.702148	311.837524
1008.574219	465.978241
1007.446289	1349.158691
1006.318359	2087.810059
1005.190430	3074.158691
1004.061523	3448.633301
1002.932617	2726.710205
1001.802734	1482.531494
1000.673828	1113.127441
999.543945	155.154236
998.414063	144.425110
997.283203	149.075439
996.153320	144.796692
995.022461	390.236786
993.891602	310.545166
992.759766	542.370667
991.628906	409.462250
990.497070	382.529694
989.364258	673.500610
988.232422	491.778595
987.099609	846.409241
985.966797	993.339478
984.833984	1345.294189
983.700195	1127.874878
982.566406	723.005676
981.432617	1087.706177
980.298828	638.752075
979.164063	859.850342
978.029297	644.495667
976.894531	567.922791
975.759766	449.444611
974.624023	645.767883
973.488281	478.692474
972.352539	349.015747
971.215820	289.696350
970.080078	316.117432
968.943359	355.613678
967.805664	399.382782
966.668945	509.003815
965.531250	563.523987
964.393555	31.263573
963.254883	472.300110
962.117188	579.232849
960.978516	516.940735
959.839844	584.109680
958.700195	433.867859
957.561523	263.877747
956.421875	519.447632
955.281250	437.045105
954.141602	953.223816
953.000977	866.211670
951.860352	1011.480469
950.719727	968.160400
949.578125	1012.395142
948.436523	743.336426
947.294922	483.085358
946.153320	592.852295
945.010742	835.987915
943.868164	387.480408
942.725586	210.382004
941.583008	525.407288
940.439453	-25.712311
939.295898	-34.474552
938.152344	-17.067198
937.007813	43.956135
935.863281	176.986526
934.718750	-30.829624
933.574219	287.652130
932.428711	110.346931
931.283203	53.114956
930.137695	32.954308
928.992188	19.300627
927.845703	-20.581289
926.699219	15.833083
925.552734	41.288105
924.405273	77.572052
923.257813	2.668638
922.110352	-6.876880
920.962891	534.607727
919.814453	261.375732
918.666016	114.512550
917.517578	137.466003
916.369141	134.271729
915.219727	-114.799377
914.070313	108.221214
912.920898	233.265778
911.770508	188.644333
910.621094	-8.099089
909.470703	119.012444
908.319336	-186.297653
907.168945	199.262772
906.017578	85.170753
904.866211	105.740791
903.713867	-64.716789
902.562500	177.238602
901.410156	-40.866928
900.256836	-124.391731
899.104492	9.012927
897.951172	-87.454742
896.797852	39.402611
895.644531	216.070404
894.490234	-23.302738
893.335938	237.818420
892.181641	-276.402924
891.027344	-69.393417
889.872070	18.497816
888.716797	-14.791780
887.561523	224.586609
886.405273	46.426601
885.249023	50.056171
884.092773	1.853466
882.936523	236.891937
881.779297	141.236969
880.622070	129.954620
879.464844	-95.094528
878.307617	60.110268
877.149414	-56.730564
875.991211	240.997604
874.833008	-31.043856
873.673828	-177.748032
872.514648	-153.893127
871.355469	159.012283
870.196289	-552.222046
869.036133	-187.453659
867.875977	19.935282
866.715820	-162.628281
865.554688	-73.609123
864.394531	276.068298
863.233398	494.350342
862.071289	219.716904
860.910156	87.379517
859.748047	348.937500
858.585938	268.494080
857.422852	575.292114
856.259766	247.836975
855.096680	161.416565
853.933594	578.033691
852.770508	481.116913
851.606445	408.003265
850.442383	627.130859
849.277344	191.465805
848.113281	357.185303
846.948242	-7.085536
845.783203	133.160889
844.617188	-80.429161
843.451172	-278.742981
842.285156	87.065521
841.119141	-134.438965
839.952148	111.487808
838.785156	-68.874275
837.618164	42.328381
836.451172	134.386795
835.283203	36.022141
834.115234	79.157906
832.947266	214.475525
831.778320	-65.147346
830.609375	55.532394
829.440430	-101.655624
828.271484	284.465790
827.101563	403.403534
825.931641	37.391876
824.761719	308.412445
823.590820	553.862976
822.420898	113.919952
821.250000	438.690277
820.078125	731.479980
818.907227	211.307816
817.735352	483.082306
816.562500	535.230164
815.390625	365.784576
814.217773	375.701508
813.044922	215.302078
811.872070	436.617523
810.698242	127.546356
809.524414	396.037689
808.350586	68.360680
807.176758	403.147644
806.001953	124.973068
804.827148	362.101288
803.651367	61.063934
802.476563	-107.755615
801.300781	-33.883163
800.125000	95.428764
798.948242	203.614304
797.772461	592.449463
796.595703	144.249115
795.417969	722.320557
794.241211	117.547714
793.063477	373.046844
791.885742	541.590698
790.707031	502.281403
789.529297	539.552002
788.350586	280.042786
787.170898	650.610840
785.992188	469.988464
784.812500	427.386902
783.632813	546.014160
782.452148	531.285095
781.272461	861.961548
780.091797	459.985779
778.911133	342.029480
777.729492	332.222351
776.547852	292.938721
775.366211	243.240799
774.184570	102.760941
773.001953	76.663849
771.819336	50.705650
770.636719	-249.864517
769.453125	-321.975769
768.269531	-51.704800
767.085938	-13.775470
765.902344	-161.568054
764.717773	203.781113
763.533203	11.878087
762.348633	-217.825729
761.163086	84.259789
759.977539	-8.103675
758.791992	28.265423
757.606445	292.353210
756.419922	21.062078
755.233398	80.758568
754.046875	-15.411353
752.859375	360.259277
751.672852	-66.424500
750.485352	650.156738
749.296875	657.191711
748.108398	733.671204
746.919922	298.955658
745.731445	110.506958
744.542969	222.810455
743.353516	219.432098
742.164063	365.245239
740.973633	286.147736
739.783203	104.130150
738.592773	96.462830
737.402344	258.814636
736.211914	360.166931
735.020508	228.464340
733.829102	226.834351
732.636719	430.698120
731.444336	254.804413
730.251953	238.248138
729.059570	255.143799
727.866211	169.244629
726.673828	83.274803
725.479492	-199.661057
724.286133	-248.043198
723.091797	-64.135933
721.897461	27.451677
720.703125	-56.922646
719.507813	145.217377
718.312500	-225.994202
717.117188	-149.679443
715.921875	137.598389
714.725586	35.800457
713.529297	15.382684
712.332031	44.939373
711.135742	502.489594
709.938477	214.159897
708.740234	226.408051
707.542969	547.376282
706.344727	926.429688
705.146484	1995.645020
703.948242	2352.943359
702.749023	2511.784180
701.549805	2155.434082
700.350586	1867.846558
699.150391	1234.303101
697.950195	840.446960
696.750000	669.444824
695.549805	404.643646
694.348633	466.623657
693.147461	303.625366
691.946289	165.505753
690.744141	297.722015
689.541992	275.814362
688.339844	276.646240
687.136719	79.852890
685.934570	392.206848
684.730469	311.582245
683.527344	434.475281
682.323242	164.690292
681.119141	324.755768
679.915039	63.288418
678.710938	362.238281
677.505859	183.799713
676.300781	304.139130
675.094727	225.332520
673.889648	-131.221512
672.683594	86.619423
671.476563	-6.420632
670.270508	178.326782
669.063477	-59.451813
667.856445	-65.009361
666.648438	99.394073
665.440430	-63.096607
664.232422	170.010452
663.024414	-16.681641
661.815430	268.645844
660.606445	53.781460
659.397461	-265.997589
658.188477	8.060620
656.978516	5.593460
655.768555	-122.333466
654.557617	-121.518494
653.346680	-301.751343
652.135742	-82.717346
650.924805	203.049210
649.712891	33.501045
648.501953	-91.726036
647.289063	151.227173
646.077148	-283.285950
644.864258	-227.867264
643.651367	-29.054871
642.438477	127.688210
641.224609	-39.747387
640.010742	47.689316
638.796875	118.107948
637.582031	334.257233
636.367188	177.488388
635.152344	123.465126
633.937500	176.347076
632.721680	506.873260
631.505859	584.471436
630.289063	401.240326
629.073242	880.203796
627.856445	1133.456787
626.639648	1372.847656
625.421875	1265.857300
624.204102	1055.124512
622.986328	494.552490
621.768555	534.712952
620.549805	334.167908
619.331055	-149.850647
618.111328	124.837685
616.892578	-47.761726
