1721.000977	8.987967
1720.027344	205.012283
1719.052734	-167.073090
1718.078125	96.319992
1717.104492	99.594841
1716.128906	142.942978
1715.154297	98.247284
1714.178711	526.992004
1713.204102	-157.603058
1712.228516	-48.293640
1711.251953	-16.643782
1710.276367	234.633774
1709.299805	216.213257
1708.324219	-202.219208
1707.347656	-275.509644
1706.370117	-116.457413
1705.393555	152.061523
1704.416016	-304.078491
1703.438477	-92.915680
1702.460938	120.264107
1701.483398	72.146721
1700.505859	161.682709
1699.527344	161.318176
1698.548828	7.293964
1697.570313	159.554230
1696.591797	27.940754
1695.612305	-52.878246
1694.632813	-238.609055
1693.653320	116.615158
1692.673828	-123.144180
1691.694336	-164.009995
1690.713867	-3.576543
1689.734375	-55.034782
1688.753906	-267.314392
1687.772461	-18.275711
1686.791992	-307.227936
1685.810547	127.474754
1684.830078	-97.926811
1683.848633	132.567062
1682.866211	-161.770020
1681.884766	-109.745300
1680.902344	69.431870
1679.919922	-181.631500
1678.937500	-310.499634
1677.955078	-83.182510
1676.971680	4.079891
1675.989258	-20.557440
1675.005859	-14.728850
1674.022461	74.986412
1673.038086	223.077194
1672.054688	139.946671
1671.070313	-161.638657
1670.085938	-117.658142
1669.101563	-180.313080
1668.117188	56.663635
1667.131836	255.469818
1666.146484	246.155762
1665.161133	-280.680420
1664.175781	42.523937
1663.189453	122.145363
1662.204102	173.949615
1661.217773	-98.724602
1660.231445	-206.469849
1659.245117	38.118858
1658.257813	219.303848
1657.270508	86.409546
1656.284180	282.900330
1655.295898	150.167755
1654.308594	366.940613
1653.321289	11.741997
1652.333008	-107.947701
1651.344727	146.897171
1650.356445	40.050735
1649.367188	203.860275
1648.378906	289.359192
1647.389648	66.495270
1646.400391	351.761536
1645.411133	-7.279597
1644.420898	149.191544
1643.431641	431.999542
1642.441406	-17.509048
1641.451172	568.286560
1640.459961	114.018478
1639.469727	119.326378
1638.478516	112.061134
1637.487305	475.670776
1636.496094	460.935425
1635.504883	347.955322
1634.512695	3.147856
1633.520508	384.397797
1632.528320	364.930267
1631.536133	234.700729
1630.543945	631.000549
1629.550781	747.657349
1628.557617	793.836426
1627.564453	779.657104
1626.571289	1319.199585
1625.578125	1131.442627
1624.583984	1524.874146
1623.589844	1385.021973
1622.595703	2029.810181
1621.601563	2008.181885
1620.606445	2170.066895
1619.611328	2364.602051
1618.616211	2373.191650
1617.621094	1967.372681
1616.625977	1797.834595
1615.629883	1861.882202
1614.633789	1948.538818
1613.637695	1849.482178
1612.641602	1870.944580
1611.645508	1767.006104
1610.648438	2081.975830
1609.651367	1729.806396
1608.654297	2210.191162
1607.657227	2006.097168
1606.659180	2040.161621
1605.662109	2402.498535
1604.664063	2228.599854
1603.666016	2615.804443
1602.666992	2552.113525
1601.668945	2285.722900
1600.669922	2284.741943
1599.670898	2513.998047
1598.671875	2525.505127
1597.671875	2106.749268
1596.672852	2123.363037
1595.672852	1827.401733
1594.672852	1746.552368
1593.671875	1713.199341
1592.671875	1627.424927
1591.670898	1461.710327
1590.669922	983.851990
1589.668945	1020.618042
1588.667969	605.468201
1587.666016	1086.576172
1586.664063	526.801086
1585.662109	800.622070
1584.660156	370.850647
1583.658203	544.817749
1582.655273	217.467072
1581.652344	443.692810
1580.649414	550.177734
1579.646484	48.565434
1578.642578	483.905334
1577.638672	-102.232422
1576.634766	362.815582
1575.630859	-28.861530
1574.626953	475.778656
1573.622070	121.508400
1572.618164	312.351837
1571.613281	351.307343
1570.607422	-112.230949
1569.602539	-195.082550
1568.596680	47.743256
1567.590820	-194.261002
1566.584961	-73.341629
1565.579102	72.356697
1564.572266	-18.053444
1563.566406	60.479839
1562.559570	196.037399
1561.551758	-423.216644
1560.544922	-208.218582
1559.537109	83.561836
1558.530273	184.204056
1557.521484	-238.672333
1556.513672	-28.952061
1555.505859	-72.244766
1554.497070	-246.953003
1553.488281	-87.013290
1552.479492	174.434174
1551.470703	408.510956
1550.460938	-308.677460
1549.451172	319.077026
1548.441406	181.528976
1547.431641	-213.406937
1546.421875	-170.151886
1545.411133	53.661510
1544.400391	195.737671
1543.389648	-428.953857
1542.378906	4.927588
1541.367188	-23.715242
1540.355469	81.115128
1539.343750	69.755577
1538.332031	263.457062
1537.320313	-241.963013
1536.307617	-302.683716
1535.294922	-160.918396
1534.282227	-295.689392
1533.269531	-10.839377
1532.256836	9.871096
1531.243164	97.146011
1530.229492	122.732986
1529.215820	5.285597
1528.202148	-200.858994
1527.187500	-207.285660
1526.172852	141.171204
1525.158203	-30.381630
1524.143555	-68.833466
1523.127930	42.945854
1522.113281	-170.299911
1521.097656	527.391418
1520.082031	247.677567
1519.065430	-253.400940
1518.049805	-40.741180
1517.033203	444.842010
1516.016602	239.209442
1515.000000	112.366440
1513.982422	204.346008
1512.965820	72.703827
1511.948242	-24.487719
1510.930664	70.006981
1509.913086	34.322247
1508.894531	18.296030
1507.875977	152.070068
1506.857422	339.825592
1505.838867	181.525055
1504.820313	202.435623
1503.800781	-110.256821
1502.781250	509.159546
1501.761719	341.283936
1500.742188	9.281900
1499.721680	37.718533
1498.702148	218.151962
1497.681641	178.038940
1496.661133	223.719833
1495.639648	315.931824
1494.618164	239.226074
1493.597656	365.813538
1492.576172	198.698593
1491.553711	361.996185
1490.532227	236.661743
1489.509766	-40.225761
1488.487305	-351.162567
1487.464844	-11.612032
1486.442383	168.993668
1485.418945	132.072128
1484.395508	-237.029495
1483.372070	-41.653530
1482.348633	-12.349375
1481.324219	121.972733
1480.300781	80.590622
1479.276367	212.549683
1478.251953	359.176910
1477.226563	-206.550858
1476.202148	-45.102745
1475.176758	-3.151410
1474.151367	-163.487473
1473.125000	-430.950195
1472.099609	162.064651
1471.073242	121.412491
1470.046875	-48.232925
1469.020508	115.930351
1467.994141	70.723770
1466.966797	32.898380
1465.939453	209.365738
1464.912109	439.384705
1463.884766	199.874344
1462.856445	121.066498
1461.829102	368.277954
1460.800781	566.830872
1459.772461	315.714111
1458.743164	716.077881
1457.714844	812.691040
1456.685547	749.013306
1455.656250	1275.638428
1454.625977	893.982727
1453.596680	952.028748
1452.566406	1141.197998
1451.536133	1112.001587
1450.505859	1158.135742
1449.474609	639.169250
1448.444336	838.384460
1447.413086	858.184143
1446.381836	730.223450
1445.350586	776.924805
1444.318359	816.420105
1443.286133	330.336548
1442.253906	815.787964
1441.221680	850.759155
1440.189453	319.328705
1439.156250	499.820496
1438.123047	327.048370
1437.089844	-317.319275
1436.056641	649.690491
1435.022461	-59.555088
1433.988281	355.929138
1432.954102	237.119980
1431.919922	0.060611
1430.885742	166.743393
1429.850586	490.481354
1428.815430	232.114365
1427.780273	-98.462990
1426.744141	-197.031113
1425.708984	119.748466
1424.672852	-285.063995
1423.636719	-501.387238
1422.600586	136.419296
1421.563477	-33.865711
1420.527344	292.774445
1419.490234	202.326981
1418.452148	297.592896
1417.415039	-267.267426
1416.376953	206.534698
1415.338867	-126.623901
1414.300781	-98.305992
1413.262695	-113.215004
1412.224609	235.469055
1411.185547	-70.481964
1410.146484	208.487717
1409.107422	71.303459
1408.067383	73.760887
1407.027344	-84.760498
1405.987305	-5.104925
1404.947266	242.879425
1403.907227	-105.054070
1402.866211	-51.539001
1401.826172	-69.962151
1400.785156	-42.656433
1399.743164	128.780228
1398.702148	535.518799
1397.660156	594.199707
1396.618164	19.540842
1395.576172	1002.084412
1394.533203	842.697632
1393.491211	1278.167358
1392.448242	1445.045166
1391.405273	1966.685059
1390.361328	1730.974121
1389.318359	2389.104248
1388.274414	2539.253418
1387.230469	2909.758789
1386.186523	3289.791748
1385.141602	3293.934814
1384.097656	3482.476563
1383.052734	3915.072510
1382.007813	3644.297363
1380.961914	3875.961670
1379.916992	3741.805420
1378.871094	3072.293457
1377.825195	3409.398926
1376.778320	2704.576416
1375.732422	2872.187256
1374.685547	2621.805664
1373.638672	2598.490479
1372.591797	2422.478760
1371.543945	2177.394043
1370.497070	2183.111084
1369.449219	1644.889404
1368.400391	1650.857178
1367.352539	1759.486450
1366.303711	1551.005981
1365.255859	1876.719849
1364.206055	1213.223755
1363.157227	1515.196899
1362.108398	1724.207886
1361.058594	1861.736450
1360.008789	2032.624878
1358.958984	1732.110107
1357.908203	1657.918091
1356.857422	1857.515869
1355.806641	1369.480225
1354.755859	1248.067749
1353.705078	1966.319946
1352.653320	1319.467041
1351.601563	1540.671021
1350.549805	1065.457886
1349.498047	1312.896606
1348.445313	1220.549438
1347.393555	1204.334839
1346.340820	1299.781006
1345.287109	1257.531616
1344.234375	797.613647
1343.180664	371.157654
1342.126953	749.281921
1341.073242	463.098358
1340.019531	542.328369
1338.964844	1010.425476
1337.910156	537.242126
1336.855469	365.319977
1335.799805	404.401855
1334.745117	310.865326
1333.689453	172.396667
1332.633789	465.023834
1331.578125	-68.695908
1330.521484	434.597717
1329.464844	310.592712
1328.408203	437.479095
1327.351563	211.896225
1326.294922	-145.989227
1325.237305	21.218445
1324.179688	-104.742241
1323.122070	-20.263210
1322.064453	118.564423
1321.005859	-179.699341
1319.947266	72.519775
1318.888672	159.368942
1317.830078	352.448486
1316.770508	120.592033
1315.710938	-153.610657
1314.651367	-187.016251
1313.591797	583.979492
1312.531250	-175.899017
1311.471680	-74.811180
1310.411133	-82.193626
1309.349609	-537.356018
1308.289063	-363.161072
1307.227539	-97.162384
1306.166016	279.436646
1305.104492	333.287231
1304.042969	1.040617
1302.980469	94.956741
1301.917969	-220.613190
1300.855469	-37.260075
1299.792969	66.050179
1298.729492	-35.285629
1297.666016	-113.056946
1296.602539	20.774269
1295.539063	-78.109383
1294.474609	234.224182
1293.411133	-57.275723
1292.346680	-106.755615
1291.281250	62.146896
1290.216797	414.103729
1289.151367	524.148193
1288.085938	31.076714
1287.020508	917.700928
1285.955078	455.250519
1284.888672	187.622543
1283.822266	323.363556
1282.755859	323.093811
1281.689453	430.617218
1280.622070	538.077087
1279.554688	582.234863
1278.487305	633.394409
1277.419922	391.844116
1276.351563	347.012512
1275.283203	302.192322
1274.214844	500.734375
1273.146484	586.888000
1272.077148	333.839783
1271.008789	635.105347
1269.939453	833.343506
1268.869141	533.604492
1267.799805	640.615051
1266.729492	55.994900
1265.659180	662.888428
1264.588867	459.142792
1263.517578	699.073486
1262.447266	-4.159133
1261.375977	361.760193
1260.304688	176.846985
1259.232422	498.194153
1258.161133	457.899658
1257.088867	331.313934
1256.016602	332.983856
1254.943359	810.088257
1253.871094	751.029968
1252.797852	1053.065674
1251.724609	1068.457153
1250.650391	699.574646
1249.577148	829.078979
1248.502930	974.781555
1247.428711	952.846497
1246.354492	1447.414185
1245.279297	1195.038696
1244.204102	1003.216187
1243.128906	1067.223999
1242.053711	877.796143
1240.977539	881.310974
1239.902344	1056.765381
1238.826172	574.673828
1237.750000	838.313965
1236.672852	491.099304
1235.595703	376.170807
1234.518555	226.450317
1233.441406	276.340057
1232.364258	460.746216
1231.286133	-13.710727
1230.208008	372.368164
1229.129883	134.580521
1228.051758	130.988846
1226.972656	-95.118454
1225.893555	146.876434
1224.814453	108.450081
1223.734375	463.711243
1222.655273	420.555786
1221.575195	375.064484
1220.495117	44.898193
1219.415039	-65.325836
1218.333984	88.184738
1217.252930	225.415070
1216.171875	-37.478497
1215.090820	-122.265396
1214.008789	354.600616
1212.926758	50.175072
1211.844727	184.821381
1210.762695	224.680283
1209.679688	33.555847
1208.597656	96.477112
1207.513672	-318.503479
1206.430664	-361.750549
1205.347656	67.989136
1204.263672	-289.105347
1203.179688	151.900528
1202.095703	32.393681
1201.010742	201.057022
1199.925781	12.391586
1198.840820	130.253006
1197.755859	-263.385864
1196.670898	43.303299
1195.584961	227.776810
1194.499023	-73.612701
1193.413086	195.924042
1192.326172	285.819885
1191.239258	-123.592026
1190.152344	-203.916962
1189.065430	-79.557098
1187.978516	111.397934
1186.890625	86.166138
1185.802734	465.393158
1184.714844	318.286194
1183.625977	377.946045
1182.538086	375.566254
1181.449219	244.578598
1180.360352	483.210815
1179.270508	604.661316
1178.180664	356.614838
1177.090820	741.813721
1176.000977	516.746399
1174.911133	839.795776
1173.820313	940.293152
1172.729492	211.024734
1171.638672	653.018005
1170.547852	547.249634
1169.456055	698.027405
1168.364258	919.715576
1167.272461	646.763611
1166.179688	598.213440
1165.087891	1510.832886
1163.995117	1109.744873
1162.902344	1717.567871
1161.808594	1691.613159
1160.715820	1853.156494
1159.622070	1824.863647
1158.528320	1636.591187
1157.433594	1685.998291
1156.339844	1554.919067
1155.245117	1307.386475
1154.149414	696.877197
1153.054688	718.990784
1151.958984	327.959595
1150.863281	192.647812
1149.767578	-168.468048
1148.671875	179.893158
1147.575195	445.972443
1146.478516	741.555969
1145.381836	628.995056
1144.285156	126.801315
1143.187500	-15.241319
1142.089844	20.430531
1140.992188	-105.613022
1139.894531	96.229370
1138.795898	-373.543610
1137.697266	-533.622559
1136.598633	227.812637
1135.499023	-75.692589
1134.400391	-58.401932
1133.300781	74.807076
1132.201172	139.735977
1131.100586	-95.394035
1130.000977	-507.651398
1128.900391	-440.437164
1127.799805	-30.332695
1126.698242	113.883118
1125.596680	28.726591
1124.495117	245.447281
1123.393555	-68.924057
1122.291992	320.088654
1121.189453	765.593079
1120.086914	523.785156
1118.984375	1578.843994
1117.881836	1262.112915
1116.778320	1817.925781
1115.674805	1831.986450
1114.571289	1798.446777
1113.466797	1982.277222
1112.363281	2258.835449
1111.258789	1546.059204
1110.153320	1940.174561
1109.048828	1641.765503
1107.943359	1562.859619
1106.837891	1436.461670
1105.732422	1163.121460
1104.625977	740.661011
1103.520508	1073.207275
1102.414063	616.991089
1101.306641	698.562195
1100.200195	344.192169
1099.092773	911.170166
1097.985352	868.340454
1096.877930	572.713806
1095.769531	358.393127
1094.661133	367.461090
1093.552734	-108.434929
1092.444336	462.122070
1091.335938	283.908417
1090.226563	204.882217
1089.117188	750.036316
1088.006836	217.996719
1086.897461	697.480774
1085.787109	512.382141
1084.676758	113.428055
1083.566406	484.398651
1082.455078	832.622803
1081.343750	876.902039
1080.232422	855.875732
1079.121094	740.351379
1078.008789	1243.087280
1076.896484	497.998322
1075.784180	697.048096
1074.671875	833.036133
1073.558594	661.138611
1072.445313	585.821167
1071.332031	393.711487
1070.217773	527.094849
1069.104492	593.041260
1067.990234	324.540497
1066.875977	340.984253
1065.760742	200.333389
1064.645508	315.288330
1063.530273	400.968781
1062.415039	145.861664
1061.299805	428.567139
1060.183594	520.623840
1059.067383	139.974640
1057.951172	124.403244
1056.833984	104.256676
1055.716797	43.743580
1054.599609	27.921118
1053.482422	99.268341
1052.364258	230.858536
1051.247070	80.556389
1050.128906	-338.068268
1049.009766	195.553192
1047.891602	326.614044
1046.772461	-440.621033
1045.653320	-50.595165
1044.533203	68.928467
1043.414063	235.194504
1042.293945	-147.837677
1041.173828	549.287537
1040.052734	83.568443
1038.932617	-105.433319
1037.811523	62.326962
1036.689453	-97.867226
1035.568359	-175.609909
1034.446289	109.799362
1033.324219	-318.015198
1032.202148	22.749729
1031.079102	229.595642
1029.957031	271.484131
1028.833984	279.814026
1027.709961	-448.654572
1026.586914	73.563972
1025.462891	-107.550041
1024.338867	20.425327
1023.214844	-80.808075
1022.089844	253.559174
1020.964844	-268.023315
1019.839844	-254.002045
1018.714844	-80.179024
1017.588867	-552.897522
1016.462891	-108.484756
1015.336914	51.433125
1014.210938	11.378439
1013.083984	-90.949448
1011.957031	327.962585
1010.830078	74.500198
1009.702148	905.311707
1008.574219	673.684082
1007.446289	1818.417236
1006.318359	3780.158447
1005.190430	4602.125977
1004.061523	5117.884766
1002.932617	4167.317383
1001.802734	2650.246826
1000.673828	1417.054688
999.543945	310.381073
998.414063	40.338428
997.283203	-130.226654
996.153320	-254.411789
995.022461	503.418213
993.891602	392.071808
992.759766	304.895203
991.628906	16.573181
990.497070	136.837784
989.364258	453.399170
988.232422	144.864807
987.099609	-148.268219
985.966797	737.020569
984.833984	348.688019
983.700195	723.560181
982.566406	507.072052
981.432617	303.747070
980.298828	190.725800
979.164063	242.853485
978.029297	457.839355
976.894531	207.769455
975.759766	314.421265
974.624023	524.319458
973.488281	322.314606
972.352539	804.680359
971.215820	793.773315
970.080078	221.795486
968.943359	413.029816
967.805664	828.265503
966.668945	673.822754
965.531250	609.370667
964.393555	393.179077
963.254883	374.604034
962.117188	619.451355
960.978516	1000.135437
959.839844	634.106567
958.700195	792.599426
957.561523	915.784363
956.421875	1280.039795
955.281250	1685.612671
954.141602	1393.592163
953.000977	1529.004639
951.860352	1569.961792
950.719727	1358.758179
949.578125	1274.538086
948.436523	1569.109131
947.294922	1024.754150
946.153320	1032.174072
945.010742	1019.720093
943.868164	720.481812
942.725586	675.011841
941.583008	318.847229
940.439453	1036.331299
939.295898	738.972229
938.152344	542.162781
937.007813	386.796906
935.863281	480.426239
934.718750	508.365601
933.574219	483.757996
932.428711	531.055908
931.283203	244.268600
930.137695	513.941650
928.992188	-52.184120
927.845703	238.988342
926.699219	401.261841
925.552734	48.850098
924.405273	-68.134262
923.257813	-145.942688
922.110352	482.052795
920.962891	414.855255
919.814453	347.565582
918.666016	622.018738
917.517578	423.944550
916.369141	432.608032
915.219727	201.840561
914.070313	-54.991146
912.920898	505.862457
911.770508	170.639084
910.621094	174.616119
909.470703	85.058487
908.319336	164.911179
907.168945	-141.923035
906.017578	148.484818
904.866211	-258.197083
903.713867	639.737976
902.562500	272.111023
901.410156	-12.969177
900.256836	-276.287720
899.104492	-188.171661
897.951172	38.601017
896.797852	-224.613495
895.644531	-158.326614
894.490234	564.344482
893.335938	270.810699
892.181641	-13.927455
891.027344	489.544525
889.872070	293.613586
888.716797	149.722046
887.561523	-221.250626
886.405273	52.516285
885.249023	166.156525
884.092773	284.100464
882.936523	300.430786
881.779297	444.265411
880.622070	216.468491
879.464844	-86.767838
878.307617	232.123627
877.149414	-10.445927
875.991211	386.078888
874.833008	573.163757
873.673828	343.806030
872.514648	77.967224
871.355469	321.265320
870.196289	299.353546
869.036133	193.448471
867.875977	-93.328690
866.715820	35.948723
865.554688	537.880371
864.394531	234.320343
863.233398	355.123444
862.071289	712.740112
860.910156	941.222778
859.748047	743.712280
858.585938	666.883484
857.422852	594.504883
856.259766	707.204285
855.096680	93.478477
853.933594	853.386658
852.770508	807.425537
851.606445	506.012604
850.442383	374.563843
849.277344	-106.639801
848.113281	299.083496
846.948242	179.010178
845.783203	-69.550102
844.617188	686.016174
843.451172	165.467499
842.285156	-18.031910
841.119141	527.533691
839.952148	-154.889664
838.785156	-236.892120
837.618164	-153.708160
836.451172	88.126877
835.283203	-164.518539
834.115234	-234.872437
832.947266	-275.005493
831.778320	-148.029388
830.609375	4.795780
829.440430	-58.194748
828.271484	488.412323
827.101563	75.267548
825.931641	275.875183
824.761719	442.460724
823.590820	865.522766
822.420898	677.927795
821.250000	776.744507
820.078125	1091.343262
818.907227	437.268311
817.735352	660.597351
816.562500	538.536316
815.390625	749.494751
814.217773	858.278076
813.044922	63.550644
811.872070	637.552124
810.698242	306.102814
809.524414	64.553337
808.350586	29.959452
807.176758	506.618866
806.001953	-68.136040
804.827148	404.625824
803.651367	-60.778576
802.476563	480.400970
801.300781	185.899399
800.125000	76.782913
798.948242	414.341461
797.772461	171.931915
796.595703	563.001587
795.417969	790.612854
794.241211	540.644104
793.063477	501.234955
791.885742	907.854797
790.707031	1316.673096
789.529297	743.358337
788.350586	437.820923
787.170898	838.813538
785.992188	815.912781
784.812500	704.272156
783.632813	876.897217
782.452148	763.707642
781.272461	924.070435
780.091797	1148.140259
778.911133	984.955994
777.729492	817.859497
776.547852	502.982483
775.366211	330.242889
774.184570	-129.804825
773.001953	17.458609
771.819336	-260.024200
770.636719	158.206879
769.453125	-91.252289
768.269531	99.031906
767.085938	-304.023926
765.902344	116.816917
764.717773	322.333954
763.533203	240.931885
762.348633	176.643829
761.163086	-165.883606
759.977539	-419.488892
758.791992	-133.006668
757.606445	237.837646
756.419922	52.272671
755.233398	591.778931
754.046875	410.747711
752.859375	465.817780
751.672852	493.635101
750.485352	511.039001
749.296875	1147.287720
748.108398	156.922577
746.919922	551.271667
745.731445	720.506592
744.542969	967.552795
743.353516	272.830170
742.164063	610.386780
740.973633	538.130798
739.783203	310.527924
738.592773	452.702515
737.402344	617.942871
736.211914	401.107483
735.020508	471.901337
733.829102	781.860107
732.636719	818.985474
731.444336	480.711578
730.251953	438.209412
729.059570	-132.506165
727.866211	70.293228
726.673828	226.879044
725.479492	337.246704
724.286133	-220.502670
723.091797	32.178520
721.897461	-370.482086
720.703125	-189.176041
719.507813	46.345100
718.312500	323.497040
717.117188	161.276321
715.921875	224.820251
714.725586	102.186394
713.529297	395.334656
712.332031	203.522156
711.135742	295.735168
709.938477	360.612122
708.740234	761.420715
707.542969	1005.363708
706.344727	2092.052734
705.146484	2274.739990
703.948242	3539.663818
702.749023	4026.029053
701.549805	3844.882568
700.350586	2765.354980
699.150391	2663.421875
697.950195	1590.581787
696.750000	1222.041260
695.549805	945.120972
694.348633	328.826141
693.147461	374.490387
691.946289	114.092964
690.744141	-92.269188
689.541992	491.623322
688.339844	521.990723
687.136719	352.623749
685.934570	418.054504
684.730469	580.949036
683.527344	-18.711954
682.323242	488.724762
681.119141	719.670349
679.915039	448.067627
678.710938	608.188660
677.505859	52.344814
676.300781	1023.433228
675.094727	581.740784
673.889648	438.829132
672.683594	175.764252
671.476563	379.139862
670.270508	934.713806
669.063477	-5.430802
667.856445	512.899780
666.648438	-37.198318
665.440430	586.784912
664.232422	87.001144
663.024414	216.662659
661.815430	520.296509
660.606445	-338.052002
659.397461	458.336182
658.188477	31.139463
656.978516	761.829346
655.768555	550.616028
654.557617	280.180298
653.346680	334.709564
652.135742	204.106522
650.924805	105.284592
649.712891	36.219734
648.501953	-114.435684
647.289063	-402.253479
646.077148	148.296127
644.864258	-157.902084
643.651367	145.257904
642.438477	-141.818741
641.224609	-110.129555
640.010742	429.670258
638.796875	-279.080780
637.582031	463.428497
636.367188	176.254700
635.152344	531.022339
633.937500	418.598511
632.721680	598.345459
631.505859	864.554504
630.289063	1044.636597
629.073242	1260.009888
627.856445	1371.107666
626.639648	1626.679199
625.421875	1743.399048
624.204102	1505.906128
622.986328	931.050659
621.768555	776.493408
620.549805	504.594849
619.331055	45.851120
618.111328	93.762802
616.892578	35.070545
