1721.000977	28.278694
1720.027344	68.177536
1719.052734	-13.590056
1718.078125	63.189430
1717.104492	285.616913
1716.128906	-20.920506
1715.154297	26.029165
1714.178711	108.356110
1713.204102	5.640863
1712.228516	81.892693
1711.251953	-54.981358
1710.276367	43.453949
1709.299805	-124.905571
1708.324219	-58.006886
1707.347656	18.724958
1706.370117	-199.270966
1705.393555	-79.733780
1704.416016	41.975430
1703.438477	4.738487
1702.460938	-7.209323
1701.483398	103.287766
1700.505859	-3.812172
1699.527344	34.532856
1698.548828	-50.033154
1697.570313	31.248499
1696.591797	2.443758
1695.612305	152.171341
1694.632813	135.685104
1693.653320	60.303867
1692.673828	-221.941025
1691.694336	-111.325211
1690.713867	-21.341887
1689.734375	-69.261673
1688.753906	-178.520401
1687.772461	-142.579926
1686.791992	-58.346615
1685.810547	-2.319516
1684.830078	224.276550
1683.848633	9.989401
1682.866211	83.442810
1681.884766	-57.092091
1680.902344	44.156723
1679.919922	-22.697691
1678.937500	-191.385742
1677.955078	339.524048
1676.971680	104.542114
1675.989258	108.646095
1675.005859	242.338242
1674.022461	208.154510
1673.038086	143.424637
1672.054688	-73.757950
1671.070313	-34.336494
1670.085938	25.350353
1669.101563	95.135567
1668.117188	88.701538
1667.131836	69.536888
1666.146484	-208.482758
1665.161133	234.138000
1664.175781	174.311340
1663.189453	238.747894
1662.204102	-67.027588
1661.217773	-81.172241
1660.231445	211.355728
1659.245117	308.643585
1658.257813	81.594635
1657.270508	-41.509495
1656.284180	40.577518
1655.295898	41.585285
1654.308594	169.180298
1653.321289	-67.704430
1652.333008	244.571060
1651.344727	-70.647881
1650.356445	24.008217
1649.367188	121.151741
1648.378906	203.115112
1647.389648	-73.879204
1646.400391	131.935471
1645.411133	62.284588
1644.420898	136.650345
1643.431641	160.508087
1642.441406	-5.014630
1641.451172	205.697021
1640.459961	35.210011
1639.469727	114.649582
1638.478516	105.760437
1637.487305	187.700989
1636.496094	14.923591
1635.504883	109.499718
1634.512695	204.042084
1633.520508	-46.708271
1632.528320	367.879547
1631.536133	338.934448
1630.543945	299.948547
1629.550781	558.129150
1628.557617	451.167236
1627.564453	349.305756
1626.571289	481.550323
1625.578125	852.787415
1624.583984	690.581848
1623.589844	996.255981
1622.595703	891.961792
1621.601563	1086.892456
1620.606445	1289.288208
1619.611328	1009.138550
1618.616211	1402.444824
1617.621094	1117.403931
1616.625977	1098.701050
1615.629883	1044.857788
1614.633789	1161.751831
1613.637695	1336.339844
1612.641602	1317.658447
1611.645508	1404.369019
1610.648438	1302.927246
1609.651367	1236.649902
1608.654297	1062.608643
1607.657227	1274.672363
1606.659180	1521.729858
1605.662109	1510.638184
1604.664063	1306.660400
1603.666016	1718.890625
1602.666992	1522.473877
1601.668945	1846.886108
1600.669922	1512.882690
1599.670898	1561.897583
1598.671875	1290.658691
1597.671875	1194.621826
1596.672852	1341.231323
1595.672852	1282.742798
1594.672852	1234.287354
1593.671875	1038.383423
1592.671875	530.234985
1591.670898	681.828247
1590.669922	865.829590
1589.668945	762.582214
1588.667969	779.220337
1587.666016	643.576782
1586.664063	480.538605
1585.662109	335.036865
1584.660156	439.055511
1583.658203	400.871490
1582.655273	362.688751
1581.652344	202.364990
1580.649414	406.011108
1579.646484	175.968552
1578.642578	-56.482491
1577.638672	92.271561
1576.634766	9.355361
1575.630859	240.198242
1574.626953	241.919037
1573.622070	-124.725365
1572.618164	-30.864902
1571.613281	393.815338
1570.607422	-246.256180
1569.602539	-67.905663
1568.596680	137.702362
1567.590820	181.645447
1566.584961	265.331543
1565.579102	95.539810
1564.572266	-243.121170
1563.566406	11.957029
1562.559570	-65.828445
1561.551758	213.891418
1560.544922	210.547318
1559.537109	-6.227191
1558.530273	89.707588
1557.521484	59.060848
1556.513672	-28.603289
1555.505859	-24.496363
1554.497070	51.476749
1553.488281	-122.906059
1552.479492	-180.760025
1551.470703	-87.477707
1550.460938	-1.682671
1549.451172	133.596390
1548.441406	58.367340
1547.431641	-78.715439
1546.421875	-366.710480
1545.411133	-40.985359
1544.400391	79.274986
1543.389648	65.928131
1542.378906	30.325768
1541.367188	-47.307869
1540.355469	132.139252
1539.343750	86.634102
1538.332031	-156.506714
1537.320313	-4.333782
1536.307617	108.244392
1535.294922	-45.886673
1534.282227	-64.187675
1533.269531	317.335754
1532.256836	123.767891
1531.243164	95.551842
1530.229492	-120.104568
1529.215820	68.742310
1528.202148	-124.633797
1527.187500	-22.154915
1526.172852	97.529358
1525.158203	49.620525
1524.143555	60.849392
1523.127930	-186.534149
1522.113281	-116.163612
1521.097656	-75.377411
1520.082031	41.692463
1519.065430	131.631897
1518.049805	-31.856716
1517.033203	131.855103
1516.016602	66.795502
1515.000000	-3.150347
1513.982422	101.449234
1512.965820	-174.910446
1511.948242	-99.794167
1510.930664	66.187546
1509.913086	210.001923
1508.894531	147.477203
1507.875977	-67.227631
1506.857422	59.344891
1505.838867	-25.175882
1504.820313	-31.141066
1503.800781	-154.853180
1502.781250	-57.782211
1501.761719	142.236374
1500.742188	-42.693462
1499.721680	-80.495262
1498.702148	63.072052
1497.681641	130.629700
1496.661133	117.340416
1495.639648	268.126465
1494.618164	0.197412
1493.597656	82.444450
1492.576172	-214.673141
1491.553711	139.173279
1490.532227	177.331955
1489.509766	-82.903748
1488.487305	175.370972
1487.464844	61.957371
1486.442383	-149.159714
1485.418945	-101.155502
1484.395508	127.636436
1483.372070	275.743896
1482.348633	99.003296
1481.324219	15.124253
1480.300781	-49.158760
1479.276367	155.053558
1478.251953	15.152093
1477.226563	89.993050
1476.202148	245.326309
1475.176758	129.926361
1474.151367	43.853912
1473.125000	26.074625
1472.099609	303.209259
1471.073242	-70.289787
1470.046875	338.319733
1469.020508	208.557739
1467.994141	76.438324
1466.966797	44.196850
1465.939453	255.378128
1464.912109	223.162216
1463.884766	205.582748
1462.856445	287.746246
1461.829102	389.370483
1460.800781	364.539307
1459.772461	364.055115
1458.743164	390.317535
1457.714844	380.163177
1456.685547	685.824585
1455.656250	617.369629
1454.625977	750.496826
1453.596680	718.528870
1452.566406	356.503265
1451.536133	135.403641
1450.505859	479.710815
1449.474609	515.842285
1448.444336	408.921051
1447.413086	580.889160
1446.381836	108.021255
1445.350586	376.985474
1444.318359	260.597931
1443.286133	507.666168
1442.253906	529.417053
1441.221680	260.616455
1440.189453	280.059509
1439.156250	507.669861
1438.123047	260.915039
1437.089844	198.174164
1436.056641	246.763870
1435.022461	225.223129
1433.988281	24.804447
1432.954102	5.808796
1431.919922	359.046906
1430.885742	69.431038
1429.850586	-116.157837
1428.815430	7.524728
1427.780273	37.015987
1426.744141	151.017303
1425.708984	110.538521
1424.672852	-260.507996
1423.636719	53.848545
1422.600586	64.172691
1421.563477	26.285112
1420.527344	-202.021591
1419.490234	18.178993
1418.452148	93.701538
1417.415039	-213.888214
1416.376953	-34.679230
1415.338867	142.080124
1414.300781	-76.119888
1413.262695	-2.876860
1412.224609	164.250641
1411.185547	-24.834333
1410.146484	-98.310097
1409.107422	-219.827026
1408.067383	-26.212421
1407.027344	338.077911
1405.987305	91.643539
1404.947266	-135.419800
1403.907227	62.973782
1402.866211	309.356537
1401.826172	164.171722
1400.785156	-21.744608
1399.743164	190.990417
1398.702148	211.655746
1397.660156	436.325897
1396.618164	243.454788
1395.576172	209.026672
1394.533203	366.505707
1393.491211	473.611847
1392.448242	825.222717
1391.405273	845.965759
1390.361328	936.221252
1389.318359	870.761597
1388.274414	1485.601440
1387.230469	1410.539795
1386.186523	1608.484863
1385.141602	1602.911011
1384.097656	1841.488159
1383.052734	1962.751343
1382.007813	1741.922974
1380.961914	1903.877930
1379.916992	1941.469727
1378.871094	1787.827026
1377.825195	1521.949829
1376.778320	1509.509888
1375.732422	1449.340698
1374.685547	1351.006958
1373.638672	1130.959473
1372.591797	1135.471558
1371.543945	777.181946
1370.497070	555.123047
1369.449219	824.697693
1368.400391	609.931152
1367.352539	574.174072
1366.303711	705.368469
1365.255859	731.657715
1364.206055	765.101685
1363.157227	665.132324
1362.108398	939.277283
1361.058594	915.591553
1360.008789	675.246277
1358.958984	632.649414
1357.908203	497.262512
1356.857422	695.143127
1355.806641	895.351624
1354.755859	738.684631
1353.705078	594.009094
1352.653320	722.864807
1351.601563	461.824860
1350.549805	583.586243
1349.498047	588.892944
1348.445313	380.401917
1347.393555	250.425308
1346.340820	616.840088
1345.287109	232.872635
1344.234375	347.584839
1343.180664	232.072571
1342.126953	282.725067
1341.073242	150.729523
1340.019531	113.687279
1338.964844	320.908051
1337.910156	181.960602
1336.855469	-108.585037
1335.799805	27.539949
1334.745117	151.799164
1333.689453	328.130920
1332.633789	59.224861
1331.578125	202.412781
1330.521484	-35.534401
1329.464844	173.922501
1328.408203	94.662125
1327.351563	-64.962242
1326.294922	-84.956718
1325.237305	-7.981873
1324.179688	-82.307259
1323.122070	-10.040540
1322.064453	-237.869476
1321.005859	68.322853
1319.947266	-17.668789
1318.888672	-2.057530
1317.830078	-87.945168
1316.770508	71.699364
1315.710938	-127.397606
1314.651367	60.546883
1313.591797	111.622444
1312.531250	169.768463
1311.471680	-123.394501
1310.411133	-185.399521
1309.349609	-56.459614
1308.289063	-35.934879
1307.227539	-13.049610
1306.166016	-37.253498
1305.104492	-63.781136
1304.042969	-12.583915
1302.980469	90.387192
1301.917969	-72.577370
1300.855469	72.754608
1299.792969	34.574326
1298.729492	-8.278066
1297.666016	-161.596207
1296.602539	-82.110748
1295.539063	-185.950806
1294.474609	107.354729
1293.411133	109.271286
1292.346680	238.024506
1291.281250	-105.233383
1290.216797	-39.833965
1289.151367	32.591129
1288.085938	-42.830040
1287.020508	60.101559
1285.955078	191.155289
1284.888672	406.583740
1283.822266	99.110573
1282.755859	-53.504604
1281.689453	115.023201
1280.622070	-2.354112
1279.554688	77.106590
1278.487305	144.840683
1277.419922	-47.337517
1276.351563	186.631393
1275.283203	97.535400
1274.214844	-61.701828
1273.146484	476.294556
1272.077148	193.111435
1271.008789	221.082489
1269.939453	176.576889
1268.869141	244.295746
1267.799805	389.125366
1266.729492	195.130402
1265.659180	220.807632
1264.588867	120.381516
1263.517578	85.384422
1262.447266	321.204407
1261.375977	41.164154
1260.304688	99.586502
1259.232422	258.304688
1258.161133	526.591370
1257.088867	556.931519
1256.016602	121.024849
1254.943359	188.757401
1253.871094	291.436890
1252.797852	230.999542
1251.724609	242.809113
1250.650391	238.322037
1249.577148	329.312653
1248.502930	748.475159
1247.428711	450.704529
1246.354492	443.908844
1245.279297	485.976227
1244.204102	218.729340
1243.128906	435.240295
1242.053711	179.774643
1240.977539	17.392467
1239.902344	208.289688
1238.826172	422.340546
1237.750000	185.734711
1236.672852	35.157379
1235.595703	42.524754
1234.518555	89.360176
1233.441406	54.970177
1232.364258	13.651536
1231.286133	-111.144875
1230.208008	107.336929
1229.129883	453.255035
1228.051758	231.130844
1226.972656	321.967987
1225.893555	-83.047890
1224.814453	142.198303
1223.734375	186.712250
1222.655273	39.042831
1221.575195	14.137068
1220.495117	100.348434
1219.415039	-111.959915
1218.333984	-74.323235
1217.252930	127.525948
1216.171875	-110.053108
1215.090820	-86.273430
1214.008789	-9.338195
1212.926758	0.561021
1211.844727	130.605728
1210.762695	195.928604
1209.679688	208.115555
1208.597656	61.008034
1207.513672	-307.631989
1206.430664	-62.223038
1205.347656	95.414558
1204.263672	-189.912521
1203.179688	-34.606937
1202.095703	-54.596588
1201.010742	215.888123
1199.925781	29.926912
1198.840820	304.902405
1197.755859	125.935516
1196.670898	186.590530
1195.584961	-47.521114
1194.499023	-67.417465
1193.413086	103.743088
1192.326172	-201.510025
1191.239258	-55.689030
1190.152344	315.489044
1189.065430	24.217382
1187.978516	-78.389038
1186.890625	-8.550721
1185.802734	-9.977269
1184.714844	245.936554
1183.625977	320.267120
1182.538086	146.548477
1181.449219	250.732437
1180.360352	267.646423
1179.270508	270.782806
1178.180664	489.611633
1177.090820	371.124756
1176.000977	229.761368
1174.911133	503.503632
1173.820313	403.443512
1172.729492	273.638855
1171.638672	322.630341
1170.547852	289.130524
1169.456055	228.157288
1168.364258	464.910889
1167.272461	394.775757
1166.179688	484.894714
1165.087891	730.596375
1163.995117	509.445953
1162.902344	718.432800
1161.808594	746.656677
1160.715820	902.912964
1159.622070	928.800110
1158.528320	922.678406
1157.433594	617.235657
1156.339844	640.884277
1155.245117	360.759857
1154.149414	503.176361
1153.054688	444.641998
1151.958984	769.559814
1150.863281	279.715973
1149.767578	540.643127
1148.671875	479.854553
1147.575195	266.303528
1146.478516	228.389313
1145.381836	402.459137
1144.285156	369.078888
1143.187500	454.170563
1142.089844	195.276031
1140.992188	173.326416
1139.894531	-80.850685
1138.795898	204.541702
1137.697266	-4.036641
1136.598633	171.984070
1135.499023	-177.548477
1134.400391	-133.493439
1133.300781	-89.473244
1132.201172	90.907433
1131.100586	98.466949
1130.000977	-96.206604
1128.900391	-97.722031
1127.799805	166.476135
1126.698242	121.729614
1125.596680	-70.572128
1124.495117	16.361301
1123.393555	150.890594
1122.291992	40.333504
1121.189453	122.592201
1120.086914	658.315918
1118.984375	708.623169
1117.881836	752.089478
1116.778320	661.810242
1115.674805	986.151611
1114.571289	988.685059
1113.466797	819.086182
1112.363281	633.695251
1111.258789	740.356140
1110.153320	688.526978
1109.048828	580.138062
1107.943359	831.425659
1106.837891	797.625000
1105.732422	524.147583
1104.625977	625.998657
1103.520508	237.364609
1102.414063	117.748985
1101.306641	346.031860
1100.200195	332.530487
1099.092773	140.619415
1097.985352	352.846588
1096.877930	233.172134
1095.769531	244.386414
1094.661133	377.381104
1093.552734	-28.766407
1092.444336	99.646210
1091.335938	-22.274378
1090.226563	275.041290
1089.117188	171.080704
1088.006836	184.268768
1086.897461	312.290497
1085.787109	269.062744
1084.676758	138.008728
1083.566406	196.045593
1082.455078	213.496506
1081.343750	498.628479
1080.232422	547.405579
1079.121094	627.596558
1078.008789	451.391541
1076.896484	646.104614
1075.784180	672.135437
1074.671875	450.955780
1073.558594	492.634613
1072.445313	707.169739
1071.332031	528.630737
1070.217773	599.283569
1069.104492	243.447357
1067.990234	109.842415
1066.875977	362.080048
1065.760742	495.277771
1064.645508	-174.365204
1063.530273	48.447273
1062.415039	-65.084366
1061.299805	-133.808533
1060.183594	182.747513
1059.067383	185.541092
1057.951172	199.466034
1056.833984	54.367962
1055.716797	92.805954
1054.599609	79.693359
1053.482422	75.470886
1052.364258	221.034790
1051.247070	39.994728
1050.128906	212.194641
1049.009766	124.963791
1047.891602	182.964920
1046.772461	310.119781
1045.653320	253.989975
1044.533203	104.016296
1043.414063	45.582733
1042.293945	100.936783
1041.173828	-84.822594
1040.052734	23.926884
1038.932617	18.800154
1037.811523	216.530640
1036.689453	-60.810127
1035.568359	112.178345
1034.446289	-125.052094
1033.324219	-155.042633
1032.202148	-38.076954
1031.079102	141.105515
1029.957031	-65.054977
1028.833984	-97.577843
1027.709961	21.161297
1026.586914	-91.629311
1025.462891	106.977859
1024.338867	-163.854614
1023.214844	-94.449364
1022.089844	-122.977829
1020.964844	-231.583832
1019.839844	-13.591911
1018.714844	59.821869
1017.588867	-197.816849
1016.462891	77.491013
1015.336914	223.833130
1014.210938	208.002243
1013.083984	-205.107040
1011.957031	-28.007010
1010.830078	126.749458
1009.702148	370.039246
1008.574219	402.522217
1007.446289	598.920898
1006.318359	1579.581055
1005.190430	2147.641113
1004.061523	2263.503418
1002.932617	2035.994019
1001.802734	1102.255249
1000.673828	505.305542
999.543945	340.044403
998.414063	621.675537
997.283203	270.483490
996.153320	21.100634
995.022461	428.363617
993.891602	357.915894
992.759766	663.080994
991.628906	557.091492
990.497070	786.801147
989.364258	1109.059814
988.232422	1347.199951
987.099609	1404.133911
985.966797	1615.437256
984.833984	1669.911255
983.700195	1719.851929
982.566406	1513.872192
981.432617	1188.845825
980.298828	1117.380859
979.164063	1173.675171
978.029297	914.793518
976.894531	865.215210
975.759766	714.274780
974.624023	600.744507
973.488281	462.972626
972.352539	426.422821
971.215820	508.615234
970.080078	471.920197
968.943359	507.728729
967.805664	253.199753
966.668945	497.731415
965.531250	350.864868
964.393555	324.843689
963.254883	406.390961
962.117188	402.192474
960.978516	474.763733
959.839844	343.079102
958.700195	316.722931
957.561523	364.928436
956.421875	478.847534
955.281250	614.573120
954.141602	544.071289
953.000977	828.665527
951.860352	466.518433
950.719727	934.943787
949.578125	579.385315
948.436523	407.911865
947.294922	582.431213
946.153320	251.120621
945.010742	401.406158
943.868164	291.183228
942.725586	78.140884
941.583008	140.735901
940.439453	63.296635
939.295898	270.052734
938.152344	411.103546
937.007813	-11.732235
935.863281	118.304451
934.718750	64.779907
933.574219	4.694034
932.428711	-88.154037
931.283203	-65.311630
930.137695	-125.427185
928.992188	26.075489
927.845703	149.116669
926.699219	-192.389816
925.552734	111.552185
924.405273	284.546631
923.257813	119.685196
922.110352	-58.186272
920.962891	-13.819501
919.814453	152.448135
918.666016	63.913471
917.517578	62.477192
916.369141	106.739204
915.219727	-42.661182
914.070313	-100.637978
912.920898	-41.155659
911.770508	-99.106064
910.621094	-154.835175
909.470703	63.265583
908.319336	61.839279
907.168945	-148.075333
906.017578	117.683205
904.866211	44.656010
903.713867	151.830429
902.562500	31.137655
901.410156	-117.688309
900.256836	-170.986649
899.104492	-48.562664
897.951172	-80.102020
896.797852	113.836685
895.644531	127.861458
894.490234	-46.575100
893.335938	23.876516
892.181641	-81.064323
891.027344	-99.301285
889.872070	-4.932324
888.716797	78.630173
887.561523	175.195435
886.405273	-214.914383
885.249023	145.616684
884.092773	2.299062
882.936523	189.828690
881.779297	-154.272812
880.622070	-143.818619
879.464844	-51.208519
878.307617	63.034687
877.149414	24.009075
875.991211	-174.641830
874.833008	45.539574
873.673828	-8.303467
872.514648	19.941034
871.355469	24.547068
870.196289	65.901886
869.036133	59.908791
867.875977	10.923493
866.715820	15.928902
865.554688	-47.894108
864.394531	521.557068
863.233398	225.350754
862.071289	148.940842
860.910156	132.952637
859.748047	220.353516
858.585938	391.726685
857.422852	322.284912
856.259766	302.452881
855.096680	213.978882
853.933594	91.294708
852.770508	112.752052
851.606445	127.884346
850.442383	44.365562
849.277344	388.266418
848.113281	81.779579
846.948242	-35.582409
845.783203	36.060791
844.617188	107.811470
843.451172	-79.798027
842.285156	-112.803154
841.119141	-175.643677
839.952148	108.853317
838.785156	521.924500
837.618164	-54.622002
836.451172	-11.855159
835.283203	-71.718872
834.115234	-217.008514
832.947266	61.648182
831.778320	344.614197
830.609375	52.238064
829.440430	123.706314
828.271484	317.176117
827.101563	59.717819
825.931641	204.300125
824.761719	242.167908
823.590820	284.456146
822.420898	171.019882
821.250000	313.999542
820.078125	401.589355
818.907227	265.254517
817.735352	191.026779
816.562500	219.389145
815.390625	482.491211
814.217773	193.466919
813.044922	360.887909
811.872070	-130.058502
810.698242	120.800499
809.524414	56.485050
808.350586	271.336456
807.176758	286.143219
806.001953	218.105728
804.827148	-145.510757
803.651367	14.572373
802.476563	-33.685181
801.300781	-94.508514
800.125000	-31.824804
798.948242	67.133064
797.772461	253.340759
796.595703	99.712631
795.417969	179.956512
794.241211	262.457062
793.063477	204.965073
791.885742	137.049728
790.707031	107.519371
789.529297	226.669250
788.350586	411.668854
787.170898	85.697861
785.992188	211.591431
784.812500	310.021454
783.632813	497.549530
782.452148	259.316193
781.272461	341.157135
780.091797	111.826843
778.911133	251.096909
777.729492	337.520050
776.547852	-138.818100
775.366211	176.389633
774.184570	41.077293
773.001953	62.424564
771.819336	-85.243553
770.636719	-61.534325
769.453125	-130.699722
768.269531	28.424520
767.085938	-182.025024
765.902344	-244.472412
764.717773	43.631149
763.533203	131.189423
762.348633	-118.811745
761.163086	-107.032608
759.977539	-152.124557
758.791992	81.198792
757.606445	0.383890
756.419922	-337.448334
755.233398	-15.561124
754.046875	103.997612
752.859375	86.657341
751.672852	-111.709694
750.485352	279.467346
749.296875	426.367035
748.108398	297.592651
746.919922	179.420242
745.731445	380.985199
744.542969	98.877930
743.353516	300.385132
742.164063	213.883347
740.973633	-7.047812
739.783203	74.598976
738.592773	36.486340
737.402344	-264.074646
736.211914	117.682152
735.020508	226.412521
733.829102	108.461777
732.636719	292.579407
731.444336	319.280823
730.251953	134.160446
729.059570	14.051087
727.866211	36.438606
726.673828	220.070618
725.479492	112.393265
724.286133	-28.814838
723.091797	-44.422585
721.897461	-85.224106
720.703125	-213.989441
719.507813	132.128891
718.312500	-24.012239
717.117188	-8.707802
715.921875	138.194672
714.725586	92.621124
713.529297	222.486115
712.332031	-170.120117
711.135742	66.030525
709.938477	122.360352
708.740234	180.626373
707.542969	382.751434
706.344727	883.048706
705.146484	1011.632385
703.948242	1603.048218
702.749023	1904.202271
701.549805	1519.208252
700.350586	1150.935059
699.150391	955.649048
697.950195	724.906799
696.750000	567.033569
695.549805	252.937164
694.348633	194.910599
693.147461	340.747131
691.946289	107.690002
690.744141	34.801098
689.541992	419.377563
688.339844	416.912354
687.136719	218.933716
685.934570	324.378235
684.730469	78.524132
683.527344	225.310226
682.323242	282.641571
681.119141	354.406464
679.915039	291.147675
678.710938	429.174347
677.505859	249.641205
676.300781	32.824848
675.094727	195.608307
673.889648	194.519089
672.683594	-73.959251
671.476563	-85.310852
670.270508	143.729065
669.063477	142.795746
667.856445	270.340729
666.648438	31.465534
665.440430	140.569214
664.232422	208.381348
663.024414	23.921747
661.815430	-71.313911
660.606445	239.033203
659.397461	7.813106
658.188477	-34.925503
656.978516	21.854675
655.768555	4.576094
654.557617	-291.155792
653.346680	245.851761
652.135742	186.416962
650.924805	127.498405
649.712891	25.807489
648.501953	11.380761
647.289063	245.083420
646.077148	-199.068665
644.864258	-141.343109
643.651367	65.515015
642.438477	-289.440277
641.224609	87.969551
640.010742	276.646667
638.796875	206.778641
637.582031	271.809113
636.367188	66.254440
635.152344	347.573029
633.937500	278.239441
632.721680	391.256165
631.505859	542.626587
630.289063	561.796570
629.073242	894.880737
627.856445	621.281494
626.639648	626.848938
625.421875	856.046021
624.204102	801.648315
622.986328	511.168060
621.768555	391.210419
620.549805	501.279358
619.331055	363.358765
618.111328	320.240753
616.892578	121.779114
