1721.000977	140.606812
1720.027344	-56.084496
1719.052734	-72.816818
1718.078125	-44.184235
1717.104492	34.963638
1716.128906	321.039948
1715.154297	134.471375
1714.178711	93.399933
1713.204102	-2.131200
1712.228516	-67.519730
1711.251953	58.652248
1710.276367	163.714249
1709.299805	270.727264
1708.324219	-9.443470
1707.347656	-133.859909
1706.370117	-135.867599
1705.393555	-51.303860
1704.416016	-107.934906
1703.438477	29.446712
1702.460938	12.948977
1701.483398	129.046326
1700.505859	65.816002
1699.527344	61.049671
1698.548828	66.201317
1697.570313	127.266144
1696.591797	57.777802
1695.612305	276.596619
1694.632813	-178.906723
1693.653320	174.699966
1692.673828	48.188210
1691.694336	-40.188660
1690.713867	-156.785019
1689.734375	30.023792
1688.753906	-43.496468
1687.772461	-50.864471
1686.791992	-180.665237
1685.810547	-96.494614
1684.830078	117.499352
1683.848633	43.463631
1682.866211	259.676178
1681.884766	106.566200
1680.902344	11.989884
1679.919922	367.880951
1678.937500	163.787369
1677.955078	-185.260880
1676.971680	30.442837
1675.989258	243.522919
1675.005859	-57.084980
1674.022461	-156.757889
1673.038086	-83.595261
1672.054688	-43.456551
1671.070313	50.008648
1670.085938	-36.867104
1669.101563	36.298557
1668.117188	15.534174
1667.131836	256.230835
1666.146484	141.596756
1665.161133	-5.920437
1664.175781	16.628553
1663.189453	125.426987
1662.204102	59.312759
1661.217773	16.079861
1660.231445	102.192429
1659.245117	86.979431
1658.257813	102.224907
1657.270508	236.583511
1656.284180	155.734756
1655.295898	-107.341660
1654.308594	-142.383423
1653.321289	32.726688
1652.333008	-62.913467
1651.344727	11.063977
1650.356445	-134.943420
1649.367188	-106.345818
1648.378906	152.412201
1647.389648	-23.623583
1646.400391	-148.953751
1645.411133	-84.648277
1644.420898	17.589514
1643.431641	-135.180786
1642.441406	111.129913
1641.451172	82.262100
1640.459961	134.240891
1639.469727	166.120728
1638.478516	71.912918
1637.487305	270.427490
1636.496094	355.464539
1635.504883	372.478424
1634.512695	331.572388
1633.520508	144.594757
1632.528320	103.925423
1631.536133	458.873871
1630.543945	539.220276
1629.550781	450.878510
1628.557617	380.278137
1627.564453	745.247925
1626.571289	820.735840
1625.578125	825.818481
1624.583984	1213.316284
1623.589844	841.195251
1622.595703	1113.010376
1621.601563	1133.387207
1620.606445	1274.448853
1619.611328	1511.012451
1618.616211	1463.644775
1617.621094	1499.252319
1616.625977	1492.216187
1615.629883	1585.657959
1614.633789	1445.663696
1613.637695	1448.843018
1612.641602	1211.192139
1611.645508	1784.008301
1610.648438	1621.721802
1609.651367	1514.723022
1608.654297	1488.047363
1607.657227	1656.946899
1606.659180	1632.832886
1605.662109	1964.584717
1604.664063	1442.003052
1603.666016	2099.308105
1602.666992	1777.297607
1601.668945	1710.833618
1600.669922	1691.968872
1599.670898	1693.167480
1598.671875	1694.398560
1597.671875	1675.630127
1596.672852	1431.840942
1595.672852	1458.197510
1594.672852	1369.579956
1593.671875	1296.001587
1592.671875	1045.083252
1591.670898	759.296753
1590.669922	823.332581
1589.668945	982.251770
1588.667969	766.623047
1587.666016	573.546082
1586.664063	704.994568
1585.662109	581.902588
1584.660156	441.409515
1583.658203	557.875244
1582.655273	280.303894
1581.652344	558.798157
1580.649414	306.282562
1579.646484	305.564453
1578.642578	-16.562780
1577.638672	139.706711
1576.634766	-17.880173
1575.630859	-187.849899
1574.626953	145.103104
1573.622070	-169.200241
1572.618164	141.210403
1571.613281	187.763168
1570.607422	67.627037
1569.602539	-40.012718
1568.596680	81.102219
1567.590820	-43.927124
1566.584961	-2.402298
1565.579102	88.789223
1564.572266	115.328079
1563.566406	223.823532
1562.559570	-32.772488
1561.551758	107.924156
1560.544922	-188.275970
1559.537109	39.225605
1558.530273	-110.479225
1557.521484	39.969509
1556.513672	-132.039063
1555.505859	-127.945084
1554.497070	-91.661346
1553.488281	9.032831
1552.479492	-130.687057
1551.470703	39.307617
1550.460938	-122.700493
1549.451172	-19.687824
1548.441406	-352.478760
1547.431641	5.461750
1546.421875	-443.542206
1545.411133	151.745300
1544.400391	-25.040663
1543.389648	-45.954781
1542.378906	-103.965775
1541.367188	87.701416
1540.355469	123.557022
1539.343750	105.017174
1538.332031	130.939453
1537.320313	45.681469
1536.307617	-27.225780
1535.294922	10.989854
1534.282227	152.852066
1533.269531	-53.351738
1532.256836	76.097496
1531.243164	121.582458
1530.229492	16.580534
1529.215820	111.349915
1528.202148	144.432037
1527.187500	56.688183
1526.172852	178.441559
1525.158203	122.733643
1524.143555	-218.710434
1523.127930	-55.158218
1522.113281	34.462120
1521.097656	284.032990
1520.082031	-69.520699
1519.065430	-117.819923
1518.049805	-195.609192
1517.033203	88.185394
1516.016602	76.750526
1515.000000	-47.784203
1513.982422	-69.047478
1512.965820	189.884216
1511.948242	212.799744
1510.930664	-100.852425
1509.913086	74.387459
1508.894531	276.545105
1507.875977	-117.960274
1506.857422	-60.666965
1505.838867	-108.917900
1504.820313	613.250610
1503.800781	32.567554
1502.781250	229.563446
1501.761719	36.620003
1500.742188	108.517365
1499.721680	114.199448
1498.702148	455.605255
1497.681641	326.483124
1496.661133	94.551033
1495.639648	149.221725
1494.618164	181.844070
1493.597656	74.958214
1492.576172	178.578308
1491.553711	10.558847
1490.532227	104.389374
1489.509766	-105.091606
1488.487305	76.767387
1487.464844	-78.804214
1486.442383	-158.520340
1485.418945	64.811356
1484.395508	183.012146
1483.372070	42.266575
1482.348633	165.348984
1481.324219	-16.813791
1480.300781	37.925461
1479.276367	331.823761
1478.251953	-77.110260
1477.226563	80.108917
1476.202148	154.380219
1475.176758	289.591766
1474.151367	44.451279
1473.125000	340.544006
1472.099609	232.026367
1471.073242	213.718430
1470.046875	-48.141037
1469.020508	33.534790
1467.994141	20.250689
1466.966797	-14.917629
1465.939453	183.612183
1464.912109	309.096832
1463.884766	201.017624
1462.856445	423.796143
1461.829102	211.249985
1460.800781	555.576965
1459.772461	513.310242
1458.743164	439.494598
1457.714844	832.275391
1456.685547	610.329224
1455.656250	546.386353
1454.625977	613.620605
1453.596680	338.590942
1452.566406	840.392334
1451.536133	623.748901
1450.505859	916.727844
1449.474609	690.540161
1448.444336	496.041199
1447.413086	401.064636
1446.381836	294.062836
1445.350586	257.438751
1444.318359	591.589294
1443.286133	630.105286
1442.253906	646.862366
1441.221680	380.357086
1440.189453	431.164368
1439.156250	24.527004
1438.123047	547.371399
1437.089844	68.414787
1436.056641	327.481995
1435.022461	148.757462
1433.988281	49.956272
1432.954102	16.524227
1431.919922	-304.434692
1430.885742	215.681488
1429.850586	93.018456
1428.815430	-68.175903
1427.780273	195.760925
1426.744141	87.838036
1425.708984	-191.336563
1424.672852	-72.163010
1423.636719	-76.022713
1422.600586	35.967464
1421.563477	278.189911
1420.527344	45.390568
1419.490234	10.412086
1418.452148	-128.133743
1417.415039	-81.001434
1416.376953	-9.744469
1415.338867	177.159363
1414.300781	-50.139339
1413.262695	45.338097
1412.224609	123.994186
1411.185547	250.799759
1410.146484	28.747288
1409.107422	242.250946
1408.067383	208.006363
1407.027344	22.359234
1405.987305	-2.073162
1404.947266	38.467030
1403.907227	-12.256481
1402.866211	90.854538
1401.826172	30.672096
1400.785156	-51.042866
1399.743164	148.237183
1398.702148	105.075188
1397.660156	162.781296
1396.618164	642.813660
1395.576172	369.478821
1394.533203	815.811035
1393.491211	902.362671
1392.448242	830.710144
1391.405273	1353.557251
1390.361328	1248.416992
1389.318359	1610.571655
1388.274414	1761.846069
1387.230469	2078.357910
1386.186523	1868.077515
1385.141602	2421.528076
1384.097656	2163.535889
1383.052734	2448.840576
1382.007813	2348.955811
1380.961914	2390.273926
1379.916992	2276.230225
1378.871094	2140.773926
1377.825195	2234.890625
1376.778320	1810.482788
1375.732422	2036.158936
1374.685547	1502.231934
1373.638672	1348.296875
1372.591797	1397.433228
1371.543945	1279.508789
1370.497070	1166.482666
1369.449219	1046.400635
1368.400391	1303.327271
1367.352539	1226.320801
1366.303711	782.195068
1365.255859	1079.736816
1364.206055	974.392273
1363.157227	997.841187
1362.108398	1104.724854
1361.058594	1037.733643
1360.008789	980.357849
1358.958984	913.542542
1357.908203	1006.286621
1356.857422	937.221008
1355.806641	953.899963
1354.755859	1061.022095
1353.705078	1113.456055
1352.653320	866.312439
1351.601563	576.540222
1350.549805	978.584167
1349.498047	715.162476
1348.445313	656.210144
1347.393555	727.986328
1346.340820	396.074615
1345.287109	441.845703
1344.234375	302.511475
1343.180664	659.273010
1342.126953	439.375641
1341.073242	376.185883
1340.019531	557.351563
1338.964844	330.646149
1337.910156	315.072418
1336.855469	344.584808
1335.799805	241.427643
1334.745117	147.846893
1333.689453	11.710638
1332.633789	13.027288
1331.578125	-101.621750
1330.521484	77.326363
1329.464844	-150.799805
1328.408203	6.876057
1327.351563	218.933411
1326.294922	229.918472
1325.237305	39.950962
1324.179688	-38.785328
1323.122070	97.626930
1322.064453	59.161716
1321.005859	-180.059158
1319.947266	-128.625488
1318.888672	-37.030125
1317.830078	-6.820567
1316.770508	-16.720530
1315.710938	235.363602
1314.651367	-300.644989
1313.591797	-53.254742
1312.531250	-96.019295
1311.471680	-44.409401
1310.411133	49.634350
1309.349609	202.584106
1308.289063	108.095825
1307.227539	-85.268875
1306.166016	-123.071022
1305.104492	-144.342468
1304.042969	62.785301
1302.980469	293.382050
1301.917969	22.673712
1300.855469	-7.912545
1299.792969	102.671494
1298.729492	-78.379295
1297.666016	79.241043
1296.602539	44.067051
1295.539063	34.785660
1294.474609	-37.915936
1293.411133	-54.173615
1292.346680	-32.831112
1291.281250	56.613041
1290.216797	153.091171
1289.151367	66.468712
1288.085938	-59.983780
1287.020508	160.854248
1285.955078	390.999817
1284.888672	341.997833
1283.822266	271.937134
1282.755859	330.846497
1281.689453	-191.438675
1280.622070	258.853210
1279.554688	294.347992
1278.487305	519.545227
1277.419922	182.709946
1276.351563	199.514297
1275.283203	-85.589767
1274.214844	296.323059
1273.146484	362.264038
1272.077148	220.020538
1271.008789	487.078888
1269.939453	536.604248
1268.869141	324.328552
1267.799805	140.206894
1266.729492	493.529480
1265.659180	393.558746
1264.588867	496.815735
1263.517578	70.027473
1262.447266	294.715240
1261.375977	421.286682
1260.304688	342.484589
1259.232422	478.334961
1258.161133	434.556213
1257.088867	267.216278
1256.016602	382.036469
1254.943359	545.753784
1253.871094	776.988831
1252.797852	723.899658
1251.724609	605.621460
1250.650391	878.614014
1249.577148	699.833923
1248.502930	795.794556
1247.428711	654.350159
1246.354492	438.519806
1245.279297	785.706665
1244.204102	395.520691
1243.128906	663.520203
1242.053711	852.366943
1240.977539	634.411377
1239.902344	600.125610
1238.826172	340.511597
1237.750000	501.399994
1236.672852	439.295532
1235.595703	437.579681
1234.518555	510.140839
1233.441406	561.787292
1232.364258	151.727859
1231.286133	187.189972
1230.208008	278.291382
1229.129883	278.934235
1228.051758	138.178772
1226.972656	108.717430
1225.893555	109.390579
1224.814453	-112.315674
1223.734375	55.146545
1222.655273	34.989449
1221.575195	315.775818
1220.495117	15.517890
1219.415039	224.451813
1218.333984	310.674316
1217.252930	49.924221
1216.171875	66.773605
1215.090820	208.452759
1214.008789	181.333817
1212.926758	-56.063126
1211.844727	87.845718
1210.762695	-59.348030
1209.679688	144.528595
1208.597656	-32.632545
1207.513672	18.787376
1206.430664	65.573486
1205.347656	-81.476250
1204.263672	20.660761
1203.179688	-73.284485
1202.095703	65.689804
1201.010742	34.002712
1199.925781	191.312973
1198.840820	19.046192
1197.755859	250.001053
1196.670898	17.903978
1195.584961	191.174026
1194.499023	-132.910904
1193.413086	-113.907639
1192.326172	-180.068954
1191.239258	-110.466583
1190.152344	0.500869
1189.065430	90.716057
1187.978516	185.483505
1186.890625	298.585602
1185.802734	145.052124
1184.714844	281.076294
1183.625977	217.178757
1182.538086	-108.498688
1181.449219	289.214325
1180.360352	363.072174
1179.270508	260.161957
1178.180664	453.286835
1177.090820	552.263123
1176.000977	421.834717
1174.911133	380.884247
1173.820313	440.805420
1172.729492	555.702209
1171.638672	352.019714
1170.547852	652.435547
1169.456055	396.116669
1168.364258	522.325378
1167.272461	458.444275
1166.179688	596.003601
1165.087891	884.533997
1163.995117	848.033630
1162.902344	1092.893799
1161.808594	1008.308716
1160.715820	1294.156616
1159.622070	1316.980713
1158.528320	944.410461
1157.433594	1257.450562
1156.339844	1015.244934
1155.245117	718.315247
1154.149414	446.616272
1153.054688	592.791870
1151.958984	672.693665
1150.863281	428.527283
1149.767578	462.778717
1148.671875	275.760223
1147.575195	412.607330
1146.478516	339.638947
1145.381836	348.741425
1144.285156	214.260178
1143.187500	227.904953
1142.089844	13.752391
1140.992188	-6.754471
1139.894531	177.635956
1138.795898	18.209539
1137.697266	104.617157
1136.598633	343.407288
1135.499023	143.045380
1134.400391	6.437203
1133.300781	-307.481995
1132.201172	-216.653122
1131.100586	221.828690
1130.000977	26.164186
1128.900391	144.048233
1127.799805	-6.137776
1126.698242	116.194534
1125.596680	263.420715
1124.495117	197.210205
1123.393555	292.117249
1122.291992	230.420654
1121.189453	266.251648
1120.086914	955.110840
1118.984375	777.605103
1117.881836	899.343323
1116.778320	1347.308105
1115.674805	1292.090088
1114.571289	1223.276489
1113.466797	1423.943726
1112.363281	1063.013672
1111.258789	910.453796
1110.153320	1319.160156
1109.048828	1060.212769
1107.943359	1038.856445
1106.837891	590.051025
1105.732422	600.399414
1104.625977	576.795959
1103.520508	856.016418
1102.414063	644.760376
1101.306641	483.257629
1100.200195	305.987091
1099.092773	591.636475
1097.985352	378.222321
1096.877930	505.665833
1095.769531	240.388535
1094.661133	534.658936
1093.552734	497.212677
1092.444336	450.722931
1091.335938	93.105042
1090.226563	486.147552
1089.117188	216.474564
1088.006836	383.931183
1086.897461	393.608215
1085.787109	540.595032
1084.676758	338.508026
1083.566406	559.627686
1082.455078	497.048920
1081.343750	805.675354
1080.232422	389.826538
1079.121094	770.202942
1078.008789	473.604370
1076.896484	725.555664
1075.784180	534.624329
1074.671875	907.671143
1073.558594	453.854980
1072.445313	622.271179
1071.332031	729.934570
1070.217773	545.664246
1069.104492	500.575653
1067.990234	199.653320
1066.875977	677.217285
1065.760742	452.518127
1064.645508	292.887665
1063.530273	332.782196
1062.415039	426.388458
1061.299805	-15.641941
1060.183594	42.023327
1059.067383	171.271042
1057.951172	327.266479
1056.833984	205.517609
1055.716797	-23.672630
1054.599609	431.904022
1053.482422	169.074951
1052.364258	496.767853
1051.247070	207.070419
1050.128906	261.717621
1049.009766	287.202728
1047.891602	115.967300
1046.772461	335.701050
1045.653320	90.668404
1044.533203	-181.134949
1043.414063	42.762314
1042.293945	116.922554
1041.173828	66.002998
1040.052734	-192.471542
1038.932617	-20.392557
1037.811523	-127.239113
1036.689453	-182.844070
1035.568359	127.073372
1034.446289	89.104103
1033.324219	-89.297287
1032.202148	15.202597
1031.079102	-154.366013
1029.957031	56.811584
1028.833984	-86.141113
1027.709961	33.488056
1026.586914	72.889214
1025.462891	-23.517620
1024.338867	-55.470585
1023.214844	-54.142040
1022.089844	-21.791239
1020.964844	-89.552567
1019.839844	255.919235
1018.714844	-91.958275
1017.588867	199.865982
1016.462891	-96.956879
1015.336914	-0.800275
1014.210938	168.464355
1013.083984	26.895689
1011.957031	2.879578
1010.830078	247.155960
1009.702148	125.338066
1008.574219	759.460449
1007.446289	1605.977905
1006.318359	2022.128662
1005.190430	3177.945557
1004.061523	3072.846436
1002.932617	2411.883545
1001.802734	1686.914307
1000.673828	968.833557
999.543945	399.238098
998.414063	320.960327
997.283203	207.222260
996.153320	434.005493
995.022461	202.929901
993.891602	219.425827
992.759766	801.531555
991.628906	563.619934
990.497070	590.771362
989.364258	745.890076
988.232422	1000.208923
987.099609	1011.497253
985.966797	1168.338501
984.833984	996.270081
983.700195	994.025208
982.566406	1201.193481
981.432617	1013.511536
980.298828	1035.233765
979.164063	1085.491699
978.029297	805.138977
976.894531	668.006104
975.759766	795.119080
974.624023	609.419800
973.488281	963.027954
972.352539	594.530151
971.215820	457.129852
970.080078	436.304871
968.943359	399.994781
967.805664	170.110306
966.668945	226.032059
965.531250	13.705189
964.393555	302.363495
963.254883	252.493454
962.117188	116.925583
960.978516	343.622223
959.839844	258.409393
958.700195	750.355469
957.561523	421.373688
956.421875	704.498230
955.281250	840.456787
954.141602	748.252686
953.000977	930.025574
951.860352	973.566833
950.719727	714.631714
949.578125	891.677246
948.436523	698.432617
947.294922	500.830963
946.153320	517.791687
945.010742	429.611633
943.868164	341.407043
942.725586	478.511566
941.583008	433.959991
940.439453	61.355759
939.295898	620.169006
938.152344	188.571396
937.007813	-33.122749
935.863281	136.285492
934.718750	194.172928
933.574219	-18.782789
932.428711	102.316696
931.283203	-93.163429
930.137695	344.220215
928.992188	454.118042
927.845703	134.231216
926.699219	84.852867
925.552734	79.065201
924.405273	112.465858
923.257813	117.494667
922.110352	76.741714
920.962891	319.135010
919.814453	280.467590
918.666016	322.349396
917.517578	-138.598129
916.369141	25.187931
915.219727	238.906967
914.070313	304.610443
912.920898	311.560577
911.770508	127.167786
910.621094	108.061989
909.470703	-2.319223
908.319336	-38.797501
907.168945	-33.969467
906.017578	-289.741150
904.866211	-0.451517
903.713867	147.614792
902.562500	-97.134964
901.410156	-5.491351
900.256836	112.142143
899.104492	-108.534363
897.951172	-257.553375
896.797852	111.566376
895.644531	-63.379353
894.490234	39.088863
893.335938	-211.516464
892.181641	46.932453
891.027344	294.479431
889.872070	173.969360
888.716797	150.945892
887.561523	47.933315
886.405273	-74.461563
885.249023	67.084061
884.092773	-104.868370
882.936523	341.512085
881.779297	-141.497559
880.622070	-40.877495
879.464844	-251.275253
878.307617	108.608871
877.149414	62.493534
875.991211	83.394394
874.833008	2.941216
873.673828	-77.404938
872.514648	71.017822
871.355469	150.454483
870.196289	-255.150803
869.036133	218.956299
867.875977	180.054474
866.715820	272.697235
865.554688	190.914520
864.394531	456.002258
863.233398	53.640743
862.071289	303.766510
860.910156	562.514648
859.748047	436.132416
858.585938	585.256897
857.422852	370.990814
856.259766	449.349976
855.096680	280.612152
853.933594	200.191864
852.770508	347.681305
851.606445	624.103638
850.442383	327.163147
849.277344	210.834366
848.113281	94.718102
846.948242	96.817703
845.783203	459.500916
844.617188	268.754242
843.451172	76.105247
842.285156	224.590973
841.119141	-212.001541
839.952148	-11.783154
838.785156	122.087372
837.618164	271.051147
836.451172	-164.509354
835.283203	1.896906
834.115234	84.916946
832.947266	330.704498
831.778320	266.315308
830.609375	178.598862
829.440430	347.712524
828.271484	12.364479
827.101563	314.300171
825.931641	-167.991257
824.761719	379.893433
823.590820	543.219421
822.420898	388.474213
821.250000	635.343750
820.078125	410.555481
818.907227	536.033264
817.735352	659.490906
816.562500	405.530731
815.390625	454.690460
814.217773	525.319397
813.044922	325.405975
811.872070	400.660858
810.698242	154.355789
809.524414	304.523254
808.350586	188.617798
807.176758	132.558670
806.001953	-136.143936
804.827148	140.217178
803.651367	-66.314514
802.476563	269.813660
801.300781	170.029373
800.125000	-33.705376
798.948242	60.391308
797.772461	186.497314
796.595703	299.962982
795.417969	468.763458
794.241211	291.532410
793.063477	452.097260
791.885742	542.710999
790.707031	495.511139
789.529297	756.112183
788.350586	607.394836
787.170898	405.884094
785.992188	461.144440
784.812500	654.289429
783.632813	830.537048
782.452148	411.548279
781.272461	693.952393
780.091797	773.078308
778.911133	386.562958
777.729492	65.967575
776.547852	401.604370
775.366211	7.361953
774.184570	271.185394
773.001953	148.042160
771.819336	-118.684212
770.636719	-95.629066
769.453125	-30.229343
768.269531	66.925194
767.085938	-93.539421
765.902344	153.678513
764.717773	170.759109
763.533203	63.389160
762.348633	190.350510
761.163086	-150.995224
759.977539	30.917133
758.791992	377.263672
757.606445	219.679398
756.419922	-180.155960
755.233398	391.578094
754.046875	-260.823547
752.859375	184.355804
751.672852	210.342499
750.485352	522.614868
749.296875	653.756653
748.108398	404.003693
746.919922	463.586060
745.731445	464.245483
744.542969	141.092743
743.353516	251.092209
742.164063	302.165100
740.973633	-29.218460
739.783203	439.829529
738.592773	331.085846
737.402344	293.723663
736.211914	529.197510
735.020508	346.867920
733.829102	615.640747
732.636719	311.558044
731.444336	353.553253
730.251953	189.965790
729.059570	131.160599
727.866211	124.664078
726.673828	467.944214
725.479492	184.647003
724.286133	-40.004372
723.091797	-107.660034
721.897461	-68.670311
720.703125	32.939903
719.507813	115.519463
718.312500	13.843861
717.117188	131.630951
715.921875	-137.571136
714.725586	209.780136
713.529297	379.174530
712.332031	335.215332
711.135742	326.610291
709.938477	-58.050747
708.740234	244.131134
707.542969	769.314758
706.344727	1185.547119
705.146484	1693.180420
703.948242	2252.523926
702.749023	2494.446045
701.549805	2273.251953
700.350586	1908.156494
699.150391	1349.243896
697.950195	929.979553
696.750000	673.171570
695.549805	333.003387
694.348633	232.201630
693.147461	58.416214
691.946289	311.086487
690.744141	105.790123
689.541992	-101.660339
688.339844	318.758575
687.136719	666.052185
685.934570	487.226654
684.730469	528.568970
683.527344	299.713928
682.323242	-105.697006
681.119141	182.458176
679.915039	277.318359
678.710938	324.310577
677.505859	215.581482
676.300781	13.495798
675.094727	83.124207
673.889648	183.798904
672.683594	50.172836
671.476563	82.402534
670.270508	13.130630
669.063477	-20.849281
667.856445	202.053253
666.648438	41.920200
665.440430	-10.373886
664.232422	-12.818290
663.024414	313.882477
661.815430	-21.256987
660.606445	-64.406937
659.397461	45.742950
658.188477	63.151245
656.978516	122.235214
655.768555	264.334961
654.557617	-90.969421
653.346680	109.866821
652.135742	-17.107746
650.924805	-42.295551
649.712891	189.036514
648.501953	80.558350
647.289063	-204.499191
646.077148	-22.593140
644.864258	-83.166557
643.651367	234.394699
642.438477	-131.298676
641.224609	-186.737061
640.010742	92.645035
638.796875	247.505768
637.582031	339.776642
636.367188	151.423874
635.152344	361.739777
633.937500	441.849976
632.721680	319.967163
631.505859	300.628723
630.289063	862.836609
629.073242	845.091003
627.856445	833.520935
626.639648	957.631653
625.421875	1122.983887
624.204102	748.601196
622.986328	461.066162
621.768555	796.063110
620.549805	75.003952
619.331055	-160.773895
618.111328	111.108444
616.892578	31.321133
