1721.000977	137.450409
1720.027344	67.658463
1719.052734	100.316078
1718.078125	147.895035
1717.104492	-30.723406
1716.128906	-27.608385
1715.154297	-112.074318
1714.178711	-84.098480
1713.204102	-20.612923
1712.228516	183.427902
1711.251953	-17.769304
1710.276367	-75.750252
1709.299805	-23.899599
1708.324219	-15.880966
1707.347656	40.485256
1706.370117	6.973942
1705.393555	50.002842
1704.416016	189.981110
1703.438477	-107.709335
1702.460938	34.361717
1701.483398	-79.501900
1700.505859	-101.485023
1699.527344	52.690434
1698.548828	211.743362
1697.570313	30.808121
1696.591797	64.340942
1695.612305	-111.683853
1694.632813	118.165733
1693.653320	21.078321
1692.673828	-14.834933
1691.694336	28.256516
1690.713867	-104.791374
1689.734375	9.524411
1688.753906	-62.440514
1687.772461	-60.533760
1686.791992	-5.158974
1685.810547	45.021618
1684.830078	59.471249
1683.848633	17.813076
1682.866211	-16.246092
1681.884766	54.076801
1680.902344	144.687149
1679.919922	97.798134
1678.937500	-48.331532
1677.955078	-39.234375
1676.971680	35.959969
1675.989258	52.639893
1675.005859	122.682930
1674.022461	-15.740907
1673.038086	97.475258
1672.054688	91.242462
1671.070313	74.845741
1670.085938	129.579346
1669.101563	16.713728
1668.117188	-47.852924
1667.131836	161.736343
1666.146484	-192.099960
1665.161133	65.682419
1664.175781	49.429302
1663.189453	-12.452050
1662.204102	-51.444252
1661.217773	-103.078712
1660.231445	-103.969162
1659.245117	168.842865
1658.257813	-57.522942
1657.270508	98.709862
1656.284180	-54.020466
1655.295898	-57.295979
1654.308594	-37.735901
1653.321289	-157.336227
1652.333008	79.908150
1651.344727	41.353828
1650.356445	-19.904943
1649.367188	37.739338
1648.378906	80.246689
1647.389648	-41.528759
1646.400391	-170.791580
1645.411133	86.610664
1644.420898	189.846863
1643.431641	-2.390402
1642.441406	-70.790817
1641.451172	17.397509
1640.459961	-161.958344
1639.469727	70.134323
1638.478516	-40.953423
1637.487305	186.045502
1636.496094	261.681458
1635.504883	163.356308
1634.512695	112.996735
1633.520508	77.820618
1632.528320	198.923065
1631.536133	63.054451
1630.543945	232.043213
1629.550781	363.215454
1628.557617	338.276978
1627.564453	398.967255
1626.571289	525.099976
1625.578125	500.251526
1624.583984	515.685547
1623.589844	511.026489
1622.595703	531.547913
1621.601563	750.695190
1620.606445	834.045593
1619.611328	867.132446
1618.616211	872.600464
1617.621094	1051.412476
1616.625977	745.489502
1615.629883	848.972351
1614.633789	841.984985
1613.637695	774.792114
1612.641602	1043.888916
1611.645508	1016.868042
1610.648438	1115.279785
1609.651367	1168.533081
1608.654297	1003.662964
1607.657227	1089.543701
1606.659180	1177.901245
1605.662109	1203.611694
1604.664063	1156.671265
1603.666016	1242.505127
1602.666992	1513.603271
1601.668945	975.991150
1600.669922	1439.785889
1599.670898	1330.342773
1598.671875	1210.949829
1597.671875	1086.602905
1596.672852	939.821411
1595.672852	1458.187866
1594.672852	1028.917480
1593.671875	754.777710
1592.671875	750.637573
1591.670898	666.549316
1590.669922	572.510559
1589.668945	408.594727
1588.667969	679.170227
1587.666016	402.968445
1586.664063	438.837646
1585.662109	444.750702
1584.660156	488.081940
1583.658203	237.094376
1582.655273	138.306641
1581.652344	91.912682
1580.649414	182.622849
1579.646484	106.330078
1578.642578	17.598019
1577.638672	125.683189
1576.634766	178.929779
1575.630859	182.350937
1574.626953	250.489136
1573.622070	-47.277447
1572.618164	-61.246632
1571.613281	176.040604
1570.607422	67.478363
1569.602539	-1.246731
1568.596680	-22.723461
1567.590820	129.800995
1566.584961	-127.804581
1565.579102	-59.818825
1564.572266	87.611198
1563.566406	58.641994
1562.559570	-22.480181
1561.551758	23.022732
1560.544922	-60.560856
1559.537109	46.947971
1558.530273	-78.803925
1557.521484	-82.991425
1556.513672	7.061984
1555.505859	82.188873
1554.497070	97.767723
1553.488281	83.587791
1552.479492	94.181229
1551.470703	-21.587765
1550.460938	-6.057475
1549.451172	-42.548889
1548.441406	119.028801
1547.431641	-140.273605
1546.421875	-8.463927
1545.411133	6.978034
1544.400391	2.611278
1543.389648	-41.337563
1542.378906	-40.769768
1541.367188	-42.697353
1540.355469	93.777649
1539.343750	-7.044836
1538.332031	62.635151
1537.320313	-97.442978
1536.307617	56.160961
1535.294922	-66.845398
1534.282227	-49.103462
1533.269531	-169.588608
1532.256836	-245.617966
1531.243164	1.538693
1530.229492	-84.391357
1529.215820	-172.759430
1528.202148	59.405457
1527.187500	252.014267
1526.172852	-154.312134
1525.158203	-181.040237
1524.143555	-111.694145
1523.127930	253.143982
1522.113281	-86.388863
1521.097656	-26.985632
1520.082031	-43.914066
1519.065430	118.782761
1518.049805	-16.272757
1517.033203	77.466690
1516.016602	-15.737315
1515.000000	58.282619
1513.982422	70.802811
1512.965820	9.596051
1511.948242	253.083725
1510.930664	250.804810
1509.913086	79.054634
1508.894531	-48.436344
1507.875977	18.073982
1506.857422	45.282337
1505.838867	-20.773726
1504.820313	264.047852
1503.800781	136.637711
1502.781250	-20.147774
1501.761719	16.837355
1500.742188	-17.282415
1499.721680	-24.437674
1498.702148	71.340599
1497.681641	108.273796
1496.661133	66.814911
1495.639648	157.602753
1494.618164	392.809021
1493.597656	-69.692368
1492.576172	74.921577
1491.553711	146.067398
1490.532227	-100.812393
1489.509766	33.942226
1488.487305	-19.634768
1487.464844	-151.412033
1486.442383	117.721237
1485.418945	71.505539
1484.395508	88.840019
1483.372070	-138.086380
1482.348633	13.621357
1481.324219	48.067993
1480.300781	145.989700
1479.276367	-2.626089
1478.251953	105.038643
1477.226563	-6.899560
1476.202148	22.696699
1475.176758	30.336464
1474.151367	103.812263
1473.125000	99.261230
1472.099609	199.526642
1471.073242	82.911613
1470.046875	27.260355
1469.020508	120.207062
1467.994141	6.165241
1466.966797	164.827774
1465.939453	260.159851
1464.912109	121.868889
1463.884766	146.654510
1462.856445	15.769223
1461.829102	28.444513
1460.800781	376.638184
1459.772461	250.706833
1458.743164	234.198975
1457.714844	361.083160
1456.685547	269.294922
1455.656250	138.708282
1454.625977	459.826935
1453.596680	302.593811
1452.566406	303.203369
1451.536133	269.862579
1450.505859	328.751404
1449.474609	380.350189
1448.444336	322.833008
1447.413086	384.156250
1446.381836	217.618530
1445.350586	421.974976
1444.318359	352.458954
1443.286133	273.306396
1442.253906	361.330078
1441.221680	330.690369
1440.189453	360.612091
1439.156250	434.105103
1438.123047	255.920776
1437.089844	-108.454346
1436.056641	42.574654
1435.022461	123.423927
1433.988281	114.804695
1432.954102	45.782551
1431.919922	-117.439217
1430.885742	113.294807
1429.850586	-47.410622
1428.815430	-137.976318
1427.780273	143.399582
1426.744141	72.192039
1425.708984	-126.875595
1424.672852	72.342728
1423.636719	162.932831
1422.600586	77.422142
1421.563477	286.192932
1420.527344	188.694794
1419.490234	-38.918156
1418.452148	-80.833267
1417.415039	9.836315
1416.376953	-200.650604
1415.338867	61.065876
1414.300781	65.034630
1413.262695	-164.502167
1412.224609	-47.297424
1411.185547	-161.149292
1410.146484	-34.321102
1409.107422	39.561157
1408.067383	-50.108208
1407.027344	232.984497
1405.987305	-70.580666
1404.947266	44.211849
1403.907227	231.073914
1402.866211	-197.143967
1401.826172	109.842384
1400.785156	195.789719
1399.743164	27.227337
1398.702148	360.451935
1397.660156	278.378601
1396.618164	191.571625
1395.576172	195.985001
1394.533203	461.832703
1393.491211	492.619080
1392.448242	626.495850
1391.405273	609.346436
1390.361328	774.340027
1389.318359	1059.087036
1388.274414	941.332336
1387.230469	1103.837036
1386.186523	1096.312866
1385.141602	1057.691895
1384.097656	1114.850830
1383.052734	1294.028809
1382.007813	1176.531860
1380.961914	1207.384766
1379.916992	1176.090088
1378.871094	1163.951538
1377.825195	1264.179321
1376.778320	1127.813965
1375.732422	943.760071
1374.685547	709.642944
1373.638672	661.919678
1372.591797	805.243286
1371.543945	642.985657
1370.497070	695.616333
1369.449219	576.449524
1368.400391	600.479187
1367.352539	502.897461
1366.303711	374.376007
1365.255859	641.675293
1364.206055	382.132202
1363.157227	680.332153
1362.108398	497.182281
1361.058594	876.251770
1360.008789	457.422119
1358.958984	467.349304
1357.908203	467.765717
1356.857422	563.396545
1355.806641	383.008087
1354.755859	673.722168
1353.705078	531.482849
1352.653320	463.030426
1351.601563	537.263855
1350.549805	649.513794
1349.498047	464.705780
1348.445313	489.053925
1347.393555	437.412506
1346.340820	423.799805
1345.287109	355.599365
1344.234375	429.876282
1343.180664	167.142166
1342.126953	241.457703
1341.073242	223.245499
1340.019531	84.105843
1338.964844	265.138763
1337.910156	213.791595
1336.855469	366.312164
1335.799805	70.925476
1334.745117	64.716812
1333.689453	342.747894
1332.633789	388.606628
1331.578125	147.989990
1330.521484	146.555801
1329.464844	-164.875717
1328.408203	72.755760
1327.351563	-56.351791
1326.294922	34.555283
1325.237305	-40.081924
1324.179688	8.253047
1323.122070	243.292374
1322.064453	128.531921
1321.005859	58.713627
1319.947266	0.748422
1318.888672	-35.925446
1317.830078	80.886131
1316.770508	263.744507
1315.710938	99.637718
1314.651367	-43.152245
1313.591797	-65.566017
1312.531250	-5.424986
1311.471680	170.242081
1310.411133	312.836609
1309.349609	54.718807
1308.289063	-142.004456
1307.227539	59.485344
1306.166016	53.637066
1305.104492	31.318676
1304.042969	-52.188763
1302.980469	-168.608810
1301.917969	206.852081
1300.855469	102.210320
1299.792969	150.516525
1298.729492	179.990555
1297.666016	11.964972
1296.602539	-76.056473
1295.539063	172.039352
1294.474609	234.409851
1293.411133	7.827643
1292.346680	20.903643
1291.281250	-64.643501
1290.216797	187.913818
1289.151367	229.127045
1288.085938	153.001526
1287.020508	53.458027
1285.955078	40.751312
1284.888672	-14.159288
1283.822266	320.151459
1282.755859	89.419769
1281.689453	135.329132
1280.622070	61.726654
1279.554688	-63.369713
1278.487305	31.740143
1277.419922	-130.743668
1276.351563	95.440063
1275.283203	328.554413
1274.214844	149.748672
1273.146484	165.198608
1272.077148	-25.180227
1271.008789	350.427307
1269.939453	232.579025
1268.869141	276.061981
1267.799805	95.200111
1266.729492	236.834442
1265.659180	348.047333
1264.588867	50.536980
1263.517578	220.119446
1262.447266	167.882233
1261.375977	267.364746
1260.304688	-102.178825
1259.232422	120.964134
1258.161133	-148.085754
1257.088867	331.475677
1256.016602	281.640839
1254.943359	173.561859
1253.871094	156.419861
1252.797852	393.225159
1251.724609	313.162506
1250.650391	205.191696
1249.577148	621.119751
1248.502930	247.787155
1247.428711	442.451904
1246.354492	308.980225
1245.279297	377.942322
1244.204102	377.111786
1243.128906	362.338226
1242.053711	352.226196
1240.977539	430.435760
1239.902344	229.793335
1238.826172	352.148346
1237.750000	205.038040
1236.672852	352.894043
1235.595703	442.654907
1234.518555	302.600006
1233.441406	181.177582
1232.364258	219.897446
1231.286133	140.307495
1230.208008	227.726120
1229.129883	275.700256
1228.051758	261.074646
1226.972656	274.267365
1225.893555	169.296982
1224.814453	113.024841
1223.734375	-75.228607
1222.655273	236.746475
1221.575195	-0.049693
1220.495117	177.544952
1219.415039	283.339050
1218.333984	-99.037369
1217.252930	76.167595
1216.171875	-178.798965
1215.090820	160.503433
1214.008789	303.194122
1212.926758	147.731003
1211.844727	-148.585114
1210.762695	72.636406
1209.679688	-50.323895
1208.597656	-36.996700
1207.513672	-53.685982
1206.430664	-192.667801
1205.347656	56.043453
1204.263672	-85.196472
1203.179688	-7.271590
1202.095703	-139.195572
1201.010742	-38.228832
1199.925781	39.653736
1198.840820	46.079086
1197.755859	176.910507
1196.670898	134.952682
1195.584961	189.729401
1194.499023	-31.771412
1193.413086	16.128954
1192.326172	-9.625766
1191.239258	93.476723
1190.152344	-26.573364
1189.065430	90.301086
1187.978516	25.501402
1186.890625	-110.524727
1185.802734	114.320847
1184.714844	120.803711
1183.625977	356.995575
1182.538086	289.947205
1181.449219	112.719040
1180.360352	123.813492
1179.270508	102.774963
1178.180664	407.580383
1177.090820	448.442566
1176.000977	342.509857
1174.911133	445.295868
1173.820313	449.459198
1172.729492	270.268799
1171.638672	411.974487
1170.547852	278.707001
1169.456055	326.447357
1168.364258	250.515091
1167.272461	238.728424
1166.179688	178.878891
1165.087891	395.970886
1163.995117	292.655945
1162.902344	493.620758
1161.808594	788.260376
1160.715820	721.528320
1159.622070	657.111267
1158.528320	569.875671
1157.433594	500.956635
1156.339844	809.001099
1155.245117	481.992615
1154.149414	630.067749
1153.054688	558.933716
1151.958984	688.675781
1150.863281	489.779327
1149.767578	500.857300
1148.671875	523.339172
1147.575195	586.852356
1146.478516	290.132141
1145.381836	205.522003
1144.285156	376.173981
1143.187500	444.225281
1142.089844	193.360352
1140.992188	414.000732
1139.894531	286.202728
1138.795898	-132.903275
1137.697266	14.836808
1136.598633	223.939224
1135.499023	173.628098
1134.400391	232.502914
1133.300781	-22.423290
1132.201172	-13.548235
1131.100586	97.587509
1130.000977	-77.617752
1128.900391	15.304038
1127.799805	-37.173771
1126.698242	285.021515
1125.596680	37.261620
1124.495117	207.221909
1123.393555	293.144104
1122.291992	292.812897
1121.189453	95.146622
1120.086914	498.476013
1118.984375	402.857178
1117.881836	411.537689
1116.778320	775.974915
1115.674805	648.610840
1114.571289	722.886414
1113.466797	364.583099
1112.363281	520.374512
1111.258789	734.933716
1110.153320	634.818604
1109.048828	647.867004
1107.943359	473.144226
1106.837891	418.348267
1105.732422	399.738251
1104.625977	374.335876
1103.520508	317.297180
1102.414063	215.072342
1101.306641	426.869690
1100.200195	184.610992
1099.092773	351.127167
1097.985352	465.629730
1096.877930	218.952042
1095.769531	103.234802
1094.661133	206.373138
1093.552734	194.421112
1092.444336	2.057762
1091.335938	12.657436
1090.226563	41.255234
1089.117188	432.613556
1088.006836	215.488129
1086.897461	300.259979
1085.787109	180.040894
1084.676758	156.661636
1083.566406	-80.565948
1082.455078	523.910645
1081.343750	498.133209
1080.232422	328.380341
1079.121094	399.297852
1078.008789	380.217468
1076.896484	356.616608
1075.784180	335.244537
1074.671875	511.567352
1073.558594	400.246826
1072.445313	553.945923
1071.332031	155.203033
1070.217773	369.421967
1069.104492	372.552765
1067.990234	180.432983
1066.875977	237.364487
1065.760742	182.088837
1064.645508	194.066147
1063.530273	87.186348
1062.415039	334.429230
1061.299805	158.024536
1060.183594	-29.549923
1059.067383	154.709061
1057.951172	161.945328
1056.833984	187.038925
1055.716797	118.071281
1054.599609	295.237061
1053.482422	89.717255
1052.364258	275.657349
1051.247070	244.563156
1050.128906	320.740021
1049.009766	137.550415
1047.891602	300.771942
1046.772461	338.750671
1045.653320	99.691521
1044.533203	211.282730
1043.414063	68.261169
1042.293945	-45.738270
1041.173828	36.641834
1040.052734	292.950928
1038.932617	292.576630
1037.811523	84.743370
1036.689453	-36.104206
1035.568359	-127.966866
1034.446289	83.231155
1033.324219	-48.843750
1032.202148	-102.953819
1031.079102	234.858322
1029.957031	-53.194679
1028.833984	-60.703484
1027.709961	14.069595
1026.586914	15.329711
1025.462891	81.030884
1024.338867	200.017715
1023.214844	198.819092
1022.089844	-189.250473
1020.964844	200.667465
1019.839844	-127.359077
1018.714844	-162.062881
1017.588867	-28.029959
1016.462891	-91.743385
1015.336914	181.943024
1014.210938	-141.596008
1013.083984	94.115868
1011.957031	5.761858
1010.830078	-24.951221
1009.702148	294.630615
1008.574219	226.036453
1007.446289	649.455627
1006.318359	1194.489502
1005.190430	1688.253296
1004.061523	2022.242554
1002.932617	1346.240601
1001.802734	852.012695
1000.673828	621.344727
999.543945	286.700500
998.414063	308.336426
997.283203	84.365105
996.153320	262.909027
995.022461	673.437500
993.891602	318.922058
992.759766	510.328674
991.628906	829.731567
990.497070	1018.591919
989.364258	1322.120728
988.232422	1568.050659
987.099609	1732.120239
985.966797	1924.736816
984.833984	2000.262085
983.700195	2170.529297
982.566406	1941.488770
981.432617	1798.477173
980.298828	1624.604126
979.164063	1499.218262
978.029297	1230.614502
976.894531	968.675903
975.759766	891.786011
974.624023	786.236572
973.488281	698.281677
972.352539	480.461029
971.215820	498.097656
970.080078	568.469299
968.943359	410.016266
967.805664	471.440277
966.668945	363.523438
965.531250	345.696014
964.393555	211.365173
963.254883	182.472900
962.117188	289.715820
960.978516	412.213440
959.839844	242.636887
958.700195	356.193726
957.561523	392.858368
956.421875	313.179810
955.281250	351.909058
954.141602	774.305908
953.000977	567.288452
951.860352	474.287994
950.719727	468.932648
949.578125	257.599945
948.436523	372.658875
947.294922	492.001343
946.153320	352.925507
945.010742	443.674103
943.868164	190.799988
942.725586	226.777206
941.583008	-65.371353
940.439453	289.819702
939.295898	141.999191
938.152344	-60.425159
937.007813	32.199585
935.863281	87.612213
934.718750	66.529152
933.574219	119.674667
932.428711	76.703705
931.283203	73.017326
930.137695	-92.164009
928.992188	43.776642
927.845703	40.035309
926.699219	234.716354
925.552734	169.860611
924.405273	163.863419
923.257813	114.278435
922.110352	49.457142
920.962891	119.702217
919.814453	-43.102638
918.666016	-64.321632
917.517578	275.781586
916.369141	113.056633
915.219727	37.420559
914.070313	74.931091
912.920898	164.623489
911.770508	67.301582
910.621094	206.969406
909.470703	-114.115028
908.319336	-263.412445
907.168945	-45.532124
906.017578	-23.182703
904.866211	151.154526
903.713867	-34.886234
902.562500	65.642204
901.410156	-44.300537
900.256836	-45.719936
899.104492	76.514626
897.951172	-54.941658
896.797852	-147.283096
895.644531	14.004282
894.490234	64.756256
893.335938	-10.100492
892.181641	-78.376160
891.027344	182.515518
889.872070	-71.829704
888.716797	44.047901
887.561523	58.244392
886.405273	11.918191
885.249023	-23.510183
884.092773	-41.561859
882.936523	113.384598
881.779297	50.056217
880.622070	-95.271263
879.464844	-210.214691
878.307617	225.644241
877.149414	-20.873455
875.991211	-100.992325
874.833008	196.660980
873.673828	142.579575
872.514648	-23.551208
871.355469	101.612663
870.196289	86.671028
869.036133	48.113377
867.875977	-65.754234
866.715820	61.834007
865.554688	79.602165
864.394531	157.772629
863.233398	225.238708
862.071289	150.711716
860.910156	194.696609
859.748047	286.096985
858.585938	183.981613
857.422852	337.930542
856.259766	225.328766
855.096680	284.859772
853.933594	333.740234
852.770508	167.874344
851.606445	287.887390
850.442383	259.796417
849.277344	195.342194
848.113281	450.882355
846.948242	58.345924
845.783203	108.096970
844.617188	363.870667
843.451172	205.780731
842.285156	105.793442
841.119141	44.576183
839.952148	187.106567
838.785156	-135.199615
837.618164	331.033844
836.451172	11.278799
835.283203	-235.391174
834.115234	177.464401
832.947266	217.926559
831.778320	-26.032463
830.609375	151.650269
829.440430	181.848572
828.271484	310.533813
827.101563	298.237122
825.931641	245.501099
824.761719	325.404327
823.590820	172.605072
822.420898	248.532211
821.250000	439.867096
820.078125	321.768494
818.907227	250.834183
817.735352	350.765594
816.562500	299.365784
815.390625	324.919006
814.217773	491.326447
813.044922	114.292412
811.872070	351.308655
810.698242	241.104370
809.524414	92.769882
808.350586	29.839670
807.176758	165.090317
806.001953	108.866364
804.827148	203.911575
803.651367	199.072510
802.476563	-118.274811
801.300781	-7.901098
800.125000	249.260712
798.948242	130.242874
797.772461	124.054756
796.595703	75.523926
795.417969	299.027924
794.241211	144.594650
793.063477	204.792313
791.885742	152.612213
790.707031	5.104303
789.529297	152.685730
788.350586	323.661621
787.170898	354.736877
785.992188	156.968353
784.812500	429.942719
783.632813	194.356766
782.452148	225.932419
781.272461	391.043610
780.091797	-172.224503
778.911133	261.988159
777.729492	296.087036
776.547852	65.779503
775.366211	59.923450
774.184570	13.984142
773.001953	25.253729
771.819336	-170.561188
770.636719	-6.899935
769.453125	4.633107
768.269531	16.240128
767.085938	-105.135643
765.902344	100.900131
764.717773	-20.296103
763.533203	-244.788376
762.348633	-4.909138
761.163086	4.975309
759.977539	111.921654
758.791992	-2.529753
757.606445	47.540306
756.419922	-85.730667
755.233398	-206.261017
754.046875	39.829224
752.859375	16.255587
751.672852	64.297066
750.485352	11.289882
749.296875	116.158791
748.108398	227.293625
746.919922	235.300690
745.731445	-0.657108
744.542969	-51.489120
743.353516	-182.192932
742.164063	57.021584
740.973633	136.414612
739.783203	-261.090881
738.592773	227.787186
737.402344	162.100388
736.211914	-136.599655
735.020508	286.706940
733.829102	82.423927
732.636719	327.063324
731.444336	17.886480
730.251953	268.576141
729.059570	18.100311
727.866211	123.918312
726.673828	-40.671818
725.479492	157.097992
724.286133	-116.500153
723.091797	104.029358
721.897461	219.695297
720.703125	-231.906616
719.507813	-110.156517
718.312500	69.986305
717.117188	118.184540
715.921875	-32.373562
714.725586	122.180267
713.529297	-45.276123
712.332031	56.721485
711.135742	168.981567
709.938477	193.351425
708.740234	125.713844
707.542969	170.681534
706.344727	463.803223
705.146484	727.441956
703.948242	809.359070
702.749023	1143.407104
701.549805	878.843018
700.350586	997.763367
699.150391	658.068542
697.950195	714.212341
696.750000	247.427490
695.549805	172.193130
694.348633	24.004780
693.147461	75.561035
691.946289	95.762589
690.744141	213.606354
689.541992	35.955040
688.339844	317.804932
687.136719	225.238525
685.934570	157.566498
684.730469	164.639481
683.527344	236.033859
682.323242	209.715256
681.119141	65.004997
679.915039	239.996307
678.710938	-2.267600
677.505859	108.284111
676.300781	332.865051
675.094727	76.215935
673.889648	47.785351
672.683594	129.268478
671.476563	51.198856
670.270508	161.787781
669.063477	5.212515
667.856445	4.148971
666.648438	-19.548609
665.440430	-82.397331
664.232422	92.957703
663.024414	-114.301109
661.815430	-99.897652
660.606445	-35.596203
659.397461	26.910917
658.188477	-50.824963
656.978516	130.151093
655.768555	94.523308
654.557617	49.027924
653.346680	-128.124664
652.135742	-197.314392
650.924805	-152.388199
649.712891	35.508347
648.501953	-163.878357
647.289063	128.415878
646.077148	-61.191238
644.864258	-153.007904
643.651367	182.713272
642.438477	39.080719
641.224609	-56.119957
640.010742	189.589905
638.796875	102.710396
637.582031	264.075958
636.367188	-102.329834
635.152344	45.088417
633.937500	354.266663
632.721680	105.368523
631.505859	349.536530
630.289063	274.544128
629.073242	519.821899
627.856445	544.888062
626.639648	479.388123
625.421875	307.072540
624.204102	555.768066
622.986328	250.242355
621.768555	371.951782
620.549805	272.384277
619.331055	-48.214199
618.111328	382.511230
616.892578	110.453415
