1721.000977	137.342834
1720.027344	90.725746
1719.052734	-162.324371
1718.078125	66.200615
1717.104492	-201.331177
1716.128906	-56.662926
1715.154297	107.659409
1714.178711	114.759468
1713.204102	-96.743515
1712.228516	-70.547173
1711.251953	-214.142548
1710.276367	-2.270080
1709.299805	70.590607
1708.324219	58.336643
1707.347656	-90.166069
1706.370117	96.119942
1705.393555	5.458122
1704.416016	42.243015
1703.438477	-202.820023
1702.460938	-74.873512
1701.483398	57.702946
1700.505859	166.807388
1699.527344	145.124619
1698.548828	-53.225143
1697.570313	31.716696
1696.591797	24.342636
1695.612305	-80.392921
1694.632813	13.750321
1693.653320	66.732430
1692.673828	50.521671
1691.694336	-80.749214
1690.713867	139.808517
1689.734375	127.981155
1688.753906	52.190083
1687.772461	55.248959
1686.791992	12.259197
1685.810547	-114.989311
1684.830078	-7.939385
1683.848633	-99.777321
1682.866211	-36.382080
1681.884766	31.967102
1680.902344	105.248848
1679.919922	53.685509
1678.937500	114.006248
1677.955078	164.038437
1676.971680	-93.806145
1675.989258	223.108017
1675.005859	-42.402985
1674.022461	299.652954
1673.038086	-34.500538
1672.054688	-61.099998
1671.070313	-69.957031
1670.085938	60.848076
1669.101563	74.770477
1668.117188	-7.801375
1667.131836	-212.199509
1666.146484	91.011292
1665.161133	165.752823
1664.175781	-274.465485
1663.189453	-100.779404
1662.204102	-135.053207
1661.217773	112.072540
1660.231445	-127.509506
1659.245117	129.687408
1658.257813	186.643631
1657.270508	-128.732269
1656.284180	146.112427
1655.295898	-60.207134
1654.308594	262.655792
1653.321289	-181.408234
1652.333008	-58.484169
1651.344727	-97.473427
1650.356445	-25.118515
1649.367188	272.288208
1648.378906	152.486160
1647.389648	-118.892349
1646.400391	-152.562225
1645.411133	-14.361425
1644.420898	156.655518
1643.431641	178.659439
1642.441406	-66.958687
1641.451172	-6.962503
1640.459961	111.096169
1639.469727	269.548370
1638.478516	238.753845
1637.487305	187.844833
1636.496094	3.352435
1635.504883	-39.817268
1634.512695	148.979965
1633.520508	317.587646
1632.528320	72.939941
1631.536133	221.441605
1630.543945	518.533447
1629.550781	480.621460
1628.557617	233.810135
1627.564453	485.537262
1626.571289	704.491455
1625.578125	679.342834
1624.583984	815.230652
1623.589844	709.665161
1622.595703	822.948242
1621.601563	885.947021
1620.606445	1049.485352
1619.611328	1072.273315
1618.616211	1167.949707
1617.621094	937.083435
1616.625977	1143.322876
1615.629883	1098.418823
1614.633789	1103.773438
1613.637695	1043.905884
1612.641602	1056.863892
1611.645508	1107.478271
1610.648438	1130.498901
1609.651367	1088.339233
1608.654297	1093.860596
1607.657227	1129.485352
1606.659180	1403.186279
1605.662109	1220.796387
1604.664063	1324.067017
1603.666016	1484.919434
1602.666992	1325.200439
1601.668945	1465.997803
1600.669922	1411.509399
1599.670898	1141.852661
1598.671875	1150.034180
1597.671875	1078.169434
1596.672852	1376.487671
1595.672852	1032.093262
1594.672852	875.339844
1593.671875	988.570740
1592.671875	949.351868
1591.670898	742.760498
1590.669922	875.951172
1589.668945	689.449158
1588.667969	707.757324
1587.666016	513.874207
1586.664063	457.334320
1585.662109	400.817352
1584.660156	319.378906
1583.658203	327.759277
1582.655273	129.157410
1581.652344	244.756287
1580.649414	153.425156
1579.646484	470.810638
1578.642578	419.310028
1577.638672	93.823212
1576.634766	87.237122
1575.630859	132.932831
1574.626953	56.622543
1573.622070	57.476143
1572.618164	-53.642162
1571.613281	198.481232
1570.607422	-46.981426
1569.602539	-46.151188
1568.596680	26.754951
1567.590820	47.416485
1566.584961	105.334885
1565.579102	193.030197
1564.572266	84.414749
1563.566406	0.679256
1562.559570	309.280670
1561.551758	113.759613
1560.544922	-17.148092
1559.537109	23.196156
1558.530273	185.090744
1557.521484	-62.408146
1556.513672	15.070638
1555.505859	228.870270
1554.497070	23.609327
1553.488281	29.082066
1552.479492	-27.410807
1551.470703	20.152153
1550.460938	-88.378006
1549.451172	-16.106279
1548.441406	-35.488682
1547.431641	-243.001724
1546.421875	76.681839
1545.411133	-66.484329
1544.400391	-115.606010
1543.389648	-18.803160
1542.378906	-119.874420
1541.367188	-10.797701
1540.355469	-69.855408
1539.343750	-378.489655
1538.332031	-165.708969
1537.320313	93.899063
1536.307617	44.671078
1535.294922	-219.357803
1534.282227	193.088181
1533.269531	89.531876
1532.256836	40.290096
1531.243164	-228.519211
1530.229492	40.460503
1529.215820	114.505096
1528.202148	18.393375
1527.187500	112.093918
1526.172852	-191.020996
1525.158203	136.730820
1524.143555	67.735626
1523.127930	-38.195133
1522.113281	-114.529259
1521.097656	-13.603456
1520.082031	-38.252365
1519.065430	60.126492
1518.049805	30.539024
1517.033203	50.139790
1516.016602	-65.529831
1515.000000	177.813065
1513.982422	49.855011
1512.965820	219.335358
1511.948242	-218.181122
1510.930664	96.207375
1509.913086	42.048420
1508.894531	64.022774
1507.875977	-117.781265
1506.857422	61.308933
1505.838867	48.913250
1504.820313	63.514866
1503.800781	38.852226
1502.781250	-49.559616
1501.761719	109.718582
1500.742188	-108.584854
1499.721680	133.967789
1498.702148	119.148926
1497.681641	30.835190
1496.661133	89.528900
1495.639648	-273.004974
1494.618164	-86.951706
1493.597656	-18.445745
1492.576172	-1.363222
1491.553711	64.647293
1490.532227	81.732933
1489.509766	5.875137
1488.487305	81.666885
1487.464844	40.100166
1486.442383	-82.091812
1485.418945	23.034800
1484.395508	-111.293320
1483.372070	103.750771
1482.348633	64.744987
1481.324219	-110.965370
1480.300781	-201.129181
1479.276367	-113.082916
1478.251953	-64.093254
1477.226563	231.280914
1476.202148	33.887127
1475.176758	9.724084
1474.151367	63.611881
1473.125000	54.116722
1472.099609	-121.045959
1471.073242	62.036808
1470.046875	86.737694
1469.020508	311.160889
1467.994141	109.414474
1466.966797	124.430031
1465.939453	190.583984
1464.912109	122.908203
1463.884766	91.786118
1462.856445	284.471710
1461.829102	146.400269
1460.800781	360.942444
1459.772461	274.017303
1458.743164	189.582077
1457.714844	457.542389
1456.685547	375.609039
1455.656250	366.607086
1454.625977	471.761475
1453.596680	436.118103
1452.566406	458.768829
1451.536133	238.788589
1450.505859	234.865326
1449.474609	342.550262
1448.444336	367.791168
1447.413086	140.895111
1446.381836	355.315613
1445.350586	395.193726
1444.318359	158.863998
1443.286133	319.967285
1442.253906	144.390656
1441.221680	-89.181976
1440.189453	243.892288
1439.156250	92.770470
1438.123047	389.444672
1437.089844	93.284264
1436.056641	22.252434
1435.022461	89.133278
1433.988281	250.328796
1432.954102	89.997391
1431.919922	212.549408
1430.885742	542.899109
1429.850586	-93.175117
1428.815430	34.298740
1427.780273	16.881355
1426.744141	122.636421
1425.708984	-247.104095
1424.672852	66.294937
1423.636719	-59.503452
1422.600586	-6.698421
1421.563477	-368.687012
1420.527344	-9.522647
1419.490234	197.654877
1418.452148	-89.294945
1417.415039	-224.255905
1416.376953	257.608978
1415.338867	84.180946
1414.300781	-77.084953
1413.262695	-158.782562
1412.224609	-124.859238
1411.185547	-319.531982
1410.146484	51.343811
1409.107422	198.394958
1408.067383	20.748331
1407.027344	37.989735
1405.987305	-36.080219
1404.947266	0.489445
1403.907227	-78.250694
1402.866211	-17.577885
1401.826172	28.714104
1400.785156	115.846397
1399.743164	200.580612
1398.702148	54.898026
1397.660156	158.898941
1396.618164	25.369711
1395.576172	107.835426
1394.533203	223.880447
1393.491211	270.393738
1392.448242	551.856812
1391.405273	746.960144
1390.361328	817.409241
1389.318359	1010.065247
1388.274414	1377.525391
1387.230469	1119.850952
1386.186523	1300.467163
1385.141602	1361.357178
1384.097656	1194.920776
1383.052734	1588.470337
1382.007813	1702.012207
1380.961914	1456.791138
1379.916992	1403.015259
1378.871094	1339.731567
1377.825195	1216.764526
1376.778320	811.908020
1375.732422	1112.049316
1374.685547	1127.853027
1373.638672	921.598450
1372.591797	739.347473
1371.543945	953.447021
1370.497070	723.610046
1369.449219	811.237854
1368.400391	669.847595
1367.352539	631.114868
1366.303711	621.040771
1365.255859	689.679688
1364.206055	598.620667
1363.157227	440.918091
1362.108398	847.944336
1361.058594	566.454773
1360.008789	504.202728
1358.958984	611.050903
1357.908203	613.139526
1356.857422	551.001038
1355.806641	631.677979
1354.755859	614.817993
1353.705078	721.662842
1352.653320	635.884033
1351.601563	771.252258
1350.549805	626.132141
1349.498047	390.802307
1348.445313	459.686493
1347.393555	568.951233
1346.340820	644.938538
1345.287109	545.220276
1344.234375	371.990082
1343.180664	421.928131
1342.126953	308.150452
1341.073242	59.232658
1340.019531	282.398743
1338.964844	211.459351
1337.910156	325.479645
1336.855469	178.757889
1335.799805	103.198502
1334.745117	-90.757164
1333.689453	307.520691
1332.633789	2.333478
1331.578125	-6.764673
1330.521484	57.527264
1329.464844	147.838791
1328.408203	63.040440
1327.351563	113.125786
1326.294922	153.742722
1325.237305	66.665024
1324.179688	107.293625
1323.122070	-225.508728
1322.064453	-158.822662
1321.005859	54.309280
1319.947266	-200.297943
1318.888672	34.023129
1317.830078	-5.610853
1316.770508	9.062348
1315.710938	-313.720490
1314.651367	-74.834824
1313.591797	-5.878839
1312.531250	51.253529
1311.471680	6.989388
1310.411133	78.250320
1309.349609	-166.331299
1308.289063	-3.158455
1307.227539	-386.596619
1306.166016	26.210123
1305.104492	-36.814831
1304.042969	142.673798
1302.980469	-21.559586
1301.917969	-110.418854
1300.855469	-171.003998
1299.792969	13.065439
1298.729492	-190.977325
1297.666016	84.706039
1296.602539	-142.767639
1295.539063	36.431374
1294.474609	-122.801559
1293.411133	157.325806
1292.346680	-23.002842
1291.281250	-41.242893
1290.216797	151.811981
1289.151367	98.333763
1288.085938	91.805389
1287.020508	71.203133
1285.955078	-205.057236
1284.888672	269.202942
1283.822266	194.634613
1282.755859	103.688683
1281.689453	-113.769821
1280.622070	144.480789
1279.554688	37.189133
1278.487305	70.458519
1277.419922	312.097382
1276.351563	148.637970
1275.283203	301.201996
1274.214844	287.560791
1273.146484	383.872406
1272.077148	234.546158
1271.008789	87.624413
1269.939453	223.638763
1268.869141	-37.770256
1267.799805	81.842133
1266.729492	182.698959
1265.659180	197.082153
1264.588867	136.720184
1263.517578	123.071205
1262.447266	128.101578
1261.375977	65.436676
1260.304688	-6.537970
1259.232422	159.448349
1258.161133	47.822933
1257.088867	306.982727
1256.016602	162.717529
1254.943359	200.302048
1253.871094	226.218307
1252.797852	540.994141
1251.724609	287.302185
1250.650391	345.755066
1249.577148	469.370056
1248.502930	329.893677
1247.428711	455.768250
1246.354492	435.003601
1245.279297	632.892090
1244.204102	474.868164
1243.128906	163.451508
1242.053711	186.909821
1240.977539	514.803040
1239.902344	347.630859
1238.826172	563.829407
1237.750000	529.089172
1236.672852	327.167236
1235.595703	197.297028
1234.518555	127.828354
1233.441406	35.179371
1232.364258	209.371765
1231.286133	337.086609
1230.208008	56.598331
1229.129883	205.151291
1228.051758	117.204697
1226.972656	59.412308
1225.893555	-197.613541
1224.814453	-155.706589
1223.734375	-268.994293
1222.655273	32.236015
1221.575195	64.793663
1220.495117	53.363247
1219.415039	-101.523720
1218.333984	-50.457546
1217.252930	139.357697
1216.171875	-225.878494
1215.090820	137.283371
1214.008789	130.463943
1212.926758	-21.935354
1211.844727	-42.576370
1210.762695	156.224792
1209.679688	-116.165108
1208.597656	-139.074448
1207.513672	-28.102648
1206.430664	-277.186829
1205.347656	-73.928932
1204.263672	-115.282455
1203.179688	-267.314789
1202.095703	-57.273685
1201.010742	-137.786438
1199.925781	-68.451706
1198.840820	53.853840
1197.755859	173.808228
1196.670898	-1.096072
1195.584961	65.859406
1194.499023	-49.080311
1193.413086	20.170998
1192.326172	-53.279514
1191.239258	66.563141
1190.152344	158.759796
1189.065430	43.955246
1187.978516	-105.277969
1186.890625	-79.748665
1185.802734	-178.319351
1184.714844	-30.993677
1183.625977	238.015274
1182.538086	-25.887041
1181.449219	40.964748
1180.360352	142.231491
1179.270508	112.637627
1178.180664	319.404510
1177.090820	152.165176
1176.000977	452.888611
1174.911133	255.903107
1173.820313	453.323792
1172.729492	217.479355
1171.638672	55.076996
1170.547852	424.269257
1169.456055	119.901703
1168.364258	335.506073
1167.272461	372.447784
1166.179688	375.045074
1165.087891	295.275116
1163.995117	654.830994
1162.902344	698.576294
1161.808594	527.339050
1160.715820	738.024109
1159.622070	882.334351
1158.528320	841.476929
1157.433594	613.283997
1156.339844	663.904175
1155.245117	506.679169
1154.149414	390.632477
1153.054688	459.566956
1151.958984	316.220856
1150.863281	421.670380
1149.767578	476.897949
1148.671875	253.856659
1147.575195	160.900040
1146.478516	311.934265
1145.381836	200.799149
1144.285156	160.367645
1143.187500	504.989380
1142.089844	-159.578003
1140.992188	-115.608047
1139.894531	83.172554
1138.795898	74.734543
1137.697266	-13.338406
1136.598633	-44.478088
1135.499023	-93.793846
1134.400391	45.688320
1133.300781	-199.140732
1132.201172	-5.121283
1131.100586	-47.542358
1130.000977	-89.928185
1128.900391	-48.237453
1127.799805	-165.535172
1126.698242	244.016586
1125.596680	-75.321083
1124.495117	-133.497711
1123.393555	12.582042
1122.291992	147.263535
1121.189453	202.503830
1120.086914	466.347076
1118.984375	360.544800
1117.881836	538.120117
1116.778320	722.416626
1115.674805	630.236328
1114.571289	823.504517
1113.466797	545.656677
1112.363281	621.136780
1111.258789	911.619019
1110.153320	618.106812
1109.048828	571.350647
1107.943359	642.239563
1106.837891	701.790100
1105.732422	652.788757
1104.625977	398.100769
1103.520508	455.411957
1102.414063	121.802757
1101.306641	386.965942
1100.200195	252.265045
1099.092773	487.923096
1097.985352	301.329468
1096.877930	428.532349
1095.769531	-15.210685
1094.661133	87.177261
1093.552734	69.976692
1092.444336	136.210266
1091.335938	-65.866898
1090.226563	487.190247
1089.117188	391.013153
1088.006836	101.115257
1086.897461	232.539566
1085.787109	-97.744949
1084.676758	94.422455
1083.566406	250.478409
1082.455078	480.707703
1081.343750	445.337433
1080.232422	450.454620
1079.121094	91.243889
1078.008789	359.454803
1076.896484	431.966766
1075.784180	180.814072
1074.671875	327.439056
1073.558594	224.632248
1072.445313	494.651978
1071.332031	266.073425
1070.217773	161.032715
1069.104492	-9.063694
1067.990234	336.949921
1066.875977	254.318283
1065.760742	254.671509
1064.645508	95.797318
1063.530273	331.511078
1062.415039	71.774689
1061.299805	29.473783
1060.183594	-1.646424
1059.067383	-39.505157
1057.951172	-48.271446
1056.833984	-12.303695
1055.716797	-108.442947
1054.599609	153.452316
1053.482422	173.574371
1052.364258	106.410385
1051.247070	-202.265259
1050.128906	215.739578
1049.009766	168.591690
1047.891602	78.968018
1046.772461	-278.761780
1045.653320	165.493164
1044.533203	129.372116
1043.414063	238.343277
1042.293945	21.320992
1041.173828	156.937271
1040.052734	339.286285
1038.932617	204.760468
1037.811523	-143.855148
1036.689453	-120.034378
1035.568359	-127.484177
1034.446289	65.578339
1033.324219	-13.333614
1032.202148	19.109020
1031.079102	-59.884686
1029.957031	57.037434
1028.833984	15.786716
1027.709961	-245.843079
1026.586914	-93.559990
1025.462891	-177.220551
1024.338867	130.517059
1023.214844	168.999527
1022.089844	-30.472610
1020.964844	276.803986
1019.839844	-73.841522
1018.714844	-133.386597
1017.588867	13.566737
1016.462891	-21.701696
1015.336914	-114.749405
1014.210938	125.086830
1013.083984	227.154037
1011.957031	255.886642
1010.830078	244.604141
1009.702148	279.805786
1008.574219	618.629333
1007.446289	877.423706
1006.318359	1297.781860
1005.190430	1892.880981
1004.061523	2104.436768
1002.932617	1968.147949
1001.802734	824.501770
1000.673828	354.172302
999.543945	266.792755
998.414063	44.409893
997.283203	271.043945
996.153320	327.217346
995.022461	303.676025
993.891602	503.303162
992.759766	651.911743
991.628906	632.460388
990.497070	1098.862671
989.364258	814.116028
988.232422	1436.837769
987.099609	1648.607178
985.966797	1632.884277
984.833984	1522.203979
983.700195	1753.373047
982.566406	1737.347778
981.432617	1566.897827
980.298828	1627.884399
979.164063	1490.397217
978.029297	1108.313110
976.894531	953.196594
975.759766	379.621948
974.624023	675.911194
973.488281	423.851837
972.352539	530.541626
971.215820	612.872864
970.080078	692.883850
968.943359	414.274994
967.805664	443.517120
966.668945	305.594360
965.531250	286.312286
964.393555	324.072449
963.254883	682.438782
962.117188	476.126709
960.978516	405.943268
959.839844	208.378372
958.700195	394.878693
957.561523	337.658356
956.421875	339.594391
955.281250	692.345581
954.141602	661.132507
953.000977	776.716614
951.860352	793.533997
950.719727	514.448792
949.578125	520.186890
948.436523	532.411133
947.294922	564.253479
946.153320	547.840088
945.010742	275.267731
943.868164	127.469299
942.725586	441.258606
941.583008	188.353745
940.439453	73.238182
939.295898	189.835449
938.152344	-6.241652
937.007813	99.240311
935.863281	226.451263
934.718750	32.468987
933.574219	310.175995
932.428711	35.344772
931.283203	210.202271
930.137695	-53.691116
928.992188	-236.798401
927.845703	25.055239
926.699219	-216.986847
925.552734	68.614418
924.405273	27.080769
923.257813	155.487442
922.110352	209.715424
920.962891	259.516876
919.814453	354.969055
918.666016	-41.684547
917.517578	86.363045
916.369141	79.399284
915.219727	468.349182
914.070313	139.309998
912.920898	108.313499
911.770508	-3.150814
910.621094	89.742348
909.470703	193.422729
908.319336	-17.997732
907.168945	-161.990433
906.017578	321.638092
904.866211	51.675018
903.713867	-100.973885
902.562500	89.323639
901.410156	-145.713394
900.256836	-170.257919
899.104492	30.754055
897.951172	-50.179035
896.797852	-76.875267
895.644531	-142.556305
894.490234	-219.036728
893.335938	-89.689285
892.181641	85.094543
891.027344	51.977970
889.872070	103.308723
888.716797	-72.576942
887.561523	4.785045
886.405273	51.853912
885.249023	-123.799736
884.092773	236.850708
882.936523	41.872921
881.779297	24.224422
880.622070	2.317504
879.464844	-47.602402
878.307617	6.214046
877.149414	193.916061
875.991211	53.505615
874.833008	40.550430
873.673828	75.127678
872.514648	-114.561623
871.355469	-146.660675
870.196289	-83.795113
869.036133	177.417252
867.875977	65.788445
866.715820	-24.152845
865.554688	140.204300
864.394531	311.056091
863.233398	219.255951
862.071289	106.069145
860.910156	-28.463022
859.748047	276.070068
858.585938	223.514786
857.422852	246.361618
856.259766	385.419586
855.096680	389.119568
853.933594	29.773199
852.770508	-43.526577
851.606445	111.017754
850.442383	78.798523
849.277344	-11.242025
848.113281	113.563568
846.948242	60.331253
845.783203	-78.543373
844.617188	117.407700
843.451172	-21.113655
842.285156	-43.635967
841.119141	-196.736664
839.952148	-51.738380
838.785156	168.349075
837.618164	-22.755024
836.451172	-125.794319
835.283203	86.100319
834.115234	-42.255581
832.947266	-1.316809
831.778320	-73.610435
830.609375	42.541676
829.440430	261.473602
828.271484	-15.513912
827.101563	225.077835
825.931641	-27.886482
824.761719	236.485489
823.590820	184.802017
822.420898	176.058517
821.250000	158.973831
820.078125	122.883827
818.907227	-58.090473
817.735352	492.997131
816.562500	220.702881
815.390625	78.832016
814.217773	103.522881
813.044922	-1.608843
811.872070	166.283173
810.698242	227.780731
809.524414	123.322868
808.350586	-85.217094
807.176758	15.252819
806.001953	62.672092
804.827148	-185.503876
803.651367	-212.097214
802.476563	-242.716125
801.300781	124.536247
800.125000	83.643379
798.948242	47.230621
797.772461	-133.448929
796.595703	183.289597
795.417969	249.457367
794.241211	360.397766
793.063477	344.110809
791.885742	141.263290
790.707031	138.176102
789.529297	256.220001
788.350586	213.214127
787.170898	475.774078
785.992188	348.333557
784.812500	223.265030
783.632813	210.754547
782.452148	183.609436
781.272461	317.630707
780.091797	157.443359
778.911133	143.583817
777.729492	0.802718
776.547852	150.270584
775.366211	225.798218
774.184570	106.877892
773.001953	115.045387
771.819336	-117.625702
770.636719	43.081043
769.453125	106.664207
768.269531	81.641815
767.085938	-55.164692
765.902344	-41.852024
764.717773	-212.070190
763.533203	-29.624517
762.348633	-330.334808
761.163086	-253.183304
759.977539	-165.409653
758.791992	-315.834137
757.606445	10.324436
756.419922	79.306259
755.233398	-112.926178
754.046875	-155.424149
752.859375	12.778908
751.672852	-8.529433
750.485352	283.887115
749.296875	277.377289
748.108398	554.966797
746.919922	367.580292
745.731445	-25.783712
744.542969	266.498383
743.353516	268.579956
742.164063	85.736038
740.973633	45.856186
739.783203	266.463257
738.592773	230.742844
737.402344	-8.637163
736.211914	331.416870
735.020508	56.389771
733.829102	102.456406
732.636719	177.820145
731.444336	112.581627
730.251953	99.720985
729.059570	-62.031681
727.866211	268.677002
726.673828	56.500427
725.479492	-124.252731
724.286133	53.061230
723.091797	284.611969
721.897461	-36.659523
720.703125	391.250458
719.507813	195.360809
718.312500	43.335712
717.117188	257.179047
715.921875	242.871338
714.725586	268.111053
713.529297	-55.815617
712.332031	138.336578
711.135742	14.723059
709.938477	32.959057
708.740234	526.970825
707.542969	571.782593
706.344727	1046.210205
705.146484	1038.269043
703.948242	1628.693481
702.749023	1382.426147
701.549805	1590.495361
700.350586	1272.990112
699.150391	1178.333984
697.950195	806.392700
696.750000	330.223083
695.549805	547.395813
694.348633	441.520874
693.147461	279.224426
691.946289	601.545471
690.744141	195.336838
689.541992	252.828568
688.339844	195.649078
687.136719	306.593689
685.934570	533.590149
684.730469	433.977844
683.527344	209.498993
682.323242	308.829651
681.119141	432.752869
679.915039	379.905792
678.710938	142.113892
677.505859	410.432495
676.300781	24.953550
675.094727	323.778748
673.889648	375.502380
672.683594	449.771027
671.476563	318.618469
670.270508	290.924438
669.063477	107.693268
667.856445	-79.769417
666.648438	254.429794
665.440430	126.736092
664.232422	464.593262
663.024414	229.093002
661.815430	18.430555
660.606445	2.189898
659.397461	169.918243
658.188477	165.994400
656.978516	5.026018
655.768555	-54.593658
654.557617	-134.774933
653.346680	-128.087830
652.135742	-375.199524
650.924805	-75.062401
649.712891	109.581490
648.501953	-204.855515
647.289063	-21.795406
646.077148	105.846146
644.864258	-205.298447
643.651367	-194.342422
642.438477	194.175430
641.224609	187.511520
640.010742	-111.013283
638.796875	40.138195
637.582031	130.175201
636.367188	78.940895
635.152344	40.926075
633.937500	127.274788
632.721680	152.878723
631.505859	381.041504
630.289063	112.782211
629.073242	372.001678
627.856445	480.377472
626.639648	366.209381
625.421875	360.397827
624.204102	321.290771
622.986328	146.377182
621.768555	133.429077
620.549805	-101.216072
619.331055	-85.514297
618.111328	-198.899521
616.892578	44.724159
