1721.000977	49.971737
1720.027344	131.627380
1719.052734	87.652336
1718.078125	445.296570
1717.104492	70.534210
1716.128906	-128.273453
1715.154297	-10.102333
1714.178711	304.363922
1713.204102	215.314133
1712.228516	309.835358
1711.251953	-55.224308
1710.276367	-272.410370
1709.299805	111.474312
1708.324219	-132.882492
1707.347656	-221.761871
1706.370117	228.682892
1705.393555	197.214981
1704.416016	-103.544106
1703.438477	-77.399040
1702.460938	58.112019
1701.483398	-108.684875
1700.505859	-247.822113
1699.527344	162.041962
1698.548828	159.887711
1697.570313	256.920227
1696.591797	-88.361519
1695.612305	102.324203
1694.632813	-39.333046
1693.653320	201.600708
1692.673828	-185.671906
1691.694336	-126.581848
1690.713867	-9.157771
1689.734375	46.785034
1688.753906	-53.109158
1687.772461	-127.722267
1686.791992	16.723288
1685.810547	-70.998749
1684.830078	-16.146641
1683.848633	262.650970
1682.866211	-136.248871
1681.884766	180.392548
1680.902344	135.287689
1679.919922	-14.240481
1678.937500	-110.348640
1677.955078	136.956329
1676.971680	-122.081955
1675.989258	-264.045868
1675.005859	-128.892975
1674.022461	217.157654
1673.038086	-179.060669
1672.054688	169.385330
1671.070313	-119.958061
1670.085938	45.451904
1669.101563	281.918304
1668.117188	10.573818
1667.131836	-34.756557
1666.146484	3.720016
1665.161133	100.590103
1664.175781	-99.306213
1663.189453	-238.223358
1662.204102	132.665207
1661.217773	113.049339
1660.231445	58.035671
1659.245117	-181.848022
1658.257813	-69.431625
1657.270508	-146.939819
1656.284180	34.019165
1655.295898	-2.808409
1654.308594	-31.889418
1653.321289	-149.431915
1652.333008	125.336746
1651.344727	15.580154
1650.356445	158.901703
1649.367188	46.845139
1648.378906	-14.455628
1647.389648	73.481522
1646.400391	315.652435
1645.411133	224.331253
1644.420898	-46.219883
1643.431641	294.673553
1642.441406	-74.017639
1641.451172	102.851128
1640.459961	221.678558
1639.469727	131.164810
1638.478516	520.126709
1637.487305	351.596527
1636.496094	228.647644
1635.504883	327.740112
1634.512695	126.899521
1633.520508	95.117935
1632.528320	-22.211361
1631.536133	535.769653
1630.543945	436.247040
1629.550781	641.543335
1628.557617	791.473633
1627.564453	662.048035
1626.571289	1119.139648
1625.578125	808.750549
1624.583984	1301.012085
1623.589844	1423.457031
1622.595703	1533.380371
1621.601563	1846.979126
1620.606445	1740.763794
1619.611328	1624.633667
1618.616211	1985.992798
1617.621094	1832.354614
1616.625977	1633.658081
1615.629883	1588.253784
1614.633789	1417.434937
1613.637695	1460.093750
1612.641602	1751.223999
1611.645508	1723.694092
1610.648438	1756.413452
1609.651367	1598.604858
1608.654297	1786.906128
1607.657227	1967.674438
1606.659180	2123.338867
1605.662109	2263.986572
1604.664063	2344.478516
1603.666016	2101.908203
1602.666992	1874.486206
1601.668945	2270.596191
1600.669922	2318.646240
1599.670898	2141.503418
1598.671875	2094.571045
1597.671875	2167.732178
1596.672852	1433.151245
1595.672852	1441.479614
1594.672852	1552.329468
1593.671875	943.334167
1592.671875	1319.165649
1591.670898	1185.190552
1590.669922	916.419373
1589.668945	1164.697754
1588.667969	970.980469
1587.666016	784.819275
1586.664063	893.232666
1585.662109	692.218445
1584.660156	581.102966
1583.658203	687.028687
1582.655273	162.016342
1581.652344	287.908722
1580.649414	650.536072
1579.646484	185.673874
1578.642578	132.069733
1577.638672	-100.863190
1576.634766	400.967224
1575.630859	61.000786
1574.626953	62.208645
1573.622070	-217.860626
1572.618164	-64.824196
1571.613281	177.666672
1570.607422	-152.061218
1569.602539	353.914185
1568.596680	-45.355152
1567.590820	27.810041
1566.584961	187.908630
1565.579102	233.623123
1564.572266	-21.309954
1563.566406	34.320839
1562.559570	283.563873
1561.551758	-38.347393
1560.544922	-149.138779
1559.537109	-168.125122
1558.530273	80.850677
1557.521484	-221.030823
1556.513672	35.212601
1555.505859	97.919449
1554.497070	462.975067
1553.488281	-32.163128
1552.479492	-316.499481
1551.470703	273.770355
1550.460938	346.067017
1549.451172	81.523964
1548.441406	-326.538727
1547.431641	-276.527496
1546.421875	-243.891632
1545.411133	-117.307999
1544.400391	71.036835
1543.389648	313.678070
1542.378906	31.979019
1541.367188	281.856750
1540.355469	-29.468834
1539.343750	-103.462357
1538.332031	-182.397018
1537.320313	-392.241272
1536.307617	-177.292801
1535.294922	-53.815750
1534.282227	-268.610474
1533.269531	239.788300
1532.256836	12.627165
1531.243164	-147.883591
1530.229492	-167.765656
1529.215820	86.055779
1528.202148	-49.793644
1527.187500	504.533203
1526.172852	50.667114
1525.158203	148.878418
1524.143555	3.152240
1523.127930	152.976440
1522.113281	12.194209
1521.097656	171.757034
1520.082031	375.538177
1519.065430	-171.341583
1518.049805	246.429840
1517.033203	78.569641
1516.016602	-8.083924
1515.000000	-121.760284
1513.982422	484.813812
1512.965820	142.493561
1511.948242	122.164261
1510.930664	-1.343514
1509.913086	302.549500
1508.894531	120.073761
1507.875977	-275.916748
1506.857422	64.610512
1505.838867	-218.327621
1504.820313	414.004486
1503.800781	-138.744583
1502.781250	76.353439
1501.761719	335.499084
1500.742188	388.619507
1499.721680	127.976601
1498.702148	360.003723
1497.681641	293.028107
1496.661133	199.146027
1495.639648	220.381287
1494.618164	626.002014
1493.597656	184.553513
1492.576172	523.961060
1491.553711	427.687103
1490.532227	-50.112736
1489.509766	389.424469
1488.487305	305.519867
1487.464844	50.545971
1486.442383	162.324554
1485.418945	-65.612381
1484.395508	139.006927
1483.372070	321.582397
1482.348633	220.826447
1481.324219	166.501678
1480.300781	258.727875
1479.276367	-142.076553
1478.251953	135.656784
1477.226563	201.042282
1476.202148	88.418068
1475.176758	-82.672089
1474.151367	153.496262
1473.125000	-90.606827
1472.099609	40.758694
1471.073242	-71.558327
1470.046875	-74.169609
1469.020508	-8.534678
1467.994141	76.597862
1466.966797	13.221804
1465.939453	278.490784
1464.912109	529.105408
1463.884766	268.774017
1462.856445	495.045349
1461.829102	356.533142
1460.800781	312.935028
1459.772461	422.552643
1458.743164	884.540405
1457.714844	678.253540
1456.685547	865.616882
1455.656250	581.806580
1454.625977	1111.590698
1453.596680	818.273071
1452.566406	1170.735962
1451.536133	586.448181
1450.505859	645.399353
1449.474609	772.287292
1448.444336	625.188416
1447.413086	749.755310
1446.381836	726.475952
1445.350586	703.284851
1444.318359	394.243744
1443.286133	257.410400
1442.253906	665.660950
1441.221680	407.918152
1440.189453	496.561951
1439.156250	394.017517
1438.123047	567.467224
1437.089844	208.665863
1436.056641	677.360474
1435.022461	304.328003
1433.988281	-85.382385
1432.954102	-71.140999
1431.919922	151.033447
1430.885742	274.133881
1429.850586	51.793243
1428.815430	240.239670
1427.780273	20.602766
1426.744141	165.683655
1425.708984	81.518944
1424.672852	139.839142
1423.636719	58.297546
1422.600586	165.039276
1421.563477	40.287731
1420.527344	-16.773216
1419.490234	-119.537132
1418.452148	-198.081329
1417.415039	-42.730457
1416.376953	81.313896
1415.338867	-141.432724
1414.300781	117.635544
1413.262695	-138.523926
1412.224609	-153.762344
1411.185547	-48.589878
1410.146484	-232.081497
1409.107422	-56.967384
1408.067383	96.508156
1407.027344	-233.273193
1405.987305	98.278580
1404.947266	93.312088
1403.907227	-284.004578
1402.866211	237.432419
1401.826172	-50.666176
1400.785156	-105.624031
1399.743164	706.242798
1398.702148	622.554565
1397.660156	71.019333
1396.618164	294.810455
1395.576172	643.353638
1394.533203	728.015076
1393.491211	1481.757568
1392.448242	1209.223755
1391.405273	1516.929932
1390.361328	1867.727295
1389.318359	2216.100830
1388.274414	2696.151123
1387.230469	2570.237793
1386.186523	2975.997070
1385.141602	3080.062012
1384.097656	3447.459229
1383.052734	3338.641846
1382.007813	3363.941650
1380.961914	3760.014893
1379.916992	3185.246826
1378.871094	3005.259521
1377.825195	3133.778564
1376.778320	2805.913574
1375.732422	2268.076416
1374.685547	2253.647949
1373.638672	2289.473633
1372.591797	1938.604370
1371.543945	1783.708618
1370.497070	1664.794800
1369.449219	1698.713135
1368.400391	1522.783569
1367.352539	1475.830078
1366.303711	1300.218994
1365.255859	1131.949707
1364.206055	1736.047363
1363.157227	1372.532227
1362.108398	1531.018921
1361.058594	1375.107178
1360.008789	1707.535889
1358.958984	1554.222168
1357.908203	1322.500366
1356.857422	1369.409790
1355.806641	1640.047485
1354.755859	1384.947632
1353.705078	1244.203247
1352.653320	780.211243
1351.601563	996.413025
1350.549805	863.221741
1349.498047	1015.327881
1348.445313	1138.929565
1347.393555	972.803894
1346.340820	614.465027
1345.287109	640.970947
1344.234375	548.879395
1343.180664	900.677734
1342.126953	742.283081
1341.073242	645.713867
1340.019531	229.098068
1338.964844	384.161835
1337.910156	250.024826
1336.855469	94.689987
1335.799805	131.422699
1334.745117	97.154037
1333.689453	143.490097
1332.633789	137.784546
1331.578125	349.966003
1330.521484	176.288498
1329.464844	-99.003922
1328.408203	-57.064686
1327.351563	-488.172180
1326.294922	-273.389984
1325.237305	-160.315292
1324.179688	-89.782608
1323.122070	-146.835968
1322.064453	-310.136627
1321.005859	-52.808830
1319.947266	27.328218
1318.888672	-140.457031
1317.830078	-88.548462
1316.770508	-107.429512
1315.710938	175.818665
1314.651367	105.093437
1313.591797	223.163223
1312.531250	62.939365
1311.471680	-248.048584
1310.411133	230.831818
1309.349609	2.509317
1308.289063	-308.127502
1307.227539	165.878372
1306.166016	-238.781311
1305.104492	-9.795133
1304.042969	-421.214966
1302.980469	-185.148529
1301.917969	-97.396423
1300.855469	402.079315
1299.792969	240.422180
1298.729492	-212.748795
1297.666016	-160.183640
1296.602539	-368.527954
1295.539063	-113.763237
1294.474609	-169.239014
1293.411133	160.611679
1292.346680	11.227685
1291.281250	251.713531
1290.216797	325.456299
1289.151367	417.965363
1288.085938	95.123146
1287.020508	297.963837
1285.955078	116.076225
1284.888672	154.712784
1283.822266	134.751923
1282.755859	220.298126
1281.689453	331.616028
1280.622070	138.305893
1279.554688	392.511658
1278.487305	627.896423
1277.419922	364.467041
1276.351563	435.913757
1275.283203	39.267155
1274.214844	492.198181
1273.146484	563.623901
1272.077148	342.660370
1271.008789	262.123505
1269.939453	375.668304
1268.869141	98.825264
1267.799805	404.003784
1266.729492	195.050568
1265.659180	855.132751
1264.588867	466.374512
1263.517578	565.759399
1262.447266	235.606842
1261.375977	409.693451
1260.304688	196.389481
1259.232422	351.748901
1258.161133	679.641846
1257.088867	837.169250
1256.016602	572.674133
1254.943359	527.378357
1253.871094	815.331787
1252.797852	1138.096436
1251.724609	1062.429321
1250.650391	875.001587
1249.577148	962.394409
1248.502930	893.783142
1247.428711	1055.584839
1246.354492	1017.224731
1245.279297	1011.428772
1244.204102	821.907166
1243.128906	616.186523
1242.053711	924.289673
1240.977539	562.899780
1239.902344	787.218994
1238.826172	793.047791
1237.750000	919.639404
1236.672852	700.169189
1235.595703	378.640198
1234.518555	421.645660
1233.441406	455.337402
1232.364258	231.480438
1231.286133	492.476807
1230.208008	410.134369
1229.129883	402.007294
1228.051758	124.985680
1226.972656	156.284058
1225.893555	-153.039642
1224.814453	413.373444
1223.734375	-236.351944
1222.655273	355.271637
1221.575195	231.294830
1220.495117	-96.306381
1219.415039	374.510529
1218.333984	37.717899
1217.252930	149.756592
1216.171875	39.739456
1215.090820	343.576263
1214.008789	87.899513
1212.926758	176.630585
1211.844727	-169.035583
1210.762695	74.431877
1209.679688	-47.111870
1208.597656	-131.671219
1207.513672	-313.183868
1206.430664	-79.228447
1205.347656	25.397896
1204.263672	-172.246582
1203.179688	26.853397
1202.095703	-55.462643
1201.010742	214.926041
1199.925781	305.401978
1198.840820	-265.496094
1197.755859	380.192474
1196.670898	7.557230
1195.584961	360.394684
1194.499023	158.228043
1193.413086	48.189854
1192.326172	18.701569
1191.239258	-100.522118
1190.152344	208.104462
1189.065430	61.241215
1187.978516	390.337097
1186.890625	344.571289
1185.802734	176.998474
1184.714844	319.645721
1183.625977	198.028122
1182.538086	409.450653
1181.449219	437.053162
1180.360352	799.765381
1179.270508	388.844452
1178.180664	597.599121
1177.090820	517.185425
1176.000977	778.513245
1174.911133	675.105713
1173.820313	1043.958374
1172.729492	713.555786
1171.638672	605.542114
1170.547852	543.366455
1169.456055	806.418640
1168.364258	549.503601
1167.272461	562.824280
1166.179688	914.860229
1165.087891	1097.374146
1163.995117	1185.958374
1162.902344	1578.695313
1161.808594	2174.748047
1160.715820	1993.137085
1159.622070	2129.298584
1158.528320	1618.599854
1157.433594	1274.880005
1156.339844	1139.167358
1155.245117	873.284607
1154.149414	662.274292
1153.054688	506.125946
1151.958984	258.701019
1150.863281	663.957092
1149.767578	288.780518
1148.671875	157.784393
1147.575195	-5.130198
1146.478516	-8.419691
1145.381836	434.989838
1144.285156	128.449677
1143.187500	-13.971244
1142.089844	144.294189
1140.992188	-191.711395
1139.894531	150.863266
1138.795898	-264.752838
1137.697266	-54.398800
1136.598633	-55.778080
1135.499023	1.935875
1134.400391	-247.422836
1133.300781	42.139050
1132.201172	-407.252625
1131.100586	-206.517532
1130.000977	-103.602608
1128.900391	-43.952381
1127.799805	163.254410
1126.698242	52.418266
1125.596680	75.524536
1124.495117	-114.767052
1123.393555	132.921997
1122.291992	512.032654
1121.189453	521.211304
1120.086914	1369.349609
1118.984375	1396.376953
1117.881836	1464.136475
1116.778320	1912.508789
1115.674805	1644.709961
1114.571289	1811.876221
1113.466797	1725.270874
1112.363281	1760.924316
1111.258789	1262.301147
1110.153320	1696.209351
1109.048828	1580.085693
1107.943359	1518.238403
1106.837891	1573.965576
1105.732422	1222.630127
1104.625977	918.854126
1103.520508	1245.707764
1102.414063	1235.686157
1101.306641	787.355042
1100.200195	626.007202
1099.092773	634.008667
1097.985352	501.982178
1096.877930	453.466156
1095.769531	635.051208
1094.661133	737.539917
1093.552734	170.056564
1092.444336	410.030243
1091.335938	435.659515
1090.226563	-30.148870
1089.117188	144.153900
1088.006836	320.548706
1086.897461	476.544342
1085.787109	762.993835
1084.676758	625.992981
1083.566406	918.900452
1082.455078	466.724243
1081.343750	644.638428
1080.232422	635.704773
1079.121094	885.324829
1078.008789	730.041565
1076.896484	1222.130737
1075.784180	597.009644
1074.671875	423.704803
1073.558594	598.563538
1072.445313	431.904846
1071.332031	797.376404
1070.217773	453.243378
1069.104492	775.746460
1067.990234	503.416718
1066.875977	184.018631
1065.760742	196.594437
1064.645508	159.756454
1063.530273	486.007813
1062.415039	168.800842
1061.299805	196.720673
1060.183594	197.641205
1059.067383	276.870392
1057.951172	22.333225
1056.833984	2.868239
1055.716797	54.947651
1054.599609	375.433929
1053.482422	-4.552616
1052.364258	0.232523
1051.247070	78.735329
1050.128906	306.879181
1049.009766	148.127930
1047.891602	-53.087669
1046.772461	-153.789963
1045.653320	-17.775610
1044.533203	180.586121
1043.414063	139.886780
1042.293945	-242.419983
1041.173828	-187.263382
1040.052734	-85.395729
1038.932617	-8.193615
1037.811523	249.487411
1036.689453	-422.802826
1035.568359	-145.288101
1034.446289	-30.711113
1033.324219	-125.727013
1032.202148	133.374435
1031.079102	29.223106
1029.957031	-168.489807
1028.833984	-386.269501
1027.709961	21.293242
1026.586914	-285.652832
1025.462891	206.011642
1024.338867	-49.926376
1023.214844	-452.615906
1022.089844	47.287163
1020.964844	-493.281403
1019.839844	50.615349
1018.714844	-287.784882
1017.588867	-168.642151
1016.462891	-194.000748
1015.336914	-24.107283
1014.210938	505.143219
1013.083984	39.922482
1011.957031	397.838928
1010.830078	47.946842
1009.702148	554.007507
1008.574219	751.563416
1007.446289	1819.961670
1006.318359	3098.268555
1005.190430	4087.862549
1004.061523	4837.652832
1002.932617	3689.229736
1001.802734	2167.037109
1000.673828	676.424072
999.543945	385.732513
998.414063	513.193420
997.283203	89.692406
996.153320	44.422615
995.022461	164.846695
993.891602	274.039825
992.759766	173.098206
991.628906	14.653447
990.497070	101.319862
989.364258	11.132383
988.232422	611.934204
987.099609	377.944580
985.966797	554.403687
984.833984	501.202332
983.700195	487.580688
982.566406	118.787117
981.432617	561.403870
980.298828	104.337601
979.164063	229.140732
978.029297	770.183167
976.894531	775.574768
975.759766	100.331558
974.624023	85.790977
973.488281	359.499268
972.352539	-53.679783
971.215820	21.645840
970.080078	132.033783
968.943359	156.458786
967.805664	341.233765
966.668945	569.796021
965.531250	272.850220
964.393555	156.096024
963.254883	445.651611
962.117188	798.673828
960.978516	521.218506
959.839844	548.911438
958.700195	552.312134
957.561523	720.191528
956.421875	927.343262
955.281250	965.389221
954.141602	1165.589478
953.000977	1411.604248
951.860352	1429.462769
950.719727	1659.752319
949.578125	1147.160889
948.436523	1120.924927
947.294922	772.717957
946.153320	588.756287
945.010742	752.759033
943.868164	437.377319
942.725586	279.554138
941.583008	217.947510
940.439453	372.733551
939.295898	103.239502
938.152344	249.057083
937.007813	14.479562
935.863281	190.635315
934.718750	547.913025
933.574219	345.931915
932.428711	146.121933
931.283203	-84.227974
930.137695	274.626526
928.992188	-241.589722
927.845703	1.369639
926.699219	-96.034187
925.552734	-27.767643
924.405273	519.892212
923.257813	206.488861
922.110352	172.032578
920.962891	168.029739
919.814453	-97.363083
918.666016	196.827606
917.517578	390.709869
916.369141	70.899673
915.219727	-107.422935
914.070313	382.047852
912.920898	-29.021170
911.770508	-52.977169
910.621094	220.851471
909.470703	-144.384781
908.319336	203.094345
907.168945	-357.504211
906.017578	-5.838503
904.866211	17.815655
903.713867	108.708931
902.562500	-39.135181
901.410156	-291.085510
900.256836	-2.853724
899.104492	-285.060791
897.951172	98.424583
896.797852	592.279907
895.644531	-43.108757
894.490234	30.236200
893.335938	142.550873
892.181641	44.772209
891.027344	81.290283
889.872070	228.184494
888.716797	355.558075
887.561523	487.230927
886.405273	261.954407
885.249023	-51.843960
884.092773	-71.418564
882.936523	-166.594025
881.779297	32.193890
880.622070	-397.764252
879.464844	116.456947
878.307617	-291.611633
877.149414	-349.694519
875.991211	162.158798
874.833008	71.764389
873.673828	-195.453644
872.514648	-419.330109
871.355469	-382.087982
870.196289	276.151215
869.036133	-199.645004
867.875977	117.910812
866.715820	-29.955126
865.554688	597.760071
864.394531	124.877655
863.233398	274.509399
862.071289	144.334824
860.910156	548.049622
859.748047	486.949646
858.585938	174.335556
857.422852	704.953064
856.259766	506.610382
855.096680	252.603821
853.933594	458.733582
852.770508	224.467850
851.606445	484.462982
850.442383	40.112324
849.277344	16.896702
848.113281	-34.034237
846.948242	134.078766
845.783203	104.890083
844.617188	108.025475
843.451172	156.361603
842.285156	179.112320
841.119141	-256.676483
839.952148	-29.933342
838.785156	42.619934
837.618164	-223.107681
836.451172	335.933319
835.283203	38.490669
834.115234	165.189285
832.947266	199.996490
831.778320	-156.558456
830.609375	332.136963
829.440430	-62.379871
828.271484	71.565117
827.101563	393.724243
825.931641	158.189514
824.761719	320.357361
823.590820	247.683533
822.420898	555.383240
821.250000	419.061493
820.078125	466.564209
818.907227	213.390274
817.735352	410.696381
816.562500	437.472687
815.390625	771.548645
814.217773	112.183426
813.044922	365.610352
811.872070	156.728775
810.698242	-47.586510
809.524414	153.111816
808.350586	326.257874
807.176758	-154.038513
806.001953	387.765747
804.827148	-140.820740
803.651367	-111.551582
802.476563	130.643173
801.300781	179.432022
800.125000	205.041000
798.948242	426.396515
797.772461	407.765625
796.595703	261.892151
795.417969	853.318909
794.241211	467.908905
793.063477	369.496735
791.885742	368.985718
790.707031	570.275391
789.529297	758.976807
788.350586	551.175415
787.170898	721.120117
785.992188	602.904663
784.812500	1423.873169
783.632813	1246.629761
782.452148	745.543030
781.272461	613.443176
780.091797	680.643860
778.911133	506.681549
777.729492	271.616455
776.547852	311.937561
775.366211	265.700287
774.184570	-351.368134
773.001953	68.136391
771.819336	-298.778931
770.636719	-428.625549
769.453125	-173.671188
768.269531	-108.788422
767.085938	-301.430542
765.902344	139.640457
764.717773	-10.425109
763.533203	-172.926697
762.348633	120.572510
761.163086	-294.726318
759.977539	-117.049240
758.791992	-29.979284
757.606445	219.501953
756.419922	55.912041
755.233398	-118.007225
754.046875	108.516151
752.859375	299.238037
751.672852	132.048370
750.485352	331.307983
749.296875	509.523193
748.108398	803.465881
746.919922	201.247314
745.731445	825.474976
744.542969	236.306870
743.353516	208.733398
742.164063	309.428040
740.973633	334.490540
739.783203	134.828598
738.592773	6.713395
737.402344	50.861439
736.211914	430.875946
735.020508	349.044312
733.829102	437.215332
732.636719	437.254608
731.444336	-17.770300
730.251953	307.365082
729.059570	164.908661
727.866211	209.015274
726.673828	-73.747841
725.479492	347.384857
724.286133	-52.597942
723.091797	-163.509186
721.897461	-155.097031
720.703125	-199.046371
719.507813	332.310028
718.312500	-165.728531
717.117188	57.860603
715.921875	-147.302048
714.725586	-61.907970
713.529297	178.011124
712.332031	62.576675
711.135742	-71.672218
709.938477	186.632660
708.740234	411.324249
707.542969	351.970337
706.344727	1235.736694
705.146484	2273.375488
703.948242	2684.717285
702.749023	3473.182861
701.549805	2966.580811
700.350586	2801.934326
699.150391	2160.091064
697.950195	1037.236206
696.750000	650.031677
695.549805	504.463989
694.348633	-126.175667
693.147461	265.300476
691.946289	475.486511
690.744141	109.257454
689.541992	233.963623
688.339844	75.767708
687.136719	-396.308472
685.934570	127.300003
684.730469	584.118408
683.527344	459.062195
682.323242	59.897961
681.119141	45.040997
679.915039	30.203465
678.710938	305.938416
677.505859	372.017822
676.300781	176.751984
675.094727	759.337280
673.889648	211.766922
672.683594	-80.475800
671.476563	-59.529274
670.270508	346.943054
669.063477	210.691101
667.856445	105.776382
666.648438	-44.410320
665.440430	472.246185
664.232422	343.296112
663.024414	47.154621
661.815430	-12.693681
660.606445	23.013161
659.397461	228.668533
658.188477	316.886536
656.978516	43.946178
655.768555	-269.618225
654.557617	-163.139542
653.346680	431.287292
652.135742	171.443542
650.924805	56.968246
649.712891	151.778687
648.501953	74.131950
647.289063	-596.538574
646.077148	-129.710114
644.864258	-214.518799
643.651367	-219.825287
642.438477	-100.284218
641.224609	-86.620583
640.010742	-59.239449
638.796875	239.323273
637.582031	516.648743
636.367188	805.760559
635.152344	156.136749
633.937500	539.251282
632.721680	521.017700
631.505859	944.828125
630.289063	1144.462769
629.073242	1319.518066
627.856445	1718.770386
626.639648	1814.242798
625.421875	1234.587646
624.204102	1158.926636
622.986328	848.059753
621.768555	714.791565
620.549805	383.704895
619.331055	445.818359
618.111328	173.031128
616.892578	-1.739008
