1721.000977	-118.178093
1720.027344	169.417725
1719.052734	-114.415169
1718.078125	92.800949
1717.104492	-1.834005
1716.128906	-192.904694
1715.154297	114.615540
1714.178711	110.344398
1713.204102	-38.846767
1712.228516	64.375336
1711.251953	-259.045166
1710.276367	113.184441
1709.299805	48.695721
1708.324219	36.888596
1707.347656	-24.650043
1706.370117	-179.351837
1705.393555	94.927559
1704.416016	-92.368057
1703.438477	-104.001778
1702.460938	82.979271
1701.483398	159.124283
1700.505859	98.979256
1699.527344	411.226166
1698.548828	104.293343
1697.570313	-29.466200
1696.591797	45.633320
1695.612305	28.147631
1694.632813	-212.008377
1693.653320	50.240406
1692.673828	-183.203857
1691.694336	218.280670
1690.713867	290.058502
1689.734375	249.201065
1688.753906	60.050636
1687.772461	-29.992729
1686.791992	-10.713550
1685.810547	-134.489258
1684.830078	177.184158
1683.848633	422.197815
1682.866211	-28.405689
1681.884766	147.327850
1680.902344	-71.819702
1679.919922	118.691544
1678.937500	-21.836510
1677.955078	-35.258984
1676.971680	-168.386688
1675.989258	54.466515
1675.005859	-127.152191
1674.022461	97.918785
1673.038086	180.473068
1672.054688	130.843277
1671.070313	-150.014374
1670.085938	-49.821323
1669.101563	12.219685
1668.117188	109.764740
1667.131836	65.099991
1666.146484	48.380726
1665.161133	-97.705360
1664.175781	116.495720
1663.189453	-229.854813
1662.204102	-79.013901
1661.217773	-179.180634
1660.231445	-177.861023
1659.245117	-102.985435
1658.257813	101.109406
1657.270508	-120.324234
1656.284180	-339.011444
1655.295898	156.406464
1654.308594	-148.147049
1653.321289	172.636063
1652.333008	10.087418
1651.344727	-71.330666
1650.356445	363.366058
1649.367188	125.340630
1648.378906	385.616974
1647.389648	99.915741
1646.400391	9.050583
1645.411133	97.744492
1644.420898	-124.199547
1643.431641	-169.094421
1642.441406	-14.389289
1641.451172	-207.983414
1640.459961	68.068382
1639.469727	248.287018
1638.478516	-50.803677
1637.487305	31.249063
1636.496094	178.980621
1635.504883	125.090256
1634.512695	121.753380
1633.520508	262.218262
1632.528320	178.509842
1631.536133	424.996613
1630.543945	155.193451
1629.550781	633.510071
1628.557617	447.111298
1627.564453	656.116943
1626.571289	716.695679
1625.578125	1217.695679
1624.583984	1192.851074
1623.589844	1087.669067
1622.595703	1304.518799
1621.601563	1835.652588
1620.606445	1459.318359
1619.611328	1490.360229
1618.616211	1383.332642
1617.621094	1437.231567
1616.625977	1370.685791
1615.629883	1379.586060
1614.633789	1591.931641
1613.637695	1580.935059
1612.641602	1502.304932
1611.645508	1396.222290
1610.648438	1658.968994
1609.651367	1257.182251
1608.654297	1683.019653
1607.657227	1291.623047
1606.659180	1634.749390
1605.662109	2203.349854
1604.664063	1654.532471
1603.666016	1794.777466
1602.666992	1792.298950
1601.668945	1915.102173
1600.669922	1890.239136
1599.670898	1870.470825
1598.671875	1407.950928
1597.671875	1768.628296
1596.672852	1534.046387
1595.672852	1364.615479
1594.672852	1452.803345
1593.671875	1188.596436
1592.671875	1294.398682
1591.670898	1240.306885
1590.669922	1036.428955
1589.668945	627.920593
1588.667969	698.996155
1587.666016	572.872864
1586.664063	666.461487
1585.662109	642.786804
1584.660156	422.090546
1583.658203	261.384094
1582.655273	270.318817
1581.652344	-67.243629
1580.649414	427.860504
1579.646484	28.168055
1578.642578	443.354187
1577.638672	200.788361
1576.634766	-133.799118
1575.630859	139.308456
1574.626953	-43.232716
1573.622070	125.227516
1572.618164	171.724854
1571.613281	317.708160
1570.607422	217.378815
1569.602539	62.417053
1568.596680	76.570824
1567.590820	-294.559814
1566.584961	-6.953007
1565.579102	44.493153
1564.572266	-90.410408
1563.566406	45.477570
1562.559570	-54.606174
1561.551758	63.794048
1560.544922	-43.703835
1559.537109	161.492584
1558.530273	148.290359
1557.521484	135.041763
1556.513672	99.491867
1555.505859	-144.323288
1554.497070	50.702675
1553.488281	-178.173340
1552.479492	-169.087021
1551.470703	-162.494293
1550.460938	-76.679161
1549.451172	-263.312286
1548.441406	-63.654167
1547.431641	78.972328
1546.421875	129.957214
1545.411133	-78.914963
1544.400391	-129.396606
1543.389648	17.980585
1542.378906	-230.352158
1541.367188	40.536369
1540.355469	269.274841
1539.343750	164.292648
1538.332031	266.868927
1537.320313	-80.176239
1536.307617	-113.477814
1535.294922	-134.442047
1534.282227	-71.486938
1533.269531	-62.874207
1532.256836	-66.621384
1531.243164	-164.154312
1530.229492	137.902283
1529.215820	67.452866
1528.202148	-106.531654
1527.187500	-260.766052
1526.172852	-124.156120
1525.158203	138.036743
1524.143555	-260.077698
1523.127930	-182.737579
1522.113281	-98.037743
1521.097656	92.443748
1520.082031	-106.052170
1519.065430	74.455269
1518.049805	235.211227
1517.033203	63.799824
1516.016602	111.317627
1515.000000	109.626610
1513.982422	198.854187
1512.965820	106.189026
1511.948242	-38.069763
1510.930664	90.404991
1509.913086	0.225397
1508.894531	-53.113808
1507.875977	-13.148661
1506.857422	95.522087
1505.838867	373.465729
1504.820313	145.866760
1503.800781	87.595055
1502.781250	350.614655
1501.761719	216.307373
1500.742188	77.150757
1499.721680	168.417130
1498.702148	411.592224
1497.681641	456.202118
1496.661133	130.945297
1495.639648	70.281693
1494.618164	646.210571
1493.597656	311.342407
1492.576172	-28.294449
1491.553711	-137.804367
1490.532227	4.725975
1489.509766	-102.280479
1488.487305	8.394235
1487.464844	75.030540
1486.442383	-173.647766
1485.418945	-348.916779
1484.395508	277.253876
1483.372070	53.144684
1482.348633	-31.651428
1481.324219	93.562225
1480.300781	113.800087
1479.276367	33.966114
1478.251953	124.990936
1477.226563	303.805756
1476.202148	270.395447
1475.176758	210.181808
1474.151367	-147.412476
1473.125000	-97.790054
1472.099609	344.209442
1471.073242	449.804932
1470.046875	445.772522
1469.020508	456.388672
1467.994141	393.986542
1466.966797	222.081726
1465.939453	512.715637
1464.912109	34.332737
1463.884766	159.531799
1462.856445	381.986694
1461.829102	460.934998
1460.800781	571.479248
1459.772461	451.098083
1458.743164	311.352325
1457.714844	443.857910
1456.685547	1033.024414
1455.656250	691.803040
1454.625977	484.303345
1453.596680	594.986633
1452.566406	831.862488
1451.536133	935.227417
1450.505859	718.353760
1449.474609	775.699158
1448.444336	522.685181
1447.413086	614.101135
1446.381836	421.922882
1445.350586	472.237152
1444.318359	704.292908
1443.286133	618.964050
1442.253906	504.667389
1441.221680	329.944733
1440.189453	407.134766
1439.156250	530.324463
1438.123047	113.883545
1437.089844	329.148560
1436.056641	72.704216
1435.022461	121.129959
1433.988281	55.963013
1432.954102	-18.778433
1431.919922	-37.834011
1430.885742	264.556610
1429.850586	59.549370
1428.815430	45.509102
1427.780273	236.799606
1426.744141	-103.075363
1425.708984	-184.445984
1424.672852	-198.158752
1423.636719	-153.888351
1422.600586	44.816799
1421.563477	-12.144772
1420.527344	-112.393150
1419.490234	14.059809
1418.452148	-216.183777
1417.415039	16.407793
1416.376953	-107.589027
1415.338867	-21.908325
1414.300781	49.360291
1413.262695	-23.777119
1412.224609	37.986275
1411.185547	-22.950397
1410.146484	84.637245
1409.107422	96.034485
1408.067383	246.978516
1407.027344	109.396545
1405.987305	137.823776
1404.947266	-138.921387
1403.907227	55.504799
1402.866211	141.798828
1401.826172	48.007221
1400.785156	528.249573
1399.743164	266.477173
1398.702148	206.540710
1397.660156	453.872711
1396.618164	542.819214
1395.576172	809.317627
1394.533203	907.881287
1393.491211	819.467346
1392.448242	1184.239502
1391.405273	1429.094116
1390.361328	1534.919922
1389.318359	1743.811768
1388.274414	2000.578735
1387.230469	2317.177002
1386.186523	2655.262939
1385.141602	2650.969238
1384.097656	2658.731934
1383.052734	2712.009277
1382.007813	2923.221680
1380.961914	2775.659180
1379.916992	2800.405029
1378.871094	2911.261963
1377.825195	2541.735840
1376.778320	2483.070313
1375.732422	2018.375122
1374.685547	1957.605713
1373.638672	1672.451782
1372.591797	1707.424316
1371.543945	1498.962036
1370.497070	1658.190063
1369.449219	1321.122803
1368.400391	1473.275513
1367.352539	1408.413574
1366.303711	1236.332886
1365.255859	1462.525269
1364.206055	1107.101563
1363.157227	1002.117432
1362.108398	1214.101685
1361.058594	1018.743286
1360.008789	1125.965332
1358.958984	1235.587280
1357.908203	1209.532959
1356.857422	952.705383
1355.806641	1224.256226
1354.755859	965.282410
1353.705078	1132.189331
1352.653320	1008.983093
1351.601563	783.664063
1350.549805	850.844727
1349.498047	1124.782227
1348.445313	826.095886
1347.393555	698.622620
1346.340820	706.602295
1345.287109	667.137695
1344.234375	513.819275
1343.180664	446.039490
1342.126953	634.587219
1341.073242	391.375732
1340.019531	466.117035
1338.964844	429.421356
1337.910156	416.495270
1336.855469	104.990334
1335.799805	397.899628
1334.745117	392.236450
1333.689453	88.169518
1332.633789	276.832947
1331.578125	10.893865
1330.521484	5.470626
1329.464844	45.056561
1328.408203	-38.364796
1327.351563	-55.477890
1326.294922	-254.644882
1325.237305	231.994980
1324.179688	-42.731209
1323.122070	53.761665
1322.064453	176.238373
1321.005859	-265.930359
1319.947266	-242.575821
1318.888672	28.746473
1317.830078	-49.425228
1316.770508	294.965485
1315.710938	103.550102
1314.651367	287.384430
1313.591797	136.213776
1312.531250	-118.637703
1311.471680	-50.320694
1310.411133	-151.740723
1309.349609	345.521454
1308.289063	-321.392059
1307.227539	-128.150253
1306.166016	-184.621902
1305.104492	98.035980
1304.042969	18.043352
1302.980469	20.476646
1301.917969	4.105664
1300.855469	-68.701180
1299.792969	2.028051
1298.729492	-56.606625
1297.666016	-394.985870
1296.602539	-110.276421
1295.539063	66.220291
1294.474609	186.256744
1293.411133	-285.713074
1292.346680	181.974686
1291.281250	10.778484
1290.216797	-17.113453
1289.151367	-35.603485
1288.085938	-108.041145
1287.020508	110.475311
1285.955078	115.462860
1284.888672	333.850037
1283.822266	359.900574
1282.755859	-122.696640
1281.689453	93.286354
1280.622070	442.727417
1279.554688	108.017204
1278.487305	312.116119
1277.419922	66.574478
1276.351563	151.213577
1275.283203	-258.013428
1274.214844	320.394897
1273.146484	152.283875
1272.077148	138.605759
1271.008789	192.767166
1269.939453	256.247375
1268.869141	293.987457
1267.799805	544.374451
1266.729492	-83.815445
1265.659180	390.783081
1264.588867	134.220428
1263.517578	202.302567
1262.447266	18.264208
1261.375977	233.373932
1260.304688	222.067291
1259.232422	171.095673
1258.161133	185.463272
1257.088867	507.606781
1256.016602	155.879715
1254.943359	510.506226
1253.871094	312.728729
1252.797852	795.304382
1251.724609	860.739014
1250.650391	581.487366
1249.577148	884.412964
1248.502930	661.144104
1247.428711	652.069458
1246.354492	889.622559
1245.279297	631.594055
1244.204102	750.427368
1243.128906	792.477905
1242.053711	667.136108
1240.977539	604.591248
1239.902344	769.788879
1238.826172	458.673859
1237.750000	658.658447
1236.672852	273.388947
1235.595703	273.656464
1234.518555	394.621094
1233.441406	462.153992
1232.364258	506.458191
1231.286133	330.379333
1230.208008	-38.103985
1229.129883	-54.019054
1228.051758	275.454468
1226.972656	229.337952
1225.893555	-85.526604
1224.814453	19.024889
1223.734375	239.314667
1222.655273	95.991425
1221.575195	209.676147
1220.495117	-107.168121
1219.415039	-51.338146
1218.333984	272.808655
1217.252930	201.305695
1216.171875	9.594456
1215.090820	384.370361
1214.008789	294.389343
1212.926758	98.149635
1211.844727	-199.657242
1210.762695	84.738365
1209.679688	-129.813797
1208.597656	-274.993256
1207.513672	59.991138
1206.430664	108.676636
1205.347656	-4.169025
1204.263672	62.952370
1203.179688	-289.695374
1202.095703	-107.252693
1201.010742	303.321594
1199.925781	308.080383
1198.840820	140.019882
1197.755859	181.675430
1196.670898	-96.827797
1195.584961	-158.768860
1194.499023	136.158966
1193.413086	186.983185
1192.326172	-49.868191
1191.239258	118.302170
1190.152344	14.982695
1189.065430	-21.599895
1187.978516	36.101425
1186.890625	-120.000916
1185.802734	247.938782
1184.714844	107.947998
1183.625977	197.720444
1182.538086	50.919914
1181.449219	99.343842
1180.360352	333.693298
1179.270508	554.158142
1178.180664	269.732361
1177.090820	657.591919
1176.000977	598.041504
1174.911133	515.593018
1173.820313	655.549561
1172.729492	0.123824
1171.638672	156.183075
1170.547852	410.688324
1169.456055	351.282562
1168.364258	204.885406
1167.272461	401.981323
1166.179688	447.912506
1165.087891	830.236816
1163.995117	1093.416016
1162.902344	1173.490723
1161.808594	1091.154663
1160.715820	1564.461792
1159.622070	1642.096436
1158.528320	1312.903809
1157.433594	833.046570
1156.339844	837.707275
1155.245117	362.750092
1154.149414	470.253021
1153.054688	431.621307
1151.958984	616.668274
1150.863281	105.680511
1149.767578	283.888275
1148.671875	368.502380
1147.575195	519.204834
1146.478516	150.047714
1145.381836	-250.852036
1144.285156	161.958527
1143.187500	11.844990
1142.089844	44.019444
1140.992188	-301.838684
1139.894531	-208.128082
1138.795898	-216.897263
1137.697266	-412.274048
1136.598633	-336.805695
1135.499023	95.748413
1134.400391	-210.996216
1133.300781	-92.433159
1132.201172	-37.569309
1131.100586	187.710846
1130.000977	-18.817129
1128.900391	-297.953064
1127.799805	-222.664932
1126.698242	-147.423157
1125.596680	172.956604
1124.495117	80.118378
1123.393555	234.655380
1122.291992	355.086639
1121.189453	461.843903
1120.086914	1099.162231
1118.984375	1171.689453
1117.881836	1130.842896
1116.778320	1506.960693
1115.674805	1447.910400
1114.571289	1486.273438
1113.466797	1241.536255
1112.363281	1202.931030
1111.258789	849.696716
1110.153320	1320.340454
1109.048828	1302.066895
1107.943359	1091.505859
1106.837891	1077.778687
1105.732422	573.404114
1104.625977	582.364502
1103.520508	552.895752
1102.414063	518.893005
1101.306641	464.546722
1100.200195	403.440582
1099.092773	401.039825
1097.985352	669.512756
1096.877930	369.092834
1095.769531	-1.171573
1094.661133	397.977722
1093.552734	359.371735
1092.444336	131.345367
1091.335938	-159.731339
1090.226563	200.662567
1089.117188	143.988342
1088.006836	51.255116
1086.897461	255.851440
1085.787109	136.046631
1084.676758	358.469971
1083.566406	398.440552
1082.455078	445.096283
1081.343750	781.921875
1080.232422	214.326324
1079.121094	643.179443
1078.008789	442.255676
1076.896484	621.262451
1075.784180	591.143860
1074.671875	237.453232
1073.558594	712.750061
1072.445313	720.663696
1071.332031	411.938873
1070.217773	413.068512
1069.104492	402.937897
1067.990234	320.948059
1066.875977	627.025391
1065.760742	239.885101
1064.645508	245.258408
1063.530273	562.171265
1062.415039	269.266815
1061.299805	287.895233
1060.183594	142.904373
1059.067383	-371.638519
1057.951172	7.429251
1056.833984	139.990479
1055.716797	126.940666
1054.599609	-168.120026
1053.482422	279.619507
1052.364258	-84.833183
1051.247070	152.338364
1050.128906	107.627266
1049.009766	-158.432938
1047.891602	-111.591850
1046.772461	165.252640
1045.653320	138.113708
1044.533203	77.400879
1043.414063	43.427532
1042.293945	0.447630
1041.173828	147.084000
1040.052734	313.632599
1038.932617	114.212074
1037.811523	128.861008
1036.689453	-95.164391
1035.568359	195.747147
1034.446289	-50.670883
1033.324219	-138.881058
1032.202148	-218.240219
1031.079102	100.965050
1029.957031	132.710114
1028.833984	166.548050
1027.709961	-284.909424
1026.586914	-35.373898
1025.462891	-57.460735
1024.338867	15.981513
1023.214844	411.689880
1022.089844	-162.134537
1020.964844	-320.207184
1019.839844	-225.013596
1018.714844	-207.730743
1017.588867	-186.146118
1016.462891	108.431564
1015.336914	-98.959770
1014.210938	95.346779
1013.083984	83.067337
1011.957031	161.624100
1010.830078	355.355896
1009.702148	147.502075
1008.574219	719.977417
1007.446289	1609.015259
1006.318359	2404.450684
1005.190430	3394.349365
1004.061523	4137.797852
1002.932617	3033.957520
1001.802734	1757.786011
1000.673828	831.799377
999.543945	461.522888
998.414063	49.243595
997.283203	422.219543
996.153320	131.491211
995.022461	497.376099
993.891602	392.142303
992.759766	806.125732
991.628906	408.961609
990.497070	458.009674
989.364258	880.089600
988.232422	763.142029
987.099609	1052.241089
985.966797	1054.175293
984.833984	808.862671
983.700195	1185.540771
982.566406	593.776001
981.432617	765.002075
980.298828	589.929749
979.164063	672.624695
978.029297	733.107117
976.894531	707.509888
975.759766	692.794250
974.624023	563.431702
973.488281	625.497803
972.352539	718.203857
971.215820	705.095459
970.080078	746.863708
968.943359	331.009644
967.805664	561.619385
966.668945	664.505920
965.531250	685.869080
964.393555	562.063049
963.254883	455.734589
962.117188	481.108032
960.978516	877.390259
959.839844	663.084656
958.700195	540.904175
957.561523	622.722656
956.421875	811.844055
955.281250	845.011414
954.141602	860.509521
953.000977	1355.942627
951.860352	1261.451904
950.719727	1385.995972
949.578125	936.381226
948.436523	1045.339111
947.294922	917.644836
946.153320	540.319458
945.010742	605.138123
943.868164	350.336945
942.725586	546.199036
941.583008	488.140289
940.439453	742.670166
939.295898	194.654297
938.152344	278.434570
937.007813	313.977356
935.863281	146.226852
934.718750	214.337692
933.574219	66.136490
932.428711	199.511398
931.283203	-62.323280
930.137695	-1.181402
928.992188	260.556854
927.845703	297.408569
926.699219	153.166656
925.552734	181.138626
924.405273	370.286926
923.257813	256.377441
922.110352	83.628075
920.962891	119.979370
919.814453	376.167236
918.666016	235.938538
917.517578	124.011368
916.369141	-79.318008
915.219727	71.991089
914.070313	16.549227
912.920898	-1.952631
911.770508	175.159103
910.621094	-236.866180
909.470703	185.694138
908.319336	-56.796902
907.168945	-370.867004
906.017578	-22.508305
904.866211	-247.492416
903.713867	-142.489227
902.562500	207.688690
901.410156	-577.001404
900.256836	22.495270
899.104492	201.038177
897.951172	-114.837128
896.797852	37.633186
895.644531	-323.546661
894.490234	303.371948
893.335938	31.117725
892.181641	-128.379181
891.027344	-14.981589
889.872070	171.969513
888.716797	-13.343954
887.561523	134.652802
886.405273	-100.248161
885.249023	300.791321
884.092773	-72.302345
882.936523	-155.520676
881.779297	193.545959
880.622070	-86.186317
879.464844	135.404312
878.307617	136.697525
877.149414	-84.318588
875.991211	-410.915588
874.833008	63.352604
873.673828	-73.095871
872.514648	-159.767212
871.355469	-86.711395
870.196289	-237.798706
869.036133	-341.298096
867.875977	20.850277
866.715820	180.432358
865.554688	303.433441
864.394531	129.354141
863.233398	237.519867
862.071289	149.880997
860.910156	469.179443
859.748047	683.042175
858.585938	802.324829
857.422852	457.193268
856.259766	366.088623
855.096680	369.777191
853.933594	614.325928
852.770508	347.610321
851.606445	349.683624
850.442383	287.525146
849.277344	270.664917
848.113281	-16.428492
846.948242	-9.199207
845.783203	47.581181
844.617188	209.634659
843.451172	-121.392891
842.285156	-16.821709
841.119141	-42.819775
839.952148	-143.598160
838.785156	272.241882
837.618164	-121.538147
836.451172	1.202052
835.283203	42.763664
834.115234	-236.518219
832.947266	229.293335
831.778320	185.937424
830.609375	97.943497
829.440430	350.267731
828.271484	68.252937
827.101563	261.142609
825.931641	178.550812
824.761719	211.640335
823.590820	71.963676
822.420898	47.966419
821.250000	344.493256
820.078125	333.793121
818.907227	406.622284
817.735352	59.408520
816.562500	493.298889
815.390625	353.660950
814.217773	186.658035
813.044922	211.864929
811.872070	47.700745
810.698242	-344.054169
809.524414	-62.252003
808.350586	-208.306137
807.176758	-75.091042
806.001953	-60.837704
804.827148	75.006248
803.651367	-39.957943
802.476563	51.762726
801.300781	318.108887
800.125000	299.752289
798.948242	160.552261
797.772461	212.975632
796.595703	165.819824
795.417969	308.014069
794.241211	206.249573
793.063477	255.559143
791.885742	576.822327
790.707031	605.391113
789.529297	559.993042
788.350586	447.037018
787.170898	531.618896
785.992188	442.616425
784.812500	690.935547
783.632813	831.351013
782.452148	474.129242
781.272461	756.988953
780.091797	212.044128
778.911133	628.739746
777.729492	38.049210
776.547852	300.639160
775.366211	195.266632
774.184570	-55.741310
773.001953	330.077057
771.819336	-42.972694
770.636719	-379.681305
769.453125	-46.180889
768.269531	-321.018677
767.085938	-92.845428
765.902344	78.418396
764.717773	-77.402397
763.533203	-97.876190
762.348633	75.970451
761.163086	159.212204
759.977539	21.146751
758.791992	-350.733551
757.606445	-115.163063
756.419922	10.862316
755.233398	-164.333740
754.046875	178.896622
752.859375	178.815125
751.672852	65.153816
750.485352	433.713989
749.296875	322.365723
748.108398	385.802063
746.919922	76.966721
745.731445	163.725159
744.542969	498.606750
743.353516	103.977989
742.164063	279.101166
740.973633	-163.532394
739.783203	427.550140
738.592773	190.940048
737.402344	431.048828
736.211914	18.225391
735.020508	144.921570
733.829102	374.336243
732.636719	389.655426
731.444336	352.488129
730.251953	313.182953
729.059570	345.096344
727.866211	257.468689
726.673828	-73.248222
725.479492	274.754425
724.286133	-267.529388
723.091797	322.977509
721.897461	-139.775528
720.703125	-163.002075
719.507813	317.838684
718.312500	-239.174362
717.117188	6.905729
715.921875	-69.282570
714.725586	27.856237
713.529297	241.765564
712.332031	325.830017
711.135742	-171.021103
709.938477	188.280182
708.740234	135.896591
707.542969	970.341431
706.344727	1511.994873
705.146484	1802.780273
703.948242	2431.034180
702.749023	3058.712402
701.549805	2954.064453
700.350586	2217.658447
699.150391	1356.271484
697.950195	1436.612183
696.750000	877.203430
695.549805	490.572998
694.348633	740.823364
693.147461	147.729050
691.946289	438.913452
690.744141	581.937439
689.541992	231.668365
688.339844	303.333557
687.136719	-84.773888
685.934570	607.702881
684.730469	661.640930
683.527344	119.061813
682.323242	211.931564
681.119141	717.645569
679.915039	386.270172
678.710938	208.345566
677.505859	501.210510
676.300781	511.566956
675.094727	374.416077
673.889648	767.881104
672.683594	238.505035
671.476563	511.179565
670.270508	379.533478
669.063477	13.707285
667.856445	366.512573
666.648438	172.441101
665.440430	319.898102
664.232422	-17.018497
663.024414	91.005974
661.815430	-380.193176
660.606445	-205.948486
659.397461	193.635254
658.188477	-128.235870
656.978516	-121.252495
655.768555	152.425949
654.557617	-121.151451
653.346680	367.657623
652.135742	34.899929
650.924805	98.972572
649.712891	-22.266359
648.501953	-297.661957
647.289063	67.005013
646.077148	-254.521255
644.864258	-218.558197
643.651367	-51.992970
642.438477	197.765335
641.224609	-17.246077
640.010742	-0.475831
638.796875	149.170105
637.582031	602.543762
636.367188	180.237106
635.152344	109.309174
633.937500	169.499084
632.721680	54.391167
631.505859	553.773865
630.289063	651.845154
629.073242	1016.921936
627.856445	882.576965
626.639648	805.963745
625.421875	1150.693848
624.204102	818.146790
622.986328	338.550812
621.768555	389.389679
620.549805	-102.581093
619.331055	50.837326
618.111328	47.542797
616.892578	-151.184875
