1721.000977	-101.969093
1720.027344	-32.167439
1719.052734	-176.877548
1718.078125	123.660049
1717.104492	91.935097
1716.128906	-81.995918
1715.154297	-28.767756
1714.178711	61.814838
1713.204102	33.418976
1712.228516	-8.773617
1711.251953	14.706692
1710.276367	206.324478
1709.299805	94.781685
1708.324219	31.096943
1707.347656	-158.808838
1706.370117	108.719490
1705.393555	101.606613
1704.416016	22.150536
1703.438477	-9.347044
1702.460938	193.795761
1701.483398	-135.559464
1700.505859	-18.023767
1699.527344	318.686279
1698.548828	49.159077
1697.570313	116.452866
1696.591797	78.525375
1695.612305	12.062935
1694.632813	116.254280
1693.653320	-53.117130
1692.673828	234.001892
1691.694336	38.424511
1690.713867	49.198532
1689.734375	-111.207581
1688.753906	39.221100
1687.772461	-119.172760
1686.791992	53.596558
1685.810547	-69.560234
1684.830078	314.121521
1683.848633	289.868713
1682.866211	270.511292
1681.884766	52.403107
1680.902344	-46.149796
1679.919922	-60.823662
1678.937500	-40.001213
1677.955078	29.026064
1676.971680	174.203827
1675.989258	197.180130
1675.005859	202.247559
1674.022461	354.668884
1673.038086	95.244911
1672.054688	138.252258
1671.070313	-55.067696
1670.085938	193.579453
1669.101563	-159.702667
1668.117188	25.353224
1667.131836	-68.895187
1666.146484	-48.910904
1665.161133	-11.168049
1664.175781	-41.916531
1663.189453	66.833694
1662.204102	-116.004044
1661.217773	51.080215
1660.231445	124.356606
1659.245117	-126.701889
1658.257813	-45.745312
1657.270508	113.749298
1656.284180	-38.230778
1655.295898	-124.292503
1654.308594	9.988438
1653.321289	167.059326
1652.333008	58.439728
1651.344727	71.368385
1650.356445	271.530640
1649.367188	-188.314148
1648.378906	153.558029
1647.389648	40.380779
1646.400391	147.195969
1645.411133	49.401741
1644.420898	14.872070
1643.431641	-42.264725
1642.441406	-114.452797
1641.451172	-7.279627
1640.459961	122.642136
1639.469727	55.792828
1638.478516	163.129807
1637.487305	341.144653
1636.496094	226.647003
1635.504883	293.826324
1634.512695	262.747406
1633.520508	32.676258
1632.528320	183.276550
1631.536133	160.081924
1630.543945	260.407196
1629.550781	242.414749
1628.557617	216.970108
1627.564453	214.281326
1626.571289	579.105225
1625.578125	483.427948
1624.583984	445.722504
1623.589844	649.560547
1622.595703	697.502197
1621.601563	680.144775
1620.606445	921.748413
1619.611328	1067.842041
1618.616211	1224.005249
1617.621094	1093.829102
1616.625977	1039.124390
1615.629883	1084.937622
1614.633789	786.896790
1613.637695	1113.982422
1612.641602	1064.615479
1611.645508	1080.564697
1610.648438	1096.561279
1609.651367	952.124207
1608.654297	1103.653931
1607.657227	1207.555542
1606.659180	1426.739380
1605.662109	1442.950439
1604.664063	1233.743408
1603.666016	1277.632935
1602.666992	1531.879761
1601.668945	1408.055908
1600.669922	1399.454590
1599.670898	1390.901855
1598.671875	1532.509766
1597.671875	1326.395874
1596.672852	1242.961792
1595.672852	1132.083252
1594.672852	993.789001
1593.671875	1140.491821
1592.671875	902.367371
1591.670898	901.693054
1590.669922	688.739868
1589.668945	628.231445
1588.667969	565.274292
1587.666016	577.238342
1586.664063	546.791077
1585.662109	364.173676
1584.660156	388.699799
1583.658203	455.629395
1582.655273	183.410812
1581.652344	265.324646
1580.649414	162.769623
1579.646484	294.511627
1578.642578	59.948380
1577.638672	216.564682
1576.634766	208.751526
1575.630859	337.886261
1574.626953	-85.672241
1573.622070	-48.629578
1572.618164	28.218870
1571.613281	219.457642
1570.607422	-96.806206
1569.602539	126.693527
1568.596680	285.437988
1567.590820	4.134924
1566.584961	50.983280
1565.579102	281.666443
1564.572266	221.582703
1563.566406	-32.201656
1562.559570	394.463623
1561.551758	130.764008
1560.544922	214.657593
1559.537109	-118.412354
1558.530273	-56.868477
1557.521484	113.748062
1556.513672	26.366379
1555.505859	268.766846
1554.497070	10.285476
1553.488281	14.602345
1552.479492	120.487282
1551.470703	33.066616
1550.460938	-91.507149
1549.451172	1.864239
1548.441406	95.168549
1547.431641	91.871124
1546.421875	-121.808754
1545.411133	-112.755585
1544.400391	89.218025
1543.389648	-139.262268
1542.378906	107.082550
1541.367188	148.091644
1540.355469	169.280807
1539.343750	-115.989822
1538.332031	-114.577797
1537.320313	62.180824
1536.307617	130.160446
1535.294922	77.098816
1534.282227	43.777149
1533.269531	383.109528
1532.256836	21.500343
1531.243164	-63.698452
1530.229492	55.826359
1529.215820	-9.675073
1528.202148	-16.009209
1527.187500	19.521681
1526.172852	-13.994575
1525.158203	216.108307
1524.143555	135.703674
1523.127930	97.159210
1522.113281	-27.564161
1521.097656	175.141678
1520.082031	-67.754288
1519.065430	-123.570877
1518.049805	-34.223846
1517.033203	-28.582674
1516.016602	-118.879372
1515.000000	312.078003
1513.982422	-139.664139
1512.965820	-173.427475
1511.948242	48.327625
1510.930664	12.023636
1509.913086	216.409241
1508.894531	89.172501
1507.875977	23.344423
1506.857422	-71.930763
1505.838867	164.107422
1504.820313	-63.683880
1503.800781	-38.753265
1502.781250	219.132538
1501.761719	-1.235646
1500.742188	361.913452
1499.721680	77.840218
1498.702148	58.528221
1497.681641	284.184967
1496.661133	281.945221
1495.639648	311.513763
1494.618164	137.850601
1493.597656	280.029053
1492.576172	96.636505
1491.553711	-123.400383
1490.532227	94.538818
1489.509766	-164.551270
1488.487305	-10.296485
1487.464844	163.446640
1486.442383	-63.735031
1485.418945	144.136749
1484.395508	132.035767
1483.372070	234.741257
1482.348633	0.391847
1481.324219	-199.687485
1480.300781	112.958633
1479.276367	-145.630127
1478.251953	-35.659710
1477.226563	149.882431
1476.202148	84.146889
1475.176758	130.601151
1474.151367	-52.125774
1473.125000	174.714020
1472.099609	94.422409
1471.073242	4.418152
1470.046875	-2.716700
1469.020508	36.436737
1467.994141	260.637177
1466.966797	414.146332
1465.939453	73.534439
1464.912109	141.882446
1463.884766	5.861194
1462.856445	407.439453
1461.829102	407.635437
1460.800781	286.274536
1459.772461	393.473694
1458.743164	544.381470
1457.714844	372.107574
1456.685547	369.960052
1455.656250	690.852600
1454.625977	399.720856
1453.596680	574.861938
1452.566406	798.482422
1451.536133	597.378601
1450.505859	355.141113
1449.474609	404.094482
1448.444336	295.439697
1447.413086	686.307373
1446.381836	214.079620
1445.350586	488.530579
1444.318359	493.930206
1443.286133	351.590057
1442.253906	189.965942
1441.221680	345.658112
1440.189453	84.915268
1439.156250	405.210602
1438.123047	241.421844
1437.089844	162.420715
1436.056641	163.311340
1435.022461	156.975204
1433.988281	24.951944
1432.954102	110.583916
1431.919922	-98.634209
1430.885742	13.647697
1429.850586	135.574951
1428.815430	269.567749
1427.780273	46.159790
1426.744141	73.959358
1425.708984	55.942646
1424.672852	-46.498394
1423.636719	258.895996
1422.600586	11.811707
1421.563477	-150.724792
1420.527344	31.660561
1419.490234	-7.776613
1418.452148	61.294231
1417.415039	-240.690659
1416.376953	-169.096542
1415.338867	15.714753
1414.300781	51.194633
1413.262695	-103.488693
1412.224609	-188.256882
1411.185547	-20.264795
1410.146484	-165.077774
1409.107422	34.206688
1408.067383	132.433823
1407.027344	-38.633762
1405.987305	148.611465
1404.947266	182.005554
1403.907227	-70.515877
1402.866211	39.875019
1401.826172	95.036514
1400.785156	303.901550
1399.743164	246.218323
1398.702148	210.223694
1397.660156	44.692657
1396.618164	176.799225
1395.576172	318.494537
1394.533203	321.065674
1393.491211	501.133667
1392.448242	403.079376
1391.405273	609.506165
1390.361328	974.037292
1389.318359	830.572510
1388.274414	1300.389648
1387.230469	1315.056519
1386.186523	1241.182373
1385.141602	1366.054688
1384.097656	1265.973145
1383.052734	1520.086792
1382.007813	1704.766235
1380.961914	1549.794922
1379.916992	1375.819946
1378.871094	1594.014160
1377.825195	1436.919556
1376.778320	1198.685181
1375.732422	1120.676270
1374.685547	1233.822021
1373.638672	936.222778
1372.591797	815.473877
1371.543945	1079.124878
1370.497070	791.433105
1369.449219	663.763672
1368.400391	727.022583
1367.352539	702.064392
1366.303711	643.770142
1365.255859	578.400452
1364.206055	679.923950
1363.157227	524.103516
1362.108398	699.543701
1361.058594	631.989746
1360.008789	564.507996
1358.958984	354.244476
1357.908203	398.800079
1356.857422	559.989075
1355.806641	621.217163
1354.755859	542.108887
1353.705078	508.261353
1352.653320	483.968994
1351.601563	640.397339
1350.549805	561.497070
1349.498047	518.312561
1348.445313	40.413731
1347.393555	346.588837
1346.340820	412.814178
1345.287109	403.063934
1344.234375	398.106598
1343.180664	293.504669
1342.126953	276.769012
1341.073242	283.793579
1340.019531	321.679382
1338.964844	264.728973
1337.910156	411.705109
1336.855469	158.103226
1335.799805	134.481934
1334.745117	132.230164
1333.689453	73.153137
1332.633789	-111.375282
1331.578125	-106.392822
1330.521484	222.889694
1329.464844	7.756178
1328.408203	138.180618
1327.351563	74.601883
1326.294922	91.484200
1325.237305	-52.406570
1324.179688	-156.024933
1323.122070	-141.402756
1322.064453	-36.974224
1321.005859	31.989517
1319.947266	-62.028648
1318.888672	23.480446
1317.830078	94.809174
1316.770508	-117.126015
1315.710938	88.743622
1314.651367	-127.779778
1313.591797	-42.261246
1312.531250	78.604431
1311.471680	-102.357407
1310.411133	53.862724
1309.349609	-63.364594
1308.289063	-83.911400
1307.227539	-26.701670
1306.166016	115.286293
1305.104492	-46.535946
1304.042969	118.963867
1302.980469	-21.586588
1301.917969	-185.597290
1300.855469	57.491776
1299.792969	84.084373
1298.729492	-100.980797
1297.666016	-10.871572
1296.602539	149.727951
1295.539063	-30.503063
1294.474609	-69.677002
1293.411133	163.677521
1292.346680	89.263939
1291.281250	134.636505
1290.216797	123.659126
1289.151367	63.398621
1288.085938	296.489838
1287.020508	278.455780
1285.955078	342.528412
1284.888672	197.863098
1283.822266	-26.450289
1282.755859	190.011688
1281.689453	-83.407608
1280.622070	222.005768
1279.554688	70.503876
1278.487305	413.225006
1277.419922	257.067200
1276.351563	40.109741
1275.283203	-22.285940
1274.214844	219.536057
1273.146484	222.632034
1272.077148	314.598877
1271.008789	51.097290
1269.939453	68.247208
1268.869141	31.622541
1267.799805	217.018768
1266.729492	89.257042
1265.659180	38.630466
1264.588867	291.615326
1263.517578	602.851624
1262.447266	159.976593
1261.375977	163.038040
1260.304688	224.426758
1259.232422	288.112854
1258.161133	181.516815
1257.088867	373.420837
1256.016602	98.989243
1254.943359	216.231155
1253.871094	230.891388
1252.797852	336.392792
1251.724609	649.143799
1250.650391	775.448547
1249.577148	682.850708
1248.502930	518.124756
1247.428711	283.651764
1246.354492	551.830078
1245.279297	659.376099
1244.204102	11.039972
1243.128906	272.102966
1242.053711	356.375580
1240.977539	482.431488
1239.902344	401.634766
1238.826172	399.843933
1237.750000	569.918701
1236.672852	361.409454
1235.595703	552.293091
1234.518555	216.210281
1233.441406	274.758636
1232.364258	228.875687
1231.286133	301.293396
1230.208008	403.820862
1229.129883	302.268585
1228.051758	149.759705
1226.972656	333.338715
1225.893555	65.023682
1224.814453	-59.558380
1223.734375	172.555038
1222.655273	64.198860
1221.575195	219.778534
1220.495117	48.952785
1219.415039	255.362320
1218.333984	-51.903366
1217.252930	-5.169901
1216.171875	78.537422
1215.090820	-36.619175
1214.008789	-193.339233
1212.926758	5.871928
1211.844727	82.543755
1210.762695	62.164646
1209.679688	-159.127029
1208.597656	-338.761902
1207.513672	7.958076
1206.430664	-17.026171
1205.347656	151.806549
1204.263672	-57.755001
1203.179688	120.223389
1202.095703	-126.138992
1201.010742	1.046248
1199.925781	-72.337463
1198.840820	84.727623
1197.755859	-140.693878
1196.670898	-34.359615
1195.584961	279.161804
1194.499023	-33.650486
1193.413086	219.883362
1192.326172	112.013107
1191.239258	-23.416899
1190.152344	-98.986549
1189.065430	179.618790
1187.978516	-89.090950
1186.890625	51.464088
1185.802734	136.800125
1184.714844	84.241539
1183.625977	247.626022
1182.538086	25.118595
1181.449219	110.376854
1180.360352	372.354492
1179.270508	409.295410
1178.180664	349.848663
1177.090820	393.660828
1176.000977	192.044647
1174.911133	318.422089
1173.820313	389.716827
1172.729492	410.556305
1171.638672	468.052002
1170.547852	213.950195
1169.456055	131.740891
1168.364258	152.617935
1167.272461	214.698669
1166.179688	320.236786
1165.087891	666.022156
1163.995117	295.526855
1162.902344	590.837280
1161.808594	792.252136
1160.715820	819.816956
1159.622070	682.781311
1158.528320	808.627930
1157.433594	502.573517
1156.339844	623.841309
1155.245117	528.085144
1154.149414	692.672241
1153.054688	416.603241
1151.958984	254.772202
1150.863281	223.079788
1149.767578	572.385376
1148.671875	492.745728
1147.575195	246.676178
1146.478516	531.911377
1145.381836	377.119263
1144.285156	208.727554
1143.187500	126.982178
1142.089844	104.498512
1140.992188	107.077293
1139.894531	-74.758080
1138.795898	-208.714859
1137.697266	-30.833973
1136.598633	228.878662
1135.499023	-41.536190
1134.400391	-132.160370
1133.300781	-52.220810
1132.201172	41.325459
1131.100586	-221.984695
1130.000977	71.512878
1128.900391	-348.426331
1127.799805	44.896816
1126.698242	-52.420261
1125.596680	224.882095
1124.495117	-49.459972
1123.393555	132.414627
1122.291992	148.601395
1121.189453	353.027740
1120.086914	353.277496
1118.984375	673.190247
1117.881836	671.101624
1116.778320	682.605103
1115.674805	626.135925
1114.571289	587.809021
1113.466797	524.583069
1112.363281	814.582764
1111.258789	502.340942
1110.153320	636.046631
1109.048828	461.994507
1107.943359	548.143066
1106.837891	586.755615
1105.732422	491.949005
1104.625977	-9.714798
1103.520508	501.322449
1102.414063	431.431366
1101.306641	307.345856
1100.200195	244.293991
1099.092773	276.091675
1097.985352	170.164185
1096.877930	391.532532
1095.769531	256.268402
1094.661133	245.135010
1093.552734	270.082916
1092.444336	310.793274
1091.335938	265.808472
1090.226563	63.053612
1089.117188	211.907104
1088.006836	79.065521
1086.897461	36.372154
1085.787109	126.537163
1084.676758	124.343185
1083.566406	106.377472
1082.455078	362.941986
1081.343750	401.141632
1080.232422	479.792145
1079.121094	364.992462
1078.008789	405.353027
1076.896484	355.765839
1075.784180	512.931396
1074.671875	654.278687
1073.558594	528.224670
1072.445313	415.682922
1071.332031	220.092072
1070.217773	112.105453
1069.104492	376.699371
1067.990234	19.618563
1066.875977	207.786392
1065.760742	102.035683
1064.645508	94.963623
1063.530273	170.809631
1062.415039	-60.454426
1061.299805	149.776093
1060.183594	50.726505
1059.067383	-52.789169
1057.951172	72.107155
1056.833984	15.572325
1055.716797	167.180206
1054.599609	217.990494
1053.482422	-151.849213
1052.364258	19.710390
1051.247070	-90.595932
1050.128906	45.026558
1049.009766	-85.444565
1047.891602	105.901405
1046.772461	183.169571
1045.653320	-43.411701
1044.533203	178.915665
1043.414063	-215.095566
1042.293945	31.635994
1041.173828	61.743156
1040.052734	-8.615766
1038.932617	34.777119
1037.811523	-71.319328
1036.689453	70.056816
1035.568359	-20.497417
1034.446289	129.618408
1033.324219	-67.964577
1032.202148	-20.479633
1031.079102	169.453934
1029.957031	98.748032
1028.833984	-283.634003
1027.709961	66.295158
1026.586914	15.510218
1025.462891	-66.459328
1024.338867	-83.954620
1023.214844	-112.619011
1022.089844	98.746246
1020.964844	-30.088505
1019.839844	-152.260712
1018.714844	96.549187
1017.588867	171.936279
1016.462891	-25.891336
1015.336914	69.341019
1014.210938	120.074074
1013.083984	2.068763
1011.957031	114.769760
1010.830078	234.004562
1009.702148	53.754662
1008.574219	172.802841
1007.446289	626.410217
1006.318359	1582.752075
1005.190430	1931.562134
1004.061523	2045.353027
1002.932617	1727.210449
1001.802734	1030.551514
1000.673828	283.238129
999.543945	410.276306
998.414063	262.845947
997.283203	-12.888235
996.153320	257.643463
995.022461	366.575531
993.891602	552.744446
992.759766	723.271790
991.628906	714.696594
990.497070	884.955750
989.364258	1196.384644
988.232422	1152.138062
987.099609	1363.877075
985.966797	1685.780640
984.833984	1488.971680
983.700195	1905.381958
982.566406	1865.022705
981.432617	1723.181030
980.298828	1519.604858
979.164063	1128.708374
978.029297	991.292053
976.894531	752.529968
975.759766	619.506104
974.624023	468.841553
973.488281	643.954407
972.352539	711.071472
971.215820	685.655457
970.080078	449.006165
968.943359	179.388672
967.805664	151.666412
966.668945	444.836884
965.531250	322.409027
964.393555	457.036224
963.254883	79.675163
962.117188	394.236053
960.978516	249.655304
959.839844	41.406914
958.700195	421.351807
957.561523	379.769958
956.421875	471.937286
955.281250	680.219543
954.141602	640.567200
953.000977	690.732361
951.860352	767.101929
950.719727	700.940430
949.578125	590.915283
948.436523	642.942810
947.294922	554.742859
946.153320	289.191376
945.010742	218.477219
943.868164	241.823807
942.725586	236.654160
941.583008	283.918671
940.439453	-5.656703
939.295898	107.093170
938.152344	40.509457
937.007813	347.546600
935.863281	-70.915169
934.718750	268.658813
933.574219	9.705531
932.428711	329.339630
931.283203	-189.353287
930.137695	197.726074
928.992188	248.608612
927.845703	199.080856
926.699219	-179.741974
925.552734	126.124321
924.405273	41.645950
923.257813	-10.145608
922.110352	-5.305126
920.962891	-4.858047
919.814453	52.161922
918.666016	61.227917
917.517578	281.390778
916.369141	18.332235
915.219727	7.727664
914.070313	10.153927
912.920898	-20.058691
911.770508	-115.510139
910.621094	119.461159
909.470703	97.873886
908.319336	-112.738434
907.168945	-30.022675
906.017578	330.596558
904.866211	-90.537918
903.713867	302.466370
902.562500	-29.496330
901.410156	61.749126
900.256836	-14.072057
899.104492	-154.895691
897.951172	-24.649988
896.797852	-111.204849
895.644531	58.006794
894.490234	58.155090
893.335938	-225.424774
892.181641	-51.921516
891.027344	-21.365643
889.872070	-73.059448
888.716797	104.689659
887.561523	-14.010090
886.405273	-13.663953
885.249023	12.672567
884.092773	54.174152
882.936523	-66.410278
881.779297	22.715036
880.622070	42.717136
879.464844	0.122312
878.307617	-63.988453
877.149414	3.678914
875.991211	218.154556
874.833008	80.845642
873.673828	-140.486740
872.514648	63.286983
871.355469	-47.806870
870.196289	9.394736
869.036133	157.172699
867.875977	292.035217
866.715820	-40.602734
865.554688	-222.225662
864.394531	61.491745
863.233398	50.204628
862.071289	51.923897
860.910156	126.923500
859.748047	343.980194
858.585938	262.056488
857.422852	229.732864
856.259766	365.235321
855.096680	195.564575
853.933594	348.438171
852.770508	552.927124
851.606445	173.184555
850.442383	53.592075
849.277344	129.549088
848.113281	373.037933
846.948242	277.474060
845.783203	4.019722
844.617188	176.977005
843.451172	172.005844
842.285156	-152.268417
841.119141	115.351837
839.952148	104.403374
838.785156	224.301315
837.618164	205.071198
836.451172	106.773666
835.283203	45.066948
834.115234	-119.191261
832.947266	76.303642
831.778320	284.700378
830.609375	58.959507
829.440430	126.459686
828.271484	-11.143190
827.101563	80.188553
825.931641	212.254486
824.761719	162.835297
823.590820	-35.908077
822.420898	194.852905
821.250000	210.050171
820.078125	325.732117
818.907227	356.188934
817.735352	378.275146
816.562500	426.124817
815.390625	367.519104
814.217773	388.002625
813.044922	-2.707776
811.872070	393.273041
810.698242	194.854828
809.524414	9.495805
808.350586	92.721443
807.176758	-21.896030
806.001953	-63.907619
804.827148	-41.873718
803.651367	233.500458
802.476563	-88.739014
801.300781	-66.156548
800.125000	-94.423019
798.948242	-48.102863
797.772461	138.633438
796.595703	248.980026
795.417969	64.225250
794.241211	-92.654266
793.063477	122.237366
791.885742	99.489021
790.707031	87.538445
789.529297	300.647614
788.350586	380.207306
787.170898	457.778290
785.992188	416.765900
784.812500	473.436279
783.632813	220.872452
782.452148	85.105972
781.272461	188.897873
780.091797	180.571548
778.911133	89.839790
777.729492	149.573944
776.547852	378.706970
775.366211	248.243256
774.184570	-184.461441
773.001953	49.241535
771.819336	111.737228
770.636719	-9.542791
769.453125	-204.592529
768.269531	37.859009
767.085938	-2.692532
765.902344	102.582321
764.717773	-7.406261
763.533203	-129.899918
762.348633	-34.905472
761.163086	-15.801959
759.977539	-220.173431
758.791992	-156.581772
757.606445	-109.805763
756.419922	-37.683617
755.233398	-110.913422
754.046875	58.206188
752.859375	27.229406
751.672852	320.573425
750.485352	178.078842
749.296875	311.390076
748.108398	49.110928
746.919922	49.926529
745.731445	168.533722
744.542969	316.535522
743.353516	94.514938
742.164063	234.069427
740.973633	186.559204
739.783203	97.048401
738.592773	43.264725
737.402344	445.090210
736.211914	145.600174
735.020508	89.650711
733.829102	117.606636
732.636719	181.157928
731.444336	208.970230
730.251953	425.400116
729.059570	0.245647
727.866211	373.641937
726.673828	371.749969
725.479492	3.210964
724.286133	-124.428078
723.091797	235.705307
721.897461	-283.560242
720.703125	-45.162491
719.507813	-30.860910
718.312500	125.539017
717.117188	49.609642
715.921875	55.110966
714.725586	22.838400
713.529297	32.223881
712.332031	313.039520
711.135742	-28.865753
709.938477	389.321320
708.740234	253.900726
707.542969	514.933899
706.344727	846.612976
705.146484	1069.466309
703.948242	1285.772217
702.749023	1674.854614
701.549805	1454.825562
700.350586	1140.915283
699.150391	1068.667480
697.950195	625.443726
696.750000	475.895813
695.549805	305.398560
694.348633	370.020233
693.147461	388.623230
691.946289	-21.613213
690.744141	379.450684
689.541992	553.437439
688.339844	332.090698
687.136719	345.561493
685.934570	342.224487
684.730469	241.051315
683.527344	287.248199
682.323242	229.418427
681.119141	422.694733
679.915039	474.578156
678.710938	327.072693
677.505859	154.608551
676.300781	544.258301
675.094727	390.272461
673.889648	491.298767
672.683594	227.378418
671.476563	377.996185
670.270508	87.198196
669.063477	32.653999
667.856445	112.743614
666.648438	319.104828
665.440430	61.755241
664.232422	187.437729
663.024414	195.224777
661.815430	-158.847031
660.606445	-10.094057
659.397461	242.141083
658.188477	68.679588
656.978516	257.172852
655.768555	375.617584
654.557617	-71.613731
653.346680	80.570923
652.135742	131.927979
650.924805	10.331181
649.712891	-156.112823
648.501953	-80.561447
647.289063	-119.956085
646.077148	117.624474
644.864258	-268.851349
643.651367	95.836685
642.438477	-12.755217
641.224609	165.938171
640.010742	73.635513
638.796875	169.770264
637.582031	355.475281
636.367188	468.169037
635.152344	67.651329
633.937500	374.240723
632.721680	381.836609
631.505859	372.425049
630.289063	572.239075
629.073242	531.125183
627.856445	615.106384
626.639648	548.930054
625.421875	628.552979
624.204102	494.660950
622.986328	268.628540
621.768555	75.826492
620.549805	369.807526
619.331055	251.890457
618.111328	405.430328
616.892578	-63.597332
