1721.000977	358.021240
1720.027344	450.468475
1719.052734	-89.534889
1718.078125	464.963745
1717.104492	574.209595
1716.128906	315.397949
1715.154297	173.525269
1714.178711	-2.742780
1713.204102	-315.802185
1712.228516	-63.424263
1711.251953	400.510254
1710.276367	146.149948
1709.299805	-234.489594
1708.324219	-106.220146
1707.347656	356.534210
1706.370117	221.984192
1705.393555	383.654602
1704.416016	-233.175888
1703.438477	-49.775928
1702.460938	40.894436
1701.483398	-35.211975
1700.505859	128.477554
1699.527344	25.778114
1698.548828	-291.968567
1697.570313	452.713196
1696.591797	361.501160
1695.612305	259.700745
1694.632813	149.936371
1693.653320	295.156281
1692.673828	-210.731430
1691.694336	232.457809
1690.713867	-123.254066
1689.734375	191.748154
1688.753906	-154.032654
1687.772461	310.783264
1686.791992	-106.584900
1685.810547	97.807655
1684.830078	-278.840485
1683.848633	70.468140
1682.866211	113.894730
1681.884766	19.788530
1680.902344	9.624869
1679.919922	228.479630
1678.937500	177.495865
1677.955078	-41.387207
1676.971680	47.536049
1675.989258	-242.420227
1675.005859	138.918564
1674.022461	212.562042
1673.038086	-298.333191
1672.054688	-188.959595
1671.070313	-8.480262
1670.085938	-198.813736
1669.101563	-145.217300
1668.117188	-162.640137
1667.131836	-2.330468
1666.146484	38.747906
1665.161133	211.847549
1664.175781	-81.744240
1663.189453	236.059021
1662.204102	209.069687
1661.217773	4.724006
1660.231445	-407.226318
1659.245117	-210.714737
1658.257813	-47.116787
1657.270508	-22.748720
1656.284180	-114.689484
1655.295898	239.086975
1654.308594	137.274597
1653.321289	-308.526917
1652.333008	-172.057205
1651.344727	-93.670547
1650.356445	37.962498
1649.367188	200.008240
1648.378906	180.168335
1647.389648	-221.210297
1646.400391	100.496460
1645.411133	-123.504257
1644.420898	97.301308
1643.431641	40.412678
1642.441406	274.048645
1641.451172	214.917389
1640.459961	317.470123
1639.469727	-23.940371
1638.478516	-16.922575
1637.487305	184.476334
1636.496094	380.911163
1635.504883	176.532654
1634.512695	-70.492928
1633.520508	393.454010
1632.528320	303.019928
1631.536133	439.507477
1630.543945	747.355896
1629.550781	576.739563
1628.557617	580.054016
1627.564453	1157.417969
1626.571289	768.309326
1625.578125	1094.065430
1624.583984	1382.052368
1623.589844	1320.465332
1622.595703	1774.504883
1621.601563	1730.722656
1620.606445	2187.219727
1619.611328	1703.819214
1618.616211	1693.073120
1617.621094	1544.294678
1616.625977	1993.391235
1615.629883	1546.018677
1614.633789	1759.144287
1613.637695	1776.526611
1612.641602	1445.221069
1611.645508	1776.455322
1610.648438	1784.057617
1609.651367	2180.436035
1608.654297	1859.696411
1607.657227	1569.261963
1606.659180	1842.867676
1605.662109	2154.057373
1604.664063	2214.660400
1603.666016	2192.666016
1602.666992	2508.754883
1601.668945	2436.782959
1600.669922	2129.595703
1599.670898	2182.947754
1598.671875	1988.656494
1597.671875	1889.520630
1596.672852	1477.906982
1595.672852	1591.560425
1594.672852	1485.231567
1593.671875	1144.027832
1592.671875	1167.866577
1591.670898	1406.555908
1590.669922	920.846191
1589.668945	1077.156738
1588.667969	1153.543579
1587.666016	965.306519
1586.664063	442.766174
1585.662109	639.064697
1584.660156	239.098267
1583.658203	255.837341
1582.655273	195.253937
1581.652344	117.266388
1580.649414	253.685120
1579.646484	220.605789
1578.642578	232.371902
1577.638672	-12.422399
1576.634766	143.849991
1575.630859	352.355255
1574.626953	-193.494217
1573.622070	-37.292049
1572.618164	225.878494
1571.613281	31.152313
1570.607422	473.223297
1569.602539	109.430153
1568.596680	-82.697449
1567.590820	262.169403
1566.584961	149.611542
1565.579102	-340.575348
1564.572266	-199.620880
1563.566406	-66.151054
1562.559570	-178.608292
1561.551758	-159.481750
1560.544922	23.473795
1559.537109	211.273178
1558.530273	-370.103882
1557.521484	-430.409973
1556.513672	-140.991470
1555.505859	-25.272745
1554.497070	75.478134
1553.488281	-138.588898
1552.479492	-92.400032
1551.470703	-93.318871
1550.460938	-126.480446
1549.451172	-189.363510
1548.441406	-78.929184
1547.431641	261.646637
1546.421875	-266.585358
1545.411133	-30.099703
1544.400391	-461.636688
1543.389648	-205.457886
1542.378906	176.706329
1541.367188	-163.212158
1540.355469	-176.750259
1539.343750	-205.118637
1538.332031	-107.492729
1537.320313	227.205963
1536.307617	72.741562
1535.294922	222.022720
1534.282227	-312.559448
1533.269531	-2.863755
1532.256836	319.024445
1531.243164	172.006256
1530.229492	-31.689215
1529.215820	80.333290
1528.202148	-322.976257
1527.187500	-75.423630
1526.172852	-44.849876
1525.158203	-26.613520
1524.143555	31.020704
1523.127930	19.633940
1522.113281	316.070618
1521.097656	-20.335966
1520.082031	-199.082962
1519.065430	131.590622
1518.049805	105.419853
1517.033203	175.160141
1516.016602	-84.662178
1515.000000	-246.022537
1513.982422	610.332458
1512.965820	-57.369938
1511.948242	297.344696
1510.930664	116.377724
1509.913086	119.703041
1508.894531	-73.441322
1507.875977	172.963135
1506.857422	-108.449471
1505.838867	-114.877022
1504.820313	379.224762
1503.800781	-282.249573
1502.781250	223.948853
1501.761719	-71.834854
1500.742188	206.158539
1499.721680	385.991699
1498.702148	212.949738
1497.681641	-50.671432
1496.661133	364.314423
1495.639648	411.798279
1494.618164	141.009308
1493.597656	430.945984
1492.576172	199.490570
1491.553711	413.445465
1490.532227	-128.514252
1489.509766	330.068237
1488.487305	-79.558693
1487.464844	-53.815460
1486.442383	206.600159
1485.418945	246.989838
1484.395508	153.031464
1483.372070	59.160034
1482.348633	255.986359
1481.324219	333.109253
1480.300781	92.944771
1479.276367	-71.443649
1478.251953	-108.823860
1477.226563	314.903137
1476.202148	138.543564
1475.176758	-164.518417
1474.151367	363.960785
1473.125000	-65.681290
1472.099609	357.888245
1471.073242	-49.516140
1470.046875	481.145630
1469.020508	324.867004
1467.994141	-9.026458
1466.966797	-77.392174
1465.939453	263.227570
1464.912109	389.638672
1463.884766	107.357956
1462.856445	727.622131
1461.829102	323.949707
1460.800781	153.895004
1459.772461	657.309570
1458.743164	985.578735
1457.714844	1073.279053
1456.685547	1075.973022
1455.656250	1083.601685
1454.625977	1110.707031
1453.596680	1181.614624
1452.566406	1121.481567
1451.536133	704.744385
1450.505859	965.158020
1449.474609	776.784241
1448.444336	712.291321
1447.413086	487.864502
1446.381836	377.553131
1445.350586	829.639282
1444.318359	780.036743
1443.286133	1047.892090
1442.253906	1257.604370
1441.221680	205.737030
1440.189453	287.419525
1439.156250	274.741821
1438.123047	426.717072
1437.089844	194.045059
1436.056641	116.378761
1435.022461	203.265472
1433.988281	232.186508
1432.954102	345.806458
1431.919922	154.957825
1430.885742	411.308990
1429.850586	203.798355
1428.815430	-213.655960
1427.780273	71.872185
1426.744141	84.544075
1425.708984	-221.274246
1424.672852	-259.014435
1423.636719	-173.583252
1422.600586	213.441406
1421.563477	-94.185036
1420.527344	-117.031372
1419.490234	-188.000916
1418.452148	-75.686958
1417.415039	-254.854401
1416.376953	-214.632507
1415.338867	162.879410
1414.300781	-288.041290
1413.262695	10.089719
1412.224609	89.159119
1411.185547	50.356819
1410.146484	-41.257050
1409.107422	-111.069336
1408.067383	95.801537
1407.027344	-372.967529
1405.987305	-67.353302
1404.947266	65.186928
1403.907227	188.168549
1402.866211	176.641525
1401.826172	523.137939
1400.785156	396.488556
1399.743164	-15.728504
1398.702148	314.076660
1397.660156	396.633881
1396.618164	136.153824
1395.576172	636.319641
1394.533203	776.603821
1393.491211	1010.466248
1392.448242	1059.723633
1391.405273	1343.941284
1390.361328	1860.553345
1389.318359	2223.740967
1388.274414	2661.103271
1387.230469	2811.013428
1386.186523	3164.463379
1385.141602	3402.945557
1384.097656	3500.246094
1383.052734	3592.796387
1382.007813	4161.438477
1380.961914	3964.591064
1379.916992	3167.773682
1378.871094	3502.129395
1377.825195	3485.093506
1376.778320	3288.916992
1375.732422	2928.091064
1374.685547	2584.213135
1373.638672	2340.873779
1372.591797	2384.232178
1371.543945	2083.907471
1370.497070	2273.057373
1369.449219	1765.483276
1368.400391	1282.047852
1367.352539	2017.642822
1366.303711	1718.136353
1365.255859	1836.052612
1364.206055	1579.763428
1363.157227	1862.226929
1362.108398	1639.578247
1361.058594	1693.386108
1360.008789	1721.056274
1358.958984	1591.654175
1357.908203	1755.151367
1356.857422	1240.402222
1355.806641	1727.640259
1354.755859	1505.864380
1353.705078	1583.916992
1352.653320	1331.481201
1351.601563	1559.430542
1350.549805	1575.826416
1349.498047	1259.605225
1348.445313	1155.012451
1347.393555	1102.803711
1346.340820	1478.111938
1345.287109	929.744812
1344.234375	1103.293335
1343.180664	1110.691650
1342.126953	491.765839
1341.073242	551.604614
1340.019531	829.663879
1338.964844	567.029663
1337.910156	788.168335
1336.855469	378.820984
1335.799805	386.737885
1334.745117	520.282166
1333.689453	376.682220
1332.633789	484.208862
1331.578125	156.110901
1330.521484	273.189728
1329.464844	503.856598
1328.408203	275.469696
1327.351563	626.770081
1326.294922	240.092560
1325.237305	208.277786
1324.179688	-319.911652
1323.122070	62.097324
1322.064453	94.264511
1321.005859	-57.826984
1319.947266	-53.930401
1318.888672	-21.660141
1317.830078	-86.161850
1316.770508	-65.645187
1315.710938	-434.480743
1314.651367	-404.396149
1313.591797	-93.587852
1312.531250	-398.425446
1311.471680	-160.786133
1310.411133	486.935699
1309.349609	0.766453
1308.289063	75.649033
1307.227539	-322.998169
1306.166016	93.465668
1305.104492	-111.878418
1304.042969	-36.957203
1302.980469	42.645229
1301.917969	13.987610
1300.855469	-87.571655
1299.792969	116.712563
1298.729492	-344.610809
1297.666016	-152.092545
1296.602539	226.059464
1295.539063	-105.683090
1294.474609	737.533569
1293.411133	264.909454
1292.346680	-216.909500
1291.281250	-8.181918
1290.216797	-454.496918
1289.151367	-18.122458
1288.085938	312.476563
1287.020508	-98.407715
1285.955078	370.466156
1284.888672	316.190460
1283.822266	273.663574
1282.755859	17.857399
1281.689453	486.306396
1280.622070	617.149841
1279.554688	558.204102
1278.487305	431.362976
1277.419922	491.899261
1276.351563	189.550034
1275.283203	86.268349
1274.214844	275.522308
1273.146484	338.366028
1272.077148	382.450745
1271.008789	648.679199
1269.939453	615.526428
1268.869141	304.222351
1267.799805	472.122894
1266.729492	39.488300
1265.659180	613.787292
1264.588867	475.554504
1263.517578	664.230469
1262.447266	642.753113
1261.375977	446.226563
1260.304688	490.107910
1259.232422	515.282959
1258.161133	883.299133
1257.088867	428.022278
1256.016602	159.436935
1254.943359	571.518860
1253.871094	517.381775
1252.797852	861.622253
1251.724609	1177.755981
1250.650391	1156.063599
1249.577148	1308.998657
1248.502930	970.704590
1247.428711	660.474609
1246.354492	1136.773315
1245.279297	1110.392944
1244.204102	1102.619019
1243.128906	464.728455
1242.053711	952.217346
1240.977539	712.022522
1239.902344	437.082153
1238.826172	633.817200
1237.750000	770.067688
1236.672852	811.028442
1235.595703	197.281799
1234.518555	929.991699
1233.441406	369.833832
1232.364258	188.069824
1231.286133	296.300812
1230.208008	434.613007
1229.129883	401.287689
1228.051758	328.555206
1226.972656	279.001129
1225.893555	-2.241397
1224.814453	-74.891106
1223.734375	183.641449
1222.655273	-7.131244
1221.575195	188.743195
1220.495117	368.315948
1219.415039	-220.416870
1218.333984	-94.080612
1217.252930	497.075165
1216.171875	368.808319
1215.090820	51.013466
1214.008789	82.346474
1212.926758	51.257057
1211.844727	-95.348480
1210.762695	134.600266
1209.679688	-37.400932
1208.597656	-128.515259
1207.513672	-660.517212
1206.430664	236.238922
1205.347656	-182.563461
1204.263672	-130.623917
1203.179688	225.702576
1202.095703	219.857559
1201.010742	267.008667
1199.925781	-128.378723
1198.840820	-5.156081
1197.755859	551.098572
1196.670898	139.748657
1195.584961	488.446198
1194.499023	-143.753616
1193.413086	69.028236
1192.326172	-302.806183
1191.239258	-67.111862
1190.152344	166.165985
1189.065430	401.625122
1187.978516	80.585945
1186.890625	200.993469
1185.802734	-338.218231
1184.714844	124.552498
1183.625977	217.258453
1182.538086	257.111420
1181.449219	-192.147125
1180.360352	-140.782349
1179.270508	408.560913
1178.180664	739.668213
1177.090820	54.359871
1176.000977	967.932861
1174.911133	1060.191895
1173.820313	253.718552
1172.729492	870.927368
1171.638672	642.291016
1170.547852	642.844543
1169.456055	890.743896
1168.364258	476.719879
1167.272461	339.893463
1166.179688	850.877625
1165.087891	938.278381
1163.995117	1325.333374
1162.902344	1497.183350
1161.808594	1648.351318
1160.715820	1751.443359
1159.622070	1692.165771
1158.528320	2437.358398
1157.433594	1527.935059
1156.339844	1306.521118
1155.245117	934.443848
1154.149414	1087.671875
1153.054688	382.490723
1151.958984	218.505051
1150.863281	259.945374
1149.767578	23.037996
1148.671875	267.470154
1147.575195	-14.985305
1146.478516	254.382538
1145.381836	154.374176
1144.285156	156.938461
1143.187500	170.863785
1142.089844	57.212593
1140.992188	59.734497
1139.894531	-447.746674
1138.795898	-606.770813
1137.697266	-417.556702
1136.598633	-155.632202
1135.499023	-7.599695
1134.400391	-48.388664
1133.300781	-50.543320
1132.201172	70.033813
1131.100586	33.708977
1130.000977	-663.810608
1128.900391	145.063507
1127.799805	-270.602478
1126.698242	83.631760
1125.596680	-109.417610
1124.495117	455.647156
1123.393555	233.051926
1122.291992	500.553802
1121.189453	502.522644
1120.086914	1032.817505
1118.984375	1172.906494
1117.881836	1480.632324
1116.778320	1788.173462
1115.674805	1606.182007
1114.571289	2090.172607
1113.466797	1785.831177
1112.363281	1753.294922
1111.258789	1421.936646
1110.153320	1891.790405
1109.048828	1261.829346
1107.943359	1575.355713
1106.837891	1029.330078
1105.732422	1254.513306
1104.625977	907.633850
1103.520508	490.825073
1102.414063	564.451538
1101.306641	970.054993
1100.200195	252.991470
1099.092773	581.625305
1097.985352	955.210083
1096.877930	689.865662
1095.769531	451.652466
1094.661133	-73.004059
1093.552734	291.156555
1092.444336	50.781483
1091.335938	279.381195
1090.226563	286.922058
1089.117188	35.263145
1088.006836	-65.414444
1086.897461	97.437225
1085.787109	273.650269
1084.676758	605.064331
1083.566406	753.947693
1082.455078	562.879395
1081.343750	659.808716
1080.232422	315.757599
1079.121094	1010.748108
1078.008789	538.460693
1076.896484	848.551697
1075.784180	468.507996
1074.671875	686.203003
1073.558594	90.551414
1072.445313	458.529968
1071.332031	765.641113
1070.217773	466.424225
1069.104492	544.315369
1067.990234	332.621399
1066.875977	690.721680
1065.760742	-25.723587
1064.645508	-67.018463
1063.530273	66.468277
1062.415039	645.805359
1061.299805	350.905273
1060.183594	-232.962753
1059.067383	-194.028305
1057.951172	-5.187496
1056.833984	31.219269
1055.716797	-180.935806
1054.599609	396.806641
1053.482422	-133.226898
1052.364258	-92.791183
1051.247070	262.829407
1050.128906	-43.595821
1049.009766	29.962517
1047.891602	-198.287231
1046.772461	96.220589
1045.653320	260.925354
1044.533203	39.083359
1043.414063	11.477951
1042.293945	102.041252
1041.173828	2.755977
1040.052734	-67.629692
1038.932617	-118.015251
1037.811523	136.991623
1036.689453	17.162582
1035.568359	6.501087
1034.446289	-220.483902
1033.324219	-155.625305
1032.202148	-204.541763
1031.079102	479.104004
1029.957031	-48.917732
1028.833984	-98.270920
1027.709961	-466.015869
1026.586914	-152.858154
1025.462891	-42.446705
1024.338867	-116.824348
1023.214844	-264.695526
1022.089844	-65.883835
1020.964844	-216.244217
1019.839844	75.479897
1018.714844	-70.712677
1017.588867	60.600140
1016.462891	116.204628
1015.336914	249.318420
1014.210938	-43.922859
1013.083984	186.457184
1011.957031	123.733727
1010.830078	158.464371
1009.702148	261.730682
1008.574219	679.589539
1007.446289	1478.313599
1006.318359	3160.659668
1005.190430	4735.732422
1004.061523	5306.531250
1002.932617	4286.957031
1001.802734	2494.997314
1000.673828	1250.414063
999.543945	6.201348
998.414063	-157.968872
997.283203	-61.266090
996.153320	-88.591354
995.022461	365.861420
993.891602	-137.157166
992.759766	276.944763
991.628906	343.833862
990.497070	448.037994
989.364258	50.701057
988.232422	503.408661
987.099609	-194.319824
985.966797	147.509674
984.833984	149.233093
983.700195	505.883057
982.566406	403.485474
981.432617	369.306152
980.298828	116.735962
979.164063	238.721222
978.029297	397.929291
976.894531	349.821472
975.759766	-26.586092
974.624023	74.765900
973.488281	481.869781
972.352539	307.601196
971.215820	31.999750
970.080078	480.101654
968.943359	872.809570
967.805664	390.030212
966.668945	208.488373
965.531250	844.390747
964.393555	754.739075
963.254883	438.666199
962.117188	698.007568
960.978516	952.644897
959.839844	581.358093
958.700195	888.213318
957.561523	685.734802
956.421875	954.807495
955.281250	1405.600708
954.141602	1121.498779
953.000977	1142.054321
951.860352	1519.692993
950.719727	1493.822876
949.578125	1445.877197
948.436523	1474.454102
947.294922	346.723724
946.153320	449.676544
945.010742	598.374390
943.868164	250.142792
942.725586	374.472473
941.583008	198.963593
940.439453	589.713013
939.295898	120.992302
938.152344	148.499466
937.007813	488.315704
935.863281	220.517715
934.718750	614.514709
933.574219	457.934784
932.428711	410.441040
931.283203	-154.428223
930.137695	-337.275208
928.992188	-3.100500
927.845703	60.329372
926.699219	-316.852966
925.552734	574.867737
924.405273	-153.400009
923.257813	-356.253632
922.110352	48.732456
920.962891	368.503510
919.814453	174.105545
918.666016	430.383087
917.517578	527.578369
916.369141	121.988487
915.219727	-2.856047
914.070313	239.885757
912.920898	-167.734955
911.770508	-55.644550
910.621094	-93.594505
909.470703	146.554321
908.319336	243.134537
907.168945	-387.968384
906.017578	266.720764
904.866211	152.531891
903.713867	-562.894592
902.562500	193.323090
901.410156	24.926037
900.256836	329.419128
899.104492	15.774088
897.951172	-85.283409
896.797852	15.299490
895.644531	178.695786
894.490234	-151.961380
893.335938	-161.869110
892.181641	-137.088654
891.027344	-248.677353
889.872070	-100.462631
888.716797	160.264618
887.561523	-202.173950
886.405273	6.625011
885.249023	-310.102173
884.092773	65.231918
882.936523	-43.715050
881.779297	-172.008072
880.622070	-71.137589
879.464844	101.054161
878.307617	260.303070
877.149414	59.001598
875.991211	138.506638
874.833008	56.237698
873.673828	-82.002243
872.514648	-105.727707
871.355469	237.289413
870.196289	105.968582
869.036133	-55.359352
867.875977	221.001495
866.715820	146.201035
865.554688	181.418167
864.394531	475.229309
863.233398	-57.696613
862.071289	12.458685
860.910156	321.665100
859.748047	222.104202
858.585938	204.513412
857.422852	479.568695
856.259766	595.596924
855.096680	490.380432
853.933594	697.025879
852.770508	658.870178
851.606445	214.957275
850.442383	121.519012
849.277344	69.123039
848.113281	124.336052
846.948242	-275.203552
845.783203	151.692001
844.617188	59.532364
843.451172	27.719591
842.285156	-190.343567
841.119141	-37.219280
839.952148	-119.647308
838.785156	-319.597992
837.618164	-47.946262
836.451172	-330.778168
835.283203	-99.383606
834.115234	-231.683563
832.947266	-228.811234
831.778320	-9.583456
830.609375	-51.105896
829.440430	8.202709
828.271484	617.247742
827.101563	-385.345734
825.931641	53.151073
824.761719	-53.036648
823.590820	-9.357519
822.420898	209.753387
821.250000	740.767456
820.078125	1.839831
818.907227	172.673950
817.735352	589.086121
816.562500	404.125671
815.390625	234.528854
814.217773	267.871094
813.044922	497.626160
811.872070	98.978523
810.698242	154.629333
809.524414	400.160370
808.350586	-156.885178
807.176758	319.215454
806.001953	124.952927
804.827148	52.418755
803.651367	33.428032
802.476563	72.235809
801.300781	124.105499
800.125000	-89.451523
798.948242	-47.529991
797.772461	115.844620
796.595703	107.386429
795.417969	63.145081
794.241211	399.373932
793.063477	459.772583
791.885742	344.305817
790.707031	719.383301
789.529297	481.512970
788.350586	496.458313
787.170898	469.290741
785.992188	817.699524
784.812500	481.648163
783.632813	845.324524
782.452148	488.833771
781.272461	814.815247
780.091797	670.835144
778.911133	264.708282
777.729492	240.008606
776.547852	166.932648
775.366211	297.243988
774.184570	548.319214
773.001953	133.455048
771.819336	-223.884430
770.636719	8.860348
769.453125	-324.560974
768.269531	-146.369141
767.085938	-151.778763
765.902344	-509.594543
764.717773	-128.184128
763.533203	109.733932
762.348633	-291.606628
761.163086	-23.862709
759.977539	-207.398544
758.791992	437.968170
757.606445	206.247696
756.419922	301.443054
755.233398	255.563599
754.046875	7.603400
752.859375	642.307434
751.672852	-190.738907
750.485352	540.749268
749.296875	794.242188
748.108398	706.837341
746.919922	705.785645
745.731445	109.623108
744.542969	888.865967
743.353516	-26.499250
742.164063	712.526428
740.973633	741.046509
739.783203	666.622253
738.592773	525.023315
737.402344	648.011597
736.211914	519.020813
735.020508	131.908066
733.829102	592.550720
732.636719	553.673035
731.444336	319.699188
730.251953	458.941833
729.059570	543.510498
727.866211	-69.917641
726.673828	454.467834
725.479492	-37.435070
724.286133	-146.027328
723.091797	-462.005798
721.897461	36.223171
720.703125	-252.800369
719.507813	104.581284
718.312500	177.126816
717.117188	-55.884720
715.921875	338.185333
714.725586	320.061432
713.529297	151.250168
712.332031	-80.418259
711.135742	99.236809
709.938477	531.201538
708.740234	476.241119
707.542969	809.245911
706.344727	1223.174805
705.146484	1788.902222
703.948242	3517.879639
702.749023	4052.978760
701.549805	3563.916016
700.350586	2789.227051
699.150391	2320.882080
697.950195	1804.522949
696.750000	1587.999878
695.549805	1031.847534
694.348633	367.374634
693.147461	549.961487
691.946289	370.087067
690.744141	244.054352
689.541992	-63.170387
688.339844	533.926331
687.136719	564.993774
685.934570	423.270508
684.730469	245.977814
683.527344	263.777649
682.323242	115.141830
681.119141	65.996536
679.915039	550.118530
678.710938	467.235413
677.505859	552.232971
676.300781	906.673462
675.094727	393.906982
673.889648	358.136383
672.683594	361.637360
671.476563	87.343483
670.270508	258.596863
669.063477	230.878342
667.856445	116.206207
666.648438	-2.516106
665.440430	338.425873
664.232422	110.241180
663.024414	215.438217
661.815430	-245.963547
660.606445	517.338501
659.397461	178.653915
658.188477	162.951401
656.978516	-340.014282
655.768555	-57.175716
654.557617	-127.122383
653.346680	220.715073
652.135742	247.024567
650.924805	-109.807205
649.712891	-418.169800
648.501953	-215.874466
647.289063	-12.680598
646.077148	-396.138397
644.864258	-588.553406
643.651367	-115.916870
642.438477	-54.212730
641.224609	-349.474335
640.010742	316.790100
638.796875	109.372246
637.582031	210.655807
636.367188	425.018433
635.152344	-140.479187
633.937500	191.404648
632.721680	402.144287
631.505859	183.562134
630.289063	578.332031
629.073242	1107.312134
627.856445	1339.113647
626.639648	968.047424
625.421875	998.994202
624.204102	680.370728
622.986328	248.676865
621.768555	206.985718
620.549805	110.042290
619.331055	-5.009066
618.111328	-53.803219
616.892578	-128.507889
