1721.000977	112.719498
1720.027344	177.546753
1719.052734	323.376831
1718.078125	-70.439751
1717.104492	330.406677
1716.128906	266.146576
1715.154297	114.058380
1714.178711	120.319382
1713.204102	-38.077671
1712.228516	-25.322851
1711.251953	-15.718728
1710.276367	-132.169647
1709.299805	78.700981
1708.324219	99.522682
1707.347656	-128.466171
1706.370117	-90.649422
1705.393555	64.440155
1704.416016	19.491367
1703.438477	-23.272165
1702.460938	-140.548981
1701.483398	-17.794077
1700.505859	-179.162308
1699.527344	206.122360
1698.548828	187.237503
1697.570313	12.248241
1696.591797	373.426208
1695.612305	34.516838
1694.632813	-51.733959
1693.653320	20.088387
1692.673828	104.438957
1691.694336	137.536987
1690.713867	-61.702663
1689.734375	52.691387
1688.753906	327.511658
1687.772461	227.314026
1686.791992	-56.460911
1685.810547	-14.074453
1684.830078	43.496609
1683.848633	-118.125488
1682.866211	30.911018
1681.884766	-54.412365
1680.902344	30.774017
1679.919922	49.698029
1678.937500	-28.123814
1677.955078	28.883242
1676.971680	-54.073849
1675.989258	74.065819
1675.005859	74.998505
1674.022461	157.264694
1673.038086	-215.427002
1672.054688	72.677406
1671.070313	-81.356880
1670.085938	36.445938
1669.101563	108.517197
1668.117188	-108.826317
1667.131836	130.809006
1666.146484	-109.234024
1665.161133	51.732677
1664.175781	63.020008
1663.189453	-207.167664
1662.204102	9.654640
1661.217773	89.536766
1660.231445	57.930153
1659.245117	51.742226
1658.257813	-5.061650
1657.270508	216.849030
1656.284180	-17.067823
1655.295898	-43.236526
1654.308594	188.897751
1653.321289	-11.750203
1652.333008	43.307808
1651.344727	9.886086
1650.356445	97.965630
1649.367188	24.243429
1648.378906	104.875404
1647.389648	-52.051674
1646.400391	26.199121
1645.411133	41.343422
1644.420898	119.708870
1643.431641	-195.830521
1642.441406	29.187334
1641.451172	62.345924
1640.459961	178.857590
1639.469727	-80.557274
1638.478516	-95.065102
1637.487305	-76.682838
1636.496094	181.361740
1635.504883	255.335922
1634.512695	39.466705
1633.520508	30.442432
1632.528320	-11.242339
1631.536133	360.332642
1630.543945	124.841515
1629.550781	345.311157
1628.557617	233.450562
1627.564453	297.923828
1626.571289	508.420471
1625.578125	723.949158
1624.583984	458.991180
1623.589844	626.811279
1622.595703	570.856628
1621.601563	1020.314392
1620.606445	1120.284180
1619.611328	994.130737
1618.616211	1094.223999
1617.621094	1274.733276
1616.625977	1191.553955
1615.629883	1128.556030
1614.633789	1178.623413
1613.637695	1053.057373
1612.641602	1058.094727
1611.645508	1125.919312
1610.648438	804.998596
1609.651367	1108.688354
1608.654297	928.437317
1607.657227	790.938171
1606.659180	1355.251221
1605.662109	1596.183716
1604.664063	1331.041504
1603.666016	1396.664307
1602.666992	1392.189819
1601.668945	1405.308716
1600.669922	1375.911133
1599.670898	1246.481201
1598.671875	1354.833618
1597.671875	1178.020386
1596.672852	936.315674
1595.672852	1342.330688
1594.672852	965.780029
1593.671875	1099.268433
1592.671875	1035.350952
1591.670898	816.594360
1590.669922	548.013794
1589.668945	626.689636
1588.667969	645.446533
1587.666016	407.111298
1586.664063	346.096313
1585.662109	477.259460
1584.660156	590.933167
1583.658203	467.649200
1582.655273	187.337219
1581.652344	338.457306
1580.649414	225.332230
1579.646484	341.536804
1578.642578	270.840698
1577.638672	245.029144
1576.634766	37.445568
1575.630859	220.875732
1574.626953	98.050804
1573.622070	-34.676342
1572.618164	113.855850
1571.613281	1.105478
1570.607422	440.574341
1569.602539	29.409277
1568.596680	267.318573
1567.590820	-29.294277
1566.584961	109.130135
1565.579102	33.819283
1564.572266	-153.257385
1563.566406	79.492325
1562.559570	-154.691772
1561.551758	199.583908
1560.544922	74.682121
1559.537109	-5.512692
1558.530273	187.247025
1557.521484	-76.513763
1556.513672	287.277924
1555.505859	-189.625000
1554.497070	37.672024
1553.488281	88.899895
1552.479492	63.283489
1551.470703	-51.516750
1550.460938	163.132111
1549.451172	100.332176
1548.441406	-81.291191
1547.431641	-176.214142
1546.421875	-18.680397
1545.411133	-34.435810
1544.400391	-69.986534
1543.389648	-211.883820
1542.378906	-193.009933
1541.367188	45.855141
1540.355469	-185.010422
1539.343750	24.069765
1538.332031	97.161774
1537.320313	4.712541
1536.307617	-112.422058
1535.294922	14.913257
1534.282227	176.738739
1533.269531	-14.446786
1532.256836	-173.490204
1531.243164	67.154846
1530.229492	-47.489975
1529.215820	25.309587
1528.202148	-69.589149
1527.187500	-122.572388
1526.172852	339.505676
1525.158203	121.343269
1524.143555	1.790940
1523.127930	180.260391
1522.113281	-42.706501
1521.097656	-14.507028
1520.082031	176.109299
1519.065430	115.616707
1518.049805	158.475220
1517.033203	75.840248
1516.016602	108.806168
1515.000000	99.945404
1513.982422	189.382614
1512.965820	40.388550
1511.948242	237.884262
1510.930664	52.048214
1509.913086	30.833790
1508.894531	58.711391
1507.875977	123.388870
1506.857422	205.204407
1505.838867	125.005951
1504.820313	39.920792
1503.800781	160.893967
1502.781250	330.852203
1501.761719	434.522400
1500.742188	-101.684914
1499.721680	114.737854
1498.702148	90.929047
1497.681641	106.305786
1496.661133	133.910126
1495.639648	16.999681
1494.618164	348.169250
1493.597656	192.089874
1492.576172	217.151321
1491.553711	-2.495536
1490.532227	37.256523
1489.509766	-72.216362
1488.487305	-115.631798
1487.464844	31.649389
1486.442383	24.879646
1485.418945	277.121338
1484.395508	-127.956406
1483.372070	21.609846
1482.348633	-95.081734
1481.324219	-82.337898
1480.300781	37.819748
1479.276367	-110.552902
1478.251953	92.500435
1477.226563	17.348799
1476.202148	100.775276
1475.176758	157.327988
1474.151367	-200.597351
1473.125000	292.288300
1472.099609	195.238632
1471.073242	227.350708
1470.046875	191.244827
1469.020508	186.816086
1467.994141	80.129494
1466.966797	68.417496
1465.939453	270.892181
1464.912109	295.655670
1463.884766	342.306183
1462.856445	123.812523
1461.829102	209.400909
1460.800781	448.119720
1459.772461	506.866516
1458.743164	429.492981
1457.714844	444.502502
1456.685547	491.082306
1455.656250	455.077087
1454.625977	654.615906
1453.596680	451.104492
1452.566406	754.950745
1451.536133	410.770874
1450.505859	583.510681
1449.474609	516.045410
1448.444336	572.311829
1447.413086	487.932831
1446.381836	551.471741
1445.350586	299.940857
1444.318359	254.475189
1443.286133	158.173157
1442.253906	430.070404
1441.221680	331.384247
1440.189453	462.749908
1439.156250	489.986176
1438.123047	311.536957
1437.089844	181.570709
1436.056641	221.001953
1435.022461	342.649536
1433.988281	227.314697
1432.954102	261.927551
1431.919922	195.039352
1430.885742	236.935638
1429.850586	191.857208
1428.815430	226.525116
1427.780273	171.853790
1426.744141	146.189575
1425.708984	86.780449
1424.672852	215.640976
1423.636719	139.390427
1422.600586	109.031097
1421.563477	-181.764374
1420.527344	229.251633
1419.490234	1.285366
1418.452148	-127.752625
1417.415039	-150.673477
1416.376953	382.934265
1415.338867	49.250084
1414.300781	-79.579216
1413.262695	-78.315071
1412.224609	-194.966980
1411.185547	1.296102
1410.146484	108.483566
1409.107422	1.564417
1408.067383	-78.835304
1407.027344	408.285828
1405.987305	109.133156
1404.947266	-261.963074
1403.907227	-94.613953
1402.866211	238.451218
1401.826172	107.847870
1400.785156	-56.298763
1399.743164	581.540894
1398.702148	114.980080
1397.660156	49.417664
1396.618164	147.069473
1395.576172	474.998169
1394.533203	577.367249
1393.491211	842.787537
1392.448242	722.152466
1391.405273	836.484192
1390.361328	969.962036
1389.318359	1189.671143
1388.274414	1203.319580
1387.230469	1504.362915
1386.186523	1424.629395
1385.141602	1818.905762
1384.097656	1531.001465
1383.052734	1506.437500
1382.007813	1759.405273
1380.961914	1557.877686
1379.916992	1578.854858
1378.871094	1528.129517
1377.825195	1549.162720
1376.778320	1333.640137
1375.732422	1209.040161
1374.685547	1223.052368
1373.638672	1220.377808
1372.591797	787.983276
1371.543945	1040.870850
1370.497070	1043.108398
1369.449219	930.844910
1368.400391	725.619263
1367.352539	754.251343
1366.303711	623.136047
1365.255859	542.182861
1364.206055	618.586182
1363.157227	857.038147
1362.108398	740.441284
1361.058594	809.706238
1360.008789	845.635132
1358.958984	617.307922
1357.908203	608.092346
1356.857422	675.069641
1355.806641	734.911621
1354.755859	682.957886
1353.705078	664.354919
1352.653320	498.359070
1351.601563	834.073059
1350.549805	411.486877
1349.498047	756.643372
1348.445313	379.449524
1347.393555	496.506866
1346.340820	383.188202
1345.287109	485.993378
1344.234375	325.314789
1343.180664	252.535110
1342.126953	286.586761
1341.073242	422.657013
1340.019531	352.366760
1338.964844	137.490463
1337.910156	214.321640
1336.855469	156.055405
1335.799805	216.311996
1334.745117	15.985050
1333.689453	185.260635
1332.633789	-3.083530
1331.578125	-101.352348
1330.521484	285.682007
1329.464844	78.584236
1328.408203	221.772110
1327.351563	85.798119
1326.294922	-16.978605
1325.237305	26.904263
1324.179688	16.423422
1323.122070	-107.468246
1322.064453	82.988770
1321.005859	-78.618080
1319.947266	-39.366913
1318.888672	-144.150558
1317.830078	-149.705597
1316.770508	-63.186646
1315.710938	28.040932
1314.651367	180.596024
1313.591797	21.744020
1312.531250	-160.603210
1311.471680	-12.746724
1310.411133	113.846512
1309.349609	-87.192810
1308.289063	-38.345608
1307.227539	45.831474
1306.166016	104.086121
1305.104492	-70.779190
1304.042969	227.655228
1302.980469	-274.288361
1301.917969	-147.686584
1300.855469	-70.522095
1299.792969	121.886467
1298.729492	22.617380
1297.666016	-36.615089
1296.602539	-53.488922
1295.539063	-16.281698
1294.474609	-4.922879
1293.411133	79.283653
1292.346680	379.535889
1291.281250	266.407867
1290.216797	-57.927872
1289.151367	174.148697
1288.085938	-56.130779
1287.020508	131.307693
1285.955078	-51.911129
1284.888672	58.090172
1283.822266	-19.499807
1282.755859	-94.691055
1281.689453	73.889267
1280.622070	-8.289562
1279.554688	127.435600
1278.487305	54.683674
1277.419922	-95.285774
1276.351563	141.074753
1275.283203	-13.501356
1274.214844	292.972015
1273.146484	86.996605
1272.077148	105.655190
1271.008789	152.391052
1269.939453	63.518372
1268.869141	236.480377
1267.799805	140.649918
1266.729492	-71.947746
1265.659180	290.180359
1264.588867	54.323097
1263.517578	294.877869
1262.447266	276.242737
1261.375977	124.597473
1260.304688	99.030640
1259.232422	255.441666
1258.161133	360.492188
1257.088867	290.625732
1256.016602	330.372253
1254.943359	276.879303
1253.871094	207.118927
1252.797852	526.458618
1251.724609	65.389267
1250.650391	633.810425
1249.577148	284.699768
1248.502930	480.423157
1247.428711	503.863861
1246.354492	576.168274
1245.279297	332.093384
1244.204102	606.751099
1243.128906	446.506531
1242.053711	323.537201
1240.977539	305.211670
1239.902344	410.064056
1238.826172	240.753326
1237.750000	468.688141
1236.672852	527.018250
1235.595703	213.888641
1234.518555	33.205379
1233.441406	117.153908
1232.364258	291.558350
1231.286133	189.871292
1230.208008	109.108696
1229.129883	49.262642
1228.051758	-117.174805
1226.972656	-7.754859
1225.893555	117.844994
1224.814453	81.251610
1223.734375	-29.431900
1222.655273	93.808624
1221.575195	119.773308
1220.495117	73.991615
1219.415039	-180.013107
1218.333984	88.926796
1217.252930	177.352463
1216.171875	298.123199
1215.090820	173.795486
1214.008789	7.919904
1212.926758	-49.263260
1211.844727	-25.547073
1210.762695	196.810547
1209.679688	-33.549969
1208.597656	-203.765228
1207.513672	83.135078
1206.430664	111.451920
1205.347656	-201.709427
1204.263672	8.904770
1203.179688	-255.652771
1202.095703	-31.266941
1201.010742	50.097309
1199.925781	-78.294479
1198.840820	194.313446
1197.755859	-173.622009
1196.670898	-7.042371
1195.584961	-255.019958
1194.499023	-72.371330
1193.413086	124.014709
1192.326172	-57.072800
1191.239258	51.807343
1190.152344	-55.563736
1189.065430	-119.188118
1187.978516	35.641083
1186.890625	109.951218
1185.802734	16.472500
1184.714844	109.150093
1183.625977	-27.922226
1182.538086	230.092941
1181.449219	31.074722
1180.360352	178.780579
1179.270508	227.735962
1178.180664	269.792084
1177.090820	447.183136
1176.000977	353.865967
1174.911133	269.768158
1173.820313	502.073395
1172.729492	243.792938
1171.638672	230.821136
1170.547852	112.476166
1169.456055	468.310852
1168.364258	361.418457
1167.272461	318.683533
1166.179688	287.412842
1165.087891	702.408264
1163.995117	341.611664
1162.902344	639.754822
1161.808594	715.933655
1160.715820	881.256592
1159.622070	632.755249
1158.528320	713.464294
1157.433594	725.586914
1156.339844	646.336975
1155.245117	251.945450
1154.149414	346.365143
1153.054688	506.950531
1151.958984	268.051666
1150.863281	517.570251
1149.767578	486.377075
1148.671875	233.958145
1147.575195	339.655396
1146.478516	465.821564
1145.381836	193.056000
1144.285156	182.471603
1143.187500	42.021626
1142.089844	118.021690
1140.992188	66.459724
1139.894531	-230.971252
1138.795898	-84.411812
1137.697266	173.590378
1136.598633	-48.597862
1135.499023	-72.796806
1134.400391	-26.482330
1133.300781	-123.441055
1132.201172	-36.234383
1131.100586	-151.346649
1130.000977	15.341929
1128.900391	-8.877172
1127.799805	78.196350
1126.698242	51.685516
1125.596680	129.605087
1124.495117	-80.762192
1123.393555	99.245316
1122.291992	172.539276
1121.189453	436.305145
1120.086914	436.901398
1118.984375	516.835388
1117.881836	528.723755
1116.778320	921.293030
1115.674805	747.280518
1114.571289	867.791199
1113.466797	748.184265
1112.363281	954.647888
1111.258789	696.973328
1110.153320	921.419739
1109.048828	442.108978
1107.943359	720.769592
1106.837891	700.767944
1105.732422	423.003845
1104.625977	592.918396
1103.520508	462.166656
1102.414063	464.758392
1101.306641	241.425415
1100.200195	234.990814
1099.092773	309.821655
1097.985352	167.879959
1096.877930	71.120209
1095.769531	10.477494
1094.661133	96.474426
1093.552734	220.751007
1092.444336	293.083923
1091.335938	336.052643
1090.226563	180.625336
1089.117188	90.590286
1088.006836	187.554321
1086.897461	32.184643
1085.787109	81.769707
1084.676758	493.773651
1083.566406	284.326691
1082.455078	277.467102
1081.343750	360.573181
1080.232422	443.609039
1079.121094	378.154144
1078.008789	712.889221
1076.896484	550.671143
1075.784180	251.405472
1074.671875	433.056366
1073.558594	520.236084
1072.445313	135.725494
1071.332031	128.557037
1070.217773	220.118347
1069.104492	215.098846
1067.990234	100.092804
1066.875977	135.396759
1065.760742	78.683342
1064.645508	-63.252804
1063.530273	196.103241
1062.415039	29.465641
1061.299805	165.355164
1060.183594	128.635681
1059.067383	116.523903
1057.951172	180.503494
1056.833984	-118.268806
1055.716797	-155.085953
1054.599609	253.363861
1053.482422	-85.638817
1052.364258	-35.363144
1051.247070	50.623634
1050.128906	377.963501
1049.009766	284.888062
1047.891602	84.545189
1046.772461	98.709442
1045.653320	249.062851
1044.533203	225.103531
1043.414063	225.665268
1042.293945	-139.905441
1041.173828	-358.078735
1040.052734	106.494949
1038.932617	-127.367828
1037.811523	-48.979107
1036.689453	2.550991
1035.568359	25.027632
1034.446289	69.710777
1033.324219	-10.461121
1032.202148	261.296539
1031.079102	134.215759
1029.957031	-12.901651
1028.833984	-6.427031
1027.709961	-242.611069
1026.586914	-142.766876
1025.462891	-285.514099
1024.338867	-34.613045
1023.214844	-32.927464
1022.089844	102.063416
1020.964844	19.119026
1019.839844	-112.741539
1018.714844	-93.548004
1017.588867	83.247566
1016.462891	-28.768930
1015.336914	-23.148670
1014.210938	-75.306084
1013.083984	105.470657
1011.957031	86.431808
1010.830078	342.354370
1009.702148	391.858276
1008.574219	596.449829
1007.446289	721.085815
1006.318359	1399.570679
1005.190430	2011.208740
1004.061523	2082.047607
1002.932617	1738.683716
1001.802734	1043.381226
1000.673828	496.628967
999.543945	138.136887
998.414063	512.033142
997.283203	248.652115
996.153320	279.438019
995.022461	425.088928
993.891602	296.512543
992.759766	565.683716
991.628906	549.660461
990.497070	984.162048
989.364258	1051.793701
988.232422	1216.475342
987.099609	1341.261841
985.966797	1468.119995
984.833984	1718.401489
983.700195	1747.899292
982.566406	1375.937988
981.432617	1623.625122
980.298828	1375.154297
979.164063	1437.447144
978.029297	966.440063
976.894531	892.074707
975.759766	696.544678
974.624023	648.537231
973.488281	556.453796
972.352539	523.759644
971.215820	565.805786
970.080078	249.209869
968.943359	420.909912
967.805664	733.171936
966.668945	154.936081
965.531250	502.136322
964.393555	348.137695
963.254883	207.308640
962.117188	305.875092
960.978516	474.581207
959.839844	509.233704
958.700195	471.367065
957.561523	312.779938
956.421875	226.581482
955.281250	440.819275
954.141602	494.837311
953.000977	557.523804
951.860352	403.143127
950.719727	432.832947
949.578125	576.354126
948.436523	419.695892
947.294922	365.964752
946.153320	91.095428
945.010742	181.794083
943.868164	313.972046
942.725586	141.950836
941.583008	168.987549
940.439453	390.563721
939.295898	399.928802
938.152344	-71.601349
937.007813	376.974274
935.863281	137.135818
934.718750	107.039032
933.574219	240.687317
932.428711	334.923523
931.283203	121.325691
930.137695	121.637581
928.992188	165.544357
927.845703	292.265808
926.699219	-115.356064
925.552734	-171.821579
924.405273	179.280533
923.257813	331.893921
922.110352	105.334831
920.962891	50.923355
919.814453	386.291504
918.666016	331.783539
917.517578	183.686478
916.369141	74.810776
915.219727	163.934998
914.070313	-21.055450
912.920898	-12.435946
911.770508	-29.931768
910.621094	-6.117665
909.470703	-14.928533
908.319336	-71.547859
907.168945	126.000435
906.017578	-15.318051
904.866211	290.667419
903.713867	34.331432
902.562500	-100.344101
901.410156	-198.078949
900.256836	10.064662
899.104492	-57.267273
897.951172	3.350134
896.797852	46.616989
895.644531	96.383202
894.490234	-64.015442
893.335938	-139.841751
892.181641	-55.355145
891.027344	-189.547440
889.872070	366.825500
888.716797	195.864120
887.561523	29.344194
886.405273	25.154556
885.249023	155.084991
884.092773	-58.762497
882.936523	-209.780090
881.779297	-4.125585
880.622070	246.855881
879.464844	46.332718
878.307617	139.651062
877.149414	17.071308
875.991211	175.214920
874.833008	104.601868
873.673828	228.248566
872.514648	65.026337
871.355469	-147.650345
870.196289	129.256073
869.036133	15.955594
867.875977	105.352463
866.715820	-238.263855
865.554688	260.560974
864.394531	46.444904
863.233398	230.808014
862.071289	-11.026839
860.910156	231.549911
859.748047	437.521362
858.585938	140.165955
857.422852	262.380005
856.259766	214.791382
855.096680	272.652313
853.933594	205.953217
852.770508	236.073196
851.606445	341.459686
850.442383	-104.988564
849.277344	472.978760
848.113281	84.892715
846.948242	285.093658
845.783203	249.321671
844.617188	241.563644
843.451172	371.180450
842.285156	-2.966662
841.119141	81.891678
839.952148	-68.894028
838.785156	-78.072891
837.618164	-33.565105
836.451172	253.045029
835.283203	36.526291
834.115234	96.367172
832.947266	357.477386
831.778320	-72.444427
830.609375	51.970612
829.440430	321.887878
828.271484	484.929749
827.101563	252.605743
825.931641	76.102310
824.761719	310.033844
823.590820	343.220581
822.420898	103.214600
821.250000	345.967926
820.078125	343.294312
818.907227	483.762329
817.735352	415.234802
816.562500	604.980347
815.390625	338.455170
814.217773	310.989502
813.044922	405.187500
811.872070	-124.866554
810.698242	197.665894
809.524414	192.195023
808.350586	-160.212708
807.176758	126.393875
806.001953	223.589874
804.827148	365.589264
803.651367	156.646896
802.476563	-13.745777
801.300781	-9.529922
800.125000	213.816101
798.948242	109.895058
797.772461	80.558182
796.595703	108.751808
795.417969	166.821121
794.241211	95.495193
793.063477	563.588074
791.885742	261.160736
790.707031	158.490067
789.529297	202.407227
788.350586	93.742477
787.170898	110.383301
785.992188	298.886322
784.812500	110.178040
783.632813	322.192841
782.452148	445.272217
781.272461	350.283936
780.091797	225.832718
778.911133	188.375580
777.729492	-14.019404
776.547852	414.381653
775.366211	81.132767
774.184570	-249.717957
773.001953	-17.830923
771.819336	-12.129355
770.636719	-150.028366
769.453125	82.026505
768.269531	33.123119
767.085938	117.408585
765.902344	-85.403694
764.717773	-256.351074
763.533203	24.530474
762.348633	-82.866203
761.163086	-124.726952
759.977539	-92.660507
758.791992	-52.090729
757.606445	-131.617355
756.419922	-173.094238
755.233398	-104.912025
754.046875	188.706284
752.859375	8.391120
751.672852	219.852951
750.485352	73.411568
749.296875	158.591858
748.108398	372.125458
746.919922	343.691315
745.731445	443.595184
744.542969	143.998352
743.353516	96.816162
742.164063	-107.935005
740.973633	44.609386
739.783203	50.053459
738.592773	-135.601913
737.402344	123.942917
736.211914	-128.813141
735.020508	162.080261
733.829102	131.813049
732.636719	250.474213
731.444336	92.239998
730.251953	164.679581
729.059570	73.555504
727.866211	41.116886
726.673828	-190.387787
725.479492	-0.808639
724.286133	-18.692081
723.091797	80.619392
721.897461	87.726334
720.703125	-81.020470
719.507813	-109.584732
718.312500	-2.254166
717.117188	387.250000
715.921875	74.025055
714.725586	126.638680
713.529297	114.352707
712.332031	-23.374418
711.135742	-62.969257
709.938477	235.633759
708.740234	270.938812
707.542969	683.897339
706.344727	908.742920
705.146484	1022.793884
703.948242	1361.928589
702.749023	1857.168945
701.549805	1522.334229
700.350586	1110.415039
699.150391	1156.980469
697.950195	753.417542
696.750000	562.354370
695.549805	352.513275
694.348633	203.007324
693.147461	165.830856
691.946289	288.759979
690.744141	313.727112
689.541992	68.185158
688.339844	334.134247
687.136719	333.750122
685.934570	75.538910
684.730469	392.877045
683.527344	292.417328
682.323242	370.500641
681.119141	317.637054
679.915039	142.227005
678.710938	307.161865
677.505859	442.887085
676.300781	383.482117
675.094727	350.995300
673.889648	57.229816
672.683594	57.898251
671.476563	23.296743
670.270508	313.975311
669.063477	190.223129
667.856445	457.932373
666.648438	400.473694
665.440430	202.323242
664.232422	296.103180
663.024414	40.259022
661.815430	-41.633080
660.606445	207.489227
659.397461	-153.272842
658.188477	-94.125504
656.978516	-49.297894
655.768555	20.495615
654.557617	-99.541428
653.346680	92.541153
652.135742	99.010597
650.924805	-112.993309
649.712891	-85.186058
648.501953	-207.611435
647.289063	-98.565369
646.077148	97.485817
644.864258	-58.588257
643.651367	99.221909
642.438477	8.202395
641.224609	-67.736191
640.010742	93.877014
638.796875	363.197113
637.582031	262.609161
636.367188	119.664726
635.152344	434.445068
633.937500	398.236725
632.721680	426.789886
631.505859	302.170197
630.289063	437.737946
629.073242	687.443604
627.856445	856.098999
626.639648	602.836914
625.421875	720.760559
624.204102	591.664368
622.986328	324.597778
621.768555	418.427643
620.549805	81.039314
619.331055	20.484123
618.111328	23.402771
616.892578	-84.465027
