1721.000977	-22.890934
1720.027344	75.397751
1719.052734	4.645181
1718.078125	110.426636
1717.104492	231.040283
1716.128906	140.793549
1715.154297	-124.262093
1714.178711	-71.781319
1713.204102	51.998207
1712.228516	31.783897
1711.251953	-101.575310
1710.276367	-30.356661
1709.299805	150.562057
1708.324219	154.363373
1707.347656	68.199944
1706.370117	-13.162013
1705.393555	109.890816
1704.416016	-76.993515
1703.438477	-62.042149
1702.460938	-134.340744
1701.483398	-48.375664
1700.505859	47.505512
1699.527344	140.522461
1698.548828	21.172527
1697.570313	49.799629
1696.591797	73.077438
1695.612305	29.725485
1694.632813	21.924023
1693.653320	-32.019344
1692.673828	-109.098083
1691.694336	56.058811
1690.713867	-64.735733
1689.734375	-2.008492
1688.753906	57.977425
1687.772461	-40.276608
1686.791992	169.781906
1685.810547	163.008881
1684.830078	125.551079
1683.848633	11.564239
1682.866211	35.023285
1681.884766	7.455375
1680.902344	84.159966
1679.919922	148.014740
1678.937500	5.649877
1677.955078	69.329117
1676.971680	-90.930313
1675.989258	41.259380
1675.005859	86.876663
1674.022461	160.377136
1673.038086	-106.759529
1672.054688	-48.596531
1671.070313	177.147690
1670.085938	82.746140
1669.101563	39.133785
1668.117188	56.437847
1667.131836	-76.057060
1666.146484	-140.003235
1665.161133	52.307610
1664.175781	33.984009
1663.189453	-9.716897
1662.204102	-2.686020
1661.217773	-31.166676
1660.231445	105.102623
1659.245117	0.589592
1658.257813	-0.019098
1657.270508	32.305237
1656.284180	21.584293
1655.295898	-100.546654
1654.308594	-164.382278
1653.321289	17.310413
1652.333008	-109.761024
1651.344727	-153.279602
1650.356445	-120.883087
1649.367188	111.277443
1648.378906	-43.433083
1647.389648	97.667625
1646.400391	41.622540
1645.411133	-14.370680
1644.420898	217.646957
1643.431641	93.511322
1642.441406	35.096970
1641.451172	133.258774
1640.459961	-142.142075
1639.469727	69.637840
1638.478516	36.633270
1637.487305	104.573639
1636.496094	11.125662
1635.504883	-57.032307
1634.512695	-59.593956
1633.520508	235.275192
1632.528320	149.581451
1631.536133	-132.535156
1630.543945	184.953049
1629.550781	315.994873
1628.557617	104.625465
1627.564453	301.155579
1626.571289	44.660484
1625.578125	359.459625
1624.583984	299.343597
1623.589844	239.293365
1622.595703	274.860657
1621.601563	639.782654
1620.606445	617.515076
1619.611328	494.781647
1618.616211	595.741394
1617.621094	930.303223
1616.625977	918.202209
1615.629883	968.905762
1614.633789	939.299500
1613.637695	962.449341
1612.641602	998.176270
1611.645508	1071.555908
1610.648438	946.787415
1609.651367	1012.692322
1608.654297	1008.405945
1607.657227	786.082947
1606.659180	1009.964478
1605.662109	1053.396973
1604.664063	1064.271118
1603.666016	1147.807617
1602.666992	1116.149170
1601.668945	989.416077
1600.669922	1370.857788
1599.670898	1164.102051
1598.671875	1237.677490
1597.671875	1103.630127
1596.672852	1284.785889
1595.672852	1120.840942
1594.672852	1356.962769
1593.671875	1045.662231
1592.671875	1054.369629
1591.670898	875.723511
1590.669922	622.246826
1589.668945	661.073608
1588.667969	535.128845
1587.666016	571.502625
1586.664063	405.737244
1585.662109	352.344604
1584.660156	271.556396
1583.658203	253.173615
1582.655273	381.929993
1581.652344	278.801239
1580.649414	203.151871
1579.646484	137.520142
1578.642578	228.886993
1577.638672	-95.753418
1576.634766	117.687042
1575.630859	4.877528
1574.626953	200.811432
1573.622070	40.763729
1572.618164	174.426407
1571.613281	225.940018
1570.607422	11.297010
1569.602539	102.633667
1568.596680	79.567192
1567.590820	39.119926
1566.584961	195.028473
1565.579102	164.529434
1564.572266	345.194824
1563.566406	81.230087
1562.559570	11.056355
1561.551758	112.208122
1560.544922	74.334190
1559.537109	88.584251
1558.530273	-98.122398
1557.521484	50.102745
1556.513672	-44.761940
1555.505859	-8.173627
1554.497070	-21.187111
1553.488281	146.730682
1552.479492	-116.577103
1551.470703	-18.078831
1550.460938	20.924665
1549.451172	69.815109
1548.441406	-163.561386
1547.431641	-42.875290
1546.421875	40.634571
1545.411133	35.023865
1544.400391	64.043495
1543.389648	-30.615652
1542.378906	-73.313438
1541.367188	96.598595
1540.355469	-74.655945
1539.343750	38.334587
1538.332031	25.268948
1537.320313	-42.141392
1536.307617	-82.374886
1535.294922	47.764801
1534.282227	-86.294044
1533.269531	-17.927794
1532.256836	-13.755986
1531.243164	165.550568
1530.229492	4.398251
1529.215820	97.295479
1528.202148	-184.602829
1527.187500	-185.403000
1526.172852	114.439087
1525.158203	-76.167702
1524.143555	-52.395554
1523.127930	-13.878135
1522.113281	-44.327507
1521.097656	-50.167938
1520.082031	64.582321
1519.065430	-15.138144
1518.049805	62.622799
1517.033203	-41.690018
1516.016602	23.708941
1515.000000	-6.822141
1513.982422	41.294979
1512.965820	-6.462032
1511.948242	142.345749
1510.930664	52.783253
1509.913086	-29.388941
1508.894531	30.871267
1507.875977	32.167934
1506.857422	-155.551804
1505.838867	179.495117
1504.820313	11.416977
1503.800781	-56.043930
1502.781250	-0.870365
1501.761719	-38.912022
1500.742188	6.393511
1499.721680	44.300224
1498.702148	114.037224
1497.681641	-4.921621
1496.661133	30.460598
1495.639648	151.511093
1494.618164	-129.032013
1493.597656	204.931747
1492.576172	154.504120
1491.553711	69.815887
1490.532227	-156.727783
1489.509766	-143.521317
1488.487305	136.190125
1487.464844	-175.852219
1486.442383	-42.939346
1485.418945	-27.405228
1484.395508	36.966980
1483.372070	13.358966
1482.348633	241.280548
1481.324219	220.035446
1480.300781	-67.286324
1479.276367	79.906975
1478.251953	85.497330
1477.226563	227.671219
1476.202148	228.314728
1475.176758	87.498985
1474.151367	217.340424
1473.125000	27.793077
1472.099609	-59.331062
1471.073242	89.889633
1470.046875	173.261139
1469.020508	127.503296
1467.994141	123.141655
1466.966797	250.212234
1465.939453	55.943920
1464.912109	253.507767
1463.884766	185.795532
1462.856445	225.106888
1461.829102	271.690613
1460.800781	177.216217
1459.772461	228.611893
1458.743164	367.448792
1457.714844	83.450371
1456.685547	321.826141
1455.656250	227.355881
1454.625977	247.025772
1453.596680	247.260559
1452.566406	225.628052
1451.536133	332.601471
1450.505859	361.879272
1449.474609	364.440735
1448.444336	308.794739
1447.413086	219.205246
1446.381836	136.914139
1445.350586	224.290771
1444.318359	110.498978
1443.286133	190.542343
1442.253906	178.505081
1441.221680	35.700897
1440.189453	183.459122
1439.156250	159.283401
1438.123047	166.565094
1437.089844	188.349319
1436.056641	89.167603
1435.022461	132.693481
1433.988281	-46.252972
1432.954102	260.752319
1431.919922	26.247705
1430.885742	323.421875
1429.850586	26.163240
1428.815430	47.840721
1427.780273	67.084450
1426.744141	110.443947
1425.708984	54.822887
1424.672852	-51.470001
1423.636719	131.800461
1422.600586	23.108139
1421.563477	47.087517
1420.527344	-63.965126
1419.490234	95.005020
1418.452148	150.255035
1417.415039	36.810703
1416.376953	-209.101288
1415.338867	-120.120766
1414.300781	-120.281631
1413.262695	105.861671
1412.224609	-62.852711
1411.185547	33.209682
1410.146484	174.941269
1409.107422	-118.790497
1408.067383	-167.100189
1407.027344	-104.787766
1405.987305	171.447815
1404.947266	-45.146126
1403.907227	50.730473
1402.866211	4.811683
1401.826172	69.406494
1400.785156	107.546272
1399.743164	270.503723
1398.702148	200.563446
1397.660156	20.248009
1396.618164	202.309189
1395.576172	180.390778
1394.533203	216.030609
1393.491211	167.741699
1392.448242	260.902161
1391.405273	306.087921
1390.361328	209.865189
1389.318359	267.021332
1388.274414	424.743073
1387.230469	637.476501
1386.186523	443.105621
1385.141602	643.767883
1384.097656	425.549530
1383.052734	547.175354
1382.007813	544.358032
1380.961914	572.627563
1379.916992	323.525208
1378.871094	366.178192
1377.825195	480.517853
1376.778320	336.727631
1375.732422	424.751984
1374.685547	362.253326
1373.638672	400.082947
1372.591797	514.301575
1371.543945	392.151306
1370.497070	363.140900
1369.449219	250.629211
1368.400391	216.882126
1367.352539	347.725769
1366.303711	247.218262
1365.255859	404.233551
1364.206055	315.677094
1363.157227	105.644844
1362.108398	238.774384
1361.058594	421.863464
1360.008789	295.302277
1358.958984	216.420135
1357.908203	135.188644
1356.857422	206.309494
1355.806641	103.717422
1354.755859	148.662659
1353.705078	184.083878
1352.653320	112.487907
1351.601563	188.323410
1350.549805	138.165787
1349.498047	168.830658
1348.445313	135.337601
1347.393555	189.760345
1346.340820	-21.806450
1345.287109	284.292694
1344.234375	-105.210342
1343.180664	241.138504
1342.126953	-143.430969
1341.073242	179.075562
1340.019531	38.985413
1338.964844	121.842697
1337.910156	31.621267
1336.855469	-18.258780
1335.799805	-37.310913
1334.745117	-75.285980
1333.689453	156.773285
1332.633789	-82.497223
1331.578125	-47.017269
1330.521484	21.588417
1329.464844	-61.279682
1328.408203	-47.093090
1327.351563	153.972565
1326.294922	146.847153
1325.237305	16.777079
1324.179688	-139.226898
1323.122070	45.184975
1322.064453	-9.123869
1321.005859	212.997375
1319.947266	16.979273
1318.888672	26.501671
1317.830078	-112.700912
1316.770508	-44.126064
1315.710938	-65.239754
1314.651367	-100.486176
1313.591797	-138.061493
1312.531250	34.277008
1311.471680	-3.280883
1310.411133	79.406403
1309.349609	48.938667
1308.289063	-99.304993
1307.227539	89.397186
1306.166016	-4.597703
1305.104492	-159.758301
1304.042969	33.589340
1302.980469	109.176376
1301.917969	-114.110893
1300.855469	53.262791
1299.792969	34.757504
1298.729492	-30.764671
1297.666016	120.065880
1296.602539	49.885967
1295.539063	-95.450783
1294.474609	217.462708
1293.411133	-66.410080
1292.346680	105.478340
1291.281250	-39.690231
1290.216797	-90.867485
1289.151367	66.876999
1288.085938	-0.698706
1287.020508	-9.576942
1285.955078	14.404480
1284.888672	-83.555199
1283.822266	113.955322
1282.755859	135.596268
1281.689453	61.163628
1280.622070	85.179932
1279.554688	-19.632071
1278.487305	81.712051
1277.419922	-18.333534
1276.351563	-48.095814
1275.283203	22.810947
1274.214844	63.288162
1273.146484	40.601505
1272.077148	-115.380615
1271.008789	-53.798172
1269.939453	304.679352
1268.869141	6.212258
1267.799805	-30.369884
1266.729492	73.256760
1265.659180	6.340987
1264.588867	60.911137
1263.517578	-129.685715
1262.447266	-82.074280
1261.375977	70.548950
1260.304688	-19.535137
1259.232422	123.708122
1258.161133	-5.957520
1257.088867	-18.967634
1256.016602	7.679275
1254.943359	94.925163
1253.871094	35.356838
1252.797852	164.533035
1251.724609	109.665108
1250.650391	304.004669
1249.577148	67.571899
1248.502930	203.682556
1247.428711	123.327202
1246.354492	194.259689
1245.279297	144.214157
1244.204102	105.838295
1243.128906	120.975815
1242.053711	152.400116
1240.977539	186.146179
1239.902344	287.288452
1238.826172	432.536621
1237.750000	254.904434
1236.672852	105.227699
1235.595703	-21.148804
1234.518555	96.258247
1233.441406	46.555237
1232.364258	293.856354
1231.286133	98.034599
1230.208008	117.984428
1229.129883	86.938179
1228.051758	-22.886461
1226.972656	29.572071
1225.893555	-1.383683
1224.814453	51.084068
1223.734375	-56.257977
1222.655273	118.953949
1221.575195	-113.324768
1220.495117	64.168259
1219.415039	10.211211
1218.333984	99.719315
1217.252930	119.819138
1216.171875	-10.375205
1215.090820	-251.463455
1214.008789	-53.277420
1212.926758	63.958797
1211.844727	-70.665115
1210.762695	-145.157135
1209.679688	103.697891
1208.597656	40.778770
1207.513672	-82.124153
1206.430664	-126.485161
1205.347656	-147.736557
1204.263672	-171.276413
1203.179688	-19.513639
1202.095703	-243.638855
1201.010742	-301.678009
1199.925781	-76.194382
1198.840820	8.647753
1197.755859	-166.852005
1196.670898	14.737775
1195.584961	-86.975014
1194.499023	-156.398483
1193.413086	-101.486000
1192.326172	125.998314
1191.239258	-44.618366
1190.152344	60.872688
1189.065430	-22.240679
1187.978516	101.618423
1186.890625	76.018929
1185.802734	-7.008973
1184.714844	34.083275
1183.625977	47.598030
1182.538086	325.232513
1181.449219	113.685448
1180.360352	154.755493
1179.270508	177.452072
1178.180664	243.746658
1177.090820	206.790283
1176.000977	252.427399
1174.911133	139.836380
1173.820313	231.332382
1172.729492	-27.878876
1171.638672	-53.233250
1170.547852	1.615603
1169.456055	-101.599190
1168.364258	161.634674
1167.272461	19.524889
1166.179688	74.329956
1165.087891	12.413628
1163.995117	318.881195
1162.902344	227.208771
1161.808594	304.808228
1160.715820	428.113495
1159.622070	247.338348
1158.528320	256.335815
1157.433594	368.147614
1156.339844	466.213501
1155.245117	255.912308
1154.149414	379.071777
1153.054688	598.065186
1151.958984	629.805542
1150.863281	869.181030
1149.767578	652.187195
1148.671875	852.680115
1147.575195	829.608826
1146.478516	660.640625
1145.381836	929.371765
1144.285156	491.560577
1143.187500	507.314331
1142.089844	755.392090
1140.992188	368.002411
1139.894531	570.461243
1138.795898	180.998779
1137.697266	242.302856
1136.598633	408.235321
1135.499023	255.624054
1134.400391	175.856781
1133.300781	82.472565
1132.201172	43.681637
1131.100586	136.711288
1130.000977	-90.677719
1128.900391	-74.909225
1127.799805	-38.715401
1126.698242	-129.706879
1125.596680	138.016022
1124.495117	-41.508121
1123.393555	94.447708
1122.291992	121.439667
1121.189453	57.678371
1120.086914	195.751007
1118.984375	245.334793
1117.881836	174.754440
1116.778320	222.023239
1115.674805	366.678589
1114.571289	10.675074
1113.466797	225.480072
1112.363281	25.859381
1111.258789	258.643799
1110.153320	439.251740
1109.048828	131.063293
1107.943359	300.276398
1106.837891	116.600365
1105.732422	297.010284
1104.625977	156.324966
1103.520508	135.468628
1102.414063	168.824600
1101.306641	59.823940
1100.200195	88.624321
1099.092773	-24.866594
1097.985352	96.447342
1096.877930	125.149590
1095.769531	-4.141312
1094.661133	270.414978
1093.552734	310.260315
1092.444336	201.238907
1091.335938	220.742813
1090.226563	231.190292
1089.117188	88.376839
1088.006836	312.815430
1086.897461	235.313522
1085.787109	178.080170
1084.676758	87.073044
1083.566406	11.834627
1082.455078	159.379715
1081.343750	174.087967
1080.232422	26.806519
1079.121094	279.853241
1078.008789	-85.541306
1076.896484	225.789719
1075.784180	269.519653
1074.671875	436.770111
1073.558594	442.171906
1072.445313	101.686958
1071.332031	336.112640
1070.217773	251.633438
1069.104492	247.957077
1067.990234	208.340683
1066.875977	-127.404076
1065.760742	-23.462921
1064.645508	118.512978
1063.530273	121.400139
1062.415039	-124.529411
1061.299805	48.629181
1060.183594	-78.525734
1059.067383	-142.949844
1057.951172	-23.770493
1056.833984	55.010975
1055.716797	82.237816
1054.599609	257.098114
1053.482422	125.344452
1052.364258	248.581818
1051.247070	85.499451
1050.128906	277.909302
1049.009766	-23.784786
1047.891602	282.443573
1046.772461	-86.226692
1045.653320	-41.553493
1044.533203	219.661743
1043.414063	177.084351
1042.293945	22.868671
1041.173828	109.689522
1040.052734	75.939743
1038.932617	-218.813644
1037.811523	79.716255
1036.689453	-45.564667
1035.568359	23.102283
1034.446289	189.740128
1033.324219	-73.762108
1032.202148	108.319038
1031.079102	116.552925
1029.957031	42.359806
1028.833984	-45.212215
1027.709961	-43.779610
1026.586914	62.188484
1025.462891	-239.036392
1024.338867	-122.057961
1023.214844	-151.933929
1022.089844	-44.026791
1020.964844	-25.118807
1019.839844	198.155197
1018.714844	112.490494
1017.588867	49.017681
1016.462891	-125.500397
1015.336914	-142.371353
1014.210938	-81.602005
1013.083984	-174.026688
1011.957031	137.298309
1010.830078	0.407236
1009.702148	158.440292
1008.574219	-38.358841
1007.446289	290.176941
1006.318359	370.329041
1005.190430	780.493042
1004.061523	616.748596
1002.932617	450.816101
1001.802734	382.313202
1000.673828	280.600037
999.543945	143.470123
998.414063	285.114929
997.283203	413.366821
996.153320	461.910461
995.022461	651.872192
993.891602	793.070679
992.759766	1044.641846
991.628906	1718.047119
990.497070	1682.047485
989.364258	2489.596191
988.232422	2919.200195
987.099609	3469.954590
985.966797	3881.381104
984.833984	4016.784668
983.700195	3885.166260
982.566406	3652.121582
981.432617	3222.910889
980.298828	2981.218018
979.164063	2770.438965
978.029297	2026.516724
976.894531	1915.094727
975.759766	1239.897217
974.624023	1322.372314
973.488281	931.495850
972.352539	569.370117
971.215820	671.619141
970.080078	639.607178
968.943359	499.800446
967.805664	513.925171
966.668945	334.570496
965.531250	440.962250
964.393555	287.995544
963.254883	374.501404
962.117188	392.861237
960.978516	101.574203
959.839844	198.945724
958.700195	346.711121
957.561523	198.170044
956.421875	205.413315
955.281250	10.841265
954.141602	419.336700
953.000977	123.912308
951.860352	87.220467
950.719727	98.728996
949.578125	283.264069
948.436523	152.307266
947.294922	-96.852226
946.153320	100.676331
945.010742	48.577530
943.868164	33.685627
942.725586	101.915833
941.583008	102.298630
940.439453	150.764740
939.295898	13.374098
938.152344	-21.239248
937.007813	103.660156
935.863281	-88.278816
934.718750	69.324997
933.574219	200.647690
932.428711	21.890608
931.283203	-86.942810
930.137695	155.595062
928.992188	-127.751259
927.845703	-68.539131
926.699219	-135.827576
925.552734	6.209017
924.405273	8.681336
923.257813	78.711052
922.110352	-12.499234
920.962891	135.931824
919.814453	55.649170
918.666016	121.281326
917.517578	-54.704391
916.369141	102.347801
915.219727	-21.315451
914.070313	3.002709
912.920898	72.996193
911.770508	-61.392944
910.621094	-43.537334
909.470703	-110.424469
908.319336	152.965851
907.168945	-29.000854
906.017578	17.151001
904.866211	50.287086
903.713867	-18.585812
902.562500	-126.442261
901.410156	52.157497
900.256836	9.460289
899.104492	92.608543
897.951172	2.305927
896.797852	-53.231518
895.644531	-197.546112
894.490234	-300.593597
893.335938	-74.308464
892.181641	182.239655
891.027344	44.684212
889.872070	80.398750
888.716797	96.675194
887.561523	-1.666477
886.405273	131.530640
885.249023	-87.765923
884.092773	-69.076996
882.936523	-102.209572
881.779297	82.990540
880.622070	67.243561
879.464844	42.932926
878.307617	42.456703
877.149414	113.291573
875.991211	-29.526108
874.833008	-100.987946
873.673828	410.174896
872.514648	-38.685001
871.355469	135.970947
870.196289	41.126698
869.036133	21.843327
867.875977	103.937881
866.715820	-48.759064
865.554688	87.328407
864.394531	311.741333
863.233398	271.315735
862.071289	207.315918
860.910156	173.574402
859.748047	400.265472
858.585938	250.524765
857.422852	283.735260
856.259766	482.577332
855.096680	268.727966
853.933594	312.956055
852.770508	243.398483
851.606445	463.945496
850.442383	446.126404
849.277344	273.834473
848.113281	161.838470
846.948242	301.075104
845.783203	436.066437
844.617188	97.062424
843.451172	410.245972
842.285156	279.596527
841.119141	146.980240
839.952148	357.408112
838.785156	454.304657
837.618164	253.540833
836.451172	447.016815
835.283203	366.474304
834.115234	369.566803
832.947266	402.738281
831.778320	461.683777
830.609375	281.160858
829.440430	460.106537
828.271484	512.951050
827.101563	582.991089
825.931641	695.860718
824.761719	449.878571
823.590820	695.403198
822.420898	607.810242
821.250000	584.428833
820.078125	582.526001
818.907227	399.368286
817.735352	365.760864
816.562500	413.344635
815.390625	343.751526
814.217773	421.419067
813.044922	160.276230
811.872070	366.061157
810.698242	352.436676
809.524414	441.183868
808.350586	202.077774
807.176758	331.520294
806.001953	239.663742
804.827148	88.394035
803.651367	184.101868
802.476563	94.845871
801.300781	120.582832
800.125000	250.601318
798.948242	174.509979
797.772461	415.196472
796.595703	97.153282
795.417969	185.056473
794.241211	75.554619
793.063477	182.763702
791.885742	273.059052
790.707031	64.227295
789.529297	152.615204
788.350586	28.976038
787.170898	-75.411118
785.992188	218.918884
784.812500	-18.772532
783.632813	-18.918749
782.452148	-25.315914
781.272461	216.199356
780.091797	114.668274
778.911133	110.666603
777.729492	-107.000130
776.547852	24.670294
775.366211	-169.412064
774.184570	42.768246
773.001953	-167.960709
771.819336	-141.734940
770.636719	-26.667099
769.453125	-78.498405
768.269531	157.078094
767.085938	-110.035744
765.902344	-36.992813
764.717773	-162.345810
763.533203	96.545723
762.348633	-83.499550
761.163086	177.497910
759.977539	84.118683
758.791992	-85.060905
757.606445	-28.543661
756.419922	9.034762
755.233398	177.284836
754.046875	-113.719193
752.859375	-134.965515
751.672852	-17.192684
750.485352	41.624908
749.296875	89.931595
748.108398	64.608910
746.919922	20.396942
745.731445	-221.451553
744.542969	226.480255
743.353516	62.522594
742.164063	94.108551
740.973633	167.718781
739.783203	-50.672676
738.592773	-195.447845
737.402344	115.462433
736.211914	33.700539
735.020508	69.501091
733.829102	21.357702
732.636719	155.724731
731.444336	-97.943230
730.251953	72.011963
729.059570	40.645950
727.866211	47.000126
726.673828	-28.380245
725.479492	-7.391513
724.286133	151.772171
723.091797	76.347000
721.897461	-61.866219
720.703125	203.830170
719.507813	59.306976
718.312500	63.321354
717.117188	67.292938
715.921875	179.933456
714.725586	154.527023
713.529297	43.409542
712.332031	243.583069
711.135742	115.689560
709.938477	50.450039
708.740234	214.834717
707.542969	266.377808
706.344727	259.414886
705.146484	523.604431
703.948242	579.040527
702.749023	373.742798
701.549805	406.141998
700.350586	540.594543
699.150391	333.194855
697.950195	227.914459
696.750000	101.799026
695.549805	140.185440
694.348633	411.655273
693.147461	104.354240
691.946289	319.417938
690.744141	349.187531
689.541992	472.484589
688.339844	271.311890
687.136719	438.139465
685.934570	328.436523
684.730469	601.066345
683.527344	464.308655
682.323242	458.430756
681.119141	265.667297
679.915039	425.870544
678.710938	324.498688
677.505859	245.996658
676.300781	138.496490
675.094727	109.867027
673.889648	199.452316
672.683594	257.932800
671.476563	-54.529961
670.270508	221.616699
669.063477	-270.790527
667.856445	158.650848
666.648438	-53.851944
665.440430	54.675175
664.232422	99.106514
663.024414	-63.254196
661.815430	24.877655
660.606445	-58.519321
659.397461	110.517120
658.188477	-104.795090
656.978516	231.941803
655.768555	-57.247864
654.557617	-48.630211
653.346680	-204.954803
652.135742	6.554411
650.924805	69.660789
649.712891	172.272888
648.501953	31.750620
647.289063	-69.133720
646.077148	164.480072
644.864258	-75.736076
643.651367	35.000900
642.438477	98.784157
641.224609	4.438771
640.010742	207.270874
638.796875	95.557030
637.582031	-42.234715
636.367188	184.982712
635.152344	174.109055
633.937500	1.466311
632.721680	169.036316
631.505859	195.475174
630.289063	-1.286504
629.073242	250.968475
627.856445	119.852013
626.639648	341.067871
625.421875	101.174530
624.204102	-36.887936
622.986328	222.452362
621.768555	-44.526821
620.549805	26.399361
619.331055	-26.492205
618.111328	166.099792
616.892578	-47.950481
