1721.000977	-3.669381
1720.027344	-59.831100
1719.052734	-183.303009
1718.078125	13.132704
1717.104492	18.819540
1716.128906	-30.164045
1715.154297	76.512390
1714.178711	82.410858
1713.204102	95.278038
1712.228516	-18.124418
1711.251953	60.005047
1710.276367	99.042076
1709.299805	-187.805664
1708.324219	93.305374
1707.347656	215.011673
1706.370117	-6.845293
1705.393555	-60.236977
1704.416016	18.920109
1703.438477	-58.460007
1702.460938	-3.285729
1701.483398	161.368896
1700.505859	44.356937
1699.527344	26.656197
1698.548828	90.349991
1697.570313	-43.049141
1696.591797	-51.585842
1695.612305	-6.831747
1694.632813	-23.678787
1693.653320	40.867863
1692.673828	-65.871300
1691.694336	-14.639759
1690.713867	-1.955346
1689.734375	58.961567
1688.753906	114.519325
1687.772461	65.311829
1686.791992	-4.446763
1685.810547	-161.010773
1684.830078	107.802582
1683.848633	22.273586
1682.866211	58.858501
1681.884766	-29.453550
1680.902344	80.687027
1679.919922	17.602840
1678.937500	23.141653
1677.955078	23.494608
1676.971680	-60.189968
1675.989258	171.422791
1675.005859	128.272995
1674.022461	-108.104385
1673.038086	-105.563507
1672.054688	-95.433388
1671.070313	79.757599
1670.085938	18.645025
1669.101563	122.583191
1668.117188	-27.413712
1667.131836	-121.535713
1666.146484	83.817566
1665.161133	53.130222
1664.175781	-152.567032
1663.189453	-8.206420
1662.204102	105.695984
1661.217773	11.682343
1660.231445	-64.528336
1659.245117	51.900131
1658.257813	-16.645132
1657.270508	-52.199749
1656.284180	8.544035
1655.295898	-11.744997
1654.308594	-69.937164
1653.321289	-145.772217
1652.333008	97.272820
1651.344727	-67.018776
1650.356445	-122.430710
1649.367188	-94.328987
1648.378906	-5.489553
1647.389648	-189.624481
1646.400391	66.098206
1645.411133	-173.430191
1644.420898	19.148516
1643.431641	17.264975
1642.441406	-32.538982
1641.451172	157.574417
1640.459961	-8.209688
1639.469727	33.082172
1638.478516	56.755630
1637.487305	-2.743909
1636.496094	68.992287
1635.504883	29.835730
1634.512695	48.735043
1633.520508	150.872208
1632.528320	91.778595
1631.536133	0.037274
1630.543945	190.502686
1629.550781	78.772835
1628.557617	324.670471
1627.564453	213.111282
1626.571289	393.597900
1625.578125	400.476593
1624.583984	470.303345
1623.589844	276.099396
1622.595703	564.829956
1621.601563	732.843933
1620.606445	780.203369
1619.611328	712.020630
1618.616211	922.812561
1617.621094	837.186646
1616.625977	816.961243
1615.629883	769.180969
1614.633789	713.958679
1613.637695	892.232666
1612.641602	919.943298
1611.645508	757.045593
1610.648438	787.397644
1609.651367	875.475159
1608.654297	1048.820679
1607.657227	760.936157
1606.659180	851.638733
1605.662109	1020.045044
1604.664063	1316.183594
1603.666016	1226.556641
1602.666992	1239.673218
1601.668945	1202.779175
1600.669922	1316.117310
1599.670898	1311.844971
1598.671875	969.864990
1597.671875	920.725708
1596.672852	1081.735840
1595.672852	1225.210815
1594.672852	803.711121
1593.671875	832.289917
1592.671875	715.981262
1591.670898	712.169373
1590.669922	566.027710
1589.668945	407.497223
1588.667969	453.795380
1587.666016	193.071304
1586.664063	349.258118
1585.662109	188.533142
1584.660156	277.362823
1583.658203	184.117889
1582.655273	267.969177
1581.652344	52.650436
1580.649414	124.082253
1579.646484	73.401009
1578.642578	122.410530
1577.638672	126.583771
1576.634766	1.273943
1575.630859	122.533516
1574.626953	159.121017
1573.622070	150.899078
1572.618164	165.100739
1571.613281	89.738647
1570.607422	111.415207
1569.602539	110.721825
1568.596680	-34.172466
1567.590820	263.460114
1566.584961	-231.799484
1565.579102	165.150192
1564.572266	-148.535950
1563.566406	64.453201
1562.559570	53.866032
1561.551758	73.067802
1560.544922	17.812008
1559.537109	39.497547
1558.530273	31.411142
1557.521484	13.386079
1556.513672	15.216202
1555.505859	26.960945
1554.497070	-154.669830
1553.488281	-6.599538
1552.479492	62.111469
1551.470703	-30.242645
1550.460938	-182.019318
1549.451172	79.809303
1548.441406	222.681000
1547.431641	-25.612900
1546.421875	-33.758591
1545.411133	91.688354
1544.400391	-5.564400
1543.389648	191.526520
1542.378906	106.634384
1541.367188	48.949787
1540.355469	-72.986488
1539.343750	-239.364365
1538.332031	66.201424
1537.320313	15.930177
1536.307617	-165.232559
1535.294922	33.901608
1534.282227	-105.253616
1533.269531	51.796535
1532.256836	-84.868179
1531.243164	-9.341224
1530.229492	-25.121532
1529.215820	-63.106823
1528.202148	-133.143036
1527.187500	-119.370468
1526.172852	-140.122879
1525.158203	38.688416
1524.143555	-80.658409
1523.127930	46.299900
1522.113281	119.026093
1521.097656	-219.427185
1520.082031	79.713928
1519.065430	154.772064
1518.049805	-134.324966
1517.033203	-29.774582
1516.016602	99.304642
1515.000000	-59.353889
1513.982422	0.802012
1512.965820	-118.483253
1511.948242	-73.120972
1510.930664	102.405167
1509.913086	46.966373
1508.894531	-141.078522
1507.875977	22.009563
1506.857422	35.285454
1505.838867	50.991512
1504.820313	93.662109
1503.800781	-180.147598
1502.781250	66.062317
1501.761719	248.401474
1500.742188	82.544907
1499.721680	142.213806
1498.702148	-146.102737
1497.681641	153.644806
1496.661133	-2.329614
1495.639648	116.005745
1494.618164	315.070923
1493.597656	190.937393
1492.576172	61.936890
1491.553711	123.813873
1490.532227	75.581100
1489.509766	-33.798836
1488.487305	-60.008320
1487.464844	67.796791
1486.442383	-58.659454
1485.418945	15.296306
1484.395508	15.915357
1483.372070	-25.002066
1482.348633	227.141159
1481.324219	125.124855
1480.300781	-198.984283
1479.276367	52.995995
1478.251953	-39.185867
1477.226563	-70.358421
1476.202148	27.752083
1475.176758	101.418747
1474.151367	1.950587
1473.125000	195.002457
1472.099609	17.562019
1471.073242	59.460003
1470.046875	-110.589294
1469.020508	126.140228
1467.994141	73.015297
1466.966797	78.323624
1465.939453	-3.991974
1464.912109	108.391304
1463.884766	91.787453
1462.856445	294.083832
1461.829102	357.693817
1460.800781	-1.773396
1459.772461	300.075165
1458.743164	414.658142
1457.714844	288.662323
1456.685547	488.224274
1455.656250	376.833649
1454.625977	457.306580
1453.596680	659.143250
1452.566406	567.203979
1451.536133	446.188232
1450.505859	291.264618
1449.474609	235.850830
1448.444336	335.682343
1447.413086	287.569672
1446.381836	372.807098
1445.350586	295.639252
1444.318359	271.809143
1443.286133	177.745728
1442.253906	25.603830
1441.221680	287.607605
1440.189453	181.526093
1439.156250	82.751747
1438.123047	397.836517
1437.089844	136.982086
1436.056641	127.814896
1435.022461	249.246994
1433.988281	-100.841644
1432.954102	211.584641
1431.919922	-29.560623
1430.885742	132.934967
1429.850586	99.688591
1428.815430	114.776413
1427.780273	-145.408539
1426.744141	-103.694351
1425.708984	15.269862
1424.672852	119.711288
1423.636719	-140.193451
1422.600586	-26.077730
1421.563477	39.764641
1420.527344	103.197952
1419.490234	-23.827744
1418.452148	-27.872526
1417.415039	122.332031
1416.376953	-185.247299
1415.338867	97.432091
1414.300781	-53.440975
1413.262695	-136.816315
1412.224609	-94.966034
1411.185547	-94.032387
1410.146484	-40.141907
1409.107422	-164.259094
1408.067383	-110.338646
1407.027344	-133.359726
1405.987305	38.374260
1404.947266	-23.073870
1403.907227	119.778603
1402.866211	39.161659
1401.826172	148.365265
1400.785156	271.947723
1399.743164	169.811737
1398.702148	166.170898
1397.660156	172.149124
1396.618164	300.517853
1395.576172	316.116180
1394.533203	319.733826
1393.491211	455.266693
1392.448242	454.116272
1391.405273	615.974670
1390.361328	669.952148
1389.318359	788.630676
1388.274414	849.791931
1387.230469	1016.325195
1386.186523	952.972778
1385.141602	1045.259033
1384.097656	943.697327
1383.052734	1074.288330
1382.007813	1171.364502
1380.961914	1282.769531
1379.916992	1104.841675
1378.871094	1151.729370
1377.825195	1103.023560
1376.778320	700.703979
1375.732422	943.645691
1374.685547	909.432739
1373.638672	691.387573
1372.591797	487.792358
1371.543945	520.623047
1370.497070	558.252319
1369.449219	498.063507
1368.400391	511.874146
1367.352539	461.325226
1366.303711	770.873535
1365.255859	522.489075
1364.206055	529.252197
1363.157227	636.136230
1362.108398	500.001007
1361.058594	459.224030
1360.008789	599.481567
1358.958984	480.197357
1357.908203	353.847687
1356.857422	458.428009
1355.806641	303.650208
1354.755859	227.472214
1353.705078	429.620575
1352.653320	343.993500
1351.601563	467.635101
1350.549805	317.929108
1349.498047	284.756256
1348.445313	482.066711
1347.393555	387.180695
1346.340820	180.748581
1345.287109	2.919744
1344.234375	214.491791
1343.180664	91.378914
1342.126953	312.386536
1341.073242	96.856384
1340.019531	123.356651
1338.964844	55.024246
1337.910156	79.206451
1336.855469	86.819160
1335.799805	11.516904
1334.745117	156.608368
1333.689453	79.017067
1332.633789	108.052017
1331.578125	125.266785
1330.521484	154.332642
1329.464844	-27.203196
1328.408203	-199.166107
1327.351563	26.377325
1326.294922	-65.054520
1325.237305	46.920731
1324.179688	-49.150887
1323.122070	-81.338898
1322.064453	4.662164
1321.005859	22.139086
1319.947266	30.188545
1318.888672	-150.646698
1317.830078	27.477900
1316.770508	59.203697
1315.710938	-67.165718
1314.651367	169.887009
1313.591797	-62.544571
1312.531250	-73.170540
1311.471680	-17.740316
1310.411133	263.988312
1309.349609	175.598190
1308.289063	44.868057
1307.227539	67.338135
1306.166016	-126.857231
1305.104492	-106.661636
1304.042969	-161.783325
1302.980469	-219.215317
1301.917969	-10.684739
1300.855469	56.618736
1299.792969	-141.878372
1298.729492	-22.794992
1297.666016	-124.747971
1296.602539	168.277084
1295.539063	-133.386078
1294.474609	-51.910950
1293.411133	43.654221
1292.346680	56.992977
1291.281250	11.641284
1290.216797	212.834930
1289.151367	52.508575
1288.085938	70.613480
1287.020508	114.540024
1285.955078	-181.634903
1284.888672	242.260147
1283.822266	-166.311935
1282.755859	-185.578979
1281.689453	-57.175957
1280.622070	61.813763
1279.554688	56.621517
1278.487305	49.110336
1277.419922	46.305363
1276.351563	-108.644241
1275.283203	87.557228
1274.214844	54.381195
1273.146484	56.330338
1272.077148	4.498253
1271.008789	104.707771
1269.939453	-28.901493
1268.869141	47.924171
1267.799805	136.424469
1266.729492	101.072144
1265.659180	86.775970
1264.588867	77.174377
1263.517578	212.347458
1262.447266	-16.667440
1261.375977	57.822353
1260.304688	52.964783
1259.232422	134.432785
1258.161133	108.602432
1257.088867	239.022018
1256.016602	439.337463
1254.943359	268.989319
1253.871094	133.689529
1252.797852	366.552887
1251.724609	177.744766
1250.650391	487.367950
1249.577148	473.258209
1248.502930	249.673096
1247.428711	391.565033
1246.354492	305.395691
1245.279297	170.425171
1244.204102	363.439819
1243.128906	347.122040
1242.053711	295.955963
1240.977539	179.745697
1239.902344	400.523010
1238.826172	151.950043
1237.750000	196.141190
1236.672852	142.794174
1235.595703	145.198151
1234.518555	189.391968
1233.441406	43.294361
1232.364258	24.873837
1231.286133	83.009834
1230.208008	-69.897224
1229.129883	67.084099
1228.051758	231.830521
1226.972656	60.477383
1225.893555	0.424096
1224.814453	239.228058
1223.734375	12.426983
1222.655273	109.900848
1221.575195	216.595444
1220.495117	13.121053
1219.415039	-76.874107
1218.333984	-62.724331
1217.252930	-25.443392
1216.171875	41.890373
1215.090820	19.039438
1214.008789	74.786743
1212.926758	-17.376650
1211.844727	-26.320093
1210.762695	265.023560
1209.679688	-46.489426
1208.597656	43.878021
1207.513672	-66.619423
1206.430664	58.336391
1205.347656	-59.020382
1204.263672	-60.985828
1203.179688	-371.984009
1202.095703	-64.898941
1201.010742	-124.482727
1199.925781	-18.095016
1198.840820	-68.435242
1197.755859	5.650663
1196.670898	-51.574825
1195.584961	-0.549338
1194.499023	-110.695061
1193.413086	92.238770
1192.326172	-107.622002
1191.239258	-1.404651
1190.152344	-157.447296
1189.065430	-55.859550
1187.978516	105.462845
1186.890625	52.939728
1185.802734	55.597092
1184.714844	78.932739
1183.625977	21.855780
1182.538086	153.131287
1181.449219	130.506393
1180.360352	351.222900
1179.270508	413.477966
1178.180664	223.306366
1177.090820	432.380707
1176.000977	400.543488
1174.911133	437.508331
1173.820313	222.275131
1172.729492	215.709717
1171.638672	83.112572
1170.547852	92.614296
1169.456055	326.572235
1168.364258	159.679306
1167.272461	256.146149
1166.179688	224.380905
1165.087891	361.977631
1163.995117	197.496964
1162.902344	284.702118
1161.808594	477.058838
1160.715820	598.451172
1159.622070	651.205383
1158.528320	594.230225
1157.433594	514.424988
1156.339844	560.292847
1155.245117	425.704987
1154.149414	391.633759
1153.054688	197.777695
1151.958984	515.240356
1150.863281	524.506653
1149.767578	561.138672
1148.671875	504.231873
1147.575195	600.120972
1146.478516	442.898315
1145.381836	550.137756
1144.285156	181.053772
1143.187500	475.098358
1142.089844	217.781754
1140.992188	26.612368
1139.894531	-23.325174
1138.795898	-66.426605
1137.697266	-114.071342
1136.598633	209.156281
1135.499023	295.651489
1134.400391	-52.272800
1133.300781	31.943762
1132.201172	57.007732
1131.100586	86.586777
1130.000977	34.345379
1128.900391	-76.954002
1127.799805	-170.050125
1126.698242	-76.929672
1125.596680	32.024082
1124.495117	102.329292
1123.393555	-65.670708
1122.291992	-2.213632
1121.189453	267.590729
1120.086914	292.357147
1118.984375	500.728790
1117.881836	502.728668
1116.778320	683.724426
1115.674805	696.968628
1114.571289	714.714722
1113.466797	472.006104
1112.363281	557.676514
1111.258789	715.715515
1110.153320	527.413696
1109.048828	382.167267
1107.943359	178.145432
1106.837891	537.309814
1105.732422	437.304413
1104.625977	518.154968
1103.520508	601.209045
1102.414063	349.793915
1101.306641	297.248840
1100.200195	210.831680
1099.092773	314.090240
1097.985352	250.222549
1096.877930	132.191025
1095.769531	433.874664
1094.661133	435.358276
1093.552734	247.354294
1092.444336	7.543845
1091.335938	108.227226
1090.226563	364.347778
1089.117188	23.172060
1088.006836	-0.229692
1086.897461	37.168503
1085.787109	54.243912
1084.676758	-43.541496
1083.566406	263.837158
1082.455078	240.237122
1081.343750	320.106720
1080.232422	460.634918
1079.121094	373.934509
1078.008789	242.262970
1076.896484	229.748474
1075.784180	343.052612
1074.671875	458.514709
1073.558594	270.628479
1072.445313	170.375748
1071.332031	308.127075
1070.217773	376.182739
1069.104492	129.975800
1067.990234	368.486206
1066.875977	315.223206
1065.760742	228.295547
1064.645508	-2.140924
1063.530273	94.778526
1062.415039	-135.608704
1061.299805	281.632477
1060.183594	295.393768
1059.067383	58.257053
1057.951172	36.145634
1056.833984	159.505875
1055.716797	-124.586143
1054.599609	146.347610
1053.482422	-54.933563
1052.364258	226.942352
1051.247070	188.878357
1050.128906	188.781021
1049.009766	72.397812
1047.891602	166.081223
1046.772461	98.807892
1045.653320	239.240204
1044.533203	-11.244233
1043.414063	399.191803
1042.293945	106.268784
1041.173828	49.973492
1040.052734	47.191223
1038.932617	55.515415
1037.811523	-5.357217
1036.689453	58.592361
1035.568359	146.983246
1034.446289	119.386948
1033.324219	209.833557
1032.202148	-167.603043
1031.079102	29.645750
1029.957031	402.650696
1028.833984	-108.314003
1027.709961	-33.797592
1026.586914	-188.543472
1025.462891	48.232090
1024.338867	78.006920
1023.214844	-76.844254
1022.089844	-207.237488
1020.964844	-46.483875
1019.839844	-59.179329
1018.714844	23.595852
1017.588867	-33.658524
1016.462891	-37.655636
1015.336914	31.545738
1014.210938	-296.626831
1013.083984	98.658371
1011.957031	-47.600670
1010.830078	172.107651
1009.702148	76.769203
1008.574219	209.755249
1007.446289	488.903595
1006.318359	1133.489502
1005.190430	1458.698608
1004.061523	1896.647461
1002.932617	1324.564941
1001.802734	737.174988
1000.673828	557.264160
999.543945	224.672897
998.414063	201.905777
997.283203	371.510834
996.153320	240.237900
995.022461	307.931000
993.891602	379.952454
992.759766	767.879456
991.628906	1135.690796
990.497070	1072.536865
989.364258	1336.175537
988.232422	1568.732300
987.099609	1807.732422
985.966797	1832.497681
984.833984	1941.032227
983.700195	2045.034058
982.566406	1769.612305
981.432617	1941.833740
980.298828	1620.150024
979.164063	1435.180664
978.029297	1261.252197
976.894531	1140.212402
975.759766	713.050110
974.624023	497.387115
973.488281	799.063416
972.352539	788.036560
971.215820	420.502472
970.080078	323.662720
968.943359	422.533569
967.805664	530.090088
966.668945	356.176819
965.531250	454.798035
964.393555	320.413544
963.254883	113.535469
962.117188	372.311523
960.978516	235.675461
959.839844	224.179092
958.700195	304.807159
957.561523	339.278107
956.421875	347.351624
955.281250	546.171082
954.141602	433.500092
953.000977	412.895081
951.860352	484.306793
950.719727	579.743958
949.578125	401.247955
948.436523	459.332062
947.294922	263.344971
946.153320	268.811218
945.010742	462.449829
943.868164	198.635681
942.725586	214.926559
941.583008	235.548233
940.439453	107.422844
939.295898	55.837608
938.152344	85.114075
937.007813	9.445883
935.863281	130.401642
934.718750	-76.347427
933.574219	101.289841
932.428711	416.346954
931.283203	155.019669
930.137695	-38.563686
928.992188	5.715487
927.845703	209.166153
926.699219	107.216591
925.552734	16.198387
924.405273	-7.237680
923.257813	-0.171018
922.110352	89.667503
920.962891	159.849762
919.814453	-103.192131
918.666016	145.493774
917.517578	-97.848694
916.369141	68.018433
915.219727	105.435570
914.070313	-9.420649
912.920898	-6.796558
911.770508	104.519424
910.621094	13.658174
909.470703	-3.283044
908.319336	51.472977
907.168945	-67.540543
906.017578	6.771817
904.866211	-172.954239
903.713867	-118.170967
902.562500	71.156723
901.410156	-82.385292
900.256836	132.890488
899.104492	59.685101
897.951172	-182.581421
896.797852	123.677742
895.644531	-83.765930
894.490234	248.375870
893.335938	-130.065964
892.181641	61.238686
891.027344	98.772263
889.872070	142.809570
888.716797	26.728319
887.561523	189.839096
886.405273	26.289892
885.249023	12.079417
884.092773	38.998749
882.936523	-173.969620
881.779297	69.176041
880.622070	-93.913399
879.464844	0.172285
878.307617	-87.127365
877.149414	-275.808441
875.991211	202.639069
874.833008	-130.480042
873.673828	-180.753510
872.514648	144.383224
871.355469	189.094269
870.196289	-9.768742
869.036133	-130.875320
867.875977	28.299751
866.715820	129.309219
865.554688	195.882233
864.394531	421.873138
863.233398	70.835968
862.071289	-58.254478
860.910156	408.914673
859.748047	219.745468
858.585938	377.067139
857.422852	338.708893
856.259766	360.665741
855.096680	277.386780
853.933594	587.510498
852.770508	190.745834
851.606445	496.648804
850.442383	-41.438408
849.277344	391.255280
848.113281	207.829590
846.948242	-102.016716
845.783203	23.923218
844.617188	263.596588
843.451172	209.485352
842.285156	159.805908
841.119141	118.842979
839.952148	110.161217
838.785156	80.181511
837.618164	-18.202175
836.451172	211.232224
835.283203	29.616079
834.115234	107.211456
832.947266	41.523502
831.778320	194.216995
830.609375	163.022278
829.440430	395.006866
828.271484	306.328064
827.101563	117.359917
825.931641	180.779358
824.761719	84.073631
823.590820	-48.761929
822.420898	386.641998
821.250000	343.749878
820.078125	283.939697
818.907227	350.208801
817.735352	491.258484
816.562500	323.101410
815.390625	351.360840
814.217773	36.504387
813.044922	201.519470
811.872070	409.222748
810.698242	35.356373
809.524414	262.461884
808.350586	159.541306
807.176758	-126.272621
806.001953	122.434326
804.827148	126.456863
803.651367	147.642914
802.476563	54.112282
801.300781	-51.989719
800.125000	-9.076231
798.948242	250.757507
797.772461	125.997185
796.595703	233.007538
795.417969	170.190460
794.241211	237.081451
793.063477	361.401215
791.885742	180.168732
790.707031	202.871124
789.529297	316.927307
788.350586	178.669922
787.170898	225.095978
785.992188	288.596130
784.812500	371.276886
783.632813	206.130432
782.452148	248.802246
781.272461	170.859451
780.091797	215.895432
778.911133	205.995316
777.729492	162.359360
776.547852	110.400406
775.366211	122.051720
774.184570	72.480858
773.001953	-163.029892
771.819336	233.771408
770.636719	-1.442093
769.453125	-120.222076
768.269531	-97.303482
767.085938	-188.341568
765.902344	88.166557
764.717773	64.876205
763.533203	-317.098633
762.348633	-139.647949
761.163086	86.324997
759.977539	-193.890549
758.791992	122.821075
757.606445	76.876205
756.419922	-133.360947
755.233398	61.122921
754.046875	-178.367416
752.859375	-188.122101
751.672852	86.431419
750.485352	99.884590
749.296875	264.909241
748.108398	284.724945
746.919922	117.352844
745.731445	223.497665
744.542969	268.649200
743.353516	55.255398
742.164063	178.238434
740.973633	303.284454
739.783203	10.274510
738.592773	267.631744
737.402344	94.460930
736.211914	-26.150784
735.020508	-41.777206
733.829102	267.800385
732.636719	19.258120
731.444336	225.888901
730.251953	294.021942
729.059570	-128.392426
727.866211	331.614777
726.673828	110.454575
725.479492	12.943713
724.286133	214.888794
723.091797	-112.998077
721.897461	36.449280
720.703125	-96.740570
719.507813	-33.268726
718.312500	90.759773
717.117188	310.848236
715.921875	70.810585
714.725586	46.090263
713.529297	-20.499313
712.332031	128.036087
711.135742	174.060669
709.938477	219.963730
708.740234	98.725487
707.542969	298.865326
706.344727	586.440308
705.146484	575.437134
703.948242	1031.516479
702.749023	1063.962036
701.549805	1271.384277
700.350586	801.208191
699.150391	820.799683
697.950195	438.184113
696.750000	659.609497
695.549805	274.860962
694.348633	33.797184
693.147461	300.530945
691.946289	78.020203
690.744141	3.170917
689.541992	198.583481
688.339844	493.564392
687.136719	175.020325
685.934570	344.884979
684.730469	408.556030
683.527344	501.140106
682.323242	323.554810
681.119141	293.333618
679.915039	316.965607
678.710938	-128.567612
677.505859	35.979122
676.300781	337.233490
675.094727	215.156326
673.889648	-91.501305
672.683594	-95.487381
671.476563	144.962097
670.270508	180.090729
669.063477	345.610931
667.856445	198.266571
666.648438	-91.936569
665.440430	108.504745
664.232422	126.694832
663.024414	28.975105
661.815430	82.270287
660.606445	238.920959
659.397461	-100.685982
658.188477	120.024742
656.978516	28.625944
655.768555	-101.936546
654.557617	-40.287056
653.346680	-7.491464
652.135742	-50.994923
650.924805	235.887405
649.712891	35.789787
648.501953	211.428574
647.289063	-103.707397
646.077148	-59.678333
644.864258	58.789646
643.651367	14.652920
642.438477	-152.789566
641.224609	168.415466
640.010742	65.565849
638.796875	232.906250
637.582031	32.120029
636.367188	41.829037
635.152344	179.618591
633.937500	161.558075
632.721680	43.329399
631.505859	332.913116
630.289063	261.255585
629.073242	541.793945
627.856445	383.292175
626.639648	400.306488
625.421875	225.162872
624.204102	48.996681
622.986328	29.925793
621.768555	18.085842
620.549805	128.437820
619.331055	-250.310715
618.111328	81.946663
616.892578	-37.737701
