1721.000977	208.174408
1720.027344	126.759880
1719.052734	320.289764
1718.078125	174.374741
1717.104492	345.982788
1716.128906	-116.644966
1715.154297	-195.029633
1714.178711	31.091417
1713.204102	197.638535
1712.228516	-174.586380
1711.251953	49.766033
1710.276367	-26.132864
1709.299805	-97.372887
1708.324219	-38.418873
1707.347656	-13.221167
1706.370117	70.392761
1705.393555	184.320038
1704.416016	-206.192719
1703.438477	75.804665
1702.460938	-189.909012
1701.483398	-299.869965
1700.505859	-192.814224
1699.527344	100.442459
1698.548828	216.995667
1697.570313	26.685946
1696.591797	-227.644653
1695.612305	146.038681
1694.632813	-124.017052
1693.653320	-105.738815
1692.673828	-69.800110
1691.694336	103.714958
1690.713867	228.484589
1689.734375	-228.416229
1688.753906	-30.002630
1687.772461	-58.737694
1686.791992	-296.564331
1685.810547	-111.441017
1684.830078	455.681244
1683.848633	171.665100
1682.866211	-99.633888
1681.884766	235.100327
1680.902344	302.285553
1679.919922	122.495255
1678.937500	69.931580
1677.955078	175.058121
1676.971680	-147.255814
1675.989258	156.109406
1675.005859	44.850452
1674.022461	314.883087
1673.038086	-40.444027
1672.054688	99.843330
1671.070313	-128.332794
1670.085938	88.024521
1669.101563	400.763245
1668.117188	121.836578
1667.131836	266.857361
1666.146484	-131.248642
1665.161133	117.779747
1664.175781	49.625397
1663.189453	-15.994134
1662.204102	-15.626296
1661.217773	-2.604883
1660.231445	142.213440
1659.245117	-1.887798
1658.257813	393.671570
1657.270508	-79.703987
1656.284180	-13.430532
1655.295898	126.188805
1654.308594	-15.168511
1653.321289	-103.297974
1652.333008	347.547913
1651.344727	-132.711700
1650.356445	67.611710
1649.367188	308.308441
1648.378906	-55.265694
1647.389648	203.105484
1646.400391	-107.194847
1645.411133	27.337793
1644.420898	399.262939
1643.431641	51.322220
1642.441406	-51.545532
1641.451172	37.518780
1640.459961	361.269897
1639.469727	94.476112
1638.478516	57.373215
1637.487305	418.855011
1636.496094	-140.254410
1635.504883	594.337769
1634.512695	642.964355
1633.520508	419.417114
1632.528320	531.121521
1631.536133	509.292084
1630.543945	409.420593
1629.550781	1211.093750
1628.557617	1320.110718
1627.564453	1164.814697
1626.571289	969.349854
1625.578125	1355.203735
1624.583984	1418.904663
1623.589844	1890.036499
1622.595703	1925.993164
1621.601563	1969.500610
1620.606445	2264.329102
1619.611328	2028.836304
1618.616211	2328.603027
1617.621094	2477.554688
1616.625977	1986.081055
1615.629883	2127.522949
1614.633789	1862.265015
1613.637695	1865.681152
1612.641602	1831.473877
1611.645508	1890.126831
1610.648438	1695.414673
1609.651367	1821.780273
1608.654297	2116.093750
1607.657227	2239.846680
1606.659180	2363.532715
1605.662109	2614.998535
1604.664063	2495.595215
1603.666016	2251.031250
1602.666992	2780.284180
1601.668945	2345.521240
1600.669922	2118.668213
1599.670898	2424.936768
1598.671875	2325.779541
1597.671875	1896.459961
1596.672852	2360.168213
1595.672852	1555.990479
1594.672852	1497.099609
1593.671875	1400.724121
1592.671875	1596.780518
1591.670898	1512.929321
1590.669922	1206.820190
1589.668945	726.042358
1588.667969	947.040833
1587.666016	835.927124
1586.664063	747.331177
1585.662109	588.908752
1584.660156	273.401886
1583.658203	636.415588
1582.655273	443.190674
1581.652344	297.415558
1580.649414	176.632996
1579.646484	212.893555
1578.642578	94.645149
1577.638672	13.810650
1576.634766	266.729767
1575.630859	-38.191341
1574.626953	-138.851227
1573.622070	-142.434570
1572.618164	294.451324
1571.613281	273.366852
1570.607422	115.464447
1569.602539	121.789101
1568.596680	222.557678
1567.590820	-390.111572
1566.584961	-23.359159
1565.579102	127.080681
1564.572266	-62.902157
1563.566406	132.194290
1562.559570	-13.006498
1561.551758	-46.457371
1560.544922	160.902176
1559.537109	107.586433
1558.530273	-114.379303
1557.521484	45.682720
1556.513672	-12.517861
1555.505859	-11.184566
1554.497070	-156.134079
1553.488281	-70.525452
1552.479492	52.223785
1551.470703	41.153141
1550.460938	59.785938
1549.451172	-33.017334
1548.441406	-29.217112
1547.431641	76.081665
1546.421875	109.574844
1545.411133	14.371918
1544.400391	131.962234
1543.389648	-165.985611
1542.378906	-152.232773
1541.367188	-103.896111
1540.355469	-196.451172
1539.343750	-249.412903
1538.332031	-117.042374
1537.320313	-58.815441
1536.307617	4.315279
1535.294922	163.725754
1534.282227	-99.028610
1533.269531	30.759964
1532.256836	-224.419495
1531.243164	-45.308418
1530.229492	12.887013
1529.215820	-69.476944
1528.202148	-70.422943
1527.187500	-133.000809
1526.172852	-35.342613
1525.158203	-87.994408
1524.143555	-32.209270
1523.127930	-355.732147
1522.113281	-88.101845
1521.097656	-27.375439
1520.082031	523.142944
1519.065430	62.063972
1518.049805	248.282181
1517.033203	-94.415421
1516.016602	214.752808
1515.000000	-9.708329
1513.982422	-71.832413
1512.965820	485.462097
1511.948242	-21.408369
1510.930664	265.458710
1509.913086	-164.935806
1508.894531	124.343567
1507.875977	-239.500031
1506.857422	-14.063372
1505.838867	275.123199
1504.820313	80.896461
1503.800781	-289.850769
1502.781250	85.154648
1501.761719	310.476105
1500.742188	8.692622
1499.721680	-82.166107
1498.702148	187.300201
1497.681641	47.544685
1496.661133	552.078430
1495.639648	321.771240
1494.618164	150.372314
1493.597656	174.954865
1492.576172	204.445282
1491.553711	11.289925
1490.532227	-460.565155
1489.509766	-112.876709
1488.487305	31.771986
1487.464844	171.526276
1486.442383	3.316618
1485.418945	326.384552
1484.395508	97.228539
1483.372070	200.423553
1482.348633	-255.599945
1481.324219	-88.791595
1480.300781	248.914215
1479.276367	39.828499
1478.251953	438.468719
1477.226563	75.846481
1476.202148	357.370483
1475.176758	151.117905
1474.151367	191.258240
1473.125000	58.361919
1472.099609	120.575256
1471.073242	579.944763
1470.046875	174.440414
1469.020508	119.879112
1467.994141	257.769318
1466.966797	118.131088
1465.939453	148.992538
1464.912109	552.217468
1463.884766	128.189301
1462.856445	419.486908
1461.829102	654.832947
1460.800781	384.423920
1459.772461	770.513916
1458.743164	267.022034
1457.714844	922.826355
1456.685547	854.502930
1455.656250	813.004700
1454.625977	1096.950195
1453.596680	1007.025391
1452.566406	664.771912
1451.536133	606.661621
1450.505859	1208.554321
1449.474609	604.732971
1448.444336	200.132584
1447.413086	930.451782
1446.381836	846.068298
1445.350586	344.955017
1444.318359	733.360168
1443.286133	787.383911
1442.253906	923.811462
1441.221680	675.256348
1440.189453	477.730530
1439.156250	604.685669
1438.123047	540.502625
1437.089844	282.876740
1436.056641	141.554276
1435.022461	554.163086
1433.988281	-31.893108
1432.954102	235.706085
1431.919922	133.503662
1430.885742	260.984039
1429.850586	415.045044
1428.815430	-249.652390
1427.780273	95.391762
1426.744141	8.200545
1425.708984	150.462189
1424.672852	34.511967
1423.636719	-324.985779
1422.600586	157.617264
1421.563477	-83.432762
1420.527344	-271.218201
1419.490234	-29.770071
1418.452148	-193.260132
1417.415039	-354.161957
1416.376953	31.939270
1415.338867	114.476517
1414.300781	71.844109
1413.262695	-327.005066
1412.224609	-135.868134
1411.185547	-14.537223
1410.146484	-73.626793
1409.107422	-190.336349
1408.067383	-92.891388
1407.027344	-103.601982
1405.987305	210.308868
1404.947266	242.969757
1403.907227	273.298279
1402.866211	-87.922836
1401.826172	-199.084229
1400.785156	95.700218
1399.743164	200.750717
1398.702148	241.051056
1397.660156	161.401947
1396.618164	763.281311
1395.576172	614.149719
1394.533203	517.907593
1393.491211	1109.975342
1392.448242	1457.326294
1391.405273	1890.891113
1390.361328	1893.000366
1389.318359	2369.569580
1388.274414	2726.229248
1387.230469	2884.050049
1386.186523	3094.558838
1385.141602	3197.313232
1384.097656	3692.602783
1383.052734	3591.965088
1382.007813	3984.224121
1380.961914	3457.984619
1379.916992	3587.231201
1378.871094	3355.497803
1377.825195	3331.873779
1376.778320	2892.526855
1375.732422	2814.206299
1374.685547	2454.126465
1373.638672	2302.032959
1372.591797	2095.159180
1371.543945	2220.219971
1370.497070	2027.913208
1369.449219	1757.000732
1368.400391	1266.790771
1367.352539	1769.023682
1366.303711	1417.454102
1365.255859	1447.552368
1364.206055	1656.422119
1363.157227	1565.040527
1362.108398	1404.673462
1361.058594	1430.211792
1360.008789	1779.661865
1358.958984	1479.054321
1357.908203	1516.631714
1356.857422	1482.857300
1355.806641	1760.847290
1354.755859	1712.882568
1353.705078	1538.950439
1352.653320	1148.755127
1351.601563	1017.911682
1350.549805	948.973938
1349.498047	1146.265503
1348.445313	953.893127
1347.393555	1003.945923
1346.340820	1338.981934
1345.287109	505.805328
1344.234375	845.657288
1343.180664	853.158630
1342.126953	599.716736
1341.073242	474.530060
1340.019531	247.472977
1338.964844	696.312927
1337.910156	573.695190
1336.855469	-1.509680
1335.799805	248.180679
1334.745117	559.428284
1333.689453	444.230103
1332.633789	310.180389
1331.578125	176.239456
1330.521484	68.421272
1329.464844	86.124702
1328.408203	328.630341
1327.351563	-145.667969
1326.294922	54.303398
1325.237305	-119.370995
1324.179688	101.851982
1323.122070	228.483414
1322.064453	-53.688244
1321.005859	-312.086029
1319.947266	-178.256821
1318.888672	19.310488
1317.830078	-252.982376
1316.770508	-166.358994
1315.710938	7.578899
1314.651367	-122.876335
1313.591797	43.973938
1312.531250	-220.800705
1311.471680	-313.290314
1310.411133	-108.698875
1309.349609	-0.808061
1308.289063	-126.184738
1307.227539	-296.247437
1306.166016	-308.402924
1305.104492	-242.811905
1304.042969	140.603226
1302.980469	-151.650024
1301.917969	-457.865265
1300.855469	118.343666
1299.792969	33.366928
1298.729492	-244.393265
1297.666016	-258.675995
1296.602539	-202.403595
1295.539063	145.290634
1294.474609	133.352051
1293.411133	-151.033279
1292.346680	177.701630
1291.281250	-230.998230
1290.216797	247.904556
1289.151367	273.629578
1288.085938	-92.507797
1287.020508	83.472488
1285.955078	224.222366
1284.888672	226.562546
1283.822266	-155.578400
1282.755859	55.506149
1281.689453	200.901764
1280.622070	409.507446
1279.554688	74.587563
1278.487305	173.094910
1277.419922	248.173645
1276.351563	16.558868
1275.283203	131.448456
1274.214844	414.783508
1273.146484	190.364441
1272.077148	157.840576
1271.008789	604.732727
1269.939453	558.144531
1268.869141	422.759338
1267.799805	201.000198
1266.729492	299.427948
1265.659180	339.431671
1264.588867	472.847015
1263.517578	328.366547
1262.447266	349.717743
1261.375977	233.371841
1260.304688	-99.907104
1259.232422	453.417267
1258.161133	183.244156
1257.088867	276.947388
1256.016602	617.732300
1254.943359	231.186218
1253.871094	208.348724
1252.797852	1056.836060
1251.724609	1222.513794
1250.650391	885.125305
1249.577148	997.249329
1248.502930	797.416321
1247.428711	1198.097046
1246.354492	965.764099
1245.279297	759.122070
1244.204102	764.219849
1243.128906	839.080811
1242.053711	1032.478149
1240.977539	633.147949
1239.902344	464.055084
1238.826172	322.910217
1237.750000	920.418335
1236.672852	461.131989
1235.595703	269.033569
1234.518555	309.138489
1233.441406	10.442723
1232.364258	790.696106
1231.286133	434.049042
1230.208008	-145.051453
1229.129883	259.152283
1228.051758	132.375000
1226.972656	339.364777
1225.893555	-93.200966
1224.814453	218.013596
1223.734375	214.119919
1222.655273	409.382965
1221.575195	-13.524986
1220.495117	-42.785961
1219.415039	513.392883
1218.333984	123.146461
1217.252930	-47.187729
1216.171875	293.593262
1215.090820	-380.670868
1214.008789	107.971359
1212.926758	94.951012
1211.844727	8.021852
1210.762695	170.597778
1209.679688	157.595169
1208.597656	-70.100441
1207.513672	-641.645813
1206.430664	-294.419678
1205.347656	110.345917
1204.263672	-84.827133
1203.179688	19.902214
1202.095703	-168.231842
1201.010742	35.605141
1199.925781	243.968979
1198.840820	14.445419
1197.755859	-32.973572
1196.670898	214.442276
1195.584961	54.171967
1194.499023	62.036861
1193.413086	-199.389069
1192.326172	-81.009567
1191.239258	-181.241653
1190.152344	-19.206684
1189.065430	161.161499
1187.978516	120.741516
1186.890625	-119.651588
1185.802734	-146.204468
1184.714844	456.801300
1183.625977	230.278473
1182.538086	313.916321
1181.449219	-229.318802
1180.360352	256.101166
1179.270508	433.760803
1178.180664	583.809265
1177.090820	217.636810
1176.000977	989.219604
1174.911133	554.334595
1173.820313	701.929749
1172.729492	847.169678
1171.638672	611.956238
1170.547852	292.082031
1169.456055	228.869965
1168.364258	500.023590
1167.272461	448.241730
1166.179688	613.917542
1165.087891	942.009277
1163.995117	1125.803955
1162.902344	1563.418823
1161.808594	1788.138062
1160.715820	2003.622681
1159.622070	1818.960449
1158.528320	1565.815796
1157.433594	1317.331665
1156.339844	746.872559
1155.245117	1172.412720
1154.149414	488.029785
1153.054688	470.552826
1151.958984	962.018677
1150.863281	77.318100
1149.767578	162.563766
1148.671875	174.770599
1147.575195	166.429321
1146.478516	37.250984
1145.381836	-210.405762
1144.285156	417.087280
1143.187500	137.521500
1142.089844	199.729019
1140.992188	-232.267487
1139.894531	-297.531311
1138.795898	-53.232048
1137.697266	-311.990753
1136.598633	-336.304352
1135.499023	69.278572
1134.400391	44.848755
1133.300781	-247.897171
1132.201172	-69.986588
1131.100586	-224.003296
1130.000977	-157.559692
1128.900391	-66.197578
1127.799805	29.645536
1126.698242	-144.805695
1125.596680	418.593231
1124.495117	214.571823
1123.393555	223.914230
1122.291992	437.392944
1121.189453	507.841766
1120.086914	1140.592773
1118.984375	945.539490
1117.881836	1147.188599
1116.778320	1788.319214
1115.674805	1722.263428
1114.571289	1769.457520
1113.466797	1608.235229
1112.363281	1655.351807
1111.258789	1777.088623
1110.153320	1670.147705
1109.048828	1189.909546
1107.943359	1318.311401
1106.837891	1023.705322
1105.732422	1427.832031
1104.625977	1130.962646
1103.520508	947.192261
1102.414063	842.520813
1101.306641	672.317993
1100.200195	599.265442
1099.092773	171.678955
1097.985352	1028.719116
1096.877930	337.048584
1095.769531	293.219177
1094.661133	515.543701
1093.552734	196.407608
1092.444336	132.161194
1091.335938	388.002350
1090.226563	458.826263
1089.117188	81.129562
1088.006836	307.291687
1086.897461	535.553711
1085.787109	482.136627
1084.676758	500.720886
1083.566406	469.699707
1082.455078	485.862305
1081.343750	846.166626
1080.232422	1019.537170
1079.121094	1096.046631
1078.008789	1012.800659
1076.896484	623.800232
1075.784180	547.270508
1074.671875	574.046143
1073.558594	838.810425
1072.445313	665.439697
1071.332031	629.022400
1070.217773	612.714294
1069.104492	551.453674
1067.990234	184.959503
1066.875977	-37.895370
1065.760742	470.372589
1064.645508	305.640259
1063.530273	387.472656
1062.415039	552.095032
1061.299805	66.732544
1060.183594	72.071587
1059.067383	72.829224
1057.951172	306.351807
1056.833984	445.622253
1055.716797	246.752502
1054.599609	135.131851
1053.482422	-117.491005
1052.364258	1.155666
1051.247070	403.641693
1050.128906	503.999939
1049.009766	121.389107
1047.891602	33.817055
1046.772461	176.265411
1045.653320	177.811783
1044.533203	-249.546112
1043.414063	35.387917
1042.293945	92.372131
1041.173828	173.754120
1040.052734	373.203094
1038.932617	168.709137
1037.811523	89.049240
1036.689453	-632.848267
1035.568359	-202.102127
1034.446289	214.927475
1033.324219	-41.243080
1032.202148	-96.954674
1031.079102	-25.851254
1029.957031	-133.026901
1028.833984	-206.924850
1027.709961	-296.522919
1026.586914	-228.226990
1025.462891	-82.269905
1024.338867	-236.759262
1023.214844	-498.055267
1022.089844	76.451302
1020.964844	-200.663086
1019.839844	99.917191
1018.714844	235.820343
1017.588867	-245.938522
1016.462891	91.725426
1015.336914	-267.985321
1014.210938	-301.419037
1013.083984	146.501587
1011.957031	50.541634
1010.830078	571.063904
1009.702148	266.285950
1008.574219	1038.922607
1007.446289	1944.036133
1006.318359	3205.348389
1005.190430	4663.097656
1004.061523	5371.360840
1002.932617	3747.376221
1001.802734	2152.732178
1000.673828	1129.732422
999.543945	569.518005
998.414063	248.340317
997.283203	429.220795
996.153320	240.585129
995.022461	45.222176
993.891602	523.950378
992.759766	193.470535
991.628906	477.205536
990.497070	327.693451
989.364258	478.402893
988.232422	911.511597
987.099609	125.791382
985.966797	339.964233
984.833984	403.854736
983.700195	454.295868
982.566406	295.056976
981.432617	274.630737
980.298828	150.459213
979.164063	374.363312
978.029297	144.132568
976.894531	316.959137
975.759766	344.203186
974.624023	578.228333
973.488281	316.699860
972.352539	556.919373
971.215820	321.594177
970.080078	561.402588
968.943359	141.144745
967.805664	409.118286
966.668945	410.861816
965.531250	353.089020
964.393555	642.364807
963.254883	529.337402
962.117188	769.835632
960.978516	360.123108
959.839844	624.394470
958.700195	864.235168
957.561523	678.178162
956.421875	748.709229
955.281250	908.974304
954.141602	1413.307861
953.000977	1472.242310
951.860352	1566.086304
950.719727	1556.775635
949.578125	1023.739014
948.436523	1290.246826
947.294922	893.039490
946.153320	371.111328
945.010742	768.520020
943.868164	380.083282
942.725586	190.787888
941.583008	318.612732
940.439453	142.295074
939.295898	182.383713
938.152344	115.256157
937.007813	205.360565
935.863281	325.910126
934.718750	177.665390
933.574219	-304.702972
932.428711	64.456306
931.283203	-254.170471
930.137695	383.036804
928.992188	-147.293930
927.845703	-116.941162
926.699219	159.731110
925.552734	200.753326
924.405273	-344.656891
923.257813	321.703156
922.110352	619.508545
920.962891	289.825043
919.814453	445.815704
918.666016	96.593658
917.517578	261.158417
916.369141	458.243896
915.219727	56.884281
914.070313	101.560188
912.920898	174.447083
911.770508	-120.174706
910.621094	-353.800323
909.470703	433.971161
908.319336	178.498932
907.168945	46.963730
906.017578	-236.561554
904.866211	404.904083
903.713867	-113.038399
902.562500	44.174606
901.410156	-87.262703
900.256836	-140.572876
899.104492	-198.157150
897.951172	301.456207
896.797852	-113.845428
895.644531	-180.038513
894.490234	41.947086
893.335938	-214.833359
892.181641	-244.078857
891.027344	-310.078278
889.872070	344.754395
888.716797	274.384460
887.561523	20.198952
886.405273	376.131683
885.249023	100.503387
884.092773	177.474457
882.936523	72.912346
881.779297	126.200500
880.622070	572.749146
879.464844	170.289093
878.307617	22.926037
877.149414	100.227341
875.991211	602.813843
874.833008	112.584320
873.673828	235.387573
872.514648	-38.644096
871.355469	43.380154
870.196289	-135.391037
869.036133	151.598633
867.875977	173.516113
866.715820	-6.970518
865.554688	-64.488213
864.394531	108.600220
863.233398	417.365021
862.071289	-1.435578
860.910156	466.748810
859.748047	517.453979
858.585938	331.685394
857.422852	642.898926
856.259766	595.084106
855.096680	287.377350
853.933594	474.243286
852.770508	188.541000
851.606445	182.359665
850.442383	66.840096
849.277344	174.825623
848.113281	-69.047508
846.948242	127.286789
845.783203	-154.711258
844.617188	239.263062
843.451172	-80.850052
842.285156	-132.610062
841.119141	-81.248383
839.952148	-381.166870
838.785156	-271.520111
837.618164	26.788330
836.451172	10.382202
835.283203	-80.745354
834.115234	-71.000069
832.947266	437.581360
831.778320	-20.902124
830.609375	-134.560257
829.440430	226.808258
828.271484	261.138947
827.101563	175.980453
825.931641	-197.387604
824.761719	-93.904991
823.590820	308.789734
822.420898	220.411942
821.250000	401.307983
820.078125	832.085205
818.907227	390.144745
817.735352	349.736328
816.562500	401.298889
815.390625	542.677185
814.217773	473.160980
813.044922	476.408905
811.872070	62.241566
810.698242	-142.701172
809.524414	95.742180
808.350586	-434.405060
807.176758	28.052090
806.001953	-118.207039
804.827148	384.891602
803.651367	24.246206
802.476563	214.925491
801.300781	-76.953201
800.125000	226.835037
798.948242	199.145721
797.772461	399.107666
796.595703	299.667480
795.417969	553.085815
794.241211	770.548157
793.063477	327.896667
791.885742	492.724579
790.707031	778.661316
789.529297	721.034668
788.350586	489.738434
787.170898	623.496948
785.992188	814.675232
784.812500	1109.835938
783.632813	621.062012
782.452148	708.951782
781.272461	833.040039
780.091797	762.464478
778.911133	933.470703
777.729492	190.266525
776.547852	590.253113
775.366211	199.054825
774.184570	-5.641583
773.001953	151.512421
771.819336	-56.942741
770.636719	-127.742653
769.453125	135.512009
768.269531	-146.213486
767.085938	-47.479389
765.902344	-111.221085
764.717773	-22.797081
763.533203	63.623947
762.348633	-151.585205
761.163086	112.291145
759.977539	-201.697708
758.791992	100.273788
757.606445	-211.218933
756.419922	-65.128212
755.233398	220.063095
754.046875	121.824646
752.859375	642.887634
751.672852	361.585052
750.485352	522.542419
749.296875	420.412903
748.108398	1029.564087
746.919922	534.113770
745.731445	781.323792
744.542969	479.686829
743.353516	560.789429
742.164063	490.565125
740.973633	334.241150
739.783203	360.747070
738.592773	-116.776314
737.402344	270.948608
736.211914	452.761963
735.020508	651.250305
733.829102	973.405762
732.636719	705.936157
731.444336	474.200775
730.251953	269.778412
729.059570	182.778961
727.866211	110.414307
726.673828	-43.690105
725.479492	-183.154053
724.286133	-310.066589
723.091797	34.046307
721.897461	17.877428
720.703125	-29.774652
719.507813	-100.541176
718.312500	-144.201111
717.117188	-311.341888
715.921875	276.199280
714.725586	8.440313
713.529297	294.435730
712.332031	-151.065659
711.135742	-159.964417
709.938477	200.593414
708.740234	546.205994
707.542969	534.595764
706.344727	1810.316406
705.146484	2524.082520
703.948242	3229.006104
702.749023	3764.521973
701.549805	3357.331055
700.350586	2660.465088
699.150391	2042.938477
697.950195	1590.118286
696.750000	706.233459
695.549805	640.935669
694.348633	173.726089
693.147461	349.705597
691.946289	132.192169
690.744141	41.536777
689.541992	-126.152863
688.339844	146.920456
687.136719	353.223480
685.934570	330.729858
684.730469	476.436768
683.527344	56.979797
682.323242	173.466995
681.119141	516.166321
679.915039	341.792786
678.710938	595.000061
677.505859	522.330261
676.300781	215.314514
675.094727	244.443054
673.889648	165.819565
672.683594	-26.698822
671.476563	330.159882
670.270508	-214.265976
669.063477	82.710419
667.856445	143.665848
666.648438	598.192810
665.440430	351.078400
664.232422	205.784744
663.024414	-249.427383
661.815430	73.676231
660.606445	200.604721
659.397461	243.176041
658.188477	424.733765
656.978516	300.932800
655.768555	72.450104
654.557617	-99.487038
653.346680	113.474350
652.135742	358.096466
650.924805	333.077789
649.712891	-89.270760
648.501953	69.278282
647.289063	-323.943268
646.077148	-239.514282
644.864258	-75.579643
643.651367	402.852234
642.438477	-273.534210
641.224609	-451.660797
640.010742	-240.942902
638.796875	117.517540
637.582031	199.653366
636.367188	542.923828
635.152344	700.750122
633.937500	490.287628
632.721680	800.390076
631.505859	956.378357
630.289063	1077.739746
629.073242	1522.182617
627.856445	1375.321167
626.639648	1738.736938
625.421875	1299.928955
624.204102	1316.148315
622.986328	709.556458
621.768555	872.151978
620.549805	86.297180
619.331055	422.492401
618.111328	81.664307
616.892578	132.560089
