1721.000977	-30.603109
1720.027344	4.607965
1719.052734	118.782188
1718.078125	-209.293076
1717.104492	177.631012
1716.128906	71.142563
1715.154297	-46.335011
1714.178711	20.064274
1713.204102	103.667252
1712.228516	-74.842621
1711.251953	-33.605892
1710.276367	78.716492
1709.299805	-109.253235
1708.324219	70.998528
1707.347656	-18.172707
1706.370117	183.934448
1705.393555	65.613731
1704.416016	123.385178
1703.438477	-151.829727
1702.460938	217.078156
1701.483398	-38.415661
1700.505859	-20.668362
1699.527344	-41.638515
1698.548828	172.133057
1697.570313	73.832069
1696.591797	-121.786125
1695.612305	22.000679
1694.632813	139.931686
1693.653320	25.286793
1692.673828	-64.024857
1691.694336	99.075233
1690.713867	-41.667442
1689.734375	-60.104607
1688.753906	-111.872292
1687.772461	131.925644
1686.791992	107.870499
1685.810547	76.029846
1684.830078	5.881966
1683.848633	-84.741409
1682.866211	20.651253
1681.884766	-103.223297
1680.902344	9.600520
1679.919922	132.489609
1678.937500	94.963318
1677.955078	1.437094
1676.971680	-193.847641
1675.989258	-10.166210
1675.005859	282.722260
1674.022461	-16.788088
1673.038086	-82.393906
1672.054688	7.033389
1671.070313	149.756668
1670.085938	152.743866
1669.101563	132.894470
1668.117188	-11.322042
1667.131836	156.728867
1666.146484	45.600746
1665.161133	58.875465
1664.175781	178.724442
1663.189453	34.800812
1662.204102	-88.711906
1661.217773	-62.569672
1660.231445	-127.623154
1659.245117	86.147392
1658.257813	132.668610
1657.270508	-56.324177
1656.284180	-191.972092
1655.295898	-135.105728
1654.308594	-2.232978
1653.321289	24.364857
1652.333008	33.301136
1651.344727	-160.067413
1650.356445	13.459711
1649.367188	-116.462410
1648.378906	-152.690475
1647.389648	-75.094391
1646.400391	-47.988617
1645.411133	-268.414673
1644.420898	29.160131
1643.431641	-279.414551
1642.441406	-49.966431
1641.451172	88.589249
1640.459961	70.671738
1639.469727	88.190033
1638.478516	-138.950958
1637.487305	-78.363541
1636.496094	158.810043
1635.504883	108.536842
1634.512695	38.186195
1633.520508	154.444824
1632.528320	18.761948
1631.536133	263.614990
1630.543945	-63.298954
1629.550781	121.173637
1628.557617	94.163017
1627.564453	-71.203270
1626.571289	198.941528
1625.578125	131.892792
1624.583984	278.748444
1623.589844	357.705475
1622.595703	378.863770
1621.601563	548.402344
1620.606445	529.411377
1619.611328	651.214355
1618.616211	687.604370
1617.621094	558.255310
1616.625977	752.977966
1615.629883	889.912354
1614.633789	913.880554
1613.637695	940.398193
1612.641602	1112.489746
1611.645508	1101.419678
1610.648438	909.798218
1609.651367	793.528931
1608.654297	1080.998535
1607.657227	947.276245
1606.659180	913.877625
1605.662109	1126.086914
1604.664063	1085.218384
1603.666016	1292.346436
1602.666992	1091.252075
1601.668945	1190.698975
1600.669922	1172.477295
1599.670898	1249.379761
1598.671875	1136.126099
1597.671875	1385.627808
1596.672852	1239.918457
1595.672852	1471.823730
1594.672852	1391.169678
1593.671875	1163.090332
1592.671875	1030.081299
1591.670898	834.668579
1590.669922	829.169434
1589.668945	756.251953
1588.667969	703.341003
1587.666016	652.937195
1586.664063	355.486511
1585.662109	517.255859
1584.660156	474.397766
1583.658203	281.906708
1582.655273	271.504913
1581.652344	408.186523
1580.649414	312.996796
1579.646484	394.764252
1578.642578	72.855797
1577.638672	333.943420
1576.634766	89.351799
1575.630859	168.528702
1574.626953	105.758827
1573.622070	80.313530
1572.618164	39.937973
1571.613281	298.078613
1570.607422	71.053436
1569.602539	321.566833
1568.596680	258.667755
1567.590820	81.424141
1566.584961	214.871994
1565.579102	79.888107
1564.572266	220.656036
1563.566406	202.391388
1562.559570	67.381355
1561.551758	-10.521619
1560.544922	172.200119
1559.537109	238.162766
1558.530273	90.703499
1557.521484	97.032089
1556.513672	-164.508163
1555.505859	196.365082
1554.497070	41.413544
1553.488281	17.839859
1552.479492	33.878727
1551.470703	5.274657
1550.460938	-142.264343
1549.451172	-314.549988
1548.441406	35.588058
1547.431641	-60.019569
1546.421875	198.258514
1545.411133	-87.969315
1544.400391	-12.957790
1543.389648	76.813263
1542.378906	-70.880096
1541.367188	92.920105
1540.355469	-15.278872
1539.343750	24.785469
1538.332031	82.078773
1537.320313	-154.642258
1536.307617	-92.508583
1535.294922	-47.735218
1534.282227	-89.427681
1533.269531	100.839783
1532.256836	-27.329294
1531.243164	150.396973
1530.229492	-24.704880
1529.215820	-167.725571
1528.202148	68.938530
1527.187500	41.695442
1526.172852	140.097351
1525.158203	238.409134
1524.143555	11.467907
1523.127930	-20.876959
1522.113281	-38.468933
1521.097656	-46.268730
1520.082031	-27.040165
1519.065430	53.637344
1518.049805	-15.826322
1517.033203	-65.644058
1516.016602	140.268219
1515.000000	228.031082
1513.982422	-173.477951
1512.965820	49.392696
1511.948242	36.226734
1510.930664	-4.001808
1509.913086	39.249599
1508.894531	-42.808590
1507.875977	-176.432648
1506.857422	-150.496994
1505.838867	69.252899
1504.820313	-98.783928
1503.800781	-92.644173
1502.781250	-20.329943
1501.761719	96.049065
1500.742188	180.471069
1499.721680	318.724487
1498.702148	74.636887
1497.681641	-223.296646
1496.661133	238.159332
1495.639648	-47.526127
1494.618164	-39.326500
1493.597656	76.554398
1492.576172	-76.863144
1491.553711	-88.351852
1490.532227	125.203400
1489.509766	-165.198685
1488.487305	136.234253
1487.464844	2.353596
1486.442383	76.256844
1485.418945	5.908972
1484.395508	-174.377029
1483.372070	-46.842541
1482.348633	29.329687
1481.324219	-99.664948
1480.300781	47.227619
1479.276367	23.181528
1478.251953	-66.757698
1477.226563	-39.598789
1476.202148	124.128433
1475.176758	158.511124
1474.151367	261.124146
1473.125000	268.598358
1472.099609	259.010498
1471.073242	44.733768
1470.046875	98.483688
1469.020508	120.535522
1467.994141	64.647926
1466.966797	201.069870
1465.939453	50.228836
1464.912109	86.806320
1463.884766	84.432045
1462.856445	137.977051
1461.829102	-20.058035
1460.800781	164.757462
1459.772461	359.210388
1458.743164	218.186417
1457.714844	201.148056
1456.685547	210.817963
1455.656250	429.346252
1454.625977	198.551178
1453.596680	43.124699
1452.566406	212.983826
1451.536133	154.666290
1450.505859	-63.749023
1449.474609	-112.296394
1448.444336	72.001175
1447.413086	74.365417
1446.381836	-8.110335
1445.350586	173.615631
1444.318359	23.301025
1443.286133	132.261795
1442.253906	355.015198
1441.221680	330.689850
1440.189453	-8.342528
1439.156250	311.120117
1438.123047	107.752052
1437.089844	144.000137
1436.056641	76.229240
1435.022461	73.778191
1433.988281	20.563269
1432.954102	8.476651
1431.919922	-97.849274
1430.885742	153.496201
1429.850586	192.141953
1428.815430	49.637905
1427.780273	35.190639
1426.744141	-189.291641
1425.708984	-111.930519
1424.672852	25.728607
1423.636719	-256.467621
1422.600586	-130.866425
1421.563477	-133.136688
1420.527344	-14.815314
1419.490234	-118.322556
1418.452148	-65.122803
1417.415039	4.952932
1416.376953	-86.406136
1415.338867	101.688354
1414.300781	75.402740
1413.262695	-20.670862
1412.224609	-280.363190
1411.185547	-39.380169
1410.146484	189.490601
1409.107422	-192.714478
1408.067383	-21.602648
1407.027344	-110.225319
1405.987305	-100.225822
1404.947266	-219.995544
1403.907227	-70.562630
1402.866211	-62.929726
1401.826172	-146.535294
1400.785156	242.976501
1399.743164	41.714275
1398.702148	59.008888
1397.660156	145.899902
1396.618164	-74.337372
1395.576172	134.930939
1394.533203	-42.008629
1393.491211	231.950775
1392.448242	129.428055
1391.405273	269.046936
1390.361328	312.765900
1389.318359	78.596779
1388.274414	31.365686
1387.230469	-23.005960
1386.186523	269.828491
1385.141602	86.202591
1384.097656	55.856354
1383.052734	231.301666
1382.007813	358.852295
1380.961914	-99.592674
1379.916992	173.879318
1378.871094	100.604561
1377.825195	373.948456
1376.778320	49.788609
1375.732422	65.052002
1374.685547	106.592674
1373.638672	181.569794
1372.591797	211.174606
1371.543945	85.619774
1370.497070	186.871002
1369.449219	109.138992
1368.400391	181.733200
1367.352539	49.224564
1366.303711	16.926497
1365.255859	49.044594
1364.206055	107.359299
1363.157227	-94.053902
1362.108398	247.826340
1361.058594	94.134766
1360.008789	52.452908
1358.958984	39.379108
1357.908203	40.597958
1356.857422	-110.473167
1355.806641	-166.287704
1354.755859	-134.044250
1353.705078	81.332100
1352.653320	54.086525
1351.601563	121.960487
1350.549805	-12.202623
1349.498047	186.383942
1348.445313	-7.108755
1347.393555	60.785648
1346.340820	240.265121
1345.287109	1.810784
1344.234375	60.196476
1343.180664	-66.547691
1342.126953	-93.572128
1341.073242	95.294640
1340.019531	63.530720
1338.964844	171.677429
1337.910156	312.977814
1336.855469	200.627747
1335.799805	-8.826538
1334.745117	-97.344002
1333.689453	-57.922546
1332.633789	-243.472549
1331.578125	141.644211
1330.521484	79.224060
1329.464844	64.168083
1328.408203	115.378181
1327.351563	-152.768158
1326.294922	331.270630
1325.237305	-102.314583
1324.179688	8.001253
1323.122070	30.830971
1322.064453	-78.668648
1321.005859	-105.443382
1319.947266	0.066906
1318.888672	67.751419
1317.830078	137.773758
1316.770508	318.693115
1315.710938	-17.269341
1314.651367	184.844955
1313.591797	127.404709
1312.531250	41.678082
1311.471680	19.664505
1310.411133	4.719157
1309.349609	154.745911
1308.289063	-1.597635
1307.227539	150.721466
1306.166016	-215.183044
1305.104492	-84.079178
1304.042969	68.155670
1302.980469	206.186264
1301.917969	358.274750
1300.855469	13.875763
1299.792969	133.002594
1298.729492	75.687172
1297.666016	-61.546616
1296.602539	186.781281
1295.539063	4.922425
1294.474609	-207.421295
1293.411133	-83.742752
1292.346680	100.928673
1291.281250	-266.301941
1290.216797	31.000271
1289.151367	32.421177
1288.085938	-146.851273
1287.020508	335.534119
1285.955078	-26.694510
1284.888672	68.496849
1283.822266	13.585204
1282.755859	183.714752
1281.689453	-77.441025
1280.622070	242.552261
1279.554688	171.204880
1278.487305	-122.610458
1277.419922	30.908667
1276.351563	11.108762
1275.283203	-43.800659
1274.214844	67.435959
1273.146484	-71.703148
1272.077148	97.925392
1271.008789	209.022247
1269.939453	154.054153
1268.869141	87.397789
1267.799805	-89.060593
1266.729492	42.927002
1265.659180	95.425644
1264.588867	-99.658653
1263.517578	186.288208
1262.447266	110.289291
1261.375977	155.655060
1260.304688	2.655723
1259.232422	38.649536
1258.161133	-44.320843
1257.088867	7.959333
1256.016602	162.774002
1254.943359	-27.454140
1253.871094	199.505157
1252.797852	195.692780
1251.724609	-64.343605
1250.650391	-135.673492
1249.577148	221.408066
1248.502930	15.008324
1247.428711	139.137909
1246.354492	37.511528
1245.279297	94.075310
1244.204102	45.943436
1243.128906	114.070892
1242.053711	235.615768
1240.977539	268.762482
1239.902344	120.647804
1238.826172	483.644531
1237.750000	268.144318
1236.672852	282.591248
1235.595703	180.935623
1234.518555	-13.535525
1233.441406	569.437561
1232.364258	291.407501
1231.286133	-5.085796
1230.208008	380.316162
1229.129883	114.035263
1228.051758	86.604668
1226.972656	193.568100
1225.893555	274.977539
1224.814453	147.852478
1223.734375	-141.362946
1222.655273	-34.519798
1221.575195	134.746658
1220.495117	12.304865
1219.415039	-170.263107
1218.333984	-200.099136
1217.252930	186.378174
1216.171875	-72.485435
1215.090820	114.935081
1214.008789	-365.738464
1212.926758	186.727661
1211.844727	-58.133232
1210.762695	-85.782021
1209.679688	-131.923126
1208.597656	-23.360384
1207.513672	-25.687679
1206.430664	-124.945732
1205.347656	-286.475677
1204.263672	-25.827625
1203.179688	-35.142704
1202.095703	112.317482
1201.010742	-23.862469
1199.925781	-118.515015
1198.840820	51.842377
1197.755859	-128.057770
1196.670898	-77.574699
1195.584961	-250.504715
1194.499023	-61.934120
1193.413086	-248.638184
1192.326172	140.002792
1191.239258	139.644730
1190.152344	26.561188
1189.065430	74.486664
1187.978516	78.690819
1186.890625	94.355827
1185.802734	417.944275
1184.714844	263.473907
1183.625977	-19.595819
1182.538086	418.584076
1181.449219	266.448059
1180.360352	275.056458
1179.270508	276.743744
1178.180664	377.081909
1177.090820	202.076965
1176.000977	322.996613
1174.911133	251.235504
1173.820313	122.165192
1172.729492	403.404602
1171.638672	-28.149654
1170.547852	449.994720
1169.456055	-199.015320
1168.364258	168.991852
1167.272461	-40.120358
1166.179688	188.021530
1165.087891	86.524429
1163.995117	108.594131
1162.902344	174.101532
1161.808594	186.953278
1160.715820	224.949661
1159.622070	150.892151
1158.528320	264.257080
1157.433594	297.572205
1156.339844	584.438599
1155.245117	761.524841
1154.149414	570.885681
1153.054688	629.161377
1151.958984	860.842651
1150.863281	1192.808228
1149.767578	924.624695
1148.671875	1192.538086
1147.575195	1056.693237
1146.478516	1105.556763
1145.381836	990.279053
1144.285156	927.450134
1143.187500	1074.226318
1142.089844	564.925903
1140.992188	588.718811
1139.894531	685.343262
1138.795898	445.014404
1137.697266	414.148010
1136.598633	453.814392
1135.499023	238.669968
1134.400391	55.460472
1133.300781	238.369812
1132.201172	107.485695
1131.100586	90.269173
1130.000977	143.495270
1128.900391	-28.222452
1127.799805	-156.724060
1126.698242	-85.376648
1125.596680	117.591049
1124.495117	14.055898
1123.393555	142.004150
1122.291992	6.720891
1121.189453	-35.536060
1120.086914	10.649084
1118.984375	485.282074
1117.881836	12.253421
1116.778320	278.151001
1115.674805	-104.039139
1114.571289	170.796188
1113.466797	130.707672
1112.363281	154.028992
1111.258789	127.514030
1110.153320	196.029816
1109.048828	-45.453300
1107.943359	301.267792
1106.837891	396.788483
1105.732422	148.579330
1104.625977	-203.531738
1103.520508	253.589752
1102.414063	86.857697
1101.306641	-0.765243
1100.200195	180.404236
1099.092773	196.631546
1097.985352	531.133179
1096.877930	107.133583
1095.769531	57.862839
1094.661133	213.885162
1093.552734	198.405365
1092.444336	117.520805
1091.335938	117.813217
1090.226563	320.922852
1089.117188	271.540863
1088.006836	136.536011
1086.897461	298.900299
1085.787109	267.496490
1084.676758	-175.913925
1083.566406	-24.921139
1082.455078	-0.052984
1081.343750	114.778198
1080.232422	-114.615456
1079.121094	229.521561
1078.008789	263.200409
1076.896484	388.998962
1075.784180	256.274323
1074.671875	433.645203
1073.558594	188.593399
1072.445313	302.952728
1071.332031	269.046997
1070.217773	107.162628
1069.104492	21.643536
1067.990234	-39.196850
1066.875977	222.990967
1065.760742	123.936661
1064.645508	-174.662582
1063.530273	221.782639
1062.415039	6.164498
1061.299805	-52.535034
1060.183594	-57.488708
1059.067383	148.061264
1057.951172	69.110542
1056.833984	207.300751
1055.716797	-185.053635
1054.599609	183.548920
1053.482422	30.688034
1052.364258	32.181030
1051.247070	145.460281
1050.128906	90.963570
1049.009766	47.620094
1047.891602	142.823288
1046.772461	117.288139
1045.653320	332.960205
1044.533203	188.951569
1043.414063	51.681236
1042.293945	231.381622
1041.173828	134.242508
1040.052734	-208.325287
1038.932617	131.796677
1037.811523	-119.260933
1036.689453	6.538483
1035.568359	245.938553
1034.446289	-38.539612
1033.324219	15.735394
1032.202148	-70.393082
1031.079102	-25.143307
1029.957031	-42.285030
1028.833984	96.347160
1027.709961	-263.663239
1026.586914	26.170126
1025.462891	-75.704330
1024.338867	-159.785782
1023.214844	-5.957395
1022.089844	-196.826279
1020.964844	-158.735260
1019.839844	-185.147537
1018.714844	-209.370071
1017.588867	-78.178032
1016.462891	-209.107437
1015.336914	-240.125351
1014.210938	-277.837524
1013.083984	-13.816072
1011.957031	110.274246
1010.830078	59.040627
1009.702148	-41.016865
1008.574219	-92.306976
1007.446289	66.939644
1006.318359	-121.837730
1005.190430	416.079498
1004.061523	134.167847
1002.932617	184.495392
1001.802734	121.825714
1000.673828	41.441826
999.543945	157.976501
998.414063	194.759705
997.283203	142.986633
996.153320	705.964050
995.022461	722.531555
993.891602	1083.857300
992.759766	1301.310059
991.628906	1584.910034
990.497070	2199.641113
989.364258	2970.817383
988.232422	3984.465576
987.099609	4092.579102
985.966797	4430.099609
984.833984	4683.576172
983.700195	4605.995117
982.566406	4596.764648
981.432617	4031.876221
980.298828	3674.399658
979.164063	3354.487061
978.029297	2483.846436
976.894531	2210.511475
975.759766	1846.960815
974.624023	1192.875854
973.488281	1117.978394
972.352539	1071.679077
971.215820	877.918823
970.080078	528.033875
968.943359	547.724182
967.805664	470.595551
966.668945	477.007996
965.531250	140.508911
964.393555	289.711273
963.254883	78.518936
962.117188	183.655426
960.978516	284.295044
959.839844	378.259949
958.700195	48.543842
957.561523	159.993637
956.421875	198.945648
955.281250	200.539352
954.141602	235.000778
953.000977	212.398621
951.860352	150.319077
950.719727	219.706482
949.578125	321.871063
948.436523	176.467468
947.294922	83.649178
946.153320	43.384056
945.010742	123.468697
943.868164	-50.338486
942.725586	75.618011
941.583008	177.429245
940.439453	-86.016319
939.295898	127.215691
938.152344	-31.230814
937.007813	85.685020
935.863281	53.971931
934.718750	63.754372
933.574219	90.986916
932.428711	-97.957436
931.283203	-107.851051
930.137695	48.088856
928.992188	190.857986
927.845703	117.604866
926.699219	-167.141968
925.552734	119.425789
924.405273	28.769253
923.257813	-255.788025
922.110352	43.652180
920.962891	-197.213043
919.814453	-35.125511
918.666016	-125.650291
917.517578	108.185188
916.369141	-36.716789
915.219727	138.251724
914.070313	-124.038696
912.920898	7.406091
911.770508	-185.145645
910.621094	-218.902115
909.470703	-67.930283
908.319336	-25.647896
907.168945	-185.345291
906.017578	74.153008
904.866211	55.664833
903.713867	0.300653
902.562500	-263.310120
901.410156	165.305237
900.256836	101.371750
899.104492	-25.364153
897.951172	-76.132545
896.797852	-35.793446
895.644531	-10.596480
894.490234	-150.032227
893.335938	-1.269371
892.181641	4.555783
891.027344	42.910469
889.872070	70.468475
888.716797	124.045334
887.561523	-8.401452
886.405273	40.958397
885.249023	-37.221844
884.092773	-97.998299
882.936523	-11.686852
881.779297	42.230606
880.622070	189.104370
879.464844	-188.887253
878.307617	44.519936
877.149414	103.014328
875.991211	86.024063
874.833008	-15.026463
873.673828	151.578751
872.514648	65.837906
871.355469	31.993769
870.196289	-72.878883
869.036133	315.996887
867.875977	94.939194
866.715820	171.413467
865.554688	196.257462
864.394531	124.314949
863.233398	201.065704
862.071289	157.350433
860.910156	75.057137
859.748047	205.914261
858.585938	80.871857
857.422852	257.073090
856.259766	323.680634
855.096680	104.511307
853.933594	272.401459
852.770508	88.005814
851.606445	442.968018
850.442383	278.223511
849.277344	339.125122
848.113281	367.966187
846.948242	205.944489
845.783203	183.609955
844.617188	210.767120
843.451172	302.407043
842.285156	338.424377
841.119141	113.086761
839.952148	173.025345
838.785156	168.833969
837.618164	286.907135
836.451172	400.815094
835.283203	292.175690
834.115234	273.666016
832.947266	56.326866
831.778320	416.915131
830.609375	191.443192
829.440430	485.908722
828.271484	476.832794
827.101563	792.832092
825.931641	348.119293
824.761719	386.645020
823.590820	442.424713
822.420898	658.540833
821.250000	545.958557
820.078125	546.745911
818.907227	142.286865
817.735352	367.578735
816.562500	518.304565
815.390625	720.348938
814.217773	442.801910
813.044922	255.111771
811.872070	216.880692
810.698242	511.215088
809.524414	224.140732
808.350586	331.357178
807.176758	138.544388
806.001953	214.211533
804.827148	-41.913570
803.651367	183.090530
802.476563	595.377197
801.300781	-98.089645
800.125000	371.879700
798.948242	306.212860
797.772461	117.541908
796.595703	50.255665
795.417969	63.914593
794.241211	39.555622
793.063477	-33.419903
791.885742	99.724602
790.707031	-25.875628
789.529297	73.668076
788.350586	-151.148209
787.170898	-78.792053
785.992188	-65.626144
784.812500	28.268200
783.632813	12.127598
782.452148	-99.142700
781.272461	43.993282
780.091797	-291.300720
778.911133	-196.496201
777.729492	14.855296
776.547852	-175.745605
775.366211	69.722206
774.184570	120.674255
773.001953	156.979126
771.819336	-360.424164
770.636719	33.510513
769.453125	-83.916519
768.269531	-59.581429
767.085938	7.149473
765.902344	4.331633
764.717773	-177.761780
763.533203	117.365143
762.348633	-112.888664
761.163086	-140.371033
759.977539	-258.379700
758.791992	45.515240
757.606445	-82.738831
756.419922	-6.366579
755.233398	-60.533749
754.046875	-61.884995
752.859375	-2.035539
751.672852	49.484711
750.485352	-220.976410
749.296875	-23.985415
748.108398	343.445160
746.919922	134.433868
745.731445	77.038757
744.542969	-104.283813
743.353516	71.919487
742.164063	195.584656
740.973633	180.604523
739.783203	251.828918
738.592773	-17.119968
737.402344	24.862457
736.211914	89.976471
735.020508	60.681484
733.829102	176.221436
732.636719	71.508949
731.444336	157.723404
730.251953	147.492844
729.059570	-66.023476
727.866211	95.708336
726.673828	89.774330
725.479492	-58.567776
724.286133	23.528301
723.091797	120.250557
721.897461	72.507034
720.703125	213.125366
719.507813	290.911407
718.312500	2.615267
717.117188	21.844160
715.921875	59.865616
714.725586	265.062103
713.529297	119.074844
712.332031	184.140106
711.135742	-70.426186
709.938477	-61.790279
708.740234	337.202972
707.542969	132.768723
706.344727	251.829056
705.146484	-23.500572
703.948242	214.336426
702.749023	132.978165
701.549805	262.166046
700.350586	241.178223
699.150391	351.425079
697.950195	501.149109
696.750000	223.789642
695.549805	175.557846
694.348633	350.045166
693.147461	563.945007
691.946289	297.038177
690.744141	402.579407
689.541992	491.388641
688.339844	515.658264
687.136719	552.351501
685.934570	676.279480
684.730469	669.220398
683.527344	520.884460
682.323242	476.440948
681.119141	575.274597
679.915039	541.203064
678.710938	556.958984
677.505859	338.264496
676.300781	416.325562
675.094727	231.002808
673.889648	495.729584
672.683594	281.554504
671.476563	187.746353
670.270508	36.051506
669.063477	31.595861
667.856445	263.333679
666.648438	296.333679
665.440430	277.716156
664.232422	203.400360
663.024414	-65.171745
661.815430	-31.418530
660.606445	145.237595
659.397461	9.878942
658.188477	40.219986
656.978516	-146.122269
655.768555	-232.874237
654.557617	25.713449
653.346680	-219.282379
652.135742	91.613922
650.924805	-237.014954
649.712891	78.828346
648.501953	308.404114
647.289063	-8.111701
646.077148	-74.360306
644.864258	-94.560471
643.651367	228.088257
642.438477	147.466339
641.224609	129.492218
640.010742	130.916138
638.796875	367.980286
637.582031	35.672325
636.367188	81.176865
635.152344	-92.425049
633.937500	43.764423
632.721680	-170.570282
631.505859	5.082174
630.289063	-85.219208
629.073242	37.608376
627.856445	50.940266
626.639648	158.278976
625.421875	82.416489
624.204102	-178.504364
622.986328	346.661896
621.768555	-8.947890
620.549805	175.207275
619.331055	168.578201
618.111328	-55.223190
616.892578	98.570061
