1721.000977	269.024170
1720.027344	-87.090088
1719.052734	17.979389
1718.078125	178.439041
1717.104492	-5.861110
1716.128906	47.445076
1715.154297	-205.281631
1714.178711	25.736862
1713.204102	-28.650532
1712.228516	-81.280426
1711.251953	213.756699
1710.276367	87.878113
1709.299805	207.169647
1708.324219	225.912842
1707.347656	-132.338303
1706.370117	-140.455536
1705.393555	-67.238106
1704.416016	41.162731
1703.438477	-173.298294
1702.460938	-114.560707
1701.483398	-191.842178
1700.505859	-514.950928
1699.527344	-99.815598
1698.548828	253.404175
1697.570313	-142.426224
1696.591797	54.073555
1695.612305	-176.345642
1694.632813	98.487434
1693.653320	-132.505844
1692.673828	243.657761
1691.694336	116.749947
1690.713867	152.845200
1689.734375	86.696800
1688.753906	-68.943695
1687.772461	47.993279
1686.791992	118.842674
1685.810547	-378.834259
1684.830078	-145.241943
1683.848633	294.366638
1682.866211	-139.906158
1681.884766	-319.480194
1680.902344	-2.759073
1679.919922	-50.228615
1678.937500	-54.530079
1677.955078	-8.043456
1676.971680	10.320330
1675.989258	15.928927
1675.005859	-1.456831
1674.022461	-67.184128
1673.038086	504.904694
1672.054688	276.398773
1671.070313	294.318848
1670.085938	-205.902267
1669.101563	162.484818
1668.117188	-10.032529
1667.131836	83.982536
1666.146484	-14.901777
1665.161133	104.457207
1664.175781	-146.563766
1663.189453	-85.564041
1662.204102	-16.914957
1661.217773	142.952332
1660.231445	127.904938
1659.245117	366.302643
1658.257813	-165.564316
1657.270508	164.025742
1656.284180	-20.502846
1655.295898	546.977844
1654.308594	-184.251251
1653.321289	-340.623505
1652.333008	-64.236328
1651.344727	-233.131393
1650.356445	-12.388399
1649.367188	-47.104996
1648.378906	-36.192707
1647.389648	-154.157883
1646.400391	-34.449806
1645.411133	337.944763
1644.420898	-163.794876
1643.431641	36.890701
1642.441406	257.733612
1641.451172	193.302902
1640.459961	292.996490
1639.469727	165.665405
1638.478516	146.917068
1637.487305	261.944641
1636.496094	452.662476
1635.504883	234.937988
1634.512695	128.262802
1633.520508	4.075307
1632.528320	361.297302
1631.536133	708.373962
1630.543945	649.887024
1629.550781	352.246155
1628.557617	852.900574
1627.564453	766.947388
1626.571289	1066.151733
1625.578125	1662.204346
1624.583984	1508.429199
1623.589844	1649.051880
1622.595703	1890.278809
1621.601563	1927.854980
1620.606445	2086.100586
1619.611328	2146.358154
1618.616211	2189.079590
1617.621094	2249.443604
1616.625977	2003.476685
1615.629883	1820.416992
1614.633789	1968.867920
1613.637695	1532.554932
1612.641602	1741.367554
1611.645508	2213.581787
1610.648438	1684.862061
1609.651367	1863.592651
1608.654297	1753.998779
1607.657227	1792.403320
1606.659180	2166.635010
1605.662109	2202.560059
1604.664063	2621.767090
1603.666016	2312.045654
1602.666992	2403.115479
1601.668945	1973.517944
1600.669922	2405.138916
1599.670898	2311.123291
1598.671875	2147.149414
1597.671875	1915.722534
1596.672852	1744.504395
1595.672852	1918.416748
1594.672852	1624.842529
1593.671875	1211.439453
1592.671875	1180.603149
1591.670898	1164.775635
1590.669922	914.218323
1589.668945	1100.820679
1588.667969	803.030762
1587.666016	570.268616
1586.664063	567.244690
1585.662109	571.747070
1584.660156	608.715881
1583.658203	271.599365
1582.655273	448.290527
1581.652344	196.144257
1580.649414	275.640045
1579.646484	242.999466
1578.642578	255.213577
1577.638672	117.996536
1576.634766	274.738037
1575.630859	120.206650
1574.626953	25.514816
1573.622070	-335.451569
1572.618164	-163.701233
1571.613281	52.745670
1570.607422	368.583771
1569.602539	167.104980
1568.596680	-74.077751
1567.590820	-220.684052
1566.584961	149.719009
1565.579102	5.658129
1564.572266	201.976868
1563.566406	-324.470673
1562.559570	15.897820
1561.551758	-199.996155
1560.544922	-78.181480
1559.537109	68.385452
1558.530273	-184.503998
1557.521484	157.979797
1556.513672	21.740789
1555.505859	49.216774
1554.497070	287.376953
1553.488281	-624.533630
1552.479492	-111.253410
1551.470703	99.592278
1550.460938	-318.796631
1549.451172	80.203873
1548.441406	335.449066
1547.431641	-169.307236
1546.421875	-129.389374
1545.411133	-312.186981
1544.400391	-351.415924
1543.389648	-279.318451
1542.378906	-26.726542
1541.367188	-53.615555
1540.355469	146.915787
1539.343750	85.433983
1538.332031	-445.416351
1537.320313	-193.010056
1536.307617	-400.068298
1535.294922	-320.611694
1534.282227	-58.499439
1533.269531	77.647614
1532.256836	-319.221069
1531.243164	-377.963104
1530.229492	231.748535
1529.215820	69.378967
1528.202148	173.366028
1527.187500	114.610176
1526.172852	-77.178879
1525.158203	-433.946045
1524.143555	177.555176
1523.127930	-649.508911
1522.113281	-6.168764
1521.097656	-54.877323
1520.082031	68.750816
1519.065430	-51.301418
1518.049805	99.376663
1517.033203	237.687988
1516.016602	-150.306335
1515.000000	20.011406
1513.982422	109.128349
1512.965820	-231.818604
1511.948242	-385.886963
1510.930664	-68.195465
1509.913086	-300.774750
1508.894531	498.081329
1507.875977	277.785156
1506.857422	246.606979
1505.838867	127.133369
1504.820313	640.739990
1503.800781	305.398926
1502.781250	409.225525
1501.761719	-19.033451
1500.742188	92.239922
1499.721680	274.545258
1498.702148	30.471470
1497.681641	398.974152
1496.661133	304.434052
1495.639648	513.593201
1494.618164	448.488525
1493.597656	195.004318
1492.576172	516.749084
1491.553711	38.274601
1490.532227	68.895416
1489.509766	246.259506
1488.487305	-67.897354
1487.464844	151.070145
1486.442383	306.436188
1485.418945	124.529335
1484.395508	-15.719504
1483.372070	190.991196
1482.348633	-161.579987
1481.324219	91.532478
1480.300781	332.411560
1479.276367	-56.453751
1478.251953	367.429535
1477.226563	259.339722
1476.202148	107.476402
1475.176758	-171.100586
1474.151367	157.550690
1473.125000	18.095503
1472.099609	-31.044455
1471.073242	229.288834
1470.046875	51.107327
1469.020508	362.571869
1467.994141	116.378494
1466.966797	262.247559
1465.939453	247.487564
1464.912109	425.024994
1463.884766	454.149536
1462.856445	427.351410
1461.829102	167.207031
1460.800781	393.461700
1459.772461	913.806274
1458.743164	1069.434326
1457.714844	658.964661
1456.685547	972.611816
1455.656250	1021.464783
1454.625977	1172.318970
1453.596680	944.495544
1452.566406	1170.682495
1451.536133	996.452637
1450.505859	650.115295
1449.474609	592.610596
1448.444336	1044.497192
1447.413086	1127.706055
1446.381836	537.067261
1445.350586	1056.729858
1444.318359	885.658081
1443.286133	1029.658203
1442.253906	645.684021
1441.221680	775.294495
1440.189453	902.509521
1439.156250	552.895203
1438.123047	191.405960
1437.089844	376.932861
1436.056641	202.046585
1435.022461	174.805649
1433.988281	481.320374
1432.954102	33.571564
1431.919922	40.461872
1430.885742	388.124420
1429.850586	329.840790
1428.815430	-56.814407
1427.780273	71.123962
1426.744141	203.886917
1425.708984	3.610885
1424.672852	131.671783
1423.636719	-292.750793
1422.600586	298.628510
1421.563477	-26.626892
1420.527344	231.864548
1419.490234	-131.641495
1418.452148	-203.308640
1417.415039	-209.775543
1416.376953	-54.770332
1415.338867	-155.059616
1414.300781	-161.303482
1413.262695	147.927826
1412.224609	-351.654694
1411.185547	-218.045425
1410.146484	62.359631
1409.107422	268.158112
1408.067383	-185.042526
1407.027344	-183.513626
1405.987305	-68.915421
1404.947266	141.861435
1403.907227	-127.956566
1402.866211	-373.577972
1401.826172	-11.296778
1400.785156	122.755211
1399.743164	331.238342
1398.702148	530.143127
1397.660156	541.830444
1396.618164	397.645172
1395.576172	709.380005
1394.533203	1136.162964
1393.491211	910.667236
1392.448242	658.961670
1391.405273	1327.808350
1390.361328	1665.745850
1389.318359	1977.290283
1388.274414	2401.339355
1387.230469	2992.920166
1386.186523	2988.173340
1385.141602	3275.516602
1384.097656	3656.179932
1383.052734	3826.182861
1382.007813	4244.981934
1380.961914	3754.835449
1379.916992	3477.815674
1378.871094	3607.377197
1377.825195	3486.003174
1376.778320	2468.647217
1375.732422	2882.881348
1374.685547	2747.629150
1373.638672	2440.576660
1372.591797	2095.532227
1371.543945	1984.621582
1370.497070	2186.494141
1369.449219	1751.276978
1368.400391	1614.485840
1367.352539	1902.374756
1366.303711	1637.005127
1365.255859	1433.834106
1364.206055	1905.288574
1363.157227	1780.909180
1362.108398	1518.482666
1361.058594	1868.365967
1360.008789	1410.888672
1358.958984	1386.999512
1357.908203	2005.864258
1356.857422	1981.984131
1355.806641	1708.354736
1354.755859	1461.084717
1353.705078	1725.326050
1352.653320	1309.459717
1351.601563	1388.314575
1350.549805	1191.503296
1349.498047	1365.537109
1348.445313	1154.680176
1347.393555	929.750000
1346.340820	845.072571
1345.287109	444.709961
1344.234375	877.772217
1343.180664	698.413879
1342.126953	1005.595886
1341.073242	392.317535
1340.019531	618.925903
1338.964844	560.947510
1337.910156	559.952393
1336.855469	694.115662
1335.799805	349.608612
1334.745117	14.809445
1333.689453	142.065384
1332.633789	34.887432
1331.578125	171.677277
1330.521484	-44.241100
1329.464844	80.772003
1328.408203	-7.151273
1327.351563	51.679836
1326.294922	-97.571274
1325.237305	-97.759979
1324.179688	-204.274261
1323.122070	261.271912
1322.064453	95.764610
1321.005859	334.340881
1319.947266	-173.496872
1318.888672	-178.085281
1317.830078	-81.100769
1316.770508	-501.042755
1315.710938	261.532257
1314.651367	-148.763077
1313.591797	-2.148163
1312.531250	250.557480
1311.471680	-411.606720
1310.411133	-19.743860
1309.349609	-285.561493
1308.289063	-419.250977
1307.227539	-300.786224
1306.166016	-83.407753
1305.104492	-52.100628
1304.042969	-519.861572
1302.980469	234.189621
1301.917969	-99.226883
1300.855469	-204.244537
1299.792969	-76.309280
1298.729492	-374.056335
1297.666016	-269.586029
1296.602539	53.487713
1295.539063	2.793179
1294.474609	-33.761673
1293.411133	98.888214
1292.346680	-390.874146
1291.281250	237.286713
1290.216797	149.216812
1289.151367	307.647125
1288.085938	252.504227
1287.020508	5.045331
1285.955078	186.965164
1284.888672	373.511932
1283.822266	339.623810
1282.755859	144.046326
1281.689453	114.978058
1280.622070	388.179169
1279.554688	157.661850
1278.487305	358.195099
1277.419922	-31.370140
1276.351563	124.683487
1275.283203	383.676636
1274.214844	698.741577
1273.146484	40.506615
1272.077148	706.384583
1271.008789	181.774811
1269.939453	199.792542
1268.869141	51.859230
1267.799805	869.151306
1266.729492	-59.153172
1265.659180	61.762199
1264.588867	86.896904
1263.517578	175.070282
1262.447266	281.919464
1261.375977	122.673500
1260.304688	369.512024
1259.232422	436.621735
1258.161133	606.362061
1257.088867	906.606995
1256.016602	386.145386
1254.943359	730.613220
1253.871094	476.100281
1252.797852	717.929871
1251.724609	924.734619
1250.650391	933.509888
1249.577148	1396.310181
1248.502930	1249.056763
1247.428711	778.409302
1246.354492	812.867371
1245.279297	1079.922607
1244.204102	1279.430298
1243.128906	851.084900
1242.053711	925.058105
1240.977539	710.806458
1239.902344	875.419189
1238.826172	656.653809
1237.750000	637.732483
1236.672852	553.799438
1235.595703	295.799408
1234.518555	42.563885
1233.441406	258.194031
1232.364258	362.380737
1231.286133	169.620010
1230.208008	-152.913132
1229.129883	380.226166
1228.051758	64.756210
1226.972656	-88.358231
1225.893555	-42.137493
1224.814453	-461.539063
1223.734375	98.878441
1222.655273	64.000427
1221.575195	-230.137497
1220.495117	-82.090942
1219.415039	216.295914
1218.333984	153.652008
1217.252930	-163.375137
1216.171875	-297.586761
1215.090820	185.532272
1214.008789	291.677399
1212.926758	113.539017
1211.844727	-129.203644
1210.762695	152.488022
1209.679688	-99.413200
1208.597656	119.809769
1207.513672	-231.240128
1206.430664	128.673080
1205.347656	-9.946572
1204.263672	-81.626251
1203.179688	26.613396
1202.095703	-213.368744
1201.010742	254.447067
1199.925781	-211.362213
1198.840820	-144.699417
1197.755859	396.497467
1196.670898	96.778694
1195.584961	271.527313
1194.499023	20.285057
1193.413086	307.738953
1192.326172	309.701660
1191.239258	120.699310
1190.152344	104.282173
1189.065430	-307.671387
1187.978516	135.818558
1186.890625	-200.142334
1185.802734	-97.024071
1184.714844	-56.002995
1183.625977	242.249207
1182.538086	634.531250
1181.449219	353.863647
1180.360352	390.092682
1179.270508	561.687256
1178.180664	338.524994
1177.090820	601.784973
1176.000977	649.318115
1174.911133	712.866089
1173.820313	991.850830
1172.729492	819.169434
1171.638672	671.750977
1170.547852	567.903381
1169.456055	413.681458
1168.364258	426.673645
1167.272461	645.691833
1166.179688	924.087524
1165.087891	998.679077
1163.995117	1361.478882
1162.902344	1685.208252
1161.808594	1796.070068
1160.715820	1877.148560
1159.622070	2102.162842
1158.528320	2482.455566
1157.433594	1811.491089
1156.339844	1437.779419
1155.245117	1235.481201
1154.149414	766.071960
1153.054688	983.995422
1151.958984	380.134552
1150.863281	253.413849
1149.767578	683.356018
1148.671875	118.639885
1147.575195	-211.004410
1146.478516	-232.765625
1145.381836	-425.496124
1144.285156	215.850113
1143.187500	52.631973
1142.089844	-238.108780
1140.992188	209.072342
1139.894531	-568.880249
1138.795898	-90.053078
1137.697266	-341.994202
1136.598633	-54.638065
1135.499023	-99.579201
1134.400391	-114.967209
1133.300781	297.048798
1132.201172	-239.086929
1131.100586	-311.422180
1130.000977	132.026505
1128.900391	-142.636429
1127.799805	289.107605
1126.698242	211.960693
1125.596680	166.578156
1124.495117	529.697327
1123.393555	447.848419
1122.291992	681.319580
1121.189453	259.129028
1120.086914	1567.248657
1118.984375	1033.841431
1117.881836	1774.437744
1116.778320	1952.637573
1115.674805	2196.393311
1114.571289	1989.231567
1113.466797	1886.251953
1112.363281	1896.466431
1111.258789	1392.775024
1110.153320	1746.910889
1109.048828	1965.085449
1107.943359	1339.342773
1106.837891	1564.135864
1105.732422	1151.155029
1104.625977	1185.847168
1103.520508	863.385315
1102.414063	997.395081
1101.306641	959.562622
1100.200195	1002.994751
1099.092773	213.125381
1097.985352	340.052246
1096.877930	699.309387
1095.769531	381.370758
1094.661133	571.076477
1093.552734	196.757431
1092.444336	117.912521
1091.335938	487.642181
1090.226563	-48.966705
1089.117188	-17.569807
1088.006836	687.314148
1086.897461	912.055115
1085.787109	783.034607
1084.676758	708.011353
1083.566406	623.925659
1082.455078	526.258301
1081.343750	952.748779
1080.232422	618.673218
1079.121094	1217.909424
1078.008789	906.188049
1076.896484	895.709595
1075.784180	734.558960
1074.671875	836.254578
1073.558594	351.495453
1072.445313	630.416138
1071.332031	985.437378
1070.217773	1212.218994
1069.104492	242.613739
1067.990234	601.618103
1066.875977	702.370850
1065.760742	300.570587
1064.645508	466.121857
1063.530273	-92.597458
1062.415039	399.950684
1061.299805	251.308212
1060.183594	234.770874
1059.067383	-523.228821
1057.951172	-87.512230
1056.833984	397.114624
1055.716797	-119.071724
1054.599609	71.955086
1053.482422	25.623796
1052.364258	328.088928
1051.247070	241.218201
1050.128906	-138.639404
1049.009766	98.428978
1047.891602	438.065125
1046.772461	241.207291
1045.653320	111.308861
1044.533203	253.754196
1043.414063	14.244557
1042.293945	-200.763000
1041.173828	-248.443558
1040.052734	152.192383
1038.932617	-134.496750
1037.811523	-305.253906
1036.689453	-177.330109
1035.568359	-281.413116
1034.446289	-22.355825
1033.324219	-476.539459
1032.202148	-173.292786
1031.079102	-19.564508
1029.957031	111.708862
1028.833984	-153.486740
1027.709961	-300.777191
1026.586914	-56.520145
1025.462891	249.738495
1024.338867	77.548279
1023.214844	-128.067795
1022.089844	-353.773987
1020.964844	-423.949982
1019.839844	30.146008
1018.714844	-264.759735
1017.588867	84.379105
1016.462891	-363.945526
1015.336914	-59.651783
1014.210938	57.916355
1013.083984	232.949402
1011.957031	-295.505402
1010.830078	218.563583
1009.702148	344.170807
1008.574219	686.820984
1007.446289	1909.084473
1006.318359	3948.312988
1005.190430	5055.979004
1004.061523	5124.166992
1002.932617	3885.663574
1001.802734	2401.803223
1000.673828	792.328064
999.543945	508.929626
998.414063	161.348465
997.283203	-40.272942
996.153320	-248.562393
995.022461	398.670959
993.891602	-247.609116
992.759766	162.540344
991.628906	539.234802
990.497070	263.969086
989.364258	383.946533
988.232422	-94.583687
987.099609	-98.494606
985.966797	-3.243193
984.833984	96.226021
983.700195	120.472610
982.566406	290.118164
981.432617	60.460506
980.298828	509.695892
979.164063	301.813324
978.029297	378.110840
976.894531	637.062134
975.759766	252.680130
974.624023	680.766052
973.488281	309.450562
972.352539	358.516235
971.215820	829.842224
970.080078	229.560760
968.943359	284.768829
967.805664	247.444153
966.668945	649.680603
965.531250	282.359894
964.393555	451.207550
963.254883	455.067352
962.117188	665.272339
960.978516	774.223267
959.839844	542.739929
958.700195	420.951080
957.561523	599.733765
956.421875	1070.050537
955.281250	660.528137
954.141602	1457.102905
953.000977	970.729187
951.860352	1882.770874
950.719727	1490.526978
949.578125	1372.161255
948.436523	1056.635376
947.294922	859.393127
946.153320	784.737671
945.010742	471.422455
943.868164	630.804260
942.725586	295.608276
941.583008	319.173035
940.439453	397.275299
939.295898	-121.559731
938.152344	185.936310
937.007813	60.524578
935.863281	258.418091
934.718750	-89.884254
933.574219	243.198578
932.428711	287.853516
931.283203	214.563477
930.137695	-50.781830
928.992188	65.719078
927.845703	16.315693
926.699219	-467.059570
925.552734	700.084778
924.405273	98.951332
923.257813	419.812622
922.110352	-152.742172
920.962891	-113.022209
919.814453	155.265091
918.666016	-188.369293
917.517578	14.456958
916.369141	-2.619899
915.219727	139.079590
914.070313	-19.464695
912.920898	-132.280472
911.770508	-179.860031
910.621094	-86.114296
909.470703	137.941299
908.319336	-176.927811
907.168945	-376.499786
906.017578	-109.114037
904.866211	-236.970291
903.713867	-238.892502
902.562500	106.450424
901.410156	-116.796257
900.256836	-415.859100
899.104492	-185.598572
897.951172	-70.341766
896.797852	-269.390076
895.644531	45.283825
894.490234	-21.483404
893.335938	-168.305740
892.181641	-215.394135
891.027344	-123.838470
889.872070	121.389671
888.716797	370.902618
887.561523	146.555878
886.405273	-56.008675
885.249023	210.867981
884.092773	97.185852
882.936523	-174.144943
881.779297	203.017883
880.622070	128.551727
879.464844	615.823730
878.307617	539.337708
877.149414	-24.966761
875.991211	-83.806503
874.833008	-148.978500
873.673828	185.105530
872.514648	107.169777
871.355469	240.737534
870.196289	63.906239
869.036133	1.506790
867.875977	152.622162
866.715820	478.318481
865.554688	373.184784
864.394531	72.307800
863.233398	512.326904
862.071289	427.062439
860.910156	262.400909
859.748047	1018.787170
858.585938	933.959045
857.422852	890.170288
856.259766	281.134979
855.096680	723.653137
853.933594	684.774841
852.770508	360.354645
851.606445	233.857971
850.442383	498.450806
849.277344	172.672989
848.113281	-43.257282
846.948242	380.580566
845.783203	-184.632828
844.617188	-30.841555
843.451172	-78.490501
842.285156	-61.588905
841.119141	34.826580
839.952148	-485.785309
838.785156	-78.245560
837.618164	-296.130127
836.451172	310.773987
835.283203	155.410385
834.115234	-472.687653
832.947266	16.790329
831.778320	-39.309452
830.609375	-127.235786
829.440430	-16.010611
828.271484	405.406525
827.101563	187.737320
825.931641	13.153603
824.761719	676.382996
823.590820	51.542095
822.420898	70.025734
821.250000	603.253601
820.078125	257.058960
818.907227	895.046021
817.735352	615.572815
816.562500	618.007507
815.390625	543.940918
814.217773	69.329636
813.044922	371.041107
811.872070	606.797729
810.698242	-47.860996
809.524414	-216.334351
808.350586	9.470770
807.176758	-41.348721
806.001953	-364.362335
804.827148	311.037018
803.651367	177.908920
802.476563	-105.908249
801.300781	-95.919243
800.125000	632.887878
798.948242	415.737000
797.772461	177.694763
796.595703	143.933350
795.417969	804.943420
794.241211	1011.465698
793.063477	780.774719
791.885742	726.587036
790.707031	937.876953
789.529297	697.433838
788.350586	699.095825
787.170898	520.723633
785.992188	919.292480
784.812500	1271.242798
783.632813	1019.327881
782.452148	911.776184
781.272461	1264.092407
780.091797	309.932495
778.911133	340.818054
777.729492	289.317719
776.547852	303.624268
775.366211	652.354309
774.184570	186.819839
773.001953	273.546539
771.819336	-552.848083
770.636719	50.037266
769.453125	-534.724609
768.269531	-225.470154
767.085938	54.221165
765.902344	-291.085602
764.717773	-148.462143
763.533203	186.285400
762.348633	240.366333
761.163086	186.947342
759.977539	454.241211
758.791992	84.742134
757.606445	-200.157272
756.419922	381.358246
755.233398	96.700050
754.046875	-303.594910
752.859375	189.327789
751.672852	90.448303
750.485352	452.676849
749.296875	210.777008
748.108398	694.948608
746.919922	495.287079
745.731445	556.540283
744.542969	676.678711
743.353516	529.815002
742.164063	332.609741
740.973633	534.714783
739.783203	238.900162
738.592773	-54.664181
737.402344	653.414551
736.211914	389.275238
735.020508	502.992157
733.829102	662.796631
732.636719	346.345276
731.444336	208.271973
730.251953	57.657822
729.059570	177.478607
727.866211	98.114136
726.673828	161.217300
725.479492	132.065811
724.286133	-761.985229
723.091797	-363.909149
721.897461	-493.550446
720.703125	-395.087769
719.507813	46.364239
718.312500	-420.229218
717.117188	-294.873871
715.921875	156.495178
714.725586	-498.121979
713.529297	-67.965424
712.332031	150.903198
711.135742	-167.181808
709.938477	364.696381
708.740234	493.320251
707.542969	891.072937
706.344727	1960.482056
705.146484	2263.686768
703.948242	3363.432861
702.749023	3340.749023
701.549805	3411.843262
700.350586	2728.373535
699.150391	2011.847168
697.950195	753.990051
696.750000	1079.595703
695.549805	801.185120
694.348633	-35.008202
693.147461	269.733337
691.946289	-49.871075
690.744141	-127.983322
689.541992	128.832123
688.339844	223.414841
687.136719	282.684631
685.934570	229.813721
684.730469	239.402237
683.527344	573.197876
682.323242	61.724598
681.119141	267.012115
679.915039	67.627769
678.710938	231.761490
677.505859	288.177277
676.300781	129.132797
675.094727	275.333313
673.889648	262.180908
672.683594	348.918640
671.476563	375.938812
670.270508	42.912655
669.063477	331.962006
667.856445	169.964600
666.648438	-432.358398
665.440430	73.643616
664.232422	244.846817
663.024414	-90.179016
661.815430	301.763367
660.606445	-103.851959
659.397461	10.555851
658.188477	34.933434
656.978516	105.791954
655.768555	-35.082363
654.557617	-300.717804
653.346680	746.277405
652.135742	210.625534
650.924805	-300.674713
649.712891	-193.268097
648.501953	-125.621201
647.289063	-239.911316
646.077148	-610.171814
644.864258	89.462982
643.651367	190.925003
642.438477	-470.087708
641.224609	-30.626453
640.010742	-272.897034
638.796875	-8.221085
637.582031	697.309204
636.367188	392.530121
635.152344	214.077896
633.937500	849.073547
632.721680	546.919983
631.505859	665.443481
630.289063	1274.413208
629.073242	1763.187378
627.856445	2319.045410
626.639648	1912.936401
625.421875	1387.763428
624.204102	1203.660278
622.986328	1101.913940
621.768555	1094.961670
620.549805	680.321045
619.331055	461.479187
618.111328	130.958176
616.892578	242.472031
