1721.000977	-195.071045
1720.027344	-30.616819
1719.052734	-26.932741
1718.078125	55.240349
1717.104492	118.419464
1716.128906	178.034256
1715.154297	-68.436684
1714.178711	112.434692
1713.204102	-117.715019
1712.228516	-51.326759
1711.251953	285.826477
1710.276367	127.727730
1709.299805	43.243710
1708.324219	-62.356598
1707.347656	102.782890
1706.370117	-78.293076
1705.393555	111.166931
1704.416016	-4.464027
1703.438477	132.645172
1702.460938	-150.198792
1701.483398	77.946579
1700.505859	26.917442
1699.527344	300.039734
1698.548828	125.492561
1697.570313	96.250267
1696.591797	-186.192017
1695.612305	75.034958
1694.632813	52.451588
1693.653320	-46.994160
1692.673828	-26.733921
1691.694336	-47.564301
1690.713867	252.768799
1689.734375	328.339081
1688.753906	197.116547
1687.772461	-0.543301
1686.791992	-109.070351
1685.810547	220.566940
1684.830078	147.400040
1683.848633	206.567139
1682.866211	64.383965
1681.884766	-16.719515
1680.902344	-49.536064
1679.919922	-18.795469
1678.937500	172.167831
1677.955078	32.268932
1676.971680	-21.162567
1675.989258	-46.620712
1675.005859	103.307144
1674.022461	-82.377815
1673.038086	136.056503
1672.054688	-62.282001
1671.070313	56.982422
1670.085938	49.218521
1669.101563	33.856110
1668.117188	-176.957581
1667.131836	165.649933
1666.146484	168.105499
1665.161133	-131.318771
1664.175781	-95.740662
1663.189453	312.657501
1662.204102	-146.195374
1661.217773	-36.973042
1660.231445	120.422943
1659.245117	-23.719498
1658.257813	105.861572
1657.270508	-119.143623
1656.284180	-202.145081
1655.295898	23.816513
1654.308594	-137.506912
1653.321289	70.819359
1652.333008	198.158905
1651.344727	-74.165215
1650.356445	-55.423851
1649.367188	163.149582
1648.378906	-98.605789
1647.389648	140.295624
1646.400391	-4.926118
1645.411133	145.618347
1644.420898	53.678619
1643.431641	-2.748856
1642.441406	19.201607
1641.451172	258.345428
1640.459961	-42.652870
1639.469727	72.953659
1638.478516	264.279053
1637.487305	64.656372
1636.496094	205.662201
1635.504883	238.288055
1634.512695	228.128021
1633.520508	258.389282
1632.528320	293.772064
1631.536133	339.310455
1630.543945	238.837296
1629.550781	400.370544
1628.557617	463.737549
1627.564453	230.147888
1626.571289	540.324768
1625.578125	664.270508
1624.583984	788.231750
1623.589844	705.992126
1622.595703	970.866333
1621.601563	1117.555786
1620.606445	1163.705688
1619.611328	1084.269043
1618.616211	1253.663940
1617.621094	968.415710
1616.625977	1255.940552
1615.629883	1289.805786
1614.633789	1208.250854
1613.637695	1038.953491
1612.641602	1108.167603
1611.645508	1056.994629
1610.648438	990.840088
1609.651367	1190.579712
1608.654297	1157.127563
1607.657227	1254.087036
1606.659180	1285.883179
1605.662109	1713.610962
1604.664063	1414.728027
1603.666016	1501.711670
1602.666992	1498.541748
1601.668945	1265.111572
1600.669922	1474.824585
1599.670898	1669.472412
1598.671875	1568.849609
1597.671875	1485.796021
1596.672852	1300.288574
1595.672852	1164.879639
1594.672852	1017.057800
1593.671875	861.809265
1592.671875	944.046387
1591.670898	813.907959
1590.669922	741.290527
1589.668945	701.184509
1588.667969	930.752136
1587.666016	513.722412
1586.664063	451.259369
1585.662109	496.125122
1584.660156	139.351135
1583.658203	301.500275
1582.655273	393.756714
1581.652344	366.312073
1580.649414	144.469467
1579.646484	396.196198
1578.642578	271.596558
1577.638672	171.955948
1576.634766	306.452698
1575.630859	112.226105
1574.626953	134.649841
1573.622070	149.578384
1572.618164	124.691628
1571.613281	97.307259
1570.607422	-51.966499
1569.602539	166.866760
1568.596680	112.095558
1567.590820	199.019363
1566.584961	5.066882
1565.579102	42.254734
1564.572266	-7.546670
1563.566406	66.848839
1562.559570	126.284607
1561.551758	-57.630798
1560.544922	257.421783
1559.537109	21.404873
1558.530273	202.292099
1557.521484	-38.629635
1556.513672	90.056602
1555.505859	322.805481
1554.497070	262.903687
1553.488281	-156.366150
1552.479492	-218.666626
1551.470703	122.847580
1550.460938	-48.528938
1549.451172	-39.087593
1548.441406	-51.957581
1547.431641	58.917496
1546.421875	-246.042664
1545.411133	3.317956
1544.400391	-78.932411
1543.389648	-10.309496
1542.378906	-374.461823
1541.367188	203.397583
1540.355469	-19.830837
1539.343750	-131.789612
1538.332031	92.275208
1537.320313	-93.815948
1536.307617	-47.729221
1535.294922	-53.538467
1534.282227	27.026026
1533.269531	85.319946
1532.256836	-31.627161
1531.243164	-7.948157
1530.229492	272.207153
1529.215820	211.919205
1528.202148	215.735199
1527.187500	155.422729
1526.172852	-79.859230
1525.158203	-41.577045
1524.143555	-146.206818
1523.127930	-16.859827
1522.113281	-173.204620
1521.097656	135.760406
1520.082031	-30.452057
1519.065430	-31.755976
1518.049805	8.756479
1517.033203	-71.305710
1516.016602	-220.210938
1515.000000	-125.663612
1513.982422	-4.146052
1512.965820	-20.308805
1511.948242	17.560617
1510.930664	104.529900
1509.913086	274.957214
1508.894531	209.549744
1507.875977	97.510010
1506.857422	-183.856506
1505.838867	42.865063
1504.820313	213.050507
1503.800781	128.030151
1502.781250	258.854218
1501.761719	-90.966644
1500.742188	54.541054
1499.721680	89.676407
1498.702148	200.767654
1497.681641	130.501984
1496.661133	43.117199
1495.639648	92.887062
1494.618164	-65.472092
1493.597656	153.209167
1492.576172	7.139607
1491.553711	-156.009933
1490.532227	62.539944
1489.509766	43.751938
1488.487305	7.857999
1487.464844	-67.131180
1486.442383	116.998215
1485.418945	337.697784
1484.395508	89.228775
1483.372070	82.691689
1482.348633	-106.990669
1481.324219	118.475182
1480.300781	221.815628
1479.276367	-336.281738
1478.251953	-18.153440
1477.226563	43.689342
1476.202148	78.705269
1475.176758	-125.263626
1474.151367	95.078835
1473.125000	8.211802
1472.099609	23.765602
1471.073242	-77.632408
1470.046875	108.472038
1469.020508	50.980183
1467.994141	17.881180
1466.966797	172.253922
1465.939453	302.243927
1464.912109	42.873516
1463.884766	362.645477
1462.856445	154.488388
1461.829102	184.772171
1460.800781	450.892242
1459.772461	471.421631
1458.743164	360.726532
1457.714844	750.643311
1456.685547	768.745422
1455.656250	502.714996
1454.625977	569.475037
1453.596680	587.701355
1452.566406	569.534058
1451.536133	563.541870
1450.505859	412.022369
1449.474609	585.619263
1448.444336	240.226776
1447.413086	326.575134
1446.381836	228.699570
1445.350586	174.528442
1444.318359	619.545532
1443.286133	342.512421
1442.253906	232.751984
1441.221680	224.782333
1440.189453	173.279785
1439.156250	492.157928
1438.123047	242.260132
1437.089844	14.288054
1436.056641	340.380829
1435.022461	81.122131
1433.988281	20.282782
1432.954102	172.240158
1431.919922	118.750534
1430.885742	116.070137
1429.850586	-166.805099
1428.815430	246.086746
1427.780273	-19.697332
1426.744141	294.086731
1425.708984	21.260347
1424.672852	59.891476
1423.636719	158.873322
1422.600586	43.176861
1421.563477	16.798288
1420.527344	2.548652
1419.490234	111.287354
1418.452148	7.924895
1417.415039	-88.101105
1416.376953	-34.682919
1415.338867	35.622887
1414.300781	-72.246063
1413.262695	-9.082644
1412.224609	-30.142633
1411.185547	40.295166
1410.146484	-141.876938
1409.107422	-6.393291
1408.067383	-8.011094
1407.027344	64.960579
1405.987305	-116.866974
1404.947266	-96.675407
1403.907227	-64.425720
1402.866211	99.984459
1401.826172	41.008453
1400.785156	356.716309
1399.743164	-100.753258
1398.702148	539.001953
1397.660156	0.196747
1396.618164	378.220612
1395.576172	559.428833
1394.533203	498.371368
1393.491211	614.838440
1392.448242	688.144958
1391.405273	811.803040
1390.361328	1076.825806
1389.318359	1178.883667
1388.274414	1247.405518
1387.230469	1303.975098
1386.186523	1540.131470
1385.141602	1582.338989
1384.097656	1789.716797
1383.052734	1922.869629
1382.007813	1666.094360
1380.961914	1682.113281
1379.916992	2023.375244
1378.871094	1644.954224
1377.825195	1493.802856
1376.778320	1369.038086
1375.732422	1447.452271
1374.685547	1043.381348
1373.638672	1136.242554
1372.591797	1014.230957
1371.543945	1159.652954
1370.497070	1147.556274
1369.449219	837.249817
1368.400391	784.743164
1367.352539	918.337402
1366.303711	932.685547
1365.255859	544.192078
1364.206055	799.415283
1363.157227	701.907166
1362.108398	795.072266
1361.058594	902.520325
1360.008789	893.275330
1358.958984	862.643494
1357.908203	667.812683
1356.857422	780.101807
1355.806641	1016.104004
1354.755859	1064.115601
1353.705078	695.940735
1352.653320	575.242188
1351.601563	452.252625
1350.549805	552.768311
1349.498047	425.153900
1348.445313	779.892639
1347.393555	512.213623
1346.340820	456.021393
1345.287109	473.479553
1344.234375	331.932251
1343.180664	553.563538
1342.126953	262.634979
1341.073242	130.796371
1340.019531	440.168243
1338.964844	234.892273
1337.910156	290.499481
1336.855469	282.120117
1335.799805	240.587402
1334.745117	78.283936
1333.689453	231.087692
1332.633789	-96.863045
1331.578125	193.280731
1330.521484	5.174628
1329.464844	23.060366
1328.408203	5.472508
1327.351563	91.994461
1326.294922	95.727211
1325.237305	37.996433
1324.179688	141.059326
1323.122070	177.923157
1322.064453	23.392044
1321.005859	-5.852777
1319.947266	203.486847
1318.888672	-196.486099
1317.830078	-88.678444
1316.770508	-103.647095
1315.710938	-57.236553
1314.651367	-22.627043
1313.591797	30.854744
1312.531250	-26.521854
1311.471680	-152.228683
1310.411133	56.863312
1309.349609	-73.506065
1308.289063	36.540848
1307.227539	-110.233940
1306.166016	-261.643768
1305.104492	-22.087595
1304.042969	-102.800217
1302.980469	-105.801163
1301.917969	-0.544453
1300.855469	92.914787
1299.792969	68.732368
1298.729492	-94.185349
1297.666016	41.572823
1296.602539	125.565071
1295.539063	73.220673
1294.474609	166.576935
1293.411133	252.860855
1292.346680	-43.717812
1291.281250	-149.971878
1290.216797	-51.928307
1289.151367	142.302460
1288.085938	78.332771
1287.020508	-70.064285
1285.955078	-131.603851
1284.888672	294.644135
1283.822266	251.807587
1282.755859	115.233902
1281.689453	416.956024
1280.622070	114.052483
1279.554688	221.217667
1278.487305	185.478668
1277.419922	16.294231
1276.351563	284.936340
1275.283203	487.931427
1274.214844	173.716782
1273.146484	49.133987
1272.077148	76.626984
1271.008789	12.918717
1269.939453	108.209740
1268.869141	56.199131
1267.799805	214.535614
1266.729492	-26.718851
1265.659180	154.919220
1264.588867	46.898914
1263.517578	135.043213
1262.447266	374.885590
1261.375977	315.890442
1260.304688	182.258087
1259.232422	417.252930
1258.161133	31.771759
1257.088867	660.763428
1256.016602	231.098145
1254.943359	386.626373
1253.871094	474.516357
1252.797852	345.699463
1251.724609	393.956055
1250.650391	321.093719
1249.577148	902.487671
1248.502930	589.795959
1247.428711	565.808777
1246.354492	211.449982
1245.279297	438.771301
1244.204102	296.221191
1243.128906	9.575076
1242.053711	478.551819
1240.977539	268.681702
1239.902344	500.392761
1238.826172	90.825523
1237.750000	173.824951
1236.672852	133.712402
1235.595703	-129.251190
1234.518555	74.432381
1233.441406	319.796478
1232.364258	186.891998
1231.286133	295.268921
1230.208008	11.690142
1229.129883	106.151932
1228.051758	311.836121
1226.972656	132.728226
1225.893555	217.833359
1224.814453	397.878296
1223.734375	12.752892
1222.655273	-129.073914
1221.575195	-13.885072
1220.495117	-171.843460
1219.415039	52.064831
1218.333984	181.022690
1217.252930	222.041061
1216.171875	-192.493103
1215.090820	310.969269
1214.008789	53.775208
1212.926758	147.947327
1211.844727	-92.914505
1210.762695	-155.808090
1209.679688	141.578491
1208.597656	-85.250847
1207.513672	-212.729996
1206.430664	100.647720
1205.347656	-139.850708
1204.263672	-211.848846
1203.179688	-415.263580
1202.095703	96.202225
1201.010742	118.731667
1199.925781	-93.820686
1198.840820	154.572754
1197.755859	-14.105316
1196.670898	43.014500
1195.584961	235.968887
1194.499023	-107.557579
1193.413086	80.763474
1192.326172	2.070322
1191.239258	38.457645
1190.152344	-410.492279
1189.065430	79.019630
1187.978516	-93.822800
1186.890625	218.425415
1185.802734	11.175273
1184.714844	-62.709721
1183.625977	93.154907
1182.538086	79.020432
1181.449219	53.419254
1180.360352	82.936089
1179.270508	208.840210
1178.180664	89.185051
1177.090820	384.818451
1176.000977	79.430061
1174.911133	69.990761
1173.820313	296.691742
1172.729492	452.256287
1171.638672	243.418854
1170.547852	215.677673
1169.456055	513.204468
1168.364258	82.404022
1167.272461	315.754944
1166.179688	322.405548
1165.087891	530.458008
1163.995117	413.540894
1162.902344	758.752136
1161.808594	568.679565
1160.715820	989.186890
1159.622070	886.045349
1158.528320	952.085205
1157.433594	773.622803
1156.339844	771.160278
1155.245117	492.361664
1154.149414	403.215210
1153.054688	341.525696
1151.958984	624.505920
1150.863281	642.685242
1149.767578	202.327209
1148.671875	138.515793
1147.575195	6.334952
1146.478516	213.917389
1145.381836	115.999321
1144.285156	501.242737
1143.187500	218.790253
1142.089844	45.813480
1140.992188	137.089600
1139.894531	-17.545628
1138.795898	-10.492539
1137.697266	-99.005440
1136.598633	149.267014
1135.499023	-173.514969
1134.400391	-132.258438
1133.300781	-175.138840
1132.201172	-47.498535
1131.100586	-56.267166
1130.000977	-85.461334
1128.900391	-7.867771
1127.799805	19.739405
1126.698242	-75.274513
1125.596680	15.917834
1124.495117	-6.400728
1123.393555	-110.386856
1122.291992	289.318390
1121.189453	78.728760
1120.086914	335.368713
1118.984375	360.659637
1117.881836	705.536621
1116.778320	712.616882
1115.674805	1068.600586
1114.571289	932.912903
1113.466797	828.991394
1112.363281	582.492615
1111.258789	591.885742
1110.153320	707.637146
1109.048828	845.973450
1107.943359	606.487061
1106.837891	701.815369
1105.732422	225.070999
1104.625977	243.583969
1103.520508	447.414856
1102.414063	599.183289
1101.306641	470.763611
1100.200195	279.169373
1099.092773	342.803467
1097.985352	85.849998
1096.877930	226.230057
1095.769531	219.869263
1094.661133	35.287609
1093.552734	141.734268
1092.444336	135.378296
1091.335938	-22.025309
1090.226563	323.247803
1089.117188	50.926552
1088.006836	141.426682
1086.897461	74.212776
1085.787109	250.216797
1084.676758	173.974258
1083.566406	275.568176
1082.455078	397.351685
1081.343750	660.803589
1080.232422	215.579224
1079.121094	530.640381
1078.008789	629.697571
1076.896484	566.846741
1075.784180	530.971680
1074.671875	367.022461
1073.558594	162.684021
1072.445313	131.339539
1071.332031	441.265259
1070.217773	299.819824
1069.104492	221.257172
1067.990234	313.219543
1066.875977	218.920212
1065.760742	200.879868
1064.645508	7.921176
1063.530273	330.613281
1062.415039	130.919891
1061.299805	236.017517
1060.183594	132.686462
1059.067383	-113.979042
1057.951172	315.666290
1056.833984	295.092102
1055.716797	-184.343628
1054.599609	287.408661
1053.482422	398.718872
1052.364258	196.792755
1051.247070	236.422134
1050.128906	99.361504
1049.009766	45.007992
1047.891602	-62.998756
1046.772461	155.171738
1045.653320	129.721497
1044.533203	32.764256
1043.414063	-15.083462
1042.293945	12.918640
1041.173828	214.916138
1040.052734	-9.385638
1038.932617	-144.416656
1037.811523	311.518097
1036.689453	47.020798
1035.568359	-90.357742
1034.446289	-65.061485
1033.324219	-73.264778
1032.202148	121.175728
1031.079102	264.226654
1029.957031	-27.025377
1028.833984	-100.073715
1027.709961	60.510029
1026.586914	-110.573929
1025.462891	-5.823125
1024.338867	-176.975845
1023.214844	-67.966789
1022.089844	472.168335
1020.964844	-172.613251
1019.839844	18.285076
1018.714844	-115.323296
1017.588867	208.558914
1016.462891	141.404892
1015.336914	-65.661362
1014.210938	-68.531448
1013.083984	-4.927065
1011.957031	264.875336
1010.830078	374.773254
1009.702148	-1.099694
1008.574219	516.531067
1007.446289	996.154968
1006.318359	1535.294556
1005.190430	2517.177490
1004.061523	2729.933350
1002.932617	2041.229614
1001.802734	1255.322632
1000.673828	795.053101
999.543945	463.234985
998.414063	233.235596
997.283203	169.125473
996.153320	529.535034
995.022461	259.570740
993.891602	425.069092
992.759766	685.403198
991.628906	589.815491
990.497070	891.753723
989.364258	992.477051
988.232422	1179.166138
987.099609	1195.687988
985.966797	1340.093140
984.833984	1768.939697
983.700195	1952.627563
982.566406	1459.092163
981.432617	1413.251221
980.298828	1157.913330
979.164063	1270.608887
978.029297	1061.461304
976.894531	671.673706
975.759766	803.898315
974.624023	711.361023
973.488281	451.459045
972.352539	499.676819
971.215820	519.150146
970.080078	553.914612
968.943359	485.177094
967.805664	546.080200
966.668945	685.994141
965.531250	535.623535
964.393555	475.302094
963.254883	575.251343
962.117188	591.602051
960.978516	443.148132
959.839844	514.179016
958.700195	350.224640
957.561523	644.846252
956.421875	548.735779
955.281250	658.714111
954.141602	619.450623
953.000977	825.615417
951.860352	737.899170
950.719727	919.638855
949.578125	768.199951
948.436523	546.646729
947.294922	395.169739
946.153320	381.582611
945.010742	341.631744
943.868164	507.293854
942.725586	364.328125
941.583008	282.575745
940.439453	163.587708
939.295898	7.401770
938.152344	259.917938
937.007813	206.298386
935.863281	71.788353
934.718750	-132.633926
933.574219	86.584076
932.428711	246.665085
931.283203	286.550049
930.137695	254.332687
928.992188	27.891874
927.845703	266.049927
926.699219	102.797081
925.552734	266.569000
924.405273	11.701706
923.257813	255.904449
922.110352	88.177528
920.962891	234.116974
919.814453	471.379150
918.666016	277.411957
917.517578	183.608444
916.369141	-27.710518
915.219727	111.277458
914.070313	348.034302
912.920898	258.455231
911.770508	140.602936
910.621094	-64.159500
909.470703	296.122742
908.319336	265.132080
907.168945	-100.355995
906.017578	-24.886675
904.866211	-170.921295
903.713867	214.864746
902.562500	270.622162
901.410156	144.085159
900.256836	199.782227
899.104492	-182.585037
897.951172	94.293884
896.797852	-268.381897
895.644531	134.078323
894.490234	-146.115738
893.335938	2.705799
892.181641	108.159538
891.027344	-28.901581
889.872070	308.134705
888.716797	207.907074
887.561523	94.772461
886.405273	22.802282
885.249023	-51.263210
884.092773	15.272822
882.936523	-8.965020
881.779297	150.524628
880.622070	188.999496
879.464844	-87.853249
878.307617	186.149643
877.149414	-213.537064
875.991211	274.168457
874.833008	230.844025
873.673828	267.423157
872.514648	312.688660
871.355469	8.655890
870.196289	-111.896126
869.036133	91.003525
867.875977	-14.264927
866.715820	27.110729
865.554688	266.714966
864.394531	17.479588
863.233398	233.495789
862.071289	201.968628
860.910156	278.178925
859.748047	343.696930
858.585938	396.396210
857.422852	163.166550
856.259766	325.764069
855.096680	348.700104
853.933594	100.987823
852.770508	367.009583
851.606445	270.026672
850.442383	-24.334322
849.277344	304.197845
848.113281	244.225449
846.948242	326.057312
845.783203	111.932602
844.617188	28.898376
843.451172	-81.810478
842.285156	-119.407692
841.119141	3.939828
839.952148	-11.898196
838.785156	109.562332
837.618164	-90.150345
836.451172	53.046635
835.283203	142.826111
834.115234	106.464287
832.947266	314.264526
831.778320	92.120697
830.609375	-159.670242
829.440430	279.573761
828.271484	113.772964
827.101563	3.817680
825.931641	129.183594
824.761719	278.196930
823.590820	143.261978
822.420898	266.997986
821.250000	51.424408
820.078125	233.166519
818.907227	118.430046
817.735352	377.311462
816.562500	418.724792
815.390625	471.009125
814.217773	180.238235
813.044922	222.335938
811.872070	126.127304
810.698242	49.357395
809.524414	-214.584183
808.350586	-318.466400
807.176758	131.459183
806.001953	145.060944
804.827148	-294.368469
803.651367	204.844116
802.476563	-93.553741
801.300781	208.075226
800.125000	5.938354
798.948242	214.337967
797.772461	214.624985
796.595703	365.972809
795.417969	45.953365
794.241211	499.257751
793.063477	190.423386
791.885742	196.086884
790.707031	87.378998
789.529297	53.199657
788.350586	101.971939
787.170898	131.852600
785.992188	204.337662
784.812500	340.585175
783.632813	290.510620
782.452148	164.401199
781.272461	381.674622
780.091797	266.601105
778.911133	41.700199
777.729492	45.684910
776.547852	-85.562599
775.366211	16.147432
774.184570	8.018250
773.001953	-118.334839
771.819336	-185.255569
770.636719	-106.138847
769.453125	-193.812759
768.269531	20.809637
767.085938	170.022430
765.902344	-240.230087
764.717773	-2.051513
763.533203	79.983749
762.348633	18.641813
761.163086	-124.804108
759.977539	187.498474
758.791992	14.819139
757.606445	-56.473122
756.419922	255.955276
755.233398	22.621819
754.046875	-77.786537
752.859375	108.370239
751.672852	10.276768
750.485352	175.446030
749.296875	239.595917
748.108398	274.326599
746.919922	248.097687
745.731445	196.698807
744.542969	162.192886
743.353516	310.621765
742.164063	-171.456177
740.973633	10.657052
739.783203	133.884796
738.592773	278.064972
737.402344	46.349777
736.211914	203.069214
735.020508	-95.692406
733.829102	67.243828
732.636719	11.923036
731.444336	206.145172
730.251953	356.197021
729.059570	214.763794
727.866211	305.947083
726.673828	137.220490
725.479492	2.008325
724.286133	-256.782196
723.091797	-151.252533
721.897461	238.786438
720.703125	17.479191
719.507813	22.106745
718.312500	47.522816
717.117188	399.008911
715.921875	206.614212
714.725586	225.266266
713.529297	151.806107
712.332031	67.770714
711.135742	332.411041
709.938477	101.849312
708.740234	345.113892
707.542969	475.363647
706.344727	887.058472
705.146484	1062.614258
703.948242	1496.504272
702.749023	1934.145386
701.549805	1650.048706
700.350586	1365.864380
699.150391	919.056641
697.950195	793.046631
696.750000	406.522858
695.549805	421.819000
694.348633	397.316437
693.147461	141.565887
691.946289	137.469009
690.744141	322.437561
689.541992	269.981720
688.339844	184.044067
687.136719	110.379555
685.934570	373.201202
684.730469	311.523071
683.527344	419.988983
682.323242	457.564270
681.119141	658.933716
679.915039	384.633331
678.710938	421.557526
677.505859	346.224487
676.300781	322.600861
675.094727	491.677338
673.889648	262.429565
672.683594	244.566666
671.476563	176.836899
670.270508	301.704590
669.063477	337.335052
667.856445	87.081230
666.648438	269.584534
665.440430	81.443108
664.232422	-201.824539
663.024414	-4.969833
661.815430	204.223099
660.606445	-2.283745
659.397461	-49.418434
658.188477	-71.615089
656.978516	-23.400467
655.768555	258.424957
654.557617	193.330826
653.346680	-57.325191
652.135742	-6.150938
650.924805	8.187371
649.712891	51.788204
648.501953	-36.228127
647.289063	2.087981
646.077148	-78.673714
644.864258	-57.792831
643.651367	33.802063
642.438477	-22.297773
641.224609	-15.798739
640.010742	73.922371
638.796875	-57.874409
637.582031	179.863708
636.367188	183.921432
635.152344	285.822113
633.937500	228.436050
632.721680	464.426788
631.505859	319.258911
630.289063	629.951233
629.073242	798.209534
627.856445	733.849731
626.639648	640.499268
625.421875	701.076965
624.204102	447.448486
622.986328	415.709930
621.768555	365.713776
620.549805	-8.083080
619.331055	84.385582
618.111328	-58.401844
616.892578	64.069038
