1721.000977	-141.481400
1720.027344	143.545639
1719.052734	171.980698
1718.078125	-131.727097
1717.104492	140.779099
1716.128906	-18.769772
1715.154297	141.256226
1714.178711	-76.630066
1713.204102	-167.205856
1712.228516	-94.653709
1711.251953	169.141968
1710.276367	309.045135
1709.299805	-74.367256
1708.324219	-17.981838
1707.347656	9.470581
1706.370117	-25.236481
1705.393555	85.262108
1704.416016	-30.083780
1703.438477	158.375534
1702.460938	-91.130615
1701.483398	19.399679
1700.505859	244.375748
1699.527344	225.934906
1698.548828	56.257149
1697.570313	128.870621
1696.591797	-115.695297
1695.612305	-153.761078
1694.632813	-92.643776
1693.653320	-1.300475
1692.673828	-147.686981
1691.694336	57.748070
1690.713867	33.177204
1689.734375	393.441650
1688.753906	-16.796534
1687.772461	-105.938507
1686.791992	44.313862
1685.810547	46.453316
1684.830078	206.353912
1683.848633	29.736900
1682.866211	-157.201813
1681.884766	294.866486
1680.902344	79.617432
1679.919922	-199.313522
1678.937500	-129.661621
1677.955078	67.044487
1676.971680	205.033630
1675.989258	-10.575815
1675.005859	101.764549
1674.022461	285.156860
1673.038086	-141.545013
1672.054688	158.576874
1671.070313	49.516098
1670.085938	-117.954681
1669.101563	72.649666
1668.117188	21.974045
1667.131836	113.422577
1666.146484	400.225586
1665.161133	-5.726978
1664.175781	131.331451
1663.189453	24.860395
1662.204102	-193.086884
1661.217773	255.770691
1660.231445	182.366531
1659.245117	-55.676888
1658.257813	233.352570
1657.270508	-9.600924
1656.284180	-123.228470
1655.295898	-6.400115
1654.308594	-251.514999
1653.321289	-99.131676
1652.333008	146.853485
1651.344727	46.232418
1650.356445	46.894848
1649.367188	179.102203
1648.378906	88.879036
1647.389648	218.655197
1646.400391	169.037567
1645.411133	104.368027
1644.420898	-172.399155
1643.431641	30.911037
1642.441406	-212.718750
1641.451172	31.068962
1640.459961	93.103195
1639.469727	92.143448
1638.478516	-183.737595
1637.487305	-7.904151
1636.496094	-26.228682
1635.504883	149.695541
1634.512695	156.730515
1633.520508	5.083366
1632.528320	372.664337
1631.536133	271.617981
1630.543945	-18.188679
1629.550781	601.260681
1628.557617	389.728729
1627.564453	430.095886
1626.571289	608.955444
1625.578125	737.515747
1624.583984	601.968994
1623.589844	770.889343
1622.595703	1108.305298
1621.601563	1078.637817
1620.606445	1282.803833
1619.611328	1273.382813
1618.616211	1042.965210
1617.621094	1310.083252
1616.625977	1152.763062
1615.629883	1208.997925
1614.633789	1134.760986
1613.637695	1186.128906
1612.641602	1059.403320
1611.645508	1416.994629
1610.648438	1348.109375
1609.651367	1367.098999
1608.654297	1596.760620
1607.657227	1229.829346
1606.659180	1404.425537
1605.662109	1203.205688
1604.664063	1675.981201
1603.666016	1803.005005
1602.666992	1596.997681
1601.668945	1649.019287
1600.669922	1718.588501
1599.670898	1562.975952
1598.671875	1727.734253
1597.671875	1472.236938
1596.672852	1386.982422
1595.672852	1289.301025
1594.672852	1126.722290
1593.671875	1114.207520
1592.671875	761.936646
1591.670898	592.218750
1590.669922	1042.055908
1589.668945	992.315552
1588.667969	563.148438
1587.666016	605.959595
1586.664063	658.782288
1585.662109	566.905762
1584.660156	118.385063
1583.658203	273.652252
1582.655273	446.331421
1581.652344	157.766113
1580.649414	183.407867
1579.646484	-22.678408
1578.642578	232.252731
1577.638672	277.870880
1576.634766	94.379654
1575.630859	-11.822003
1574.626953	153.389496
1573.622070	-67.232307
1572.618164	-108.563866
1571.613281	113.835030
1570.607422	-124.001701
1569.602539	148.082581
1568.596680	139.108414
1567.590820	-404.272247
1566.584961	111.281128
1565.579102	191.814270
1564.572266	148.104630
1563.566406	101.957153
1562.559570	266.888916
1561.551758	138.799301
1560.544922	105.106529
1559.537109	14.343474
1558.530273	-262.432953
1557.521484	-137.280212
1556.513672	-265.115356
1555.505859	-125.111778
1554.497070	-126.479843
1553.488281	62.993061
1552.479492	-77.170410
1551.470703	-53.769863
1550.460938	-25.439342
1549.451172	-304.186859
1548.441406	-171.833359
1547.431641	-71.717415
1546.421875	-80.534943
1545.411133	-96.790901
1544.400391	55.170887
1543.389648	-0.685249
1542.378906	49.802307
1541.367188	-80.220886
1540.355469	-12.461823
1539.343750	84.916985
1538.332031	1.891726
1537.320313	-436.797699
1536.307617	26.068615
1535.294922	-61.864605
1534.282227	-68.308563
1533.269531	-82.159973
1532.256836	101.385651
1531.243164	-245.572708
1530.229492	184.545319
1529.215820	-273.268188
1528.202148	-30.716463
1527.187500	36.701939
1526.172852	67.116325
1525.158203	87.653625
1524.143555	76.149788
1523.127930	-9.258885
1522.113281	-65.075356
1521.097656	2.195656
1520.082031	39.896492
1519.065430	-23.336449
1518.049805	90.605301
1517.033203	-78.394234
1516.016602	-87.482834
1515.000000	82.908058
1513.982422	265.495026
1512.965820	-55.802811
1511.948242	-84.589592
1510.930664	260.031921
1509.913086	22.409651
1508.894531	-62.888107
1507.875977	70.342537
1506.857422	90.603912
1505.838867	152.570221
1504.820313	-84.820648
1503.800781	-20.414396
1502.781250	117.533974
1501.761719	20.034670
1500.742188	-35.751698
1499.721680	-3.299656
1498.702148	283.991669
1497.681641	291.860291
1496.661133	231.143066
1495.639648	21.054966
1494.618164	-93.459724
1493.597656	31.976847
1492.576172	167.134064
1491.553711	160.307434
1490.532227	251.353683
1489.509766	237.180954
1488.487305	61.633904
1487.464844	-69.829826
1486.442383	11.409524
1485.418945	319.865997
1484.395508	49.173275
1483.372070	-77.283211
1482.348633	-13.196196
1481.324219	299.901581
1480.300781	266.257233
1479.276367	171.605453
1478.251953	274.650208
1477.226563	128.811935
1476.202148	97.697052
1475.176758	193.393890
1474.151367	-49.815510
1473.125000	55.631985
1472.099609	304.844574
1471.073242	105.649025
1470.046875	405.915222
1469.020508	192.200470
1467.994141	141.731995
1466.966797	40.164906
1465.939453	147.968552
1464.912109	-2.184514
1463.884766	61.831379
1462.856445	247.440948
1461.829102	440.302673
1460.800781	419.136414
1459.772461	361.542206
1458.743164	464.376556
1457.714844	880.637512
1456.685547	417.361603
1455.656250	729.058899
1454.625977	567.140625
1453.596680	657.807739
1452.566406	678.061829
1451.536133	572.151123
1450.505859	779.281311
1449.474609	508.496552
1448.444336	572.532654
1447.413086	551.696167
1446.381836	254.559341
1445.350586	473.792664
1444.318359	632.374084
1443.286133	497.797668
1442.253906	537.696716
1441.221680	318.513184
1440.189453	511.021088
1439.156250	417.856781
1438.123047	426.402649
1437.089844	209.977585
1436.056641	668.552795
1435.022461	457.065552
1433.988281	-22.678131
1432.954102	484.099579
1431.919922	224.565201
1430.885742	-66.231987
1429.850586	48.975513
1428.815430	-7.311209
1427.780273	-150.462814
1426.744141	107.237526
1425.708984	157.302780
1424.672852	28.797079
1423.636719	-109.261215
1422.600586	-95.250626
1421.563477	-78.803734
1420.527344	145.054779
1419.490234	-101.229691
1418.452148	18.964464
1417.415039	-51.194416
1416.376953	-58.655186
1415.338867	-162.411682
1414.300781	157.745392
1413.262695	37.228409
1412.224609	37.160690
1411.185547	-285.347778
1410.146484	1.050676
1409.107422	220.022278
1408.067383	-212.818939
1407.027344	-34.688019
1405.987305	-154.678513
1404.947266	107.580856
1403.907227	-43.528866
1402.866211	-45.586823
1401.826172	113.347046
1400.785156	188.200272
1399.743164	315.875488
1398.702148	443.560425
1397.660156	220.850876
1396.618164	245.415939
1395.576172	596.261536
1394.533203	709.562744
1393.491211	832.469666
1392.448242	809.127380
1391.405273	1226.851074
1390.361328	1371.261475
1389.318359	1223.390747
1388.274414	1624.130493
1387.230469	1809.225586
1386.186523	2176.250000
1385.141602	2062.023926
1384.097656	2134.579102
1383.052734	2159.287842
1382.007813	2260.584229
1380.961914	2230.337158
1379.916992	2090.173584
1378.871094	2100.718506
1377.825195	1900.979614
1376.778320	1694.197144
1375.732422	1590.296509
1374.685547	1515.141357
1373.638672	1220.367798
1372.591797	1138.261108
1371.543945	1364.153564
1370.497070	1131.803711
1369.449219	1142.960571
1368.400391	824.956055
1367.352539	1029.456787
1366.303711	1057.456055
1365.255859	916.247070
1364.206055	1034.916016
1363.157227	984.409424
1362.108398	895.852966
1361.058594	1181.327393
1360.008789	1011.886169
1358.958984	925.896362
1357.908203	911.389954
1356.857422	925.496582
1355.806641	794.504944
1354.755859	880.086670
1353.705078	944.276550
1352.653320	720.761230
1351.601563	991.859436
1350.549805	782.783752
1349.498047	533.445923
1348.445313	595.472168
1347.393555	576.769226
1346.340820	441.748169
1345.287109	629.709534
1344.234375	433.108551
1343.180664	352.909302
1342.126953	548.017883
1341.073242	268.656555
1340.019531	402.121887
1338.964844	547.417358
1337.910156	346.583710
1336.855469	378.147858
1335.799805	329.164276
1334.745117	71.774826
1333.689453	160.336945
1332.633789	308.101990
1331.578125	193.046112
1330.521484	215.356796
1329.464844	46.009872
1328.408203	44.760796
1327.351563	-41.605705
1326.294922	-108.978729
1325.237305	-311.069031
1324.179688	-11.875618
1323.122070	102.876488
1322.064453	-302.229156
1321.005859	-336.233276
1319.947266	99.831810
1318.888672	-271.852722
1317.830078	149.913910
1316.770508	-273.488983
1315.710938	483.253784
1314.651367	-83.889488
1313.591797	212.578812
1312.531250	39.635853
1311.471680	-130.834137
1310.411133	-86.690804
1309.349609	108.290146
1308.289063	-113.835411
1307.227539	-279.303864
1306.166016	-63.118713
1305.104492	-23.604652
1304.042969	13.569936
1302.980469	-26.926067
1301.917969	26.753281
1300.855469	80.437630
1299.792969	188.226166
1298.729492	-247.249222
1297.666016	79.269432
1296.602539	135.346130
1295.539063	-139.943375
1294.474609	181.708755
1293.411133	155.586029
1292.346680	-23.168098
1291.281250	-2.241473
1290.216797	-126.838989
1289.151367	34.973969
1288.085938	-51.994137
1287.020508	-0.483931
1285.955078	243.359650
1284.888672	358.135712
1283.822266	97.762016
1282.755859	41.451050
1281.689453	203.130173
1280.622070	156.226715
1279.554688	97.652473
1278.487305	242.873886
1277.419922	32.152306
1276.351563	200.764771
1275.283203	-89.398460
1274.214844	53.466919
1273.146484	-54.028107
1272.077148	77.102608
1271.008789	259.645538
1269.939453	388.346741
1268.869141	273.916901
1267.799805	-53.093929
1266.729492	-27.164164
1265.659180	225.348236
1264.588867	85.429283
1263.517578	300.473511
1262.447266	193.310059
1261.375977	109.540863
1260.304688	189.153564
1259.232422	392.374817
1258.161133	266.678162
1257.088867	434.845398
1256.016602	302.223480
1254.943359	470.328186
1253.871094	139.713074
1252.797852	501.171753
1251.724609	289.502289
1250.650391	578.599548
1249.577148	436.874298
1248.502930	690.921082
1247.428711	500.379791
1246.354492	579.826294
1245.279297	580.151672
1244.204102	517.696838
1243.128906	490.156830
1242.053711	581.193604
1240.977539	390.977509
1239.902344	547.077271
1238.826172	361.619019
1237.750000	204.123413
1236.672852	-69.405159
1235.595703	335.087067
1234.518555	709.238586
1233.441406	131.818680
1232.364258	99.864311
1231.286133	311.473694
1230.208008	138.046310
1229.129883	194.232300
1228.051758	46.420189
1226.972656	406.198517
1225.893555	274.630737
1224.814453	302.964722
1223.734375	134.429703
1222.655273	250.781555
1221.575195	135.592194
1220.495117	69.059807
1219.415039	155.283813
1218.333984	-54.647091
1217.252930	45.447636
1216.171875	57.636204
1215.090820	173.855957
1214.008789	-139.884476
1212.926758	-254.750259
1211.844727	-4.526697
1210.762695	490.432526
1209.679688	52.208385
1208.597656	34.394382
1207.513672	-133.461609
1206.430664	-26.605011
1205.347656	-330.484161
1204.263672	-228.242661
1203.179688	-91.446175
1202.095703	-37.713963
1201.010742	161.222488
1199.925781	-50.165382
1198.840820	-67.903114
1197.755859	100.972054
1196.670898	-11.213870
1195.584961	28.622150
1194.499023	-226.234039
1193.413086	-197.866592
1192.326172	19.176701
1191.239258	-161.882813
1190.152344	59.663719
1189.065430	184.530975
1187.978516	153.003952
1186.890625	107.695038
1185.802734	264.641937
1184.714844	-100.032448
1183.625977	-159.037994
1182.538086	236.714478
1181.449219	267.209686
1180.360352	309.172821
1179.270508	325.864685
1178.180664	294.365936
1177.090820	372.994751
1176.000977	210.770462
1174.911133	346.708527
1173.820313	335.860809
1172.729492	407.530548
1171.638672	559.369873
1170.547852	145.269226
1169.456055	207.764847
1168.364258	439.687286
1167.272461	131.196487
1166.179688	422.537689
1165.087891	832.754883
1163.995117	796.633728
1162.902344	868.037964
1161.808594	985.138428
1160.715820	1161.637451
1159.622070	965.447632
1158.528320	1189.854370
1157.433594	842.931152
1156.339844	610.385864
1155.245117	725.078430
1154.149414	764.362000
1153.054688	538.817627
1151.958984	370.422363
1150.863281	494.172577
1149.767578	501.513306
1148.671875	458.668854
1147.575195	144.474228
1146.478516	243.058609
1145.381836	77.195145
1144.285156	162.063171
1143.187500	21.331652
1142.089844	-12.288205
1140.992188	-84.615112
1139.894531	-47.633804
1138.795898	185.072693
1137.697266	108.168686
1136.598633	-18.766134
1135.499023	-302.615601
1134.400391	-113.306580
1133.300781	-253.786057
1132.201172	-135.069458
1131.100586	-205.054321
1130.000977	-104.603073
1128.900391	-22.385414
1127.799805	64.323463
1126.698242	-71.549835
1125.596680	246.653091
1124.495117	-193.357285
1123.393555	238.158798
1122.291992	147.683273
1121.189453	336.205170
1120.086914	365.894592
1118.984375	728.817444
1117.881836	1170.891113
1116.778320	1458.649658
1115.674805	853.624390
1114.571289	996.322571
1113.466797	930.592468
1112.363281	907.896118
1111.258789	735.789856
1110.153320	1048.021118
1109.048828	751.477844
1107.943359	819.223999
1106.837891	986.421997
1105.732422	576.967651
1104.625977	391.453308
1103.520508	619.585144
1102.414063	838.542358
1101.306641	582.984436
1100.200195	234.924316
1099.092773	442.445374
1097.985352	329.284241
1096.877930	507.293762
1095.769531	335.439026
1094.661133	267.403900
1093.552734	-35.195034
1092.444336	-85.139763
1091.335938	-33.645809
1090.226563	139.495880
1089.117188	380.129456
1088.006836	230.862381
1086.897461	207.766663
1085.787109	209.411346
1084.676758	384.371155
1083.566406	226.090668
1082.455078	459.393921
1081.343750	517.066650
1080.232422	547.682373
1079.121094	420.826172
1078.008789	451.359131
1076.896484	454.861969
1075.784180	793.171814
1074.671875	639.233215
1073.558594	402.200043
1072.445313	79.887451
1071.332031	2.411900
1070.217773	564.675171
1069.104492	718.189636
1067.990234	276.980286
1066.875977	147.733658
1065.760742	354.898224
1064.645508	156.072647
1063.530273	22.297134
1062.415039	27.483002
1061.299805	243.240768
1060.183594	257.219910
1059.067383	-15.545169
1057.951172	65.550186
1056.833984	9.983432
1055.716797	50.625042
1054.599609	156.083588
1053.482422	75.748901
1052.364258	-96.321655
1051.247070	174.391479
1050.128906	-15.632924
1049.009766	160.922546
1047.891602	-58.189808
1046.772461	165.082703
1045.653320	86.650032
1044.533203	-61.051876
1043.414063	280.200409
1042.293945	-139.929504
1041.173828	-80.142746
1040.052734	227.189789
1038.932617	61.436504
1037.811523	154.368027
1036.689453	79.958069
1035.568359	-81.414833
1034.446289	66.972755
1033.324219	32.517784
1032.202148	-186.885910
1031.079102	166.079849
1029.957031	-146.920654
1028.833984	-25.787565
1027.709961	-539.072510
1026.586914	-202.235748
1025.462891	-94.765678
1024.338867	-214.272614
1023.214844	-80.327454
1022.089844	-328.891754
1020.964844	-1.796318
1019.839844	58.427071
1018.714844	54.115730
1017.588867	-127.963577
1016.462891	236.190704
1015.336914	262.658173
1014.210938	2.717592
1013.083984	179.932404
1011.957031	219.437332
1010.830078	181.206512
1009.702148	473.295441
1008.574219	505.780457
1007.446289	1329.426758
1006.318359	2347.609131
1005.190430	2908.862305
1004.061523	2962.541992
1002.932617	2347.354248
1001.802734	1247.502563
1000.673828	756.754700
999.543945	421.031616
998.414063	417.226898
997.283203	181.073212
996.153320	148.393707
995.022461	299.126434
993.891602	122.563866
992.759766	354.799713
991.628906	637.665649
990.497070	694.991821
989.364258	836.106140
988.232422	840.186462
987.099609	1104.623047
985.966797	993.685730
984.833984	1396.778809
983.700195	1173.128418
982.566406	1399.371826
981.432617	1382.887939
980.298828	929.864624
979.164063	1058.746582
978.029297	775.460388
976.894531	1051.719360
975.759766	464.461060
974.624023	460.841248
973.488281	419.708740
972.352539	358.694794
971.215820	709.056396
970.080078	229.864883
968.943359	192.842682
967.805664	564.703003
966.668945	314.209106
965.531250	345.040131
964.393555	437.291962
963.254883	267.985016
962.117188	667.508118
960.978516	41.340939
959.839844	521.769104
958.700195	257.867645
957.561523	525.014343
956.421875	497.985260
955.281250	602.462830
954.141602	853.735413
953.000977	861.461731
951.860352	788.012146
950.719727	736.428650
949.578125	805.264648
948.436523	460.045013
947.294922	382.050232
946.153320	317.150635
945.010742	479.813477
943.868164	244.081665
942.725586	152.772934
941.583008	-82.916084
940.439453	158.110733
939.295898	234.998215
938.152344	-127.533424
937.007813	305.416565
935.863281	205.049957
934.718750	299.057739
933.574219	465.019623
932.428711	111.246521
931.283203	-270.793884
930.137695	-70.088142
928.992188	75.931862
927.845703	3.705932
926.699219	97.188400
925.552734	-53.591549
924.405273	61.546135
923.257813	0.079427
922.110352	433.141144
920.962891	31.748863
919.814453	89.961601
918.666016	185.118896
917.517578	206.195511
916.369141	96.664238
915.219727	-104.238136
914.070313	153.865280
912.920898	237.857544
911.770508	-21.731516
910.621094	-96.454788
909.470703	-453.676727
908.319336	88.675316
907.168945	-114.240471
906.017578	71.619713
904.866211	-237.618866
903.713867	108.771072
902.562500	12.318909
901.410156	-277.195099
900.256836	-102.414848
899.104492	-257.316803
897.951172	84.324783
896.797852	37.824738
895.644531	173.388824
894.490234	-48.591343
893.335938	-23.525476
892.181641	-238.826920
891.027344	-77.293747
889.872070	40.883820
888.716797	-208.852402
887.561523	112.726913
886.405273	25.363327
885.249023	178.115814
884.092773	103.821159
882.936523	269.530975
881.779297	-29.426964
880.622070	2.359687
879.464844	-104.059349
878.307617	126.504311
877.149414	-126.615486
875.991211	-19.088558
874.833008	10.759825
873.673828	-62.915985
872.514648	-32.955883
871.355469	-160.364822
870.196289	72.410851
869.036133	-78.540649
867.875977	42.186604
866.715820	-76.209213
865.554688	182.467758
864.394531	126.717216
863.233398	178.717178
862.071289	133.910172
860.910156	181.769958
859.748047	591.139099
858.585938	413.204071
857.422852	558.012817
856.259766	393.267273
855.096680	637.106812
853.933594	496.280273
852.770508	574.778564
851.606445	232.343536
850.442383	255.260330
849.277344	170.929108
848.113281	144.731323
846.948242	438.410004
845.783203	157.101395
844.617188	240.688370
843.451172	-87.363060
842.285156	-322.931366
841.119141	67.644058
839.952148	40.293293
838.785156	40.952400
837.618164	-131.735764
836.451172	23.449734
835.283203	-118.886818
834.115234	-51.235847
832.947266	7.982787
831.778320	-52.487675
830.609375	120.381279
829.440430	156.472366
828.271484	68.711220
827.101563	306.042572
825.931641	165.191437
824.761719	270.272644
823.590820	281.485138
822.420898	476.527588
821.250000	263.868530
820.078125	568.017639
818.907227	460.359833
817.735352	408.393768
816.562500	527.263611
815.390625	433.023010
814.217773	232.407684
813.044922	388.022858
811.872070	83.466965
810.698242	196.801132
809.524414	-107.200188
808.350586	264.170532
807.176758	-186.223038
806.001953	100.223495
804.827148	33.486691
803.651367	49.936691
802.476563	-48.281612
801.300781	-176.037445
800.125000	306.609528
798.948242	602.174194
797.772461	275.180695
796.595703	78.118011
795.417969	221.167725
794.241211	219.950211
793.063477	371.769684
791.885742	-121.525299
790.707031	157.992722
789.529297	306.040039
788.350586	239.978333
787.170898	627.910217
785.992188	216.615143
784.812500	348.277649
783.632813	357.156555
782.452148	586.527161
781.272461	432.616547
780.091797	378.471252
778.911133	595.497437
777.729492	95.097549
776.547852	64.851013
775.366211	7.284573
774.184570	186.788132
773.001953	-267.985809
771.819336	-168.519394
770.636719	303.031982
769.453125	-81.255287
768.269531	60.799927
767.085938	-6.155364
765.902344	-123.610985
764.717773	-257.763977
763.533203	-151.119736
762.348633	120.187065
761.163086	-24.083611
759.977539	-75.365547
758.791992	-71.682449
757.606445	43.840321
756.419922	-173.570511
755.233398	26.419968
754.046875	-95.882286
752.859375	13.636145
751.672852	137.933609
750.485352	49.651653
749.296875	386.611694
748.108398	449.965942
746.919922	618.539368
745.731445	459.025909
744.542969	516.215271
743.353516	-6.736325
742.164063	319.644867
740.973633	99.639977
739.783203	-10.988359
738.592773	-81.626602
737.402344	103.946175
736.211914	-96.773727
735.020508	143.322861
733.829102	125.254044
732.636719	266.617249
731.444336	-9.405490
730.251953	186.433990
729.059570	141.118164
727.866211	355.664337
726.673828	167.825272
725.479492	101.535515
724.286133	-52.707592
723.091797	-60.363651
721.897461	-256.441803
720.703125	-31.855837
719.507813	-58.490700
718.312500	-39.156033
717.117188	143.213150
715.921875	-121.976273
714.725586	-15.068106
713.529297	104.245834
712.332031	-106.673058
711.135742	-112.892159
709.938477	242.048843
708.740234	183.360199
707.542969	606.735229
706.344727	983.892212
705.146484	1540.170288
703.948242	2046.013306
702.749023	2084.406494
701.549805	1976.727173
700.350586	1666.806641
699.150391	1354.818237
697.950195	794.941345
696.750000	620.506165
695.549805	554.296448
694.348633	277.722931
693.147461	78.152298
691.946289	367.519867
690.744141	-15.315447
689.541992	277.821350
688.339844	464.640411
687.136719	536.904114
685.934570	224.520935
684.730469	498.089844
683.527344	214.691818
682.323242	230.363403
681.119141	476.381927
679.915039	-66.639931
678.710938	361.745209
677.505859	499.346924
676.300781	226.072708
675.094727	477.522644
673.889648	191.785583
672.683594	252.283661
671.476563	-78.982307
670.270508	85.048248
669.063477	33.542118
667.856445	344.452423
666.648438	141.748734
665.440430	210.314041
664.232422	249.907333
663.024414	37.120724
661.815430	101.668694
660.606445	-421.016296
659.397461	90.374435
658.188477	-59.767109
656.978516	56.890442
655.768555	47.651741
654.557617	-35.732620
653.346680	188.843536
652.135742	95.650543
650.924805	-164.377563
649.712891	339.544373
648.501953	-288.991577
647.289063	-157.819000
646.077148	-236.587616
644.864258	-13.847217
643.651367	122.752548
642.438477	45.566509
641.224609	465.510986
640.010742	-57.353733
638.796875	38.476078
637.582031	427.354706
636.367188	238.558502
635.152344	579.543396
633.937500	182.814453
632.721680	301.447601
631.505859	478.675537
630.289063	354.796021
629.073242	887.779175
627.856445	961.567688
626.639648	718.296326
625.421875	589.553955
624.204102	659.514404
622.986328	156.309525
621.768555	543.658325
620.549805	-76.801033
619.331055	125.425720
618.111328	95.791489
616.892578	-226.977539
