1721.000977	131.975266
1720.027344	5.138478
1719.052734	38.526772
1718.078125	-39.444012
1717.104492	-82.443993
1716.128906	-98.155441
1715.154297	18.581402
1714.178711	157.474976
1713.204102	-224.826401
1712.228516	-92.685219
1711.251953	54.008621
1710.276367	30.860275
1709.299805	147.874741
1708.324219	3.017428
1707.347656	-22.105837
1706.370117	85.256287
1705.393555	41.034138
1704.416016	-49.780113
1703.438477	-192.236221
1702.460938	79.147972
1701.483398	-161.401093
1700.505859	4.140043
1699.527344	-83.838646
1698.548828	267.302032
1697.570313	66.119392
1696.591797	91.974731
1695.612305	56.180405
1694.632813	60.928986
1693.653320	-46.933018
1692.673828	-27.434788
1691.694336	14.755172
1690.713867	102.580299
1689.734375	108.543839
1688.753906	-74.414841
1687.772461	127.433098
1686.791992	25.726128
1685.810547	-213.732056
1684.830078	117.460213
1683.848633	-145.140198
1682.866211	-13.047221
1681.884766	-16.054270
1680.902344	245.558304
1679.919922	-88.577995
1678.937500	50.623837
1677.955078	52.316772
1676.971680	53.928230
1675.989258	55.501839
1675.005859	44.299568
1674.022461	-134.699692
1673.038086	-168.813477
1672.054688	274.760254
1671.070313	138.929138
1670.085938	203.790787
1669.101563	73.103897
1668.117188	-32.133888
1667.131836	119.024361
1666.146484	6.221707
1665.161133	180.185272
1664.175781	-18.773159
1663.189453	-179.591568
1662.204102	93.292061
1661.217773	-178.942001
1660.231445	-17.616524
1659.245117	11.925519
1658.257813	3.491176
1657.270508	-4.881916
1656.284180	75.460556
1655.295898	198.838776
1654.308594	43.805004
1653.321289	-100.973419
1652.333008	242.703171
1651.344727	6.998620
1650.356445	100.265182
1649.367188	82.289116
1648.378906	-79.690056
1647.389648	-51.968807
1646.400391	135.029449
1645.411133	-165.599747
1644.420898	8.858155
1643.431641	-220.741806
1642.441406	-23.456751
1641.451172	4.690097
1640.459961	118.705070
1639.469727	43.515202
1638.478516	-104.740143
1637.487305	37.220631
1636.496094	199.378586
1635.504883	328.773254
1634.512695	-15.727792
1633.520508	164.208954
1632.528320	218.164764
1631.536133	121.023567
1630.543945	321.206299
1629.550781	503.740601
1628.557617	469.758026
1627.564453	289.872681
1626.571289	376.894836
1625.578125	647.624023
1624.583984	520.843811
1623.589844	675.867676
1622.595703	1049.655151
1621.601563	1031.177368
1620.606445	1017.785339
1619.611328	1024.564575
1618.616211	1018.843567
1617.621094	1168.921387
1616.625977	1261.235962
1615.629883	1150.179321
1614.633789	976.467529
1613.637695	1216.995239
1612.641602	1113.709717
1611.645508	940.273560
1610.648438	1095.518555
1609.651367	942.304626
1608.654297	1044.926880
1607.657227	1333.041626
1606.659180	1152.424438
1605.662109	1427.952637
1604.664063	1455.389771
1603.666016	1325.068237
1602.666992	1490.294800
1601.668945	1612.938843
1600.669922	1395.150879
1599.670898	1377.677246
1598.671875	1312.701538
1597.671875	1420.363159
1596.672852	1237.919556
1595.672852	1038.056885
1594.672852	1045.787109
1593.671875	803.589172
1592.671875	948.833862
1591.670898	936.631592
1590.669922	754.605347
1589.668945	675.052429
1588.667969	705.398926
1587.666016	548.518799
1586.664063	336.808533
1585.662109	499.459961
1584.660156	686.997070
1583.658203	418.045288
1582.655273	199.066711
1581.652344	443.883636
1580.649414	264.873657
1579.646484	183.125259
1578.642578	76.479576
1577.638672	-60.014439
1576.634766	341.472076
1575.630859	120.312965
1574.626953	-75.867935
1573.622070	-38.035988
1572.618164	173.966736
1571.613281	385.857147
1570.607422	97.692833
1569.602539	-73.473625
1568.596680	38.836491
1567.590820	96.399055
1566.584961	124.101898
1565.579102	-22.151503
1564.572266	-116.203217
1563.566406	-61.205414
1562.559570	88.098076
1561.551758	11.392095
1560.544922	-3.237079
1559.537109	165.742157
1558.530273	111.349808
1557.521484	12.283935
1556.513672	114.130608
1555.505859	2.678892
1554.497070	233.331085
1553.488281	-78.909691
1552.479492	188.786285
1551.470703	15.371845
1550.460938	-16.826813
1549.451172	-78.749733
1548.441406	-56.494774
1547.431641	213.256241
1546.421875	-101.178452
1545.411133	94.177834
1544.400391	153.371613
1543.389648	19.605986
1542.378906	-309.472565
1541.367188	83.423218
1540.355469	31.232683
1539.343750	-35.790195
1538.332031	-401.752716
1537.320313	109.300316
1536.307617	-113.367142
1535.294922	7.235215
1534.282227	-180.804489
1533.269531	100.133141
1532.256836	8.337461
1531.243164	143.506042
1530.229492	-64.243629
1529.215820	221.260696
1528.202148	-104.804825
1527.187500	-122.652718
1526.172852	-76.442673
1525.158203	-96.797287
1524.143555	1.076897
1523.127930	-248.382233
1522.113281	41.503799
1521.097656	141.676697
1520.082031	0.584429
1519.065430	112.977402
1518.049805	92.465912
1517.033203	27.657669
1516.016602	-0.249252
1515.000000	-3.574511
1513.982422	-24.135986
1512.965820	33.958019
1511.948242	-195.483597
1510.930664	-225.856384
1509.913086	-47.460403
1508.894531	91.544716
1507.875977	-186.877151
1506.857422	-30.738914
1505.838867	211.214127
1504.820313	107.115570
1503.800781	155.124207
1502.781250	313.465698
1501.761719	20.578352
1500.742188	465.687622
1499.721680	185.122253
1498.702148	279.596436
1497.681641	320.116425
1496.661133	208.757568
1495.639648	48.456047
1494.618164	262.814514
1493.597656	-78.552681
1492.576172	15.827630
1491.553711	90.583313
1490.532227	194.680420
1489.509766	-156.181229
1488.487305	-15.400985
1487.464844	56.875565
1486.442383	-0.415136
1485.418945	40.061710
1484.395508	244.221176
1483.372070	13.515314
1482.348633	-180.449509
1481.324219	-130.174347
1480.300781	-87.216904
1479.276367	168.050690
1478.251953	-28.183186
1477.226563	83.047264
1476.202148	162.555283
1475.176758	110.353653
1474.151367	204.470474
1473.125000	76.744698
1472.099609	-11.901283
1471.073242	184.557190
1470.046875	208.005554
1469.020508	204.679001
1467.994141	142.937759
1466.966797	112.880615
1465.939453	211.855759
1464.912109	159.946030
1463.884766	164.042847
1462.856445	78.155258
1461.829102	332.794861
1460.800781	215.359848
1459.772461	183.079041
1458.743164	561.539734
1457.714844	332.454315
1456.685547	443.574829
1455.656250	583.823181
1454.625977	602.624695
1453.596680	271.884796
1452.566406	511.683868
1451.536133	503.900665
1450.505859	195.319092
1449.474609	578.188721
1448.444336	177.645081
1447.413086	444.050049
1446.381836	717.653320
1445.350586	142.947556
1444.318359	561.946289
1443.286133	210.453659
1442.253906	287.843231
1441.221680	195.738571
1440.189453	91.608917
1439.156250	123.100716
1438.123047	-14.773215
1437.089844	324.079376
1436.056641	324.186279
1435.022461	97.000671
1433.988281	126.248055
1432.954102	37.079182
1431.919922	122.006157
1430.885742	187.613327
1429.850586	-135.716232
1428.815430	67.672272
1427.780273	-91.195442
1426.744141	-138.902985
1425.708984	-24.809557
1424.672852	74.792336
1423.636719	147.861862
1422.600586	-148.118332
1421.563477	238.572998
1420.527344	306.886627
1419.490234	-118.975388
1418.452148	120.581039
1417.415039	-312.187073
1416.376953	43.047646
1415.338867	17.622684
1414.300781	-79.983322
1413.262695	-191.942169
1412.224609	18.744251
1411.185547	0.758512
1410.146484	-142.282928
1409.107422	-102.391747
1408.067383	0.052209
1407.027344	3.921068
1405.987305	-198.902374
1404.947266	35.841583
1403.907227	20.629475
1402.866211	-37.777714
1401.826172	62.427933
1400.785156	47.364204
1399.743164	56.355366
1398.702148	120.615219
1397.660156	187.285278
1396.618164	292.367798
1395.576172	452.630219
1394.533203	269.906128
1393.491211	195.221176
1392.448242	492.186096
1391.405273	839.406372
1390.361328	1071.498901
1389.318359	1284.383545
1388.274414	1396.618530
1387.230469	1326.855957
1386.186523	1563.630737
1385.141602	1625.602905
1384.097656	1792.904663
1383.052734	1582.135620
1382.007813	1818.834473
1380.961914	1711.073486
1379.916992	1883.179565
1378.871094	1514.969727
1377.825195	1292.761475
1376.778320	1323.978882
1375.732422	1274.010986
1374.685547	975.692688
1373.638672	1181.423340
1372.591797	940.641846
1371.543945	972.118286
1370.497070	1122.959839
1369.449219	696.363159
1368.400391	856.810364
1367.352539	771.588074
1366.303711	569.598206
1365.255859	601.371399
1364.206055	537.818787
1363.157227	886.584839
1362.108398	1018.443604
1361.058594	914.472107
1360.008789	612.928345
1358.958984	732.966125
1357.908203	722.064819
1356.857422	673.126831
1355.806641	969.249329
1354.755859	722.914124
1353.705078	647.956604
1352.653320	399.483398
1351.601563	536.267700
1350.549805	454.367554
1349.498047	572.141785
1348.445313	834.810364
1347.393555	380.089874
1346.340820	576.260681
1345.287109	266.666107
1344.234375	474.709991
1343.180664	445.368225
1342.126953	195.413742
1341.073242	61.830322
1340.019531	357.599792
1338.964844	160.071350
1337.910156	394.105621
1336.855469	-45.040150
1335.799805	186.614151
1334.745117	444.264771
1333.689453	199.685074
1332.633789	111.530464
1331.578125	186.796463
1330.521484	110.559036
1329.464844	226.063385
1328.408203	-115.095383
1327.351563	-150.935394
1326.294922	0.095487
1325.237305	-130.297729
1324.179688	-267.703949
1323.122070	-85.967461
1322.064453	-124.040024
1321.005859	71.793228
1319.947266	-100.894569
1318.888672	-82.217247
1317.830078	47.430119
1316.770508	-214.788300
1315.710938	-40.303329
1314.651367	-80.578407
1313.591797	72.602737
1312.531250	8.761809
1311.471680	-78.609024
1310.411133	8.506833
1309.349609	-62.312939
1308.289063	-373.423920
1307.227539	-144.922653
1306.166016	-114.349495
1305.104492	123.437660
1304.042969	83.334824
1302.980469	-72.077522
1301.917969	-163.876846
1300.855469	47.871933
1299.792969	-39.189049
1298.729492	153.637970
1297.666016	-72.117096
1296.602539	83.041412
1295.539063	113.581841
1294.474609	144.110229
1293.411133	-53.225395
1292.346680	33.705471
1291.281250	308.447388
1290.216797	29.050711
1289.151367	-1.436027
1288.085938	-41.289585
1287.020508	52.604923
1285.955078	207.446365
1284.888672	118.333160
1283.822266	195.724838
1282.755859	392.630890
1281.689453	148.877121
1280.622070	162.954636
1279.554688	144.233109
1278.487305	387.823608
1277.419922	-61.762409
1276.351563	221.559891
1275.283203	165.396591
1274.214844	118.618515
1273.146484	34.432480
1272.077148	-112.871536
1271.008789	146.772339
1269.939453	137.444305
1268.869141	251.991867
1267.799805	151.506241
1266.729492	114.139984
1265.659180	200.589035
1264.588867	207.599319
1263.517578	67.503922
1262.447266	356.989777
1261.375977	298.606018
1260.304688	237.913834
1259.232422	-91.029060
1258.161133	249.538528
1257.088867	375.425537
1256.016602	333.409973
1254.943359	179.528168
1253.871094	132.908447
1252.797852	559.232910
1251.724609	398.410370
1250.650391	505.449921
1249.577148	477.413513
1248.502930	686.801575
1247.428711	321.290619
1246.354492	90.882629
1245.279297	495.602234
1244.204102	507.114258
1243.128906	413.987061
1242.053711	544.062439
1240.977539	137.205032
1239.902344	573.994324
1238.826172	383.352844
1237.750000	541.179749
1236.672852	390.095520
1235.595703	34.778637
1234.518555	-18.647760
1233.441406	419.900391
1232.364258	324.651672
1231.286133	-7.154241
1230.208008	247.891617
1229.129883	-76.796577
1228.051758	187.423859
1226.972656	-18.924187
1225.893555	356.372955
1224.814453	-188.124008
1223.734375	-26.028910
1222.655273	115.163597
1221.575195	-16.871857
1220.495117	323.291290
1219.415039	399.518433
1218.333984	119.445831
1217.252930	1.396506
1216.171875	-65.725075
1215.090820	149.229675
1214.008789	149.129486
1212.926758	142.098145
1211.844727	-98.272346
1210.762695	121.119713
1209.679688	-128.380356
1208.597656	-204.601303
1207.513672	-216.167709
1206.430664	9.982841
1205.347656	-202.347290
1204.263672	-15.515889
1203.179688	9.798084
1202.095703	-8.704016
1201.010742	129.553635
1199.925781	-11.117683
1198.840820	39.526329
1197.755859	-223.150864
1196.670898	7.175139
1195.584961	-98.794800
1194.499023	-45.862743
1193.413086	69.196091
1192.326172	34.625561
1191.239258	25.383339
1190.152344	193.262558
1189.065430	-4.570613
1187.978516	-135.635529
1186.890625	52.864418
1185.802734	176.939590
1184.714844	22.957304
1183.625977	61.997421
1182.538086	277.871399
1181.449219	151.533676
1180.360352	316.795349
1179.270508	284.609283
1178.180664	240.972107
1177.090820	378.588989
1176.000977	243.223694
1174.911133	332.640015
1173.820313	534.351440
1172.729492	341.756775
1171.638672	424.235046
1170.547852	344.022644
1169.456055	92.062752
1168.364258	396.683838
1167.272461	330.284363
1166.179688	414.987213
1165.087891	424.148346
1163.995117	689.556458
1162.902344	970.866028
1161.808594	659.741028
1160.715820	803.761841
1159.622070	966.010132
1158.528320	1039.062256
1157.433594	597.986511
1156.339844	940.659973
1155.245117	611.726868
1154.149414	572.929443
1153.054688	276.199432
1151.958984	292.284607
1150.863281	253.606873
1149.767578	217.234451
1148.671875	404.405548
1147.575195	383.985260
1146.478516	83.168770
1145.381836	60.565331
1144.285156	233.954071
1143.187500	188.553604
1142.089844	102.178185
1140.992188	24.958475
1139.894531	63.892319
1138.795898	-86.118088
1137.697266	-94.961716
1136.598633	-151.574341
1135.499023	-201.338959
1134.400391	103.706879
1133.300781	-75.683014
1132.201172	4.155029
1131.100586	-172.857300
1130.000977	-149.829956
1128.900391	-151.804031
1127.799805	-405.869843
1126.698242	250.702866
1125.596680	255.454559
1124.495117	146.724701
1123.393555	346.645721
1122.291992	399.017914
1121.189453	260.841064
1120.086914	485.542297
1118.984375	463.029327
1117.881836	925.575073
1116.778320	662.761353
1115.674805	866.772949
1114.571289	758.109375
1113.466797	794.418701
1112.363281	672.231201
1111.258789	780.970642
1110.153320	704.081665
1109.048828	572.926575
1107.943359	577.540344
1106.837891	545.961243
1105.732422	536.999084
1104.625977	794.766785
1103.520508	555.218323
1102.414063	205.048706
1101.306641	196.126419
1100.200195	318.194519
1099.092773	451.479218
1097.985352	94.827232
1096.877930	298.044495
1095.769531	-38.139164
1094.661133	95.050743
1093.552734	27.431782
1092.444336	25.219961
1091.335938	291.268005
1090.226563	29.758759
1089.117188	297.898346
1088.006836	257.246521
1086.897461	335.974152
1085.787109	263.766083
1084.676758	378.429932
1083.566406	288.193329
1082.455078	445.506592
1081.343750	571.226196
1080.232422	343.716431
1079.121094	617.775208
1078.008789	300.366394
1076.896484	338.227356
1075.784180	699.653992
1074.671875	573.332886
1073.558594	487.464081
1072.445313	197.236130
1071.332031	198.989883
1070.217773	402.735840
1069.104492	316.848419
1067.990234	192.812500
1066.875977	124.879219
1065.760742	554.820679
1064.645508	210.954498
1063.530273	223.641006
1062.415039	142.146729
1061.299805	44.962822
1060.183594	182.995972
1059.067383	-79.984909
1057.951172	44.487907
1056.833984	-21.438808
1055.716797	221.488358
1054.599609	-25.796116
1053.482422	-11.269816
1052.364258	327.508789
1051.247070	292.649536
1050.128906	112.429100
1049.009766	81.983009
1047.891602	-149.613785
1046.772461	141.616272
1045.653320	84.212135
1044.533203	203.185333
1043.414063	0.554550
1042.293945	273.386841
1041.173828	307.250641
1040.052734	256.249084
1038.932617	122.680603
1037.811523	84.994652
1036.689453	-153.411469
1035.568359	-142.110153
1034.446289	47.392731
1033.324219	129.794907
1032.202148	38.339561
1031.079102	127.236900
1029.957031	-51.155182
1028.833984	211.207718
1027.709961	-27.374710
1026.586914	-123.514908
1025.462891	-152.959793
1024.338867	95.531868
1023.214844	-109.763458
1022.089844	49.522259
1020.964844	-204.730835
1019.839844	-94.543114
1018.714844	237.660797
1017.588867	85.449890
1016.462891	88.657753
1015.336914	-223.454651
1014.210938	110.352165
1013.083984	108.850136
1011.957031	133.882950
1010.830078	72.317116
1009.702148	203.598251
1008.574219	445.578094
1007.446289	906.785400
1006.318359	1598.147217
1005.190430	2355.565430
1004.061523	2640.760742
1002.932617	1986.823486
1001.802734	1337.509766
1000.673828	633.073975
999.543945	309.473358
998.414063	295.660278
997.283203	266.267303
996.153320	254.490921
995.022461	304.520538
993.891602	341.168152
992.759766	600.888428
991.628906	453.880585
990.497070	746.395996
989.364258	934.875610
988.232422	1326.304443
987.099609	1306.880737
985.966797	1318.264771
984.833984	1413.384521
983.700195	1596.584717
982.566406	1428.957886
981.432617	1536.910278
980.298828	1463.963501
979.164063	1069.182983
978.029297	989.558167
976.894531	879.032654
975.759766	664.952332
974.624023	704.066101
973.488281	674.824768
972.352539	416.619293
971.215820	547.872314
970.080078	241.226135
968.943359	337.076324
967.805664	520.727905
966.668945	339.300262
965.531250	360.044189
964.393555	286.202423
963.254883	453.929749
962.117188	603.930359
960.978516	571.511230
959.839844	308.517151
958.700195	383.528534
957.561523	405.767944
956.421875	210.717697
955.281250	568.345398
954.141602	796.364441
953.000977	574.778259
951.860352	953.735229
950.719727	436.236511
949.578125	639.618286
948.436523	671.988220
947.294922	316.691345
946.153320	101.586487
945.010742	337.357391
943.868164	483.227356
942.725586	193.611984
941.583008	219.006958
940.439453	279.293274
939.295898	0.626269
938.152344	73.910019
937.007813	-108.581932
935.863281	163.352951
934.718750	48.503620
933.574219	293.948120
932.428711	192.086975
931.283203	225.539124
930.137695	-376.076263
928.992188	-13.192638
927.845703	72.455765
926.699219	-101.474670
925.552734	130.125671
924.405273	163.217926
923.257813	-60.883087
922.110352	-6.059809
920.962891	390.662781
919.814453	18.460758
918.666016	151.483185
917.517578	166.877090
916.369141	-17.964363
915.219727	-30.888458
914.070313	123.650612
912.920898	162.846909
911.770508	-382.834259
910.621094	241.118195
909.470703	-128.336487
908.319336	19.427542
907.168945	-4.463275
906.017578	-15.330833
904.866211	12.884691
903.713867	4.174273
902.562500	-134.714478
901.410156	10.666293
900.256836	-193.238937
899.104492	-24.034130
897.951172	108.240486
896.797852	134.265961
895.644531	-182.091293
894.490234	47.679634
893.335938	-21.539015
892.181641	-337.562378
891.027344	173.638123
889.872070	102.370575
888.716797	24.685093
887.561523	9.827162
886.405273	109.651886
885.249023	-158.146133
884.092773	-185.778412
882.936523	41.721283
881.779297	286.452515
880.622070	-162.384491
879.464844	-142.221848
878.307617	-20.499556
877.149414	53.733780
875.991211	-172.019058
874.833008	-0.510541
873.673828	65.277390
872.514648	-198.896866
871.355469	30.983767
870.196289	125.030075
869.036133	137.211609
867.875977	-72.471367
866.715820	-245.322174
865.554688	75.269661
864.394531	105.120651
863.233398	191.040237
862.071289	201.694138
860.910156	111.337639
859.748047	221.228027
858.585938	-2.201808
857.422852	234.797913
856.259766	265.427338
855.096680	158.619293
853.933594	101.433517
852.770508	278.605469
851.606445	232.445969
850.442383	-60.494083
849.277344	106.299461
848.113281	-102.444725
846.948242	103.234283
845.783203	4.326132
844.617188	27.888311
843.451172	-81.343834
842.285156	96.938980
841.119141	0.956106
839.952148	119.484184
838.785156	-59.660244
837.618164	-82.172066
836.451172	-16.687643
835.283203	-199.400650
834.115234	91.207649
832.947266	-52.538380
831.778320	50.011620
830.609375	221.160812
829.440430	46.000912
828.271484	91.336418
827.101563	-98.271797
825.931641	255.204971
824.761719	185.705734
823.590820	116.443970
822.420898	32.485313
821.250000	200.696716
820.078125	132.115005
818.907227	87.261429
817.735352	34.107269
816.562500	318.196838
815.390625	52.204269
814.217773	95.685585
813.044922	62.635109
811.872070	136.369583
810.698242	-77.326317
809.524414	135.292740
808.350586	54.168148
807.176758	-197.012726
806.001953	152.369019
804.827148	-32.307770
803.651367	187.536880
802.476563	-26.397158
801.300781	-176.219040
800.125000	326.919495
798.948242	166.893524
797.772461	49.664585
796.595703	-48.176342
795.417969	-3.450508
794.241211	139.149719
793.063477	105.686707
791.885742	299.555267
790.707031	243.148300
789.529297	159.398407
788.350586	243.446915
787.170898	-11.618378
785.992188	172.473495
784.812500	102.337059
783.632813	83.284782
782.452148	297.467499
781.272461	119.910110
780.091797	266.596954
778.911133	430.333374
777.729492	304.211639
776.547852	17.509134
775.366211	59.014755
774.184570	-15.658481
773.001953	-217.000397
771.819336	85.040596
770.636719	-386.446411
769.453125	-145.478638
768.269531	-20.669430
767.085938	76.767159
765.902344	-98.094017
764.717773	-82.750793
763.533203	-219.247223
762.348633	-102.358505
761.163086	35.685013
759.977539	-127.821640
758.791992	63.084259
757.606445	-1.076116
756.419922	52.904175
755.233398	-135.364273
754.046875	-3.276634
752.859375	-8.071467
751.672852	-124.397087
750.485352	418.270020
749.296875	400.923096
748.108398	387.833771
746.919922	-138.481567
745.731445	237.690536
744.542969	277.297913
743.353516	68.857414
742.164063	230.398026
740.973633	198.565384
739.783203	84.816063
738.592773	-91.898483
737.402344	287.836029
736.211914	203.459320
735.020508	328.946808
733.829102	129.124161
732.636719	-26.609426
731.444336	474.063995
730.251953	-50.810402
729.059570	210.525452
727.866211	293.529236
726.673828	-55.195789
725.479492	73.722542
724.286133	298.801758
723.091797	96.558258
721.897461	-170.595200
720.703125	177.482880
719.507813	311.863464
718.312500	-240.022415
717.117188	163.859802
715.921875	-99.523529
714.725586	67.631226
713.529297	-64.284691
712.332031	43.944618
711.135742	168.653885
709.938477	113.534782
708.740234	233.619202
707.542969	733.321777
706.344727	909.150635
705.146484	1143.109497
703.948242	1697.948975
702.749023	1587.134277
701.549805	1851.409302
700.350586	1375.447510
699.150391	1195.383179
697.950195	1004.770569
696.750000	605.759521
695.549805	302.502411
694.348633	328.086029
693.147461	266.028595
691.946289	110.152313
690.744141	434.676270
689.541992	228.496277
688.339844	315.387817
687.136719	258.597168
685.934570	392.844177
684.730469	265.031067
683.527344	429.999908
682.323242	52.665001
681.119141	192.349136
679.915039	410.693451
678.710938	385.976807
677.505859	354.912933
676.300781	89.345039
675.094727	280.043732
673.889648	277.747406
672.683594	302.324829
671.476563	185.913437
670.270508	-11.273314
669.063477	-150.380447
667.856445	143.403946
666.648438	-14.263161
665.440430	260.814087
664.232422	148.872147
663.024414	163.307281
661.815430	128.238495
660.606445	97.505035
659.397461	-88.053963
658.188477	344.746338
656.978516	178.357513
655.768555	95.020508
654.557617	-136.616898
653.346680	12.233057
652.135742	206.900543
650.924805	-70.660881
649.712891	44.543331
648.501953	-103.745834
647.289063	-212.094467
646.077148	-61.896725
644.864258	-86.194115
643.651367	-78.694023
642.438477	-92.924538
641.224609	-81.414383
640.010742	67.108566
638.796875	360.857727
637.582031	635.131104
636.367188	313.756805
635.152344	323.167145
633.937500	146.883789
632.721680	350.715576
631.505859	251.844116
630.289063	253.510544
629.073242	888.002441
627.856445	671.546265
626.639648	693.560547
625.421875	676.766479
624.204102	674.683716
622.986328	408.258759
621.768555	628.925110
620.549805	357.828735
619.331055	329.779480
618.111328	-45.825573
616.892578	112.951553
