1721.000977	159.001587
1720.027344	278.622101
1719.052734	-23.514420
1718.078125	-136.228683
1717.104492	63.527325
1716.128906	237.013351
1715.154297	40.690601
1714.178711	38.801559
1713.204102	-83.999504
1712.228516	-202.068130
1711.251953	7.430741
1710.276367	93.507408
1709.299805	-33.402187
1708.324219	-122.195732
1707.347656	124.049263
1706.370117	116.477448
1705.393555	193.060486
1704.416016	-17.223219
1703.438477	115.055283
1702.460938	-103.324898
1701.483398	87.222389
1700.505859	65.297440
1699.527344	-20.737902
1698.548828	-244.916962
1697.570313	62.168633
1696.591797	-6.499016
1695.612305	-67.657341
1694.632813	103.381905
1693.653320	-6.565566
1692.673828	36.518658
1691.694336	130.491425
1690.713867	27.879162
1689.734375	-87.529701
1688.753906	39.234798
1687.772461	-22.802376
1686.791992	-97.619026
1685.810547	-24.692053
1684.830078	91.470993
1683.848633	-80.316704
1682.866211	99.341248
1681.884766	-141.210861
1680.902344	63.764763
1679.919922	77.747147
1678.937500	71.343506
1677.955078	-148.772827
1676.971680	30.500380
1675.989258	196.992233
1675.005859	104.067581
1674.022461	-37.112492
1673.038086	-152.832489
1672.054688	-90.620766
1671.070313	-94.486420
1670.085938	-24.681412
1669.101563	-51.378357
1668.117188	180.907166
1667.131836	141.518387
1666.146484	-14.559299
1665.161133	108.542725
1664.175781	-75.304207
1663.189453	-2.912697
1662.204102	41.610149
1661.217773	-91.316330
1660.231445	-115.164024
1659.245117	-17.331942
1658.257813	14.616762
1657.270508	-1.529639
1656.284180	182.447449
1655.295898	-86.839340
1654.308594	-87.631920
1653.321289	-47.885601
1652.333008	62.722740
1651.344727	-269.372192
1650.356445	66.432411
1649.367188	91.100143
1648.378906	-30.812275
1647.389648	-71.756882
1646.400391	64.261795
1645.411133	255.854919
1644.420898	-42.651772
1643.431641	111.096298
1642.441406	19.887484
1641.451172	118.098457
1640.459961	19.432817
1639.469727	69.750328
1638.478516	112.507484
1637.487305	276.365662
1636.496094	238.451096
1635.504883	203.116486
1634.512695	142.617188
1633.520508	155.270447
1632.528320	132.683777
1631.536133	248.701904
1630.543945	57.430309
1629.550781	306.939819
1628.557617	397.769989
1627.564453	289.746857
1626.571289	566.841064
1625.578125	758.305359
1624.583984	715.764465
1623.589844	814.113037
1622.595703	990.398682
1621.601563	890.103760
1620.606445	1048.749512
1619.611328	1021.400146
1618.616211	1255.375000
1617.621094	1122.544922
1616.625977	1075.179199
1615.629883	1258.835449
1614.633789	920.296509
1613.637695	835.405029
1612.641602	1147.027100
1611.645508	1067.176025
1610.648438	1120.296387
1609.651367	1153.346802
1608.654297	1266.626831
1607.657227	1252.034790
1606.659180	1219.904907
1605.662109	1340.652588
1604.664063	1341.103394
1603.666016	1409.184692
1602.666992	1186.767944
1601.668945	1555.283936
1600.669922	1623.284302
1599.670898	1388.465942
1598.671875	1456.482056
1597.671875	1416.898682
1596.672852	1274.810669
1595.672852	1132.770630
1594.672852	1275.768677
1593.671875	883.845276
1592.671875	1016.838623
1591.670898	807.500793
1590.669922	803.061035
1589.668945	683.747070
1588.667969	664.346313
1587.666016	507.646576
1586.664063	563.135071
1585.662109	376.568970
1584.660156	554.281616
1583.658203	163.267578
1582.655273	438.169281
1581.652344	503.534637
1580.649414	347.031067
1579.646484	265.341736
1578.642578	34.176544
1577.638672	316.229004
1576.634766	316.736084
1575.630859	202.696381
1574.626953	-80.583755
1573.622070	133.998291
1572.618164	-17.292902
1571.613281	92.673073
1570.607422	195.104950
1569.602539	290.034058
1568.596680	185.997086
1567.590820	-275.950806
1566.584961	10.323065
1565.579102	-36.482124
1564.572266	26.007906
1563.566406	140.627441
1562.559570	-186.821121
1561.551758	-0.263570
1560.544922	49.701897
1559.537109	131.878677
1558.530273	82.527046
1557.521484	-83.427231
1556.513672	-93.072739
1555.505859	78.272621
1554.497070	108.220627
1553.488281	-102.262932
1552.479492	6.978419
1551.470703	91.387337
1550.460938	-183.407715
1549.451172	24.785690
1548.441406	-12.224486
1547.431641	-9.626373
1546.421875	-227.293625
1545.411133	-237.056686
1544.400391	-56.347012
1543.389648	-76.052841
1542.378906	-147.686432
1541.367188	114.431595
1540.355469	60.060314
1539.343750	52.655289
1538.332031	104.542236
1537.320313	-164.712891
1536.307617	-137.523392
1535.294922	35.322979
1534.282227	62.447906
1533.269531	-43.715408
1532.256836	17.951790
1531.243164	215.260895
1530.229492	47.448631
1529.215820	289.051758
1528.202148	264.285797
1527.187500	116.271759
1526.172852	219.687790
1525.158203	10.149808
1524.143555	-120.471382
1523.127930	-81.113274
1522.113281	-88.539413
1521.097656	27.117706
1520.082031	-98.473518
1519.065430	-64.071808
1518.049805	78.584641
1517.033203	-96.127769
1516.016602	-162.555313
1515.000000	122.644539
1513.982422	120.114540
1512.965820	80.744301
1511.948242	-66.725357
1510.930664	-32.333157
1509.913086	-74.082237
1508.894531	19.242500
1507.875977	-125.598869
1506.857422	68.360222
1505.838867	-213.825745
1504.820313	-0.271278
1503.800781	-2.664464
1502.781250	166.632584
1501.761719	151.979019
1500.742188	107.935150
1499.721680	100.680145
1498.702148	203.727051
1497.681641	252.843658
1496.661133	0.688183
1495.639648	-4.017134
1494.618164	145.547989
1493.597656	275.502563
1492.576172	53.007172
1491.553711	-73.958870
1490.532227	175.890427
1489.509766	181.075226
1488.487305	174.060104
1487.464844	-106.730438
1486.442383	6.139827
1485.418945	-103.393738
1484.395508	55.895027
1483.372070	-63.313557
1482.348633	32.467468
1481.324219	64.747803
1480.300781	123.910316
1479.276367	146.460144
1478.251953	225.156357
1477.226563	142.833008
1476.202148	-0.383270
1475.176758	161.296143
1474.151367	152.286377
1473.125000	-54.129215
1472.099609	219.669815
1471.073242	86.495766
1470.046875	-17.351662
1469.020508	200.356522
1467.994141	344.964539
1466.966797	41.617241
1465.939453	110.819199
1464.912109	437.965363
1463.884766	95.989708
1462.856445	123.900558
1461.829102	266.145447
1460.800781	172.529602
1459.772461	312.348267
1458.743164	155.652786
1457.714844	215.321930
1456.685547	678.247192
1455.656250	412.414978
1454.625977	323.986145
1453.596680	531.825317
1452.566406	511.459106
1451.536133	471.734955
1450.505859	378.697968
1449.474609	431.272949
1448.444336	428.105164
1447.413086	575.297852
1446.381836	227.971451
1445.350586	358.272705
1444.318359	352.868652
1443.286133	405.653107
1442.253906	298.612488
1441.221680	123.864021
1440.189453	203.437103
1439.156250	-82.471687
1438.123047	181.111160
1437.089844	-34.411976
1436.056641	71.917877
1435.022461	207.260330
1433.988281	69.373817
1432.954102	108.061005
1431.919922	168.532791
1430.885742	1.892594
1429.850586	-164.639221
1428.815430	304.170013
1427.780273	-45.781361
1426.744141	-4.436972
1425.708984	-107.874794
1424.672852	138.686066
1423.636719	-44.273991
1422.600586	-99.260994
1421.563477	33.924183
1420.527344	70.661980
1419.490234	37.511063
1418.452148	59.846333
1417.415039	-235.842743
1416.376953	-23.046072
1415.338867	-123.412651
1414.300781	-141.815826
1413.262695	-145.718796
1412.224609	-144.762527
1411.185547	0.621627
1410.146484	121.928894
1409.107422	-69.489525
1408.067383	205.778854
1407.027344	-9.540452
1405.987305	-94.910728
1404.947266	276.452789
1403.907227	251.217606
1402.866211	-52.656696
1401.826172	90.405632
1400.785156	139.785049
1399.743164	76.332802
1398.702148	63.364594
1397.660156	292.819702
1396.618164	335.065674
1395.576172	559.645020
1394.533203	577.902222
1393.491211	507.478760
1392.448242	669.652161
1391.405273	685.590454
1390.361328	833.345459
1389.318359	909.206604
1388.274414	1157.520142
1387.230469	1183.053467
1386.186523	1649.142090
1385.141602	1514.241943
1384.097656	1755.169800
1383.052734	1354.785645
1382.007813	1528.719971
1380.961914	1518.448853
1379.916992	1785.588867
1378.871094	1433.471558
1377.825195	1189.088379
1376.778320	1339.112549
1375.732422	1343.375610
1374.685547	1027.589966
1373.638672	869.578918
1372.591797	1010.103821
1371.543945	873.693298
1370.497070	854.313416
1369.449219	811.098511
1368.400391	591.395752
1367.352539	803.494995
1366.303711	862.915710
1365.255859	681.562988
1364.206055	686.200684
1363.157227	650.356567
1362.108398	805.141602
1361.058594	871.741211
1360.008789	616.847656
1358.958984	738.259094
1357.908203	752.512573
1356.857422	645.405762
1355.806641	823.881470
1354.755859	776.308105
1353.705078	716.880432
1352.653320	445.863953
1351.601563	705.111084
1350.549805	377.199219
1349.498047	595.979431
1348.445313	498.699677
1347.393555	558.242920
1346.340820	335.176239
1345.287109	584.674805
1344.234375	183.693756
1343.180664	200.565857
1342.126953	445.215637
1341.073242	163.152267
1340.019531	379.261902
1338.964844	426.927490
1337.910156	254.114578
1336.855469	318.390930
1335.799805	228.616150
1334.745117	323.680725
1333.689453	302.640350
1332.633789	151.372604
1331.578125	-106.367142
1330.521484	50.231918
1329.464844	-8.587377
1328.408203	202.344391
1327.351563	-149.799469
1326.294922	-253.466690
1325.237305	-42.621777
1324.179688	66.482025
1323.122070	40.820816
1322.064453	185.302338
1321.005859	6.061759
1319.947266	-57.368996
1318.888672	-149.111450
1317.830078	-106.246094
1316.770508	42.807594
1315.710938	-25.312967
1314.651367	-164.190201
1313.591797	-90.713150
1312.531250	86.483917
1311.471680	-5.183129
1310.411133	124.765617
1309.349609	304.136475
1308.289063	334.984009
1307.227539	-91.211861
1306.166016	73.940300
1305.104492	-88.296135
1304.042969	20.268002
1302.980469	286.469238
1301.917969	-5.162299
1300.855469	-75.521378
1299.792969	54.077301
1298.729492	58.966396
1297.666016	45.033520
1296.602539	26.399567
1295.539063	169.923721
1294.474609	186.487488
1293.411133	90.286324
1292.346680	184.347107
1291.281250	62.325935
1290.216797	236.150742
1289.151367	266.711700
1288.085938	15.662187
1287.020508	128.349777
1285.955078	264.432587
1284.888672	252.702332
1283.822266	-251.380875
1282.755859	-70.805374
1281.689453	170.612411
1280.622070	-19.201014
1279.554688	123.689125
1278.487305	-30.924196
1277.419922	39.300827
1276.351563	125.863022
1275.283203	273.228455
1274.214844	268.426483
1273.146484	373.566528
1272.077148	375.731476
1271.008789	230.576126
1269.939453	302.889160
1268.869141	438.260559
1267.799805	426.349091
1266.729492	290.601685
1265.659180	386.150574
1264.588867	315.839600
1263.517578	70.431404
1262.447266	247.639572
1261.375977	32.676628
1260.304688	212.122147
1259.232422	144.199661
1258.161133	99.630669
1257.088867	313.889435
1256.016602	248.295792
1254.943359	390.153412
1253.871094	329.219025
1252.797852	436.035217
1251.724609	603.357422
1250.650391	437.590973
1249.577148	728.219116
1248.502930	625.333374
1247.428711	389.837677
1246.354492	549.968628
1245.279297	554.168640
1244.204102	602.546753
1243.128906	281.206818
1242.053711	522.557373
1240.977539	415.177612
1239.902344	347.349701
1238.826172	641.942566
1237.750000	425.436310
1236.672852	643.242249
1235.595703	352.531891
1234.518555	563.290039
1233.441406	402.671356
1232.364258	167.881317
1231.286133	239.362473
1230.208008	141.526611
1229.129883	187.479630
1228.051758	47.975864
1226.972656	-5.727710
1225.893555	114.366684
1224.814453	-110.738571
1223.734375	259.445984
1222.655273	377.095062
1221.575195	230.788757
1220.495117	299.790405
1219.415039	-47.733517
1218.333984	-193.844299
1217.252930	390.987061
1216.171875	309.602783
1215.090820	140.409561
1214.008789	-31.021008
1212.926758	188.164230
1211.844727	-13.219810
1210.762695	-43.580902
1209.679688	117.748291
1208.597656	-235.842880
1207.513672	-32.984146
1206.430664	65.953156
1205.347656	102.560181
1204.263672	21.508244
1203.179688	-61.800797
1202.095703	-133.532516
1201.010742	50.654339
1199.925781	-122.461456
1198.840820	-173.363846
1197.755859	93.681938
1196.670898	17.445875
1195.584961	102.439194
1194.499023	-19.786005
1193.413086	173.387878
1192.326172	42.020950
1191.239258	-59.364044
1190.152344	126.830933
1189.065430	53.100395
1187.978516	-34.373642
1186.890625	402.285400
1185.802734	271.137268
1184.714844	6.805308
1183.625977	-16.204910
1182.538086	236.411026
1181.449219	80.228302
1180.360352	302.900238
1179.270508	353.360168
1178.180664	412.993744
1177.090820	32.168472
1176.000977	461.146332
1174.911133	73.642456
1173.820313	241.111694
1172.729492	330.601685
1171.638672	5.311863
1170.547852	232.316696
1169.456055	459.237091
1168.364258	333.425262
1167.272461	155.033737
1166.179688	8.783068
1165.087891	77.740456
1163.995117	565.376160
1162.902344	897.274658
1161.808594	414.900696
1160.715820	806.178589
1159.622070	870.418701
1158.528320	763.248169
1157.433594	848.073242
1156.339844	645.060181
1155.245117	533.511658
1154.149414	246.210953
1153.054688	187.353424
1151.958984	550.775024
1150.863281	215.817505
1149.767578	503.834381
1148.671875	490.681030
1147.575195	466.150513
1146.478516	-14.304216
1145.381836	310.066711
1144.285156	208.187042
1143.187500	274.961151
1142.089844	230.121140
1140.992188	121.561325
1139.894531	247.576477
1138.795898	136.826889
1137.697266	-48.951653
1136.598633	302.330475
1135.499023	-192.721100
1134.400391	12.929647
1133.300781	-33.872974
1132.201172	-344.323059
1131.100586	-175.082520
1130.000977	-85.418327
1128.900391	-284.279022
1127.799805	-85.577637
1126.698242	-95.849098
1125.596680	-72.045555
1124.495117	47.092304
1123.393555	138.964417
1122.291992	76.550789
1121.189453	447.384827
1120.086914	448.451691
1118.984375	415.528168
1117.881836	647.826599
1116.778320	836.976135
1115.674805	1078.164917
1114.571289	598.970398
1113.466797	534.412415
1112.363281	621.594055
1111.258789	722.324951
1110.153320	705.338867
1109.048828	747.205688
1107.943359	723.457581
1106.837891	785.669250
1105.732422	443.142639
1104.625977	324.563446
1103.520508	154.067719
1102.414063	399.398712
1101.306641	199.600571
1100.200195	198.647095
1099.092773	464.135101
1097.985352	147.082245
1096.877930	89.725967
1095.769531	57.212826
1094.661133	367.615143
1093.552734	-37.089489
1092.444336	207.801102
1091.335938	53.551567
1090.226563	219.415863
1089.117188	-11.395129
1088.006836	206.212341
1086.897461	410.207916
1085.787109	186.242920
1084.676758	185.256729
1083.566406	530.892822
1082.455078	282.266327
1081.343750	404.964996
1080.232422	244.181091
1079.121094	254.364670
1078.008789	46.439404
1076.896484	616.334778
1075.784180	444.344666
1074.671875	283.647461
1073.558594	363.354340
1072.445313	310.502167
1071.332031	316.029266
1070.217773	242.958710
1069.104492	-207.134338
1067.990234	253.910782
1066.875977	109.045120
1065.760742	233.340469
1064.645508	-144.711090
1063.530273	165.590378
1062.415039	85.745544
1061.299805	-130.780029
1060.183594	134.399780
1059.067383	202.329834
1057.951172	317.215912
1056.833984	107.395195
1055.716797	222.166550
1054.599609	-90.549446
1053.482422	84.534996
1052.364258	270.676849
1051.247070	242.024261
1050.128906	-34.825527
1049.009766	247.182724
1047.891602	-101.146339
1046.772461	-42.762608
1045.653320	-91.669655
1044.533203	127.361870
1043.414063	78.330299
1042.293945	165.420197
1041.173828	53.801994
1040.052734	-202.853729
1038.932617	127.201752
1037.811523	102.457321
1036.689453	126.704544
1035.568359	-0.692318
1034.446289	-92.443871
1033.324219	11.849210
1032.202148	189.537247
1031.079102	295.804169
1029.957031	-14.405162
1028.833984	71.684532
1027.709961	-15.933981
1026.586914	105.571297
1025.462891	149.082718
1024.338867	7.906361
1023.214844	-133.285065
1022.089844	61.178284
1020.964844	-24.561333
1019.839844	-214.776489
1018.714844	63.746574
1017.588867	35.558388
1016.462891	-103.725822
1015.336914	105.504250
1014.210938	303.456604
1013.083984	212.757706
1011.957031	-108.705376
1010.830078	383.875031
1009.702148	257.467041
1008.574219	281.776337
1007.446289	955.397827
1006.318359	1400.377441
1005.190430	1898.231934
1004.061523	2256.214600
1002.932617	1710.460815
1001.802734	1306.540405
1000.673828	555.212524
999.543945	432.581482
998.414063	424.953552
997.283203	176.124344
996.153320	460.260345
995.022461	456.742615
993.891602	477.440308
992.759766	674.805115
991.628906	816.752380
990.497070	914.346191
989.364258	1000.740112
988.232422	1462.332642
987.099609	1583.671631
985.966797	1810.775635
984.833984	1583.169678
983.700195	1977.592285
982.566406	1621.921753
981.432617	1645.534546
980.298828	1770.428833
979.164063	1339.790039
978.029297	1136.182495
976.894531	1000.848206
975.759766	806.006042
974.624023	479.030823
973.488281	647.383728
972.352539	745.129333
971.215820	655.691162
970.080078	649.789246
968.943359	678.959778
967.805664	587.070068
966.668945	547.883667
965.531250	532.776367
964.393555	576.893921
963.254883	530.811829
962.117188	517.599365
960.978516	236.401199
959.839844	504.035553
958.700195	354.435242
957.561523	472.506256
956.421875	610.156494
955.281250	436.195160
954.141602	933.192932
953.000977	789.729248
951.860352	854.445496
950.719727	544.342712
949.578125	589.164001
948.436523	754.330444
947.294922	459.495636
946.153320	315.756409
945.010742	585.639099
943.868164	446.119843
942.725586	396.270386
941.583008	488.523804
940.439453	180.476578
939.295898	318.460876
938.152344	347.017365
937.007813	209.396759
935.863281	137.296814
934.718750	194.018112
933.574219	182.943268
932.428711	438.127686
931.283203	258.779297
930.137695	212.550461
928.992188	236.087646
927.845703	146.114212
926.699219	-161.942719
925.552734	-175.606415
924.405273	91.832779
923.257813	293.714417
922.110352	85.870789
920.962891	-163.314911
919.814453	16.534994
918.666016	-36.696671
917.517578	354.072601
916.369141	-62.711315
915.219727	77.590996
914.070313	43.780666
912.920898	205.663040
911.770508	-195.663406
910.621094	200.877945
909.470703	19.155319
908.319336	241.575729
907.168945	103.319504
906.017578	-106.569313
904.866211	-62.363327
903.713867	16.520525
902.562500	88.860435
901.410156	-21.098284
900.256836	205.174744
899.104492	-130.298065
897.951172	154.429901
896.797852	20.693705
895.644531	-2.454683
894.490234	-10.429930
893.335938	-76.873474
892.181641	14.813606
891.027344	84.827911
889.872070	5.465915
888.716797	185.847900
887.561523	35.158840
886.405273	146.281281
885.249023	-147.000427
884.092773	-234.716141
882.936523	120.760582
881.779297	177.886749
880.622070	42.749344
879.464844	74.049034
878.307617	284.629089
877.149414	117.333504
875.991211	-170.698181
874.833008	221.240601
873.673828	280.800690
872.514648	-129.818008
871.355469	95.997353
870.196289	175.179855
869.036133	-101.256050
867.875977	-192.147873
866.715820	79.046867
865.554688	264.040100
864.394531	205.713165
863.233398	11.867431
862.071289	386.457733
860.910156	330.599152
859.748047	238.290894
858.585938	479.544220
857.422852	589.612610
856.259766	190.208344
855.096680	349.979095
853.933594	329.291382
852.770508	330.228394
851.606445	260.407349
850.442383	205.789749
849.277344	95.508575
848.113281	86.316780
846.948242	-173.809723
845.783203	227.138702
844.617188	46.758324
843.451172	-182.703308
842.285156	12.606150
841.119141	4.359327
839.952148	210.568832
838.785156	-108.053726
837.618164	44.876987
836.451172	148.654419
835.283203	49.158707
834.115234	-28.706022
832.947266	79.822220
831.778320	175.639465
830.609375	4.225310
829.440430	96.111046
828.271484	188.142319
827.101563	87.944016
825.931641	402.555298
824.761719	253.604736
823.590820	186.080750
822.420898	227.700729
821.250000	423.213287
820.078125	439.532349
818.907227	413.377869
817.735352	366.096893
816.562500	319.036530
815.390625	116.544365
814.217773	153.126312
813.044922	219.740417
811.872070	211.947723
810.698242	89.319389
809.524414	128.834061
808.350586	36.515308
807.176758	297.857269
806.001953	-149.494461
804.827148	78.138725
803.651367	-53.671688
802.476563	44.508343
801.300781	268.308411
800.125000	156.310165
798.948242	48.819641
797.772461	151.962250
796.595703	42.813782
795.417969	69.851921
794.241211	222.368591
793.063477	517.254639
791.885742	166.968323
790.707031	247.806168
789.529297	224.854996
788.350586	102.418495
787.170898	9.918614
785.992188	288.653625
784.812500	489.021545
783.632813	163.972519
782.452148	118.896873
781.272461	391.723816
780.091797	-68.054337
778.911133	-82.873337
777.729492	90.850388
776.547852	17.086683
775.366211	269.308167
774.184570	271.997101
773.001953	-50.790359
771.819336	5.129281
770.636719	-107.912582
769.453125	-174.273956
768.269531	-394.678406
767.085938	-232.574310
765.902344	-192.888687
764.717773	-176.319550
763.533203	-130.095444
762.348633	-109.102806
761.163086	251.620346
759.977539	-138.541977
758.791992	-66.658249
757.606445	241.378662
756.419922	119.415260
755.233398	-103.553955
754.046875	-178.890961
752.859375	-39.311962
751.672852	98.148247
750.485352	201.913300
749.296875	293.042755
748.108398	188.489059
746.919922	203.915009
745.731445	143.641464
744.542969	127.565369
743.353516	-18.824976
742.164063	110.156715
740.973633	-231.569809
739.783203	334.294891
738.592773	95.538078
737.402344	169.698898
736.211914	266.875092
735.020508	135.210678
733.829102	28.731539
732.636719	459.224152
731.444336	226.757416
730.251953	164.145813
729.059570	183.223389
727.866211	30.360346
726.673828	128.876984
725.479492	103.657082
724.286133	113.928596
723.091797	57.074238
721.897461	-45.935711
720.703125	-65.333160
719.507813	134.806610
718.312500	-146.383331
717.117188	-97.200905
715.921875	282.112762
714.725586	-28.683508
713.529297	65.880447
712.332031	41.127987
711.135742	289.808136
709.938477	-25.638893
708.740234	372.843567
707.542969	814.756226
706.344727	738.742493
705.146484	1069.349609
703.948242	1606.061768
702.749023	1364.502197
701.549805	1508.495239
700.350586	1176.983398
699.150391	966.242859
697.950195	622.031494
696.750000	719.283447
695.549805	326.915649
694.348633	250.912582
693.147461	137.236328
691.946289	216.881744
690.744141	-26.200575
689.541992	354.522278
688.339844	115.201469
687.136719	303.982483
685.934570	338.651764
684.730469	343.981567
683.527344	85.273056
682.323242	202.368759
681.119141	302.591766
679.915039	415.022858
678.710938	249.116959
677.505859	435.826111
676.300781	149.329559
675.094727	59.821545
673.889648	275.005646
672.683594	35.998089
671.476563	176.228973
670.270508	-2.759822
669.063477	-7.749115
667.856445	179.803360
666.648438	122.922668
665.440430	26.730299
664.232422	-98.370041
663.024414	-246.127365
661.815430	-13.160627
660.606445	29.544870
659.397461	53.756931
658.188477	235.210007
656.978516	164.663925
655.768555	42.740032
654.557617	63.663528
653.346680	68.375938
652.135742	215.899124
650.924805	-24.270241
649.712891	-125.619606
648.501953	-135.637436
647.289063	-194.596222
646.077148	44.020798
644.864258	-56.955032
643.651367	-239.591263
642.438477	-36.018311
641.224609	92.099113
640.010742	-52.831062
638.796875	46.284260
637.582031	-12.073427
636.367188	31.606524
635.152344	171.157135
633.937500	135.059219
632.721680	252.590942
631.505859	470.272644
630.289063	348.232117
629.073242	569.101196
627.856445	664.297546
626.639648	564.168091
625.421875	694.090759
624.204102	327.177521
622.986328	231.613632
621.768555	339.602264
620.549805	97.190620
619.331055	-33.728992
618.111328	24.853743
616.892578	8.416068
