1721.000977	-101.343414
1720.027344	69.265785
1719.052734	31.270247
1718.078125	13.560954
1717.104492	34.099052
1716.128906	-102.080139
1715.154297	61.583214
1714.178711	17.285700
1713.204102	113.768402
1712.228516	28.043098
1711.251953	-55.302021
1710.276367	84.051056
1709.299805	-104.665886
1708.324219	-214.107056
1707.347656	16.775640
1706.370117	-3.446877
1705.393555	155.301300
1704.416016	-159.484955
1703.438477	-62.493950
1702.460938	131.479935
1701.483398	-55.730869
1700.505859	12.614141
1699.527344	106.335899
1698.548828	161.557709
1697.570313	17.366346
1696.591797	240.898315
1695.612305	-15.864314
1694.632813	250.733017
1693.653320	103.604774
1692.673828	-107.369873
1691.694336	186.821945
1690.713867	-307.449127
1689.734375	19.621435
1688.753906	-33.476345
1687.772461	-28.021311
1686.791992	-4.798568
1685.810547	97.313911
1684.830078	135.626831
1683.848633	171.287125
1682.866211	-52.914158
1681.884766	-9.733562
1680.902344	84.259369
1679.919922	-5.095434
1678.937500	-231.878174
1677.955078	141.760574
1676.971680	-41.848835
1675.989258	84.820404
1675.005859	7.977911
1674.022461	157.346252
1673.038086	179.523880
1672.054688	61.918499
1671.070313	228.819199
1670.085938	-5.673652
1669.101563	-202.017929
1668.117188	203.360641
1667.131836	263.327484
1666.146484	-1.582577
1665.161133	35.507275
1664.175781	-107.545738
1663.189453	20.778778
1662.204102	-33.518791
1661.217773	193.553619
1660.231445	-33.162754
1659.245117	186.172455
1658.257813	-70.904121
1657.270508	-89.797424
1656.284180	81.243828
1655.295898	-21.271141
1654.308594	172.423431
1653.321289	-26.249346
1652.333008	-131.245346
1651.344727	110.366196
1650.356445	-40.159740
1649.367188	41.992325
1648.378906	212.603622
1647.389648	312.347961
1646.400391	58.251652
1645.411133	175.663208
1644.420898	234.907700
1643.431641	-31.652781
1642.441406	-174.394363
1641.451172	228.208054
1640.459961	148.552719
1639.469727	51.281780
1638.478516	49.906750
1637.487305	247.801224
1636.496094	90.035141
1635.504883	247.501617
1634.512695	220.871231
1633.520508	370.675629
1632.528320	449.867462
1631.536133	430.782135
1630.543945	391.559753
1629.550781	463.143250
1628.557617	355.949860
1627.564453	331.872559
1626.571289	574.568909
1625.578125	812.137878
1624.583984	881.059448
1623.589844	874.509583
1622.595703	1187.310669
1621.601563	1170.658447
1620.606445	985.606140
1619.611328	1232.860718
1618.616211	1356.912598
1617.621094	1284.998291
1616.625977	1185.496948
1615.629883	1289.405151
1614.633789	1466.080078
1613.637695	965.053284
1612.641602	928.455627
1611.645508	962.127136
1610.648438	1201.449219
1609.651367	1104.653809
1608.654297	1263.639648
1607.657227	1179.424316
1606.659180	1328.309204
1605.662109	1454.603882
1604.664063	1423.024170
1603.666016	1291.288574
1602.666992	1677.928833
1601.668945	1380.986694
1600.669922	1674.858032
1599.670898	1525.688721
1598.671875	1526.707275
1597.671875	1350.121338
1596.672852	1198.644531
1595.672852	1027.223511
1594.672852	1250.853638
1593.671875	912.047302
1592.671875	718.336243
1591.670898	844.477844
1590.669922	663.356140
1589.668945	732.041260
1588.667969	693.349670
1587.666016	654.670837
1586.664063	398.898407
1585.662109	457.628052
1584.660156	229.465195
1583.658203	397.964478
1582.655273	394.333801
1581.652344	161.357361
1580.649414	362.183563
1579.646484	393.480286
1578.642578	145.717285
1577.638672	7.670814
1576.634766	141.143570
1575.630859	132.649170
1574.626953	211.294983
1573.622070	-113.291031
1572.618164	395.873291
1571.613281	-52.985275
1570.607422	-63.898014
1569.602539	231.087830
1568.596680	88.369026
1567.590820	40.174854
1566.584961	240.530655
1565.579102	-11.397624
1564.572266	116.848251
1563.566406	21.537233
1562.559570	137.326080
1561.551758	178.583923
1560.544922	-92.893005
1559.537109	109.714233
1558.530273	-45.007179
1557.521484	38.444778
1556.513672	-108.752312
1555.505859	-92.233871
1554.497070	55.653824
1553.488281	-34.438297
1552.479492	-169.084488
1551.470703	-73.271088
1550.460938	-215.279877
1549.451172	-104.635742
1548.441406	70.342926
1547.431641	-19.597788
1546.421875	-50.098530
1545.411133	65.389107
1544.400391	32.412426
1543.389648	-166.245377
1542.378906	240.997726
1541.367188	-9.532459
1540.355469	31.705479
1539.343750	3.744739
1538.332031	289.571655
1537.320313	-54.587208
1536.307617	-25.698895
1535.294922	101.947838
1534.282227	74.032692
1533.269531	100.432648
1532.256836	-45.893299
1531.243164	-305.642578
1530.229492	39.009293
1529.215820	50.622875
1528.202148	47.448204
1527.187500	-27.212070
1526.172852	73.140289
1525.158203	33.019001
1524.143555	-290.361053
1523.127930	-2.828005
1522.113281	60.538250
1521.097656	18.015005
1520.082031	145.348465
1519.065430	102.831665
1518.049805	-134.002121
1517.033203	25.274929
1516.016602	132.850372
1515.000000	-231.674164
1513.982422	-15.923506
1512.965820	-23.884077
1511.948242	56.610405
1510.930664	28.989626
1509.913086	-168.076416
1508.894531	72.027771
1507.875977	5.159557
1506.857422	38.965515
1505.838867	35.959412
1504.820313	45.233131
1503.800781	-144.191483
1502.781250	318.829987
1501.761719	271.662842
1500.742188	312.777924
1499.721680	84.275238
1498.702148	10.267568
1497.681641	-151.906418
1496.661133	46.057732
1495.639648	-91.556244
1494.618164	-221.754471
1493.597656	125.449081
1492.576172	0.180366
1491.553711	-125.036995
1490.532227	36.036430
1489.509766	33.177120
1488.487305	-60.142620
1487.464844	110.620316
1486.442383	-26.645281
1485.418945	-58.772663
1484.395508	-115.305229
1483.372070	18.723969
1482.348633	-118.362679
1481.324219	120.613365
1480.300781	188.641174
1479.276367	185.864807
1478.251953	158.703659
1477.226563	99.842232
1476.202148	67.863167
1475.176758	113.930244
1474.151367	-35.045036
1473.125000	93.914871
1472.099609	49.828007
1471.073242	5.760660
1470.046875	195.575424
1469.020508	-96.883781
1467.994141	144.037476
1466.966797	-7.073745
1465.939453	224.010315
1464.912109	282.244873
1463.884766	272.354736
1462.856445	384.087158
1461.829102	396.098450
1460.800781	529.672180
1459.772461	257.272186
1458.743164	565.819824
1457.714844	293.562897
1456.685547	638.443420
1455.656250	553.319702
1454.625977	553.224426
1453.596680	485.184601
1452.566406	562.808350
1451.536133	422.022400
1450.505859	531.203796
1449.474609	327.443878
1448.444336	477.865204
1447.413086	194.232330
1446.381836	330.098785
1445.350586	281.740143
1444.318359	550.824036
1443.286133	325.626526
1442.253906	272.503296
1441.221680	355.026733
1440.189453	423.011505
1439.156250	292.498413
1438.123047	179.001678
1437.089844	193.804703
1436.056641	174.757248
1435.022461	107.361198
1433.988281	-136.488449
1432.954102	277.306091
1431.919922	-29.268658
1430.885742	-57.814106
1429.850586	77.937401
1428.815430	-35.119293
1427.780273	-133.616852
1426.744141	11.778892
1425.708984	217.491943
1424.672852	-93.301735
1423.636719	283.685150
1422.600586	16.478127
1421.563477	123.206421
1420.527344	15.332821
1419.490234	-34.624622
1418.452148	129.951523
1417.415039	-136.825729
1416.376953	39.798172
1415.338867	-53.387787
1414.300781	296.575531
1413.262695	37.301563
1412.224609	-89.445869
1411.185547	-153.556778
1410.146484	119.228355
1409.107422	64.776871
1408.067383	53.651962
1407.027344	129.120880
1405.987305	45.922050
1404.947266	32.485310
1403.907227	146.437759
1402.866211	63.358360
1401.826172	182.115036
1400.785156	55.894917
1399.743164	210.647446
1398.702148	298.164185
1397.660156	80.878510
1396.618164	319.588623
1395.576172	224.788803
1394.533203	573.734009
1393.491211	323.121796
1392.448242	890.106506
1391.405273	860.083801
1390.361328	892.394775
1389.318359	1221.803101
1388.274414	1014.559021
1387.230469	1360.612915
1386.186523	1347.415894
1385.141602	1513.772217
1384.097656	1648.988037
1383.052734	1779.378540
1382.007813	1854.723877
1380.961914	1848.742432
1379.916992	1596.519165
1378.871094	1306.174561
1377.825195	1207.193481
1376.778320	1215.806030
1375.732422	1284.183228
1374.685547	1214.017700
1373.638672	1003.018982
1372.591797	978.368774
1371.543945	1015.815002
1370.497070	969.758728
1369.449219	592.092041
1368.400391	515.178589
1367.352539	650.604614
1366.303711	595.237244
1365.255859	663.902771
1364.206055	641.980225
1363.157227	713.044006
1362.108398	388.631165
1361.058594	636.034973
1360.008789	750.007385
1358.958984	742.540710
1357.908203	623.225037
1356.857422	565.870850
1355.806641	665.609070
1354.755859	722.519897
1353.705078	517.828003
1352.653320	662.783813
1351.601563	643.678162
1350.549805	353.665283
1349.498047	529.553955
1348.445313	277.762665
1347.393555	539.169373
1346.340820	479.902161
1345.287109	515.656616
1344.234375	520.579834
1343.180664	326.181061
1342.126953	-34.186790
1341.073242	352.863037
1340.019531	184.818848
1338.964844	31.099577
1337.910156	-8.727231
1336.855469	77.111900
1335.799805	198.483246
1334.745117	-4.714757
1333.689453	95.375443
1332.633789	3.647379
1331.578125	13.798343
1330.521484	-2.064973
1329.464844	76.775063
1328.408203	30.216892
1327.351563	175.319122
1326.294922	-140.773712
1325.237305	-333.751617
1324.179688	57.284481
1323.122070	105.490814
1322.064453	139.531448
1321.005859	-112.263939
1319.947266	-123.002327
1318.888672	-284.828247
1317.830078	103.535622
1316.770508	-48.764515
1315.710938	-45.212719
1314.651367	144.763245
1313.591797	-89.899162
1312.531250	-15.491082
1311.471680	4.700568
1310.411133	-90.597839
1309.349609	-25.563978
1308.289063	-158.443985
1307.227539	128.090302
1306.166016	-350.924103
1305.104492	-123.270439
1304.042969	-81.663628
1302.980469	-28.277309
1301.917969	211.023041
1300.855469	-102.627876
1299.792969	139.008148
1298.729492	65.445084
1297.666016	-80.938545
1296.602539	-65.027603
1295.539063	26.117275
1294.474609	124.297325
1293.411133	36.898121
1292.346680	-3.462133
1291.281250	-135.353745
1290.216797	61.516842
1289.151367	185.570770
1288.085938	-216.024765
1287.020508	27.753563
1285.955078	-5.315081
1284.888672	69.531776
1283.822266	-15.046654
1282.755859	-26.890341
1281.689453	85.510338
1280.622070	-34.064449
1279.554688	176.733810
1278.487305	43.207710
1277.419922	-10.617530
1276.351563	108.835266
1275.283203	-12.792571
1274.214844	-14.999268
1273.146484	148.927902
1272.077148	92.952934
1271.008789	319.987152
1269.939453	212.630676
1268.869141	189.494736
1267.799805	9.836117
1266.729492	45.227783
1265.659180	279.179840
1264.588867	316.897156
1263.517578	88.453377
1262.447266	121.589287
1261.375977	243.419189
1260.304688	397.894379
1259.232422	69.442139
1258.161133	191.297134
1257.088867	135.911774
1256.016602	371.983337
1254.943359	272.353210
1253.871094	496.701172
1252.797852	334.243469
1251.724609	279.030792
1250.650391	519.607788
1249.577148	566.874573
1248.502930	416.293854
1247.428711	670.732422
1246.354492	392.283875
1245.279297	193.069061
1244.204102	447.466522
1243.128906	153.052139
1242.053711	251.653717
1240.977539	419.954803
1239.902344	339.591309
1238.826172	394.020477
1237.750000	325.356995
1236.672852	300.862549
1235.595703	137.110748
1234.518555	-19.580397
1233.441406	241.517273
1232.364258	240.362381
1231.286133	241.544937
1230.208008	143.034821
1229.129883	-20.326555
1228.051758	-35.242676
1226.972656	75.009338
1225.893555	145.844559
1224.814453	205.088776
1223.734375	-6.640551
1222.655273	217.049393
1221.575195	121.198624
1220.495117	-13.934169
1219.415039	22.238493
1218.333984	-41.064274
1217.252930	-219.964737
1216.171875	35.958553
1215.090820	32.859455
1214.008789	-53.435429
1212.926758	-98.079720
1211.844727	-47.962532
1210.762695	87.612938
1209.679688	-197.155563
1208.597656	-403.280121
1207.513672	97.030731
1206.430664	-145.964661
1205.347656	33.390465
1204.263672	-29.534229
1203.179688	-124.705070
1202.095703	-146.036606
1201.010742	102.360397
1199.925781	-188.646469
1198.840820	59.674728
1197.755859	-7.711702
1196.670898	-38.206665
1195.584961	2.700227
1194.499023	78.130371
1193.413086	91.391838
1192.326172	83.940331
1191.239258	71.899155
1190.152344	2.367386
1189.065430	319.209686
1187.978516	-63.015877
1186.890625	-104.875069
1185.802734	-6.525912
1184.714844	151.521271
1183.625977	-186.674271
1182.538086	161.966461
1181.449219	319.876984
1180.360352	181.590668
1179.270508	440.408936
1178.180664	426.060425
1177.090820	358.956635
1176.000977	349.220001
1174.911133	383.055023
1173.820313	607.147888
1172.729492	565.266235
1171.638672	385.911469
1170.547852	367.000854
1169.456055	183.175690
1168.364258	345.213409
1167.272461	612.490295
1166.179688	245.596817
1165.087891	590.570862
1163.995117	708.873230
1162.902344	678.433716
1161.808594	997.893555
1160.715820	656.433105
1159.622070	898.015259
1158.528320	862.946594
1157.433594	686.216003
1156.339844	616.923889
1155.245117	300.986115
1154.149414	252.323837
1153.054688	491.312866
1151.958984	899.070190
1150.863281	366.517731
1149.767578	338.355988
1148.671875	339.842102
1147.575195	432.519531
1146.478516	148.968430
1145.381836	401.160767
1144.285156	277.220856
1143.187500	419.867889
1142.089844	141.047272
1140.992188	149.262253
1139.894531	175.664474
1138.795898	249.830460
1137.697266	-133.483765
1136.598633	-191.292526
1135.499023	10.211078
1134.400391	97.893509
1133.300781	130.935715
1132.201172	68.462982
1131.100586	96.893463
1130.000977	-163.279266
1128.900391	-184.845123
1127.799805	111.532181
1126.698242	37.624252
1125.596680	406.394379
1124.495117	130.392624
1123.393555	358.227692
1122.291992	288.736786
1121.189453	502.753876
1120.086914	811.877136
1118.984375	839.707458
1117.881836	901.488281
1116.778320	1108.225342
1115.674805	947.811890
1114.571289	905.213989
1113.466797	803.710815
1112.363281	989.753723
1111.258789	618.837219
1110.153320	856.794434
1109.048828	709.977417
1107.943359	789.382385
1106.837891	518.172302
1105.732422	633.672729
1104.625977	665.429993
1103.520508	367.177490
1102.414063	484.748840
1101.306641	213.672653
1100.200195	584.078857
1099.092773	392.035339
1097.985352	179.709351
1096.877930	425.590485
1095.769531	292.222961
1094.661133	242.332733
1093.552734	253.311768
1092.444336	45.505127
1091.335938	390.068481
1090.226563	436.903290
1089.117188	226.774765
1088.006836	30.197594
1086.897461	266.117218
1085.787109	427.555695
1084.676758	512.317505
1083.566406	171.572052
1082.455078	463.263458
1081.343750	703.020569
1080.232422	380.274567
1079.121094	527.618591
1078.008789	315.100189
1076.896484	475.752747
1075.784180	218.271072
1074.671875	434.918335
1073.558594	480.681305
1072.445313	330.978363
1071.332031	482.145020
1070.217773	435.632751
1069.104492	398.060547
1067.990234	266.195129
1066.875977	437.162262
1065.760742	-11.018448
1064.645508	307.780853
1063.530273	213.891785
1062.415039	312.724121
1061.299805	245.628998
1060.183594	-85.856506
1059.067383	3.803930
1057.951172	-38.759193
1056.833984	265.618011
1055.716797	180.343109
1054.599609	81.611153
1053.482422	327.376892
1052.364258	255.345032
1051.247070	100.544685
1050.128906	366.037872
1049.009766	61.367149
1047.891602	112.079575
1046.772461	-134.452591
1045.653320	-5.696111
1044.533203	348.465515
1043.414063	43.779118
1042.293945	-6.389340
1041.173828	173.243683
1040.052734	-13.185976
1038.932617	19.002638
1037.811523	-4.660857
1036.689453	-55.151352
1035.568359	-65.560936
1034.446289	-51.536076
1033.324219	-6.400155
1032.202148	-188.571182
1031.079102	212.744553
1029.957031	1.510294
1028.833984	-111.764679
1027.709961	-196.143036
1026.586914	86.581093
1025.462891	117.721352
1024.338867	39.794807
1023.214844	97.461708
1022.089844	-236.230698
1020.964844	-36.448685
1019.839844	-103.469475
1018.714844	-19.476492
1017.588867	-51.096489
1016.462891	23.807293
1015.336914	-67.897751
1014.210938	-75.295372
1013.083984	-47.272255
1011.957031	-50.392498
1010.830078	281.322693
1009.702148	147.142776
1008.574219	485.154266
1007.446289	907.164124
1006.318359	1426.409058
1005.190430	2512.492920
1004.061523	2178.235840
1002.932617	1890.562500
1001.802734	1005.185547
1000.673828	660.220154
999.543945	377.290131
998.414063	258.137085
997.283203	194.254623
996.153320	94.959656
995.022461	55.322964
993.891602	344.980865
992.759766	263.173004
991.628906	671.820313
990.497070	901.286133
989.364258	832.444092
988.232422	1222.809204
987.099609	1226.635132
985.966797	1415.767944
984.833984	1344.405396
983.700195	1392.115112
982.566406	1384.606445
981.432617	1282.233643
980.298828	1045.382202
979.164063	995.893005
978.029297	1138.051880
976.894531	821.908447
975.759766	697.447998
974.624023	480.503418
973.488281	439.704559
972.352539	409.872589
971.215820	285.377563
970.080078	160.896378
968.943359	271.730621
967.805664	257.121399
966.668945	545.839722
965.531250	434.374481
964.393555	303.135132
963.254883	90.620506
962.117188	468.953491
960.978516	317.886444
959.839844	590.524414
958.700195	371.364166
957.561523	334.394196
956.421875	310.552216
955.281250	394.136261
954.141602	560.978760
953.000977	556.704895
951.860352	743.074219
950.719727	762.793274
949.578125	385.944611
948.436523	532.692383
947.294922	335.561401
946.153320	184.465103
945.010742	453.622955
943.868164	204.037064
942.725586	247.687363
941.583008	144.755005
940.439453	87.754333
939.295898	177.234467
938.152344	249.167603
937.007813	-52.621346
935.863281	52.055508
934.718750	80.227036
933.574219	300.531525
932.428711	291.483368
931.283203	83.809624
930.137695	74.797005
928.992188	283.943237
927.845703	-130.821213
926.699219	106.603790
925.552734	-9.258617
924.405273	81.983047
923.257813	79.483612
922.110352	109.666634
920.962891	148.555283
919.814453	283.232544
918.666016	-2.320546
917.517578	149.760971
916.369141	-120.374664
915.219727	-33.587727
914.070313	-170.858170
912.920898	57.280594
911.770508	-45.139019
910.621094	-75.748772
909.470703	-17.237534
908.319336	108.607506
907.168945	-206.495956
906.017578	-306.451447
904.866211	158.143753
903.713867	16.959032
902.562500	296.875885
901.410156	149.284058
900.256836	183.988220
899.104492	27.895039
897.951172	-256.011749
896.797852	-69.386299
895.644531	-296.707275
894.490234	32.911812
893.335938	-77.277046
892.181641	-202.524017
891.027344	-280.030426
889.872070	-156.155624
888.716797	181.953674
887.561523	78.607841
886.405273	18.617605
885.249023	218.220856
884.092773	-57.850185
882.936523	-117.576149
881.779297	-45.396130
880.622070	67.866966
879.464844	153.070343
878.307617	54.746971
877.149414	122.776375
875.991211	3.061898
874.833008	-151.047119
873.673828	-93.581123
872.514648	-33.904602
871.355469	-15.144815
870.196289	31.717457
869.036133	130.366852
867.875977	78.210022
866.715820	125.271965
865.554688	-114.084732
864.394531	327.273071
863.233398	281.936188
862.071289	374.464966
860.910156	441.236145
859.748047	312.280396
858.585938	310.394196
857.422852	132.262848
856.259766	270.366150
855.096680	249.447617
853.933594	241.539902
852.770508	128.470459
851.606445	144.430817
850.442383	108.956802
849.277344	170.216660
848.113281	117.809326
846.948242	183.558350
845.783203	500.413086
844.617188	246.669037
843.451172	-304.918060
842.285156	140.816864
841.119141	-41.572422
839.952148	179.116089
838.785156	104.162949
837.618164	93.629608
836.451172	123.913414
835.283203	291.324066
834.115234	84.202110
832.947266	-180.473206
831.778320	-10.595078
830.609375	-39.589058
829.440430	419.129456
828.271484	3.340297
827.101563	113.683792
825.931641	196.327499
824.761719	285.474976
823.590820	302.085083
822.420898	389.297943
821.250000	132.868820
820.078125	429.513153
818.907227	305.768646
817.735352	357.154785
816.562500	210.283371
815.390625	392.017395
814.217773	362.734344
813.044922	135.375320
811.872070	504.926575
810.698242	-50.185539
809.524414	17.047998
808.350586	416.580017
807.176758	134.792984
806.001953	-150.989960
804.827148	-134.332809
803.651367	141.997879
802.476563	92.910744
801.300781	-49.589764
800.125000	33.462936
798.948242	63.466534
797.772461	138.217239
796.595703	266.171326
795.417969	43.736423
794.241211	320.553589
793.063477	580.382324
791.885742	-17.263155
790.707031	414.651917
789.529297	212.171768
788.350586	455.314362
787.170898	306.172455
785.992188	38.504265
784.812500	377.253998
783.632813	584.585083
782.452148	351.288483
781.272461	524.873352
780.091797	192.407410
778.911133	239.153152
777.729492	207.675049
776.547852	356.180511
775.366211	111.241821
774.184570	63.216408
773.001953	4.745075
771.819336	-146.613815
770.636719	-173.106537
769.453125	-421.353912
768.269531	-113.801910
767.085938	-144.222366
765.902344	-109.080513
764.717773	8.461904
763.533203	-234.863876
762.348633	11.531439
761.163086	44.831886
759.977539	-172.780487
758.791992	155.894775
757.606445	-158.459442
756.419922	-55.305527
755.233398	73.153358
754.046875	30.986673
752.859375	-160.625336
751.672852	115.342819
750.485352	161.785751
749.296875	191.425232
748.108398	317.889587
746.919922	78.322304
745.731445	70.249634
744.542969	297.709564
743.353516	-78.191826
742.164063	21.075861
740.973633	93.015244
739.783203	49.418282
738.592773	-187.337296
737.402344	287.800049
736.211914	-95.793907
735.020508	89.530029
733.829102	385.979675
732.636719	92.874222
731.444336	34.792530
730.251953	519.762756
729.059570	-24.683020
727.866211	108.010727
726.673828	20.647549
725.479492	-43.638783
724.286133	-109.997803
723.091797	108.393738
721.897461	94.327850
720.703125	65.600510
719.507813	-4.976680
718.312500	-276.343933
717.117188	77.644478
715.921875	-156.037460
714.725586	-136.734207
713.529297	-27.618069
712.332031	202.581848
711.135742	92.178062
709.938477	236.541046
708.740234	481.002625
707.542969	241.073074
706.344727	648.085938
705.146484	1132.043579
703.948242	1417.579346
702.749023	1698.755737
701.549805	1566.972168
700.350586	930.813538
699.150391	888.762573
697.950195	865.424500
696.750000	465.062439
695.549805	235.576309
694.348633	-64.638420
693.147461	-23.444317
691.946289	159.164673
690.744141	79.514244
689.541992	62.236755
688.339844	84.417122
687.136719	148.108200
685.934570	151.444382
684.730469	445.615479
683.527344	274.283112
682.323242	152.826172
681.119141	195.408600
679.915039	379.086121
678.710938	477.549530
677.505859	434.838257
676.300781	-84.979897
675.094727	175.186020
673.889648	227.870865
672.683594	42.133739
671.476563	-70.994385
670.270508	37.616459
669.063477	222.817627
667.856445	86.951515
666.648438	367.311279
665.440430	61.781334
664.232422	174.448242
663.024414	136.071030
661.815430	95.693146
660.606445	100.890503
659.397461	17.257759
658.188477	-132.394958
656.978516	69.414024
655.768555	-102.704002
654.557617	-125.906479
653.346680	-144.832855
652.135742	9.814677
650.924805	18.012354
649.712891	-109.806030
648.501953	228.876892
647.289063	41.672344
646.077148	1.194537
644.864258	-121.470413
643.651367	59.170094
642.438477	-11.366907
641.224609	-58.890316
640.010742	-231.684769
638.796875	-53.986317
637.582031	362.812012
636.367188	-123.673813
635.152344	273.227448
633.937500	36.818947
632.721680	251.428192
631.505859	487.027588
630.289063	233.840332
629.073242	698.610657
627.856445	428.225525
626.639648	651.636963
625.421875	768.856384
624.204102	710.187012
622.986328	481.950684
621.768555	291.583771
620.549805	40.625286
619.331055	122.990921
618.111328	109.894028
616.892578	-29.324280
