1721.000977	69.767105
1720.027344	-210.169449
1719.052734	-90.322647
1718.078125	133.750031
1717.104492	143.928406
1716.128906	66.050102
1715.154297	74.569695
1714.178711	13.081015
1713.204102	2.129907
1712.228516	-68.480850
1711.251953	-288.358429
1710.276367	139.265427
1709.299805	-46.007515
1708.324219	-24.405180
1707.347656	-128.834839
1706.370117	-105.811691
1705.393555	-114.025406
1704.416016	69.127716
1703.438477	144.296448
1702.460938	134.588318
1701.483398	-95.430885
1700.505859	3.985558
1699.527344	39.067448
1698.548828	112.089310
1697.570313	0.798806
1696.591797	65.454666
1695.612305	42.937115
1694.632813	178.420959
1693.653320	32.795933
1692.673828	-54.333019
1691.694336	52.237095
1690.713867	186.580566
1689.734375	137.042053
1688.753906	-70.778275
1687.772461	-23.781708
1686.791992	25.586952
1685.810547	23.798330
1684.830078	133.978546
1683.848633	35.096649
1682.866211	-61.334843
1681.884766	-38.153343
1680.902344	20.542759
1679.919922	104.576973
1678.937500	-37.967319
1677.955078	-104.200516
1676.971680	7.562581
1675.989258	-71.477943
1675.005859	-23.422741
1674.022461	-94.889709
1673.038086	161.465881
1672.054688	89.944481
1671.070313	33.667458
1670.085938	-185.136703
1669.101563	78.607811
1668.117188	-20.786194
1667.131836	-8.460289
1666.146484	112.998314
1665.161133	61.906410
1664.175781	-199.673401
1663.189453	-113.682495
1662.204102	66.141045
1661.217773	-139.405212
1660.231445	-71.094826
1659.245117	22.577835
1658.257813	83.315918
1657.270508	-68.678467
1656.284180	-134.433167
1655.295898	83.439217
1654.308594	162.080109
1653.321289	71.192696
1652.333008	-92.978737
1651.344727	51.619820
1650.356445	74.830032
1649.367188	-35.928318
1648.378906	-40.365906
1647.389648	-27.042532
1646.400391	39.424633
1645.411133	-63.335472
1644.420898	319.017456
1643.431641	-33.619476
1642.441406	70.986023
1641.451172	39.309414
1640.459961	30.433010
1639.469727	41.847397
1638.478516	-75.339890
1637.487305	-129.333939
1636.496094	232.883698
1635.504883	55.473881
1634.512695	140.371368
1633.520508	-6.545697
1632.528320	207.004379
1631.536133	251.761246
1630.543945	180.723206
1629.550781	82.083832
1628.557617	-3.844064
1627.564453	214.914200
1626.571289	227.300034
1625.578125	297.629761
1624.583984	428.367554
1623.589844	564.157471
1622.595703	632.074524
1621.601563	529.088196
1620.606445	742.898010
1619.611328	898.893616
1618.616211	906.663635
1617.621094	917.011169
1616.625977	844.547119
1615.629883	1048.357910
1614.633789	817.867981
1613.637695	926.354980
1612.641602	886.813416
1611.645508	935.152893
1610.648438	875.667053
1609.651367	1029.414551
1608.654297	995.118347
1607.657227	1101.259155
1606.659180	1192.360474
1605.662109	1065.500244
1604.664063	1176.710571
1603.666016	1202.767334
1602.666992	1381.591431
1601.668945	1217.418945
1600.669922	1318.660034
1599.670898	1212.196899
1598.671875	1225.907715
1597.671875	1192.114258
1596.672852	1185.889648
1595.672852	1059.674927
1594.672852	838.552368
1593.671875	879.966797
1592.671875	758.984497
1591.670898	613.086792
1590.669922	697.065796
1589.668945	628.704956
1588.667969	425.574066
1587.666016	259.982483
1586.664063	401.441010
1585.662109	233.465698
1584.660156	197.789398
1583.658203	331.739716
1582.655273	91.605797
1581.652344	190.635681
1580.649414	152.547668
1579.646484	39.725147
1578.642578	-13.257480
1577.638672	162.954346
1576.634766	192.163971
1575.630859	206.425797
1574.626953	88.748314
1573.622070	55.731495
1572.618164	89.924667
1571.613281	114.140388
1570.607422	195.542572
1569.602539	-33.927818
1568.596680	54.921791
1567.590820	-52.642719
1566.584961	-8.570619
1565.579102	85.168343
1564.572266	-4.976961
1563.566406	106.089920
1562.559570	117.765800
1561.551758	30.112297
1560.544922	-92.255470
1559.537109	197.341599
1558.530273	-9.390453
1557.521484	213.057190
1556.513672	-50.670502
1555.505859	-39.082397
1554.497070	79.068451
1553.488281	-127.519920
1552.479492	-24.302219
1551.470703	-79.697945
1550.460938	-18.686630
1549.451172	84.377190
1548.441406	28.925655
1547.431641	-184.942062
1546.421875	-59.695114
1545.411133	-23.605932
1544.400391	69.343239
1543.389648	65.776108
1542.378906	32.515617
1541.367188	112.957375
1540.355469	-137.860184
1539.343750	-87.115982
1538.332031	-204.417618
1537.320313	-49.982021
1536.307617	-83.333473
1535.294922	-22.869835
1534.282227	-174.749374
1533.269531	9.062042
1532.256836	-90.990288
1531.243164	75.399498
1530.229492	-24.681879
1529.215820	126.781265
1528.202148	-37.416054
1527.187500	-33.966003
1526.172852	-50.254345
1525.158203	-81.343422
1524.143555	-65.638336
1523.127930	129.814301
1522.113281	46.930580
1521.097656	-119.652420
1520.082031	124.845764
1519.065430	-26.973022
1518.049805	-109.851639
1517.033203	-84.499748
1516.016602	152.311493
1515.000000	-102.733932
1513.982422	170.801758
1512.965820	-108.756668
1511.948242	-127.771286
1510.930664	81.666618
1509.913086	50.301647
1508.894531	-101.402031
1507.875977	29.271030
1506.857422	15.054724
1505.838867	170.154633
1504.820313	173.055649
1503.800781	28.751261
1502.781250	254.813492
1501.761719	39.415760
1500.742188	15.306666
1499.721680	152.942612
1498.702148	62.633255
1497.681641	173.227341
1496.661133	134.352661
1495.639648	-117.575356
1494.618164	125.152153
1493.597656	142.580032
1492.576172	-11.328709
1491.553711	-25.726730
1490.532227	138.461365
1489.509766	55.542347
1488.487305	-17.567804
1487.464844	73.142334
1486.442383	-51.278721
1485.418945	83.365753
1484.395508	171.528870
1483.372070	61.799187
1482.348633	176.787766
1481.324219	101.270462
1480.300781	-96.259354
1479.276367	-8.170612
1478.251953	18.880424
1477.226563	-15.078425
1476.202148	-49.010838
1475.176758	277.960388
1474.151367	-124.158897
1473.125000	97.874954
1472.099609	117.564026
1471.073242	176.222122
1470.046875	113.065956
1469.020508	364.108917
1467.994141	91.553886
1466.966797	82.022491
1465.939453	116.313431
1464.912109	323.366852
1463.884766	367.342621
1462.856445	114.560692
1461.829102	289.900787
1460.800781	231.767731
1459.772461	287.917175
1458.743164	436.393738
1457.714844	441.479279
1456.685547	312.961639
1455.656250	352.092377
1454.625977	524.761902
1453.596680	345.375977
1452.566406	301.993011
1451.536133	282.912354
1450.505859	351.199036
1449.474609	179.331451
1448.444336	177.323441
1447.413086	408.083252
1446.381836	456.962830
1445.350586	343.467621
1444.318359	283.338715
1443.286133	404.945526
1442.253906	371.517120
1441.221680	260.639923
1440.189453	312.039093
1439.156250	58.454880
1438.123047	59.097290
1437.089844	-15.237288
1436.056641	278.158661
1435.022461	61.168980
1433.988281	66.741859
1432.954102	43.332798
1431.919922	53.797703
1430.885742	289.005157
1429.850586	-137.798569
1428.815430	-190.020996
1427.780273	-92.475227
1426.744141	-89.106293
1425.708984	92.919411
1424.672852	-193.277832
1423.636719	-242.874344
1422.600586	-135.626617
1421.563477	-1.872184
1420.527344	-164.705566
1419.490234	31.739910
1418.452148	83.517349
1417.415039	241.339600
1416.376953	71.479759
1415.338867	-182.572861
1414.300781	-56.007484
1413.262695	65.723953
1412.224609	-36.417412
1411.185547	-68.699516
1410.146484	98.766129
1409.107422	-85.006638
1408.067383	-117.160675
1407.027344	201.788055
1405.987305	-32.274578
1404.947266	77.492355
1403.907227	31.058683
1402.866211	-113.828667
1401.826172	178.539856
1400.785156	-43.087063
1399.743164	119.548546
1398.702148	-3.482709
1397.660156	132.749695
1396.618164	384.129639
1395.576172	98.102501
1394.533203	241.522797
1393.491211	396.916748
1392.448242	401.244537
1391.405273	599.744263
1390.361328	594.505981
1389.318359	883.992065
1388.274414	866.792847
1387.230469	892.741882
1386.186523	1026.456299
1385.141602	1181.684570
1384.097656	1131.078003
1383.052734	1121.196899
1382.007813	1412.766479
1380.961914	1199.604248
1379.916992	1254.383911
1378.871094	1086.839844
1377.825195	1065.200806
1376.778320	952.793518
1375.732422	952.763794
1374.685547	979.035767
1373.638672	713.991333
1372.591797	649.647766
1371.543945	852.703125
1370.497070	602.279297
1369.449219	430.726563
1368.400391	533.604370
1367.352539	562.545105
1366.303711	436.509674
1365.255859	520.356873
1364.206055	680.454163
1363.157227	571.254761
1362.108398	464.516327
1361.058594	812.788757
1360.008789	429.862427
1358.958984	725.677490
1357.908203	576.263245
1356.857422	324.612244
1355.806641	437.137146
1354.755859	561.536926
1353.705078	469.487854
1352.653320	451.212860
1351.601563	573.233521
1350.549805	457.554352
1349.498047	301.558716
1348.445313	262.061432
1347.393555	412.633942
1346.340820	354.187469
1345.287109	91.606445
1344.234375	104.518814
1343.180664	340.522430
1342.126953	201.571213
1341.073242	140.985992
1340.019531	336.588654
1338.964844	69.756660
1337.910156	203.696701
1336.855469	216.727707
1335.799805	198.965485
1334.745117	268.896851
1333.689453	182.488281
1332.633789	157.709030
1331.578125	128.227615
1330.521484	110.609184
1329.464844	-53.704426
1328.408203	172.463089
1327.351563	-1.213898
1326.294922	-177.160629
1325.237305	-104.749336
1324.179688	161.492935
1323.122070	-134.860046
1322.064453	166.753799
1321.005859	-30.220293
1319.947266	115.382912
1318.888672	175.931152
1317.830078	132.589996
1316.770508	-101.912018
1315.710938	197.030701
1314.651367	80.614014
1313.591797	-45.172291
1312.531250	69.652359
1311.471680	-13.607824
1310.411133	216.695251
1309.349609	-64.516937
1308.289063	97.391800
1307.227539	183.850876
1306.166016	51.247021
1305.104492	71.769264
1304.042969	-53.667763
1302.980469	25.728184
1301.917969	13.324233
1300.855469	-17.885874
1299.792969	9.732234
1298.729492	-12.044765
1297.666016	-219.544113
1296.602539	-67.296463
1295.539063	317.558136
1294.474609	-9.691812
1293.411133	3.836558
1292.346680	10.314322
1291.281250	-140.532288
1290.216797	-37.762798
1289.151367	287.934570
1288.085938	146.529343
1287.020508	-102.726814
1285.955078	-171.262970
1284.888672	116.673325
1283.822266	31.709835
1282.755859	3.043506
1281.689453	-44.354301
1280.622070	229.254272
1279.554688	163.088776
1278.487305	7.959460
1277.419922	-32.368347
1276.351563	-89.068855
1275.283203	369.151703
1274.214844	256.233490
1273.146484	225.244614
1272.077148	212.976685
1271.008789	256.841736
1269.939453	134.692886
1268.869141	87.387314
1267.799805	51.792114
1266.729492	233.487976
1265.659180	158.161270
1264.588867	274.363525
1263.517578	402.182373
1262.447266	291.851105
1261.375977	32.198544
1260.304688	166.983307
1259.232422	87.086060
1258.161133	186.811356
1257.088867	97.614044
1256.016602	269.552582
1254.943359	115.105309
1253.871094	349.875610
1252.797852	228.089890
1251.724609	185.546829
1250.650391	417.799011
1249.577148	410.149078
1248.502930	353.613495
1247.428711	492.580811
1246.354492	496.537262
1245.279297	367.893829
1244.204102	474.191467
1243.128906	271.197662
1242.053711	328.645752
1240.977539	320.983826
1239.902344	448.094696
1238.826172	440.402069
1237.750000	337.483063
1236.672852	213.701874
1235.595703	363.911926
1234.518555	274.986298
1233.441406	239.466858
1232.364258	243.398560
1231.286133	-24.063404
1230.208008	230.362213
1229.129883	512.493774
1228.051758	82.877113
1226.972656	133.154831
1225.893555	9.634523
1224.814453	328.606232
1223.734375	-100.621422
1222.655273	114.030663
1221.575195	198.942352
1220.495117	-0.859940
1219.415039	322.363068
1218.333984	104.099640
1217.252930	175.038330
1216.171875	40.141068
1215.090820	-36.905582
1214.008789	-120.861359
1212.926758	-91.553360
1211.844727	-196.261795
1210.762695	-136.930984
1209.679688	-84.563782
1208.597656	-156.893524
1207.513672	-21.460215
1206.430664	35.451073
1205.347656	205.389221
1204.263672	-39.974815
1203.179688	-109.958344
1202.095703	-41.570076
1201.010742	-30.852924
1199.925781	-188.387863
1198.840820	177.200180
1197.755859	49.629070
1196.670898	32.665466
1195.584961	38.727413
1194.499023	-28.886169
1193.413086	85.358971
1192.326172	75.282249
1191.239258	-105.042030
1190.152344	-82.875511
1189.065430	155.444000
1187.978516	106.264229
1186.890625	206.508133
1185.802734	102.172829
1184.714844	158.714478
1183.625977	104.962242
1182.538086	308.454285
1181.449219	27.377211
1180.360352	244.559219
1179.270508	372.130280
1178.180664	261.010376
1177.090820	65.057945
1176.000977	75.609024
1174.911133	184.752533
1173.820313	286.963165
1172.729492	359.329834
1171.638672	280.424835
1170.547852	229.046097
1169.456055	-21.589504
1168.364258	298.086395
1167.272461	278.778961
1166.179688	179.360275
1165.087891	439.276642
1163.995117	591.534973
1162.902344	549.294434
1161.808594	843.242676
1160.715820	579.180298
1159.622070	507.246124
1158.528320	746.153015
1157.433594	468.565125
1156.339844	552.035034
1155.245117	624.043335
1154.149414	556.726746
1153.054688	373.018707
1151.958984	492.936920
1150.863281	439.381683
1149.767578	486.227966
1148.671875	414.448364
1147.575195	527.398438
1146.478516	378.120941
1145.381836	714.395203
1144.285156	414.740601
1143.187500	415.942383
1142.089844	218.976929
1140.992188	238.437897
1139.894531	342.125977
1138.795898	99.773605
1137.697266	-1.379201
1136.598633	254.722137
1135.499023	-151.240738
1134.400391	20.629274
1133.300781	-119.082771
1132.201172	-160.987488
1131.100586	-98.338791
1130.000977	-72.070694
1128.900391	-100.342293
1127.799805	-92.267159
1126.698242	-102.368782
1125.596680	112.273407
1124.495117	52.190472
1123.393555	12.551147
1122.291992	43.253658
1121.189453	307.547913
1120.086914	131.804642
1118.984375	443.558777
1117.881836	478.644012
1116.778320	543.161865
1115.674805	659.754395
1114.571289	730.985901
1113.466797	625.537842
1112.363281	506.552216
1111.258789	564.163757
1110.153320	547.055786
1109.048828	380.626099
1107.943359	481.177399
1106.837891	550.012024
1105.732422	478.625610
1104.625977	384.652740
1103.520508	344.956146
1102.414063	117.727058
1101.306641	96.148674
1100.200195	216.861069
1099.092773	71.061287
1097.985352	320.369934
1096.877930	361.917480
1095.769531	159.732834
1094.661133	111.028419
1093.552734	60.079212
1092.444336	67.765617
1091.335938	55.145802
1090.226563	74.066978
1089.117188	133.524750
1088.006836	75.786232
1086.897461	247.804077
1085.787109	72.935219
1084.676758	267.352997
1083.566406	157.799103
1082.455078	320.563995
1081.343750	159.258560
1080.232422	342.157654
1079.121094	367.534210
1078.008789	507.539917
1076.896484	204.641159
1075.784180	243.450668
1074.671875	459.717926
1073.558594	258.047668
1072.445313	-6.435507
1071.332031	-53.030975
1070.217773	37.297588
1069.104492	145.518814
1067.990234	145.961731
1066.875977	-190.110321
1065.760742	265.627960
1064.645508	236.809082
1063.530273	30.877768
1062.415039	24.481871
1061.299805	-17.789345
1060.183594	-136.247406
1059.067383	-48.626926
1057.951172	94.903542
1056.833984	86.100754
1055.716797	-63.734680
1054.599609	178.058746
1053.482422	48.339840
1052.364258	10.341796
1051.247070	-41.083305
1050.128906	104.211227
1049.009766	21.414173
1047.891602	238.065262
1046.772461	97.115730
1045.653320	172.852722
1044.533203	-79.756332
1043.414063	-191.628525
1042.293945	-194.123383
1041.173828	227.351059
1040.052734	-118.913681
1038.932617	-39.010193
1037.811523	-3.792399
1036.689453	-135.860565
1035.568359	-18.246527
1034.446289	59.150684
1033.324219	-175.461472
1032.202148	15.451639
1031.079102	-52.109726
1029.957031	89.613976
1028.833984	-33.676971
1027.709961	16.626188
1026.586914	-375.914032
1025.462891	-129.894440
1024.338867	67.037323
1023.214844	68.162010
1022.089844	238.178894
1020.964844	99.141602
1019.839844	-62.104599
1018.714844	76.574608
1017.588867	-13.631377
1016.462891	22.721893
1015.336914	52.344955
1014.210938	88.559692
1013.083984	-63.911430
1011.957031	49.845016
1010.830078	81.434151
1009.702148	-31.189224
1008.574219	193.159973
1007.446289	656.727539
1006.318359	856.331482
1005.190430	1419.118164
1004.061523	1744.588867
1002.932617	1270.452637
1001.802734	834.105469
1000.673828	324.865814
999.543945	45.934238
998.414063	50.258045
997.283203	30.184324
996.153320	189.192245
995.022461	339.218323
993.891602	511.221832
992.759766	707.387695
991.628906	905.625183
990.497070	1041.856934
989.364258	1438.543579
988.232422	1598.760864
987.099609	1767.667480
985.966797	1839.336426
984.833984	2007.994507
983.700195	1821.369141
982.566406	2192.717285
981.432617	1869.322388
980.298828	1889.887695
979.164063	1540.138794
978.029297	1234.557495
976.894531	924.653687
975.759766	795.423828
974.624023	514.261475
973.488281	244.179871
972.352539	396.714508
971.215820	342.286255
970.080078	360.431488
968.943359	261.942719
967.805664	543.818298
966.668945	212.208328
965.531250	254.305466
964.393555	263.369629
963.254883	250.401627
962.117188	323.048065
960.978516	237.509247
959.839844	296.842224
958.700195	233.184540
957.561523	151.960495
956.421875	219.889786
955.281250	140.785568
954.141602	427.859619
953.000977	392.493591
951.860352	392.162994
950.719727	641.585510
949.578125	332.213135
948.436523	279.193420
947.294922	383.810577
946.153320	127.126205
945.010742	163.791473
943.868164	290.116333
942.725586	230.392899
941.583008	61.302071
940.439453	183.069244
939.295898	173.578812
938.152344	-17.351542
937.007813	158.868851
935.863281	112.146034
934.718750	28.284117
933.574219	-20.629587
932.428711	76.712463
931.283203	-120.668259
930.137695	127.171158
928.992188	121.806427
927.845703	262.547119
926.699219	-28.555811
925.552734	85.956284
924.405273	-32.825722
923.257813	-16.464022
922.110352	-43.693249
920.962891	-36.070267
919.814453	178.400192
918.666016	57.493980
917.517578	93.351570
916.369141	122.660355
915.219727	-204.849899
914.070313	-199.422760
912.920898	43.033520
911.770508	-12.475771
910.621094	-44.035393
909.470703	-34.292931
908.319336	-100.593964
907.168945	-338.435364
906.017578	-261.286835
904.866211	-192.841049
903.713867	-7.207654
902.562500	-62.506649
901.410156	21.085512
900.256836	43.918747
899.104492	-35.140690
897.951172	0.762218
896.797852	-8.838667
895.644531	176.633133
894.490234	-177.421890
893.335938	66.549614
892.181641	-46.860203
891.027344	-47.594341
889.872070	-17.988396
888.716797	93.883926
887.561523	-21.412527
886.405273	254.892303
885.249023	1.310557
884.092773	-20.760868
882.936523	-14.663328
881.779297	-19.317909
880.622070	32.265842
879.464844	75.254395
878.307617	237.068130
877.149414	-84.748924
875.991211	-7.017099
874.833008	-106.200768
873.673828	232.707199
872.514648	-196.352005
871.355469	-101.098648
870.196289	65.346642
869.036133	98.155350
867.875977	90.098427
866.715820	133.846207
865.554688	33.345806
864.394531	92.360550
863.233398	138.520660
862.071289	210.588516
860.910156	129.945953
859.748047	288.258881
858.585938	227.209549
857.422852	101.780777
856.259766	88.324493
855.096680	236.206192
853.933594	283.138977
852.770508	138.957016
851.606445	216.204147
850.442383	104.565582
849.277344	136.948578
848.113281	53.548828
846.948242	174.180740
845.783203	82.491890
844.617188	209.764847
843.451172	-106.784805
842.285156	-24.266531
841.119141	154.811676
839.952148	108.937820
838.785156	-193.862640
837.618164	122.656105
836.451172	100.827675
835.283203	126.259537
834.115234	124.007683
832.947266	29.895821
831.778320	196.994537
830.609375	212.310455
829.440430	356.087006
828.271484	281.885925
827.101563	366.053497
825.931641	196.046722
824.761719	359.573608
823.590820	-68.472466
822.420898	375.118744
821.250000	250.771713
820.078125	340.093079
818.907227	-33.520538
817.735352	367.654846
816.562500	113.991219
815.390625	656.030579
814.217773	439.009277
813.044922	83.717751
811.872070	274.292877
810.698242	262.556488
809.524414	-15.244640
808.350586	365.260468
807.176758	100.686806
806.001953	313.186493
804.827148	-46.662594
803.651367	-29.610588
802.476563	415.128296
801.300781	260.165680
800.125000	-185.810318
798.948242	197.526596
797.772461	-22.637056
796.595703	222.729019
795.417969	-26.737362
794.241211	282.555450
793.063477	20.786659
791.885742	177.431793
790.707031	461.485229
789.529297	425.222595
788.350586	160.069885
787.170898	238.716812
785.992188	82.164429
784.812500	211.968048
783.632813	218.962738
782.452148	270.588287
781.272461	169.842316
780.091797	291.622437
778.911133	38.778381
777.729492	-80.468819
776.547852	168.657806
775.366211	-119.536385
774.184570	-191.738358
773.001953	40.708435
771.819336	55.425724
770.636719	-71.349968
769.453125	-189.499298
768.269531	-229.319138
767.085938	-315.479584
765.902344	-203.014145
764.717773	-3.950072
763.533203	144.461792
762.348633	37.580204
761.163086	-111.354668
759.977539	26.688976
758.791992	118.354691
757.606445	64.592567
756.419922	-437.980438
755.233398	10.016387
754.046875	-1.367579
752.859375	71.546936
751.672852	41.297302
750.485352	-7.842573
749.296875	275.596344
748.108398	312.753693
746.919922	114.316971
745.731445	284.024414
744.542969	142.481339
743.353516	154.462204
742.164063	99.186226
740.973633	226.722610
739.783203	198.741638
738.592773	-114.858742
737.402344	386.297943
736.211914	-34.314224
735.020508	109.754433
733.829102	333.437714
732.636719	233.931290
731.444336	142.801773
730.251953	3.425447
729.059570	-148.534302
727.866211	185.680405
726.673828	79.674797
725.479492	180.999008
724.286133	118.830170
723.091797	238.731247
721.897461	103.101517
720.703125	-24.211859
719.507813	-105.562706
718.312500	101.640114
717.117188	116.218597
715.921875	185.004608
714.725586	38.323891
713.529297	205.002792
712.332031	360.997894
711.135742	270.285248
709.938477	127.238953
708.740234	487.214691
707.542969	187.281662
706.344727	759.540161
705.146484	859.853882
703.948242	1068.376587
702.749023	1189.018188
701.549805	1509.530396
700.350586	1150.222046
699.150391	749.194824
697.950195	423.137146
696.750000	569.794434
695.549805	435.056854
694.348633	237.704559
693.147461	71.437874
691.946289	196.327881
690.744141	293.883850
689.541992	466.034485
688.339844	336.379608
687.136719	52.724258
685.934570	448.577820
684.730469	343.260864
683.527344	509.900177
682.323242	250.489304
681.119141	528.745300
679.915039	349.977020
678.710938	200.134567
677.505859	176.721771
676.300781	221.572388
675.094727	197.769577
673.889648	16.223419
672.683594	85.397385
671.476563	-38.361549
670.270508	-8.895769
669.063477	-60.376621
667.856445	159.317978
666.648438	221.432831
665.440430	136.449722
664.232422	63.833210
663.024414	164.965012
661.815430	3.297175
660.606445	-98.361420
659.397461	-63.539574
658.188477	62.215645
656.978516	134.201157
655.768555	-155.339188
654.557617	-180.291107
653.346680	364.804962
652.135742	-258.727692
650.924805	-157.339645
649.712891	32.916180
648.501953	-88.201538
647.289063	92.118820
646.077148	-67.581688
644.864258	-158.840469
643.651367	22.376862
642.438477	4.053912
641.224609	-118.861176
640.010742	125.395706
638.796875	5.638508
637.582031	145.930542
636.367188	107.763916
635.152344	-40.773140
633.937500	83.074013
632.721680	102.814064
631.505859	-30.762436
630.289063	83.371597
629.073242	449.209686
627.856445	448.202454
626.639648	362.099365
625.421875	201.317383
624.204102	93.278053
622.986328	325.409027
621.768555	10.996424
620.549805	59.442982
619.331055	-25.823359
618.111328	-23.116873
616.892578	-131.302734
