1721.000977	152.692535
1720.027344	127.241936
1719.052734	-71.940926
1718.078125	-89.560295
1717.104492	364.181641
1716.128906	347.727966
1715.154297	233.238617
1714.178711	64.354843
1713.204102	-148.586029
1712.228516	71.080971
1711.251953	-7.080514
1710.276367	157.645218
1709.299805	-87.952858
1708.324219	27.130760
1707.347656	3.471053
1706.370117	-120.435379
1705.393555	203.123016
1704.416016	34.941704
1703.438477	152.934830
1702.460938	127.318855
1701.483398	-200.319183
1700.505859	-19.455223
1699.527344	-15.331657
1698.548828	108.591911
1697.570313	280.726807
1696.591797	230.323685
1695.612305	64.764320
1694.632813	-113.726013
1693.653320	95.615753
1692.673828	-47.510212
1691.694336	209.802856
1690.713867	35.699276
1689.734375	-59.422295
1688.753906	-307.678528
1687.772461	-120.072861
1686.791992	-241.068115
1685.810547	-206.724335
1684.830078	115.395821
1683.848633	337.906952
1682.866211	137.456390
1681.884766	-60.442684
1680.902344	34.377460
1679.919922	256.332428
1678.937500	-201.271179
1677.955078	5.238110
1676.971680	247.191956
1675.989258	201.661087
1675.005859	-14.257509
1674.022461	252.832855
1673.038086	-163.864319
1672.054688	85.302979
1671.070313	34.569149
1670.085938	16.859316
1669.101563	9.301652
1668.117188	-153.118484
1667.131836	67.773674
1666.146484	-8.328111
1665.161133	100.820663
1664.175781	60.276787
1663.189453	184.587311
1662.204102	154.222260
1661.217773	-165.123001
1660.231445	-261.271545
1659.245117	20.209383
1658.257813	149.577103
1657.270508	-159.263596
1656.284180	91.736244
1655.295898	145.149033
1654.308594	92.286049
1653.321289	183.745697
1652.333008	173.983871
1651.344727	-53.281391
1650.356445	81.273949
1649.367188	56.500095
1648.378906	-69.314178
1647.389648	-28.218313
1646.400391	114.000923
1645.411133	137.469681
1644.420898	34.666809
1643.431641	325.967773
1642.441406	84.415024
1641.451172	113.142830
1640.459961	-7.010705
1639.469727	-185.069519
1638.478516	282.848907
1637.487305	329.401642
1636.496094	22.942444
1635.504883	316.748901
1634.512695	-29.801846
1633.520508	6.936853
1632.528320	336.013824
1631.536133	340.042328
1630.543945	601.039795
1629.550781	265.168457
1628.557617	450.654510
1627.564453	379.382355
1626.571289	507.013763
1625.578125	727.749512
1624.583984	802.537109
1623.589844	960.354004
1622.595703	1020.100098
1621.601563	1250.833374
1620.606445	1433.757202
1619.611328	1262.346924
1618.616211	990.572266
1617.621094	1306.747070
1616.625977	1246.145996
1615.629883	1416.607544
1614.633789	1310.922485
1613.637695	1328.314697
1612.641602	1094.834106
1611.645508	1117.393921
1610.648438	1042.161011
1609.651367	1195.210815
1608.654297	1140.155884
1607.657227	1132.801758
1606.659180	1701.883789
1605.662109	1499.080933
1604.664063	1684.675415
1603.666016	1622.293091
1602.666992	1740.253540
1601.668945	1730.549561
1600.669922	1770.938477
1599.670898	1473.524414
1598.671875	1376.431396
1597.671875	1574.565063
1596.672852	1490.078003
1595.672852	1278.132080
1594.672852	1041.315674
1593.671875	764.632507
1592.671875	1002.861389
1591.670898	866.276184
1590.669922	882.142761
1589.668945	660.803894
1588.667969	729.203918
1587.666016	228.467743
1586.664063	636.382629
1585.662109	278.158508
1584.660156	204.497635
1583.658203	243.129486
1582.655273	67.310059
1581.652344	1.283527
1580.649414	391.437653
1579.646484	283.058655
1578.642578	351.627289
1577.638672	345.459930
1576.634766	122.653374
1575.630859	233.607162
1574.626953	-257.892426
1573.622070	-97.104630
1572.618164	-1.044597
1571.613281	52.684097
1570.607422	-27.921190
1569.602539	155.136017
1568.596680	-94.487900
1567.590820	-87.963013
1566.584961	30.407236
1565.579102	-10.276271
1564.572266	155.239288
1563.566406	0.325234
1562.559570	-89.965202
1561.551758	77.965088
1560.544922	-265.452118
1559.537109	-55.346966
1558.530273	-105.811180
1557.521484	-47.135258
1556.513672	-30.617630
1555.505859	92.518242
1554.497070	161.056793
1553.488281	95.741989
1552.479492	151.876099
1551.470703	-141.316666
1550.460938	-152.032227
1549.451172	47.748772
1548.441406	116.234962
1547.431641	164.894730
1546.421875	-110.657005
1545.411133	-10.016386
1544.400391	-166.683563
1543.389648	13.077507
1542.378906	-34.721706
1541.367188	16.375517
1540.355469	-117.921967
1539.343750	-0.102655
1538.332031	-262.805389
1537.320313	166.233307
1536.307617	-56.891014
1535.294922	-57.701893
1534.282227	-9.140857
1533.269531	155.399414
1532.256836	245.846558
1531.243164	-16.535774
1530.229492	-182.612900
1529.215820	-8.318442
1528.202148	-260.613373
1527.187500	-140.614807
1526.172852	11.370566
1525.158203	-110.192390
1524.143555	26.946356
1523.127930	-168.464981
1522.113281	-102.772263
1521.097656	-42.045483
1520.082031	129.416504
1519.065430	99.010452
1518.049805	122.761551
1517.033203	210.441757
1516.016602	-11.769285
1515.000000	-54.400696
1513.982422	-190.438431
1512.965820	-127.328041
1511.948242	139.683044
1510.930664	13.528419
1509.913086	74.095009
1508.894531	-5.343272
1507.875977	109.205765
1506.857422	172.164230
1505.838867	-302.325073
1504.820313	18.322157
1503.800781	71.450218
1502.781250	102.488785
1501.761719	67.317047
1500.742188	54.232182
1499.721680	80.355957
1498.702148	273.119568
1497.681641	-46.231747
1496.661133	55.850784
1495.639648	292.567139
1494.618164	416.569611
1493.597656	158.688126
1492.576172	275.341919
1491.553711	44.500187
1490.532227	24.160286
1489.509766	-59.766209
1488.487305	73.976418
1487.464844	-24.572403
1486.442383	-105.959167
1485.418945	252.545639
1484.395508	105.178131
1483.372070	106.887932
1482.348633	45.112923
1481.324219	217.756546
1480.300781	73.015060
1479.276367	-44.820633
1478.251953	242.456192
1477.226563	12.432646
1476.202148	214.240402
1475.176758	25.805285
1474.151367	342.126923
1473.125000	0.200703
1472.099609	-90.541077
1471.073242	142.802200
1470.046875	205.550369
1469.020508	129.471420
1467.994141	121.622375
1466.966797	262.276184
1465.939453	339.609985
1464.912109	103.030418
1463.884766	221.762527
1462.856445	493.686737
1461.829102	215.947662
1460.800781	324.905457
1459.772461	314.731201
1458.743164	362.895355
1457.714844	517.983704
1456.685547	719.170959
1455.656250	684.712219
1454.625977	742.548645
1453.596680	302.730652
1452.566406	656.784790
1451.536133	493.842896
1450.505859	512.952209
1449.474609	485.981781
1448.444336	386.309845
1447.413086	388.523804
1446.381836	766.489685
1445.350586	196.725388
1444.318359	509.191956
1443.286133	610.798218
1442.253906	329.716431
1441.221680	358.730103
1440.189453	404.706726
1439.156250	486.988342
1438.123047	244.993393
1437.089844	-25.898907
1436.056641	344.358612
1435.022461	68.770195
1433.988281	233.381088
1432.954102	165.888840
1431.919922	-3.050035
1430.885742	258.219025
1429.850586	-24.158888
1428.815430	278.115082
1427.780273	104.584213
1426.744141	-73.680611
1425.708984	78.857277
1424.672852	-130.631180
1423.636719	-96.312157
1422.600586	-4.079940
1421.563477	392.003754
1420.527344	-130.685043
1419.490234	-2.254292
1418.452148	-83.539619
1417.415039	90.680481
1416.376953	-142.289658
1415.338867	133.086563
1414.300781	-147.882080
1413.262695	151.527222
1412.224609	-93.148277
1411.185547	-171.643753
1410.146484	101.209953
1409.107422	-83.061630
1408.067383	-43.566643
1407.027344	58.467453
1405.987305	-192.888901
1404.947266	115.905396
1403.907227	16.104378
1402.866211	-66.810081
1401.826172	184.225922
1400.785156	-47.497738
1399.743164	174.667587
1398.702148	252.767929
1397.660156	230.066071
1396.618164	243.404358
1395.576172	391.109039
1394.533203	802.591919
1393.491211	638.476807
1392.448242	668.640076
1391.405273	1221.324219
1390.361328	1493.437378
1389.318359	1406.124390
1388.274414	1570.373291
1387.230469	1811.221436
1386.186523	1721.608154
1385.141602	2024.623291
1384.097656	1968.583374
1383.052734	2037.013672
1382.007813	2105.455322
1380.961914	2209.767822
1379.916992	1835.862793
1378.871094	2150.641113
1377.825195	1903.649536
1376.778320	1611.392090
1375.732422	1773.233154
1374.685547	1593.468628
1373.638672	1480.683838
1372.591797	1229.511475
1371.543945	1291.174927
1370.497070	1238.309448
1369.449219	822.822632
1368.400391	770.136292
1367.352539	1084.805420
1366.303711	710.261353
1365.255859	581.472900
1364.206055	900.841064
1363.157227	888.896301
1362.108398	681.639343
1361.058594	1072.350464
1360.008789	800.911316
1358.958984	948.657654
1357.908203	736.936401
1356.857422	887.078186
1355.806641	837.330933
1354.755859	859.007019
1353.705078	1042.434448
1352.653320	876.276489
1351.601563	912.295349
1350.549805	734.426453
1349.498047	739.642273
1348.445313	374.270416
1347.393555	465.143463
1346.340820	741.231262
1345.287109	238.490814
1344.234375	224.990799
1343.180664	562.754028
1342.126953	516.034485
1341.073242	374.488159
1340.019531	187.974304
1338.964844	269.506348
1337.910156	301.254150
1336.855469	287.990906
1335.799805	153.911835
1334.745117	230.782211
1333.689453	132.369629
1332.633789	109.812469
1331.578125	61.257008
1330.521484	41.150581
1329.464844	139.412689
1328.408203	60.216946
1327.351563	40.225250
1326.294922	41.562386
1325.237305	-30.376862
1324.179688	30.127596
1323.122070	-114.977196
1322.064453	-241.085983
1321.005859	-173.397583
1319.947266	10.028627
1318.888672	49.360409
1317.830078	-163.906372
1316.770508	307.449524
1315.710938	56.515083
1314.651367	100.639679
1313.591797	-84.030418
1312.531250	-167.189850
1311.471680	-118.237091
1310.411133	29.722046
1309.349609	-8.546943
1308.289063	-56.184910
1307.227539	-157.963486
1306.166016	168.987183
1305.104492	163.807526
1304.042969	-187.412872
1302.980469	28.785975
1301.917969	-133.946915
1300.855469	-204.822693
1299.792969	-80.409950
1298.729492	-391.090393
1297.666016	-196.107697
1296.602539	76.389496
1295.539063	-147.083435
1294.474609	-158.972519
1293.411133	-248.343323
1292.346680	-44.079887
1291.281250	-48.865921
1290.216797	-100.566017
1289.151367	284.328583
1288.085938	-175.679993
1287.020508	14.394379
1285.955078	-55.942654
1284.888672	63.716660
1283.822266	143.491531
1282.755859	5.266534
1281.689453	68.666435
1280.622070	242.175293
1279.554688	181.386810
1278.487305	221.353516
1277.419922	59.963875
1276.351563	467.508698
1275.283203	282.770996
1274.214844	9.221344
1273.146484	112.459091
1272.077148	309.224365
1271.008789	96.718010
1269.939453	239.674362
1268.869141	410.634338
1267.799805	16.031027
1266.729492	-25.596367
1265.659180	199.101410
1264.588867	148.155396
1263.517578	118.259056
1262.447266	158.435059
1261.375977	287.291260
1260.304688	73.120110
1259.232422	29.349562
1258.161133	361.121216
1257.088867	366.316589
1256.016602	98.774887
1254.943359	546.898804
1253.871094	239.862869
1252.797852	443.179718
1251.724609	485.713867
1250.650391	502.625854
1249.577148	819.894775
1248.502930	492.271729
1247.428711	355.638672
1246.354492	675.106750
1245.279297	252.410828
1244.204102	225.274704
1243.128906	551.588806
1242.053711	556.979858
1240.977539	560.057861
1239.902344	270.387482
1238.826172	166.702530
1237.750000	406.820374
1236.672852	173.144043
1235.595703	176.385406
1234.518555	38.059875
1233.441406	69.210236
1232.364258	160.683929
1231.286133	-72.602219
1230.208008	-85.463829
1229.129883	244.831329
1228.051758	333.929535
1226.972656	175.026962
1225.893555	315.098938
1224.814453	137.772232
1223.734375	39.274300
1222.655273	-12.850410
1221.575195	57.747803
1220.495117	-56.823017
1219.415039	-136.619720
1218.333984	139.887970
1217.252930	-138.803268
1216.171875	-248.553040
1215.090820	189.669678
1214.008789	-70.321556
1212.926758	25.684681
1211.844727	87.006516
1210.762695	-94.215668
1209.679688	-219.928009
1208.597656	-98.524040
1207.513672	138.240295
1206.430664	-100.483055
1205.347656	-80.675407
1204.263672	-316.923462
1203.179688	-31.840229
1202.095703	-198.797028
1201.010742	-100.575844
1199.925781	105.936844
1198.840820	104.988823
1197.755859	-121.711197
1196.670898	-25.852930
1195.584961	182.797302
1194.499023	64.454506
1193.413086	-10.094490
1192.326172	53.462151
1191.239258	-255.705536
1190.152344	63.210743
1189.065430	-135.424072
1187.978516	332.782288
1186.890625	74.421013
1185.802734	137.915939
1184.714844	1.499176
1183.625977	-26.894331
1182.538086	-78.227219
1181.449219	207.983994
1180.360352	71.690430
1179.270508	82.340729
1178.180664	191.655502
1177.090820	43.993790
1176.000977	600.515381
1174.911133	196.020691
1173.820313	500.087280
1172.729492	283.736481
1171.638672	152.270676
1170.547852	270.583984
1169.456055	290.349670
1168.364258	344.456207
1167.272461	185.621979
1166.179688	631.135437
1165.087891	456.289490
1163.995117	654.448669
1162.902344	852.520813
1161.808594	1100.808228
1160.715820	953.441528
1159.622070	1119.300903
1158.528320	1109.108643
1157.433594	961.821289
1156.339844	634.135864
1155.245117	571.514587
1154.149414	442.693207
1153.054688	642.661804
1151.958984	187.499786
1150.863281	581.374695
1149.767578	231.358261
1148.671875	287.475464
1147.575195	-78.301727
1146.478516	422.399384
1145.381836	207.173935
1144.285156	26.216770
1143.187500	426.283051
1142.089844	329.610657
1140.992188	223.863098
1139.894531	-63.989437
1138.795898	28.401924
1137.697266	-79.523773
1136.598633	78.785645
1135.499023	4.985674
1134.400391	-171.127029
1133.300781	39.346958
1132.201172	8.752946
1131.100586	-51.392303
1130.000977	-172.870209
1128.900391	-332.935760
1127.799805	-134.101013
1126.698242	19.205376
1125.596680	20.326782
1124.495117	-194.188599
1123.393555	106.467201
1122.291992	236.818924
1121.189453	655.135132
1120.086914	515.413574
1118.984375	563.899536
1117.881836	650.873779
1116.778320	1222.719971
1115.674805	858.603760
1114.571289	913.663147
1113.466797	1124.918579
1112.363281	813.063477
1111.258789	976.660767
1110.153320	929.686340
1109.048828	532.019226
1107.943359	994.062134
1106.837891	786.459290
1105.732422	743.971802
1104.625977	425.686157
1103.520508	697.374390
1102.414063	600.604797
1101.306641	506.097290
1100.200195	325.782227
1099.092773	156.796112
1097.985352	292.605713
1096.877930	437.345032
1095.769531	184.842651
1094.661133	225.686447
1093.552734	293.537811
1092.444336	32.099113
1091.335938	151.734848
1090.226563	108.986282
1089.117188	239.726624
1088.006836	230.678696
1086.897461	505.396515
1085.787109	246.246414
1084.676758	311.365356
1083.566406	414.672546
1082.455078	126.318336
1081.343750	701.984802
1080.232422	400.102814
1079.121094	597.548584
1078.008789	596.993835
1076.896484	405.325806
1075.784180	344.036011
1074.671875	574.805298
1073.558594	432.523987
1072.445313	665.300232
1071.332031	118.805183
1070.217773	313.266907
1069.104492	220.328552
1067.990234	329.304413
1066.875977	108.414223
1065.760742	297.979614
1064.645508	77.071915
1063.530273	-2.567359
1062.415039	144.131393
1061.299805	149.538574
1060.183594	291.524475
1059.067383	101.906776
1057.951172	129.512939
1056.833984	74.203354
1055.716797	45.711891
1054.599609	3.739076
1053.482422	-279.893463
1052.364258	-192.188843
1051.247070	103.380592
1050.128906	-43.921181
1049.009766	114.983177
1047.891602	-59.210381
1046.772461	-14.456934
1045.653320	273.669373
1044.533203	186.419006
1043.414063	-88.396339
1042.293945	210.484650
1041.173828	7.046673
1040.052734	22.262693
1038.932617	173.472244
1037.811523	-59.046230
1036.689453	-427.547302
1035.568359	-24.691036
1034.446289	177.326080
1033.324219	-108.772469
1032.202148	-172.065247
1031.079102	209.994553
1029.957031	122.007294
1028.833984	-121.849037
1027.709961	-42.983227
1026.586914	-282.403839
1025.462891	65.467140
1024.338867	-62.839523
1023.214844	-389.064392
1022.089844	-223.948166
1020.964844	-18.983280
1019.839844	-305.255951
1018.714844	-104.977371
1017.588867	-75.898193
1016.462891	259.509003
1015.336914	-171.209091
1014.210938	272.652405
1013.083984	203.637573
1011.957031	94.635521
1010.830078	176.343384
1009.702148	118.219154
1008.574219	804.925659
1007.446289	1096.708862
1006.318359	1886.855957
1005.190430	2501.538574
1004.061523	2686.152344
1002.932617	2350.208008
1001.802734	1602.536133
1000.673828	802.006775
999.543945	605.865295
998.414063	325.658112
997.283203	218.008743
996.153320	21.877571
995.022461	97.677513
993.891602	389.974884
992.759766	500.830505
991.628906	381.791382
990.497070	538.814880
989.364258	823.754639
988.232422	870.046814
987.099609	995.683655
985.966797	1253.591431
984.833984	1096.506836
983.700195	1338.654663
982.566406	958.707520
981.432617	1299.828125
980.298828	1010.278503
979.164063	956.574402
978.029297	726.550842
976.894531	545.015198
975.759766	506.630157
974.624023	410.926788
973.488281	682.803040
972.352539	237.023438
971.215820	216.013321
970.080078	432.521820
968.943359	442.113892
967.805664	332.881989
966.668945	203.854950
965.531250	650.611145
964.393555	321.465302
963.254883	40.713810
962.117188	159.749283
960.978516	665.097046
959.839844	430.353485
958.700195	397.551178
957.561523	344.966064
956.421875	358.136902
955.281250	695.818665
954.141602	912.699768
953.000977	984.721191
951.860352	640.225830
950.719727	823.908386
949.578125	691.977112
948.436523	472.443207
947.294922	485.061951
946.153320	486.674652
945.010742	129.278625
943.868164	185.563019
942.725586	-25.124933
941.583008	256.351105
940.439453	332.089966
939.295898	444.913910
938.152344	336.894867
937.007813	165.498917
935.863281	53.130489
934.718750	181.029602
933.574219	-7.792252
932.428711	-100.517410
931.283203	57.770481
930.137695	226.864273
928.992188	-44.833778
927.845703	10.718609
926.699219	57.498531
925.552734	-200.982315
924.405273	94.242249
923.257813	-107.526367
922.110352	113.432602
920.962891	153.490326
919.814453	-52.564690
918.666016	89.797623
917.517578	153.729752
916.369141	180.632248
915.219727	-33.987534
914.070313	147.355637
912.920898	267.724487
911.770508	222.798340
910.621094	-61.183056
909.470703	-201.619034
908.319336	-189.915527
907.168945	-217.287872
906.017578	-51.381359
904.866211	-180.798615
903.713867	-134.338593
902.562500	98.759827
901.410156	-149.880859
900.256836	63.610947
899.104492	-22.214731
897.951172	-177.360168
896.797852	53.419586
895.644531	115.097626
894.490234	-44.216438
893.335938	-183.922256
892.181641	-74.484238
891.027344	-101.450729
889.872070	293.709961
888.716797	-68.669586
887.561523	71.106445
886.405273	156.784744
885.249023	-25.673315
884.092773	79.558914
882.936523	349.081512
881.779297	86.920685
880.622070	138.221191
879.464844	161.487396
878.307617	-65.688484
877.149414	78.649742
875.991211	-310.150360
874.833008	149.401855
873.673828	32.756901
872.514648	149.207413
871.355469	28.474487
870.196289	112.704964
869.036133	80.580093
867.875977	-278.996521
866.715820	16.655079
865.554688	-321.016022
864.394531	256.811768
863.233398	197.178894
862.071289	-204.576263
860.910156	435.531342
859.748047	524.659790
858.585938	209.477463
857.422852	341.840088
856.259766	654.857117
855.096680	284.313812
853.933594	266.493347
852.770508	326.149658
851.606445	203.314651
850.442383	160.118607
849.277344	411.195160
848.113281	87.042297
846.948242	89.349403
845.783203	171.169907
844.617188	137.251099
843.451172	-55.205502
842.285156	260.686432
841.119141	190.748749
839.952148	-56.888187
838.785156	38.525303
837.618164	-56.593407
836.451172	296.044098
835.283203	271.847778
834.115234	-58.275200
832.947266	69.859879
831.778320	71.848763
830.609375	76.129280
829.440430	433.409393
828.271484	83.012253
827.101563	367.750671
825.931641	297.778473
824.761719	277.135406
823.590820	299.372772
822.420898	257.704224
821.250000	369.921295
820.078125	384.056000
818.907227	65.453743
817.735352	344.523834
816.562500	534.032471
815.390625	425.077911
814.217773	224.655945
813.044922	233.371201
811.872070	284.864105
810.698242	244.878052
809.524414	283.882202
808.350586	-70.920723
807.176758	209.033173
806.001953	-49.489056
804.827148	-94.935165
803.651367	93.817444
802.476563	86.962646
801.300781	97.275696
800.125000	313.960266
798.948242	690.104004
797.772461	90.869965
796.595703	184.643555
795.417969	-120.785271
794.241211	468.065826
793.063477	462.354218
791.885742	257.279968
790.707031	347.397797
789.529297	443.987427
788.350586	351.902191
787.170898	431.757507
785.992188	573.197388
784.812500	445.528625
783.632813	521.475220
782.452148	491.591980
781.272461	290.298981
780.091797	383.553925
778.911133	21.738199
777.729492	100.439850
776.547852	-38.723850
775.366211	217.892487
774.184570	150.904892
773.001953	-243.690323
771.819336	61.740906
770.636719	-74.591919
769.453125	-371.348724
768.269531	-215.794388
767.085938	-216.508759
765.902344	-417.727936
764.717773	-72.016197
763.533203	-146.377335
762.348633	351.188629
761.163086	-1.542772
759.977539	-122.048393
758.791992	141.321899
757.606445	-120.268135
756.419922	81.976593
755.233398	-74.016998
754.046875	-12.913452
752.859375	-17.083731
751.672852	391.476257
750.485352	418.864838
749.296875	534.661621
748.108398	315.884705
746.919922	164.547134
745.731445	135.277084
744.542969	219.571884
743.353516	78.912071
742.164063	278.776581
740.973633	77.239655
739.783203	161.471664
738.592773	201.549988
737.402344	-73.340530
736.211914	441.133392
735.020508	-5.815235
733.829102	401.345367
732.636719	376.171997
731.444336	130.776657
730.251953	126.565147
729.059570	-74.722679
727.866211	258.411469
726.673828	50.796356
725.479492	-246.851807
724.286133	-77.431000
723.091797	96.030449
721.897461	164.680756
720.703125	-193.673050
719.507813	230.526367
718.312500	-119.466667
717.117188	-199.618103
715.921875	-62.389778
714.725586	49.598377
713.529297	-116.482307
712.332031	99.736801
711.135742	330.379120
709.938477	184.942368
708.740234	191.870132
707.542969	363.585968
706.344727	750.044922
705.146484	1444.975464
703.948242	1778.644897
702.749023	1936.894287
701.549805	1805.189575
700.350586	1504.623535
699.150391	1116.580811
697.950195	634.876770
696.750000	557.355225
695.549805	319.444427
694.348633	-10.047256
693.147461	-95.962738
691.946289	-2.977656
690.744141	181.412933
689.541992	134.785995
688.339844	113.063263
687.136719	168.200516
685.934570	131.813660
684.730469	244.988983
683.527344	254.210861
682.323242	101.402679
681.119141	197.802597
679.915039	341.889923
678.710938	301.205322
677.505859	229.427048
676.300781	29.101276
675.094727	276.855377
673.889648	329.656982
672.683594	54.987144
671.476563	163.921417
670.270508	150.670242
669.063477	-425.867767
667.856445	435.207794
666.648438	-173.942551
665.440430	82.601303
664.232422	223.351013
663.024414	31.171030
661.815430	73.077171
660.606445	135.931381
659.397461	153.590332
658.188477	-33.037121
656.978516	-76.610191
655.768555	175.681137
654.557617	-50.886925
653.346680	-134.376846
652.135742	-31.501013
650.924805	94.592369
649.712891	-73.847260
648.501953	76.140373
647.289063	70.004257
646.077148	-238.510056
644.864258	-234.791748
643.651367	-193.136780
642.438477	-10.488816
641.224609	-94.783463
640.010742	285.373260
638.796875	297.839020
637.582031	377.312531
636.367188	-231.520660
635.152344	-28.108324
633.937500	435.733063
632.721680	438.026733
631.505859	779.001404
630.289063	679.420593
629.073242	764.415527
627.856445	1038.076660
626.639648	960.096008
625.421875	791.648865
624.204102	879.866028
622.986328	627.319763
621.768555	333.977875
620.549805	133.361115
619.331055	37.788631
618.111328	73.987289
616.892578	100.444580
