1721.000977	131.626923
1720.027344	-111.943573
1719.052734	34.680771
1718.078125	-33.368649
1717.104492	2.199450
1716.128906	38.804478
1715.154297	168.814194
1714.178711	281.994049
1713.204102	81.094467
1712.228516	189.076828
1711.251953	6.279317
1710.276367	247.614944
1709.299805	47.241661
1708.324219	-212.986938
1707.347656	-18.453762
1706.370117	282.523468
1705.393555	185.851440
1704.416016	26.942610
1703.438477	399.302063
1702.460938	118.621750
1701.483398	-272.617798
1700.505859	202.164154
1699.527344	308.058044
1698.548828	239.537750
1697.570313	316.073578
1696.591797	241.337723
1695.612305	171.205429
1694.632813	-34.688931
1693.653320	-115.878883
1692.673828	9.253209
1691.694336	-88.031624
1690.713867	-58.116833
1689.734375	185.702026
1688.753906	112.906494
1687.772461	118.864853
1686.791992	25.178762
1685.810547	-84.016617
1684.830078	33.385262
1683.848633	114.862511
1682.866211	206.296631
1681.884766	32.763325
1680.902344	-13.575351
1679.919922	31.609989
1678.937500	69.043739
1677.955078	91.115517
1676.971680	148.695389
1675.989258	262.167969
1675.005859	118.746346
1674.022461	94.830154
1673.038086	25.144003
1672.054688	44.441032
1671.070313	190.734329
1670.085938	-33.817295
1669.101563	56.624760
1668.117188	-0.171833
1667.131836	115.682083
1666.146484	43.764763
1665.161133	88.654755
1664.175781	217.310928
1663.189453	-47.113682
1662.204102	-78.042587
1661.217773	-162.119186
1660.231445	-28.088980
1659.245117	-187.944656
1658.257813	39.972946
1657.270508	-205.735641
1656.284180	-48.548870
1655.295898	85.869568
1654.308594	-116.280235
1653.321289	127.208038
1652.333008	36.714775
1651.344727	-38.422215
1650.356445	-103.269257
1649.367188	-117.393753
1648.378906	293.385132
1647.389648	150.567139
1646.400391	5.427389
1645.411133	-73.810883
1644.420898	-208.461746
1643.431641	-6.991763
1642.441406	88.472206
1641.451172	50.248177
1640.459961	37.408516
1639.469727	115.584167
1638.478516	168.627213
1637.487305	45.227303
1636.496094	65.767929
1635.504883	293.191010
1634.512695	89.588295
1633.520508	125.636467
1632.528320	-110.324547
1631.536133	248.484482
1630.543945	171.543839
1629.550781	328.941406
1628.557617	496.471710
1627.564453	452.624451
1626.571289	461.768188
1625.578125	554.060364
1624.583984	1018.716125
1623.589844	771.548279
1622.595703	914.344971
1621.601563	1104.956909
1620.606445	1265.421387
1619.611328	1297.767578
1618.616211	1521.142578
1617.621094	1008.549255
1616.625977	1400.349609
1615.629883	1169.380371
1614.633789	1003.869019
1613.637695	1051.841431
1612.641602	1039.657715
1611.645508	1373.761841
1610.648438	1128.397217
1609.651367	1081.313965
1608.654297	1066.917114
1607.657227	1102.724854
1606.659180	1441.805054
1605.662109	1530.264160
1604.664063	1588.668945
1603.666016	1521.878784
1602.666992	1500.225220
1601.668945	1330.939697
1600.669922	1477.126465
1599.670898	1520.697388
1598.671875	1274.069336
1597.671875	1315.222778
1596.672852	1363.912109
1595.672852	1155.062500
1594.672852	843.835999
1593.671875	742.689880
1592.671875	881.503357
1591.670898	705.485352
1590.669922	706.895447
1589.668945	580.963257
1588.667969	739.713501
1587.666016	521.475159
1586.664063	253.419891
1585.662109	574.326538
1584.660156	595.747253
1583.658203	130.818390
1582.655273	289.449249
1581.652344	388.177063
1580.649414	260.036743
1579.646484	121.973404
1578.642578	138.410278
1577.638672	67.644630
1576.634766	36.736984
1575.630859	112.888573
1574.626953	188.990158
1573.622070	-1.282805
1572.618164	166.830719
1571.613281	-83.113350
1570.607422	368.416565
1569.602539	-18.292768
1568.596680	-66.757645
1567.590820	138.310211
1566.584961	-166.203781
1565.579102	66.064400
1564.572266	-59.533615
1563.566406	-135.425262
1562.559570	-27.589558
1561.551758	-31.566633
1560.544922	91.019188
1559.537109	-131.436127
1558.530273	28.253922
1557.521484	344.076172
1556.513672	-178.492737
1555.505859	-145.487442
1554.497070	46.098324
1553.488281	-69.764229
1552.479492	-36.948536
1551.470703	23.058769
1550.460938	107.752342
1549.451172	-57.745831
1548.441406	34.263336
1547.431641	-22.327665
1546.421875	101.719421
1545.411133	-182.600616
1544.400391	-24.046206
1543.389648	109.664070
1542.378906	-36.143417
1541.367188	-11.368361
1540.355469	3.465584
1539.343750	124.507210
1538.332031	13.215912
1537.320313	163.758163
1536.307617	-41.439484
1535.294922	-100.919777
1534.282227	212.331558
1533.269531	76.231163
1532.256836	144.949661
1531.243164	-62.717167
1530.229492	148.961731
1529.215820	0.485226
1528.202148	46.801434
1527.187500	14.169072
1526.172852	-33.270363
1525.158203	234.648163
1524.143555	-34.588013
1523.127930	75.516197
1522.113281	-75.448135
1521.097656	-54.069950
1520.082031	-30.269888
1519.065430	-26.209068
1518.049805	263.225372
1517.033203	72.850662
1516.016602	290.758118
1515.000000	112.702888
1513.982422	55.135254
1512.965820	179.451553
1511.948242	-62.433319
1510.930664	314.831879
1509.913086	102.459427
1508.894531	74.311798
1507.875977	26.523499
1506.857422	45.011978
1505.838867	73.300171
1504.820313	54.948147
1503.800781	-10.027309
1502.781250	-77.432991
1501.761719	2.299011
1500.742188	10.902626
1499.721680	142.029480
1498.702148	23.177761
1497.681641	51.352352
1496.661133	94.211327
1495.639648	208.058716
1494.618164	155.376785
1493.597656	327.936859
1492.576172	-30.642784
1491.553711	141.869919
1490.532227	86.836266
1489.509766	215.253555
1488.487305	172.465332
1487.464844	181.051239
1486.442383	74.774529
1485.418945	44.298801
1484.395508	199.535828
1483.372070	-192.419113
1482.348633	97.165947
1481.324219	249.907822
1480.300781	97.491447
1479.276367	-1.153746
1478.251953	-111.926773
1477.226563	62.787319
1476.202148	-6.426447
1475.176758	-41.452881
1474.151367	116.172104
1473.125000	-121.118073
1472.099609	-39.012226
1471.073242	13.845364
1470.046875	0.951736
1469.020508	153.714462
1467.994141	24.009874
1466.966797	50.189526
1465.939453	351.429901
1464.912109	302.191223
1463.884766	216.529419
1462.856445	87.159470
1461.829102	57.614017
1460.800781	370.927338
1459.772461	287.949280
1458.743164	217.197693
1457.714844	520.724182
1456.685547	484.075165
1455.656250	748.658691
1454.625977	724.223328
1453.596680	481.384399
1452.566406	515.388000
1451.536133	204.862595
1450.505859	214.775818
1449.474609	612.831482
1448.444336	550.032898
1447.413086	513.983948
1446.381836	434.383087
1445.350586	427.592255
1444.318359	520.200256
1443.286133	411.774200
1442.253906	388.230804
1441.221680	386.564850
1440.189453	249.396072
1439.156250	-66.768578
1438.123047	14.143373
1437.089844	0.737915
1436.056641	120.449135
1435.022461	124.090797
1433.988281	-55.952541
1432.954102	51.821465
1431.919922	-164.229401
1430.885742	127.313187
1429.850586	12.940958
1428.815430	99.164871
1427.780273	-213.008972
1426.744141	-27.647272
1425.708984	-156.059296
1424.672852	-16.484100
1423.636719	200.317215
1422.600586	-41.211884
1421.563477	-67.932777
1420.527344	-75.261169
1419.490234	4.263765
1418.452148	-7.764019
1417.415039	-94.393600
1416.376953	-58.054405
1415.338867	-67.414658
1414.300781	-2.040909
1413.262695	-119.593498
1412.224609	-17.974972
1411.185547	-77.569633
1410.146484	103.539680
1409.107422	-244.561386
1408.067383	119.432480
1407.027344	7.260379
1405.987305	53.875057
1404.947266	9.213612
1403.907227	101.617409
1402.866211	237.290451
1401.826172	-95.381645
1400.785156	-50.826359
1399.743164	-35.038128
1398.702148	93.647423
1397.660156	183.941879
1396.618164	444.624329
1395.576172	453.391418
1394.533203	471.808838
1393.491211	766.047913
1392.448242	741.381470
1391.405273	994.822388
1390.361328	764.169067
1389.318359	1324.289429
1388.274414	1414.761475
1387.230469	1617.814331
1386.186523	1753.808838
1385.141602	1700.699585
1384.097656	1898.971069
1383.052734	1908.192017
1382.007813	1874.411499
1380.961914	2254.451904
1379.916992	1850.113403
1378.871094	1967.150757
1377.825195	2055.517090
1376.778320	1591.901855
1375.732422	1431.964233
1374.685547	1465.615601
1373.638672	1291.549072
1372.591797	1148.648438
1371.543945	838.763611
1370.497070	927.621277
1369.449219	913.883362
1368.400391	819.089966
1367.352539	750.627502
1366.303711	791.921875
1365.255859	556.714783
1364.206055	1141.539551
1363.157227	706.278564
1362.108398	890.672668
1361.058594	620.081970
1360.008789	806.872559
1358.958984	1012.672302
1357.908203	1035.126465
1356.857422	1050.472290
1355.806641	918.329712
1354.755859	772.007935
1353.705078	825.560547
1352.653320	800.648804
1351.601563	828.081726
1350.549805	501.397308
1349.498047	533.695862
1348.445313	492.355530
1347.393555	567.454468
1346.340820	725.656250
1345.287109	582.284119
1344.234375	510.216736
1343.180664	537.869934
1342.126953	162.181534
1341.073242	384.456970
1340.019531	314.945099
1338.964844	141.147263
1337.910156	446.303955
1336.855469	315.246033
1335.799805	409.365601
1334.745117	249.974640
1333.689453	377.255005
1332.633789	419.241974
1331.578125	125.030190
1330.521484	176.535248
1329.464844	166.497513
1328.408203	390.706909
1327.351563	-26.222397
1326.294922	84.423332
1325.237305	-48.522171
1324.179688	76.265419
1323.122070	118.281166
1322.064453	252.434189
1321.005859	36.884445
1319.947266	74.151604
1318.888672	172.795227
1317.830078	162.794800
1316.770508	230.679489
1315.710938	286.730713
1314.651367	189.396759
1313.591797	42.561497
1312.531250	56.140839
1311.471680	-52.893127
1310.411133	-114.748611
1309.349609	-51.686253
1308.289063	60.828609
1307.227539	27.216686
1306.166016	120.790825
1305.104492	-96.512253
1304.042969	77.064499
1302.980469	339.985962
1301.917969	-107.890038
1300.855469	-235.622757
1299.792969	-10.486329
1298.729492	-20.642807
1297.666016	63.234543
1296.602539	109.447830
1295.539063	139.168320
1294.474609	225.239868
1293.411133	1.178107
1292.346680	7.347131
1291.281250	-103.917694
1290.216797	376.438507
1289.151367	420.002411
1288.085938	191.323761
1287.020508	286.474365
1285.955078	74.293648
1284.888672	396.840363
1283.822266	269.074493
1282.755859	204.626587
1281.689453	287.820526
1280.622070	333.459198
1279.554688	360.309418
1278.487305	73.300636
1277.419922	331.948242
1276.351563	489.787537
1275.283203	394.763245
1274.214844	362.931854
1273.146484	218.795181
1272.077148	177.597549
1271.008789	295.408539
1269.939453	501.970886
1268.869141	194.186783
1267.799805	503.448334
1266.729492	83.597725
1265.659180	399.691437
1264.588867	458.731445
1263.517578	494.364441
1262.447266	340.881226
1261.375977	217.770432
1260.304688	78.350433
1259.232422	547.810913
1258.161133	289.380371
1257.088867	490.383331
1256.016602	406.859070
1254.943359	547.087036
1253.871094	354.014862
1252.797852	678.185608
1251.724609	482.779419
1250.650391	783.433167
1249.577148	522.848511
1248.502930	769.775696
1247.428711	593.027588
1246.354492	583.852722
1245.279297	544.407532
1244.204102	530.538330
1243.128906	663.136169
1242.053711	621.305115
1240.977539	612.002380
1239.902344	549.244568
1238.826172	563.148926
1237.750000	516.638123
1236.672852	228.626404
1235.595703	453.782654
1234.518555	488.496124
1233.441406	356.099457
1232.364258	230.700684
1231.286133	112.292282
1230.208008	483.226776
1229.129883	295.227539
1228.051758	246.373306
1226.972656	160.437851
1225.893555	403.535522
1224.814453	-36.838814
1223.734375	148.262405
1222.655273	428.211853
1221.575195	41.321922
1220.495117	8.697309
1219.415039	-148.874115
1218.333984	-31.099018
1217.252930	183.758163
1216.171875	176.524414
1215.090820	-17.971357
1214.008789	-34.422123
1212.926758	-73.978981
1211.844727	57.440926
1210.762695	204.971222
1209.679688	-5.520472
1208.597656	-132.792267
1207.513672	-135.379684
1206.430664	-45.643963
1205.347656	60.202469
1204.263672	-60.066498
1203.179688	57.265236
1202.095703	-215.121796
1201.010742	287.165497
1199.925781	309.854889
1198.840820	231.154282
1197.755859	111.029373
1196.670898	96.912651
1195.584961	458.140594
1194.499023	-18.773886
1193.413086	70.742310
1192.326172	-79.097336
1191.239258	323.298126
1190.152344	249.398315
1189.065430	65.163010
1187.978516	104.040314
1186.890625	-8.801161
1185.802734	138.110306
1184.714844	397.554810
1183.625977	75.732239
1182.538086	342.002991
1181.449219	130.584473
1180.360352	327.891602
1179.270508	235.946594
1178.180664	332.217072
1177.090820	391.764282
1176.000977	325.163177
1174.911133	322.820709
1173.820313	361.761169
1172.729492	439.674561
1171.638672	77.614311
1170.547852	290.776398
1169.456055	183.198776
1168.364258	235.995193
1167.272461	414.717010
1166.179688	563.624939
1165.087891	396.699341
1163.995117	637.123169
1162.902344	902.632874
1161.808594	868.461853
1160.715820	1010.400818
1159.622070	903.138611
1158.528320	1070.204590
1157.433594	1093.275513
1156.339844	648.080994
1155.245117	559.394348
1154.149414	587.225769
1153.054688	384.521393
1151.958984	154.546707
1150.863281	333.158722
1149.767578	338.346008
1148.671875	432.520874
1147.575195	403.545868
1146.478516	180.840225
1145.381836	325.236145
1144.285156	161.968124
1143.187500	158.285461
1142.089844	202.474319
1140.992188	53.112892
1139.894531	-23.285109
1138.795898	-4.017246
1137.697266	-125.813232
1136.598633	7.305400
1135.499023	-37.029190
1134.400391	-313.269043
1133.300781	26.818987
1132.201172	9.899356
1131.100586	74.838638
1130.000977	-189.674988
1128.900391	-151.908234
1127.799805	44.861706
1126.698242	16.778784
1125.596680	-29.416769
1124.495117	67.432877
1123.393555	-49.024250
1122.291992	308.748535
1121.189453	412.360016
1120.086914	733.649719
1118.984375	998.152283
1117.881836	999.646423
1116.778320	1105.405029
1115.674805	903.030945
1114.571289	1115.285278
1113.466797	888.146118
1112.363281	939.624084
1111.258789	920.931580
1110.153320	879.640259
1109.048828	987.727356
1107.943359	641.120300
1106.837891	1124.671387
1105.732422	579.274353
1104.625977	271.492950
1103.520508	711.932983
1102.414063	424.641113
1101.306641	277.549896
1100.200195	428.669159
1099.092773	629.408875
1097.985352	238.624847
1096.877930	238.483917
1095.769531	195.481506
1094.661133	238.238953
1093.552734	292.266724
1092.444336	316.969788
1091.335938	-138.516464
1090.226563	95.899063
1089.117188	86.851120
1088.006836	375.190491
1086.897461	282.758301
1085.787109	284.944946
1084.676758	318.652649
1083.566406	440.129883
1082.455078	417.524231
1081.343750	709.903809
1080.232422	498.298218
1079.121094	626.354370
1078.008789	565.481445
1076.896484	576.559875
1075.784180	675.265808
1074.671875	562.716614
1073.558594	645.626099
1072.445313	427.548462
1071.332031	368.966370
1070.217773	402.421570
1069.104492	487.465790
1067.990234	460.254578
1066.875977	253.570694
1065.760742	327.291687
1064.645508	210.362411
1063.530273	313.144257
1062.415039	111.039597
1061.299805	130.825821
1060.183594	181.923279
1059.067383	226.241684
1057.951172	286.173584
1056.833984	350.508362
1055.716797	92.472176
1054.599609	337.982941
1053.482422	135.899994
1052.364258	3.190253
1051.247070	111.999771
1050.128906	164.809235
1049.009766	201.886017
1047.891602	127.159622
1046.772461	179.749130
1045.653320	553.894653
1044.533203	25.615494
1043.414063	301.259491
1042.293945	3.050786
1041.173828	-136.649216
1040.052734	11.446137
1038.932617	-48.039459
1037.811523	-38.448730
1036.689453	20.102837
1035.568359	192.235443
1034.446289	103.457542
1033.324219	70.336098
1032.202148	273.261688
1031.079102	248.842773
1029.957031	197.627975
1028.833984	266.545044
1027.709961	-134.261673
1026.586914	179.258942
1025.462891	-114.764656
1024.338867	151.694183
1023.214844	435.717590
1022.089844	3.692763
1020.964844	76.261848
1019.839844	-24.625767
1018.714844	-30.053892
1017.588867	226.473755
1016.462891	331.777557
1015.336914	110.582359
1014.210938	240.044693
1013.083984	466.953552
1011.957031	338.684479
1010.830078	480.939026
1009.702148	370.207123
1008.574219	851.321716
1007.446289	1143.689575
1006.318359	2027.447998
1005.190430	2977.134521
1004.061523	2894.094238
1002.932617	2263.998779
1001.802734	1534.419434
1000.673828	610.268250
999.543945	531.712708
998.414063	441.993347
997.283203	234.935318
996.153320	399.347900
995.022461	517.106995
993.891602	588.248779
992.759766	734.336304
991.628906	749.871460
990.497070	846.967712
989.364258	1144.821167
988.232422	1532.920898
987.099609	1262.895508
985.966797	1513.657227
984.833984	1344.949707
983.700195	1487.177368
982.566406	1245.462158
981.432617	1524.041870
980.298828	1260.080322
979.164063	1432.427124
978.029297	1183.710571
976.894531	943.766541
975.759766	672.946716
974.624023	1042.803345
973.488281	776.164978
972.352539	505.094238
971.215820	592.625732
970.080078	569.987915
968.943359	514.204834
967.805664	636.380127
966.668945	769.352539
965.531250	605.401428
964.393555	533.659607
963.254883	604.573425
962.117188	589.664612
960.978516	510.922791
959.839844	605.493225
958.700195	673.521362
957.561523	800.629822
956.421875	844.159119
955.281250	948.918823
954.141602	669.780579
953.000977	883.857849
951.860352	985.922424
950.719727	1081.225830
949.578125	806.108704
948.436523	662.394043
947.294922	750.718445
946.153320	339.738342
945.010742	526.311646
943.868164	408.514099
942.725586	323.461273
941.583008	227.389877
940.439453	343.331665
939.295898	183.646347
938.152344	371.438049
937.007813	165.685822
935.863281	281.062378
934.718750	263.045166
933.574219	402.150818
932.428711	41.139580
931.283203	-153.924500
930.137695	392.926575
928.992188	145.323074
927.845703	-43.380989
926.699219	-57.636539
925.552734	-50.166641
924.405273	534.800842
923.257813	239.063354
922.110352	28.357141
920.962891	-8.071805
919.814453	491.122955
918.666016	339.075439
917.517578	28.150993
916.369141	239.578384
915.219727	13.551861
914.070313	396.608246
912.920898	13.995998
911.770508	105.456436
910.621094	-0.932864
909.470703	-139.912354
908.319336	-24.676664
907.168945	-11.581528
906.017578	53.595642
904.866211	123.077896
903.713867	-182.996552
902.562500	227.206238
901.410156	10.209950
900.256836	201.091934
899.104492	205.424484
897.951172	-72.084846
896.797852	-13.470509
895.644531	88.493454
894.490234	-136.716202
893.335938	-82.358475
892.181641	86.794670
891.027344	69.734993
889.872070	106.838081
888.716797	22.805824
887.561523	200.669144
886.405273	8.634027
885.249023	22.212820
884.092773	74.788086
882.936523	-8.741960
881.779297	-20.834944
880.622070	3.911864
879.464844	7.158448
878.307617	-138.484024
877.149414	57.169865
875.991211	134.145554
874.833008	58.001472
873.673828	14.382439
872.514648	57.208046
871.355469	54.882435
870.196289	-80.957848
869.036133	-123.897942
867.875977	-95.532501
866.715820	4.091376
865.554688	19.832333
864.394531	-35.299026
863.233398	-40.706150
862.071289	220.982224
860.910156	370.863464
859.748047	342.298737
858.585938	292.451569
857.422852	365.414063
856.259766	124.673470
855.096680	226.043625
853.933594	43.939819
852.770508	197.324188
851.606445	179.035599
850.442383	-146.080627
849.277344	-138.017334
848.113281	239.509109
846.948242	129.982788
845.783203	130.198990
844.617188	32.013084
843.451172	-14.376004
842.285156	-17.577274
841.119141	-26.916624
839.952148	-203.116226
838.785156	-38.281326
837.618164	-121.687401
836.451172	262.091095
835.283203	-28.407650
834.115234	-46.616646
832.947266	74.600204
831.778320	196.074417
830.609375	56.865921
829.440430	159.696289
828.271484	292.742004
827.101563	317.044067
825.931641	119.428207
824.761719	5.568475
823.590820	-39.552391
822.420898	92.940140
821.250000	127.505600
820.078125	183.742004
818.907227	515.587952
817.735352	489.201385
816.562500	650.878967
815.390625	247.734650
814.217773	19.950983
813.044922	3.643257
811.872070	324.387604
810.698242	261.853302
809.524414	25.044712
808.350586	-66.495949
807.176758	238.347534
806.001953	64.496658
804.827148	48.547344
803.651367	166.983704
802.476563	253.810928
801.300781	7.088550
800.125000	113.734528
798.948242	161.162750
797.772461	34.658268
796.595703	237.844360
795.417969	124.796410
794.241211	455.935638
793.063477	235.274841
791.885742	433.165527
790.707031	247.205215
789.529297	668.386047
788.350586	521.254944
787.170898	402.066956
785.992188	378.626251
784.812500	387.285126
783.632813	701.356079
782.452148	475.350403
781.272461	306.903137
780.091797	587.710999
778.911133	409.258240
777.729492	440.674896
776.547852	70.280075
775.366211	633.227417
774.184570	242.271729
773.001953	507.214539
771.819336	349.439362
770.636719	194.049835
769.453125	294.598938
768.269531	95.304749
767.085938	-209.329575
765.902344	28.993736
764.717773	-171.735458
763.533203	455.089874
762.348633	317.913147
761.163086	465.704163
759.977539	-164.704636
758.791992	320.680145
757.606445	213.554794
756.419922	7.493805
755.233398	260.910309
754.046875	309.908081
752.859375	278.881287
751.672852	285.768036
750.485352	309.492859
749.296875	853.016113
748.108398	817.630310
746.919922	914.736755
745.731445	509.099945
744.542969	866.802551
743.353516	480.117706
742.164063	713.468262
740.973633	927.677612
739.783203	591.291626
738.592773	168.804337
737.402344	865.418762
736.211914	553.953247
735.020508	687.337341
733.829102	719.726624
732.636719	823.187073
731.444336	691.468079
730.251953	750.333130
729.059570	936.744873
727.866211	663.833008
726.673828	470.341522
725.479492	649.457825
724.286133	677.358032
723.091797	514.363098
721.897461	644.102112
720.703125	549.472229
719.507813	787.127441
718.312500	373.741394
717.117188	466.169037
715.921875	760.892700
714.725586	810.458557
713.529297	602.490295
712.332031	534.098633
711.135742	684.541626
709.938477	646.456238
708.740234	624.558472
707.542969	994.516846
706.344727	1376.265991
705.146484	2005.526123
703.948242	2479.571533
702.749023	2723.434082
701.549805	2389.125977
700.350586	2079.386963
699.150391	1658.751709
697.950195	1446.027710
696.750000	1159.896729
695.549805	827.477173
694.348633	1008.780090
693.147461	444.289124
691.946289	940.631714
690.744141	762.108215
689.541992	828.465149
688.339844	630.109253
687.136719	971.714478
685.934570	1192.025757
684.730469	850.615234
683.527344	720.679932
682.323242	812.442871
681.119141	729.194092
679.915039	979.648499
678.710938	691.950684
677.505859	661.149902
676.300781	731.520447
675.094727	614.736206
673.889648	576.374023
672.683594	425.672302
671.476563	496.393188
670.270508	616.474243
669.063477	493.821655
667.856445	304.687866
666.648438	63.639362
665.440430	238.567566
664.232422	51.124939
663.024414	318.843994
661.815430	5.154512
660.606445	545.691467
659.397461	314.893768
658.188477	-0.394049
656.978516	323.196014
655.768555	177.940063
654.557617	218.987732
653.346680	8.523105
652.135742	320.992340
650.924805	268.591858
649.712891	-119.447418
648.501953	93.838539
647.289063	-61.294617
646.077148	211.500076
644.864258	140.990906
643.651367	201.593948
642.438477	-80.591469
641.224609	-0.660177
640.010742	68.489227
638.796875	369.976776
637.582031	259.438324
636.367188	303.303802
635.152344	230.014282
633.937500	350.440979
632.721680	195.715652
631.505859	372.764221
630.289063	581.424561
629.073242	655.379578
627.856445	847.670654
626.639648	745.525391
625.421875	829.947815
624.204102	686.271912
622.986328	399.053009
621.768555	368.811646
620.549805	244.808243
619.331055	129.902267
618.111328	57.206860
616.892578	-169.934479
