1721.000977	5.339314
1720.027344	-85.635521
1719.052734	-45.287582
1718.078125	115.165474
1717.104492	139.150238
1716.128906	-68.139633
1715.154297	3.752791
1714.178711	277.750061
1713.204102	-53.627075
1712.228516	-34.147808
1711.251953	92.589218
1710.276367	70.397041
1709.299805	27.419312
1708.324219	-5.573344
1707.347656	40.530685
1706.370117	-33.937653
1705.393555	96.106247
1704.416016	-60.670437
1703.438477	104.692017
1702.460938	-42.198353
1701.483398	-84.385345
1700.505859	31.759144
1699.527344	-72.103027
1698.548828	-30.427515
1697.570313	-1.679318
1696.591797	60.132183
1695.612305	249.468430
1694.632813	40.347809
1693.653320	-10.529804
1692.673828	22.739195
1691.694336	-84.413643
1690.713867	-35.999863
1689.734375	81.200089
1688.753906	24.896236
1687.772461	-28.896439
1686.791992	60.034103
1685.810547	59.692551
1684.830078	112.835365
1683.848633	-48.042282
1682.866211	142.556549
1681.884766	-104.857536
1680.902344	-39.078388
1679.919922	-1.324084
1678.937500	33.872963
1677.955078	-17.433985
1676.971680	-5.131917
1675.989258	-69.095650
1675.005859	-56.753197
1674.022461	-77.437439
1673.038086	135.707016
1672.054688	-6.913529
1671.070313	-42.759937
1670.085938	12.874022
1669.101563	86.297455
1668.117188	70.874954
1667.131836	73.256859
1666.146484	-2.986258
1665.161133	4.573152
1664.175781	-71.530113
1663.189453	37.568676
1662.204102	-81.516869
1661.217773	9.895154
1660.231445	-30.473581
1659.245117	-53.033344
1658.257813	-85.674706
1657.270508	15.996308
1656.284180	-105.158913
1655.295898	59.870033
1654.308594	62.892696
1653.321289	93.807091
1652.333008	-9.348976
1651.344727	-46.632744
1650.356445	67.907776
1649.367188	-78.008080
1648.378906	-77.164490
1647.389648	80.435959
1646.400391	225.390564
1645.411133	-61.705570
1644.420898	22.691025
1643.431641	56.603794
1642.441406	70.344810
1641.451172	303.760742
1640.459961	-28.242704
1639.469727	-84.997253
1638.478516	-43.295116
1637.487305	66.540009
1636.496094	2.369320
1635.504883	92.070564
1634.512695	80.937180
1633.520508	142.940002
1632.528320	-64.653671
1631.536133	-12.641051
1630.543945	235.846664
1629.550781	154.380280
1628.557617	211.453735
1627.564453	87.307770
1626.571289	164.572815
1625.578125	277.063843
1624.583984	236.081223
1623.589844	320.896912
1622.595703	405.703735
1621.601563	500.558807
1620.606445	542.607300
1619.611328	652.510681
1618.616211	681.993958
1617.621094	930.017456
1616.625977	776.142273
1615.629883	898.530273
1614.633789	925.491089
1613.637695	967.514465
1612.641602	1162.596924
1611.645508	1056.563232
1610.648438	1168.787109
1609.651367	1030.207275
1608.654297	961.891541
1607.657227	983.848083
1606.659180	1173.700073
1605.662109	1092.881592
1604.664063	1157.382446
1603.666016	1299.496582
1602.666992	1161.093262
1601.668945	1225.534424
1600.669922	1189.817505
1599.670898	1356.807129
1598.671875	1230.996948
1597.671875	1360.363647
1596.672852	1239.588745
1595.672852	1253.863281
1594.672852	1128.130737
1593.671875	1212.367920
1592.671875	1024.199707
1591.670898	933.516479
1590.669922	840.356628
1589.668945	769.692688
1588.667969	659.092957
1587.666016	673.317322
1586.664063	480.378174
1585.662109	434.708008
1584.660156	309.207245
1583.658203	557.843628
1582.655273	247.790390
1581.652344	506.247437
1580.649414	557.692444
1579.646484	158.041504
1578.642578	187.049881
1577.638672	402.835693
1576.634766	279.805420
1575.630859	221.532516
1574.626953	282.741882
1573.622070	187.088165
1572.618164	101.401672
1571.613281	194.831238
1570.607422	233.457230
1569.602539	202.412994
1568.596680	191.226151
1567.590820	172.550568
1566.584961	238.342804
1565.579102	361.217651
1564.572266	223.159790
1563.566406	221.728897
1562.559570	294.745361
1561.551758	166.593506
1560.544922	450.488556
1559.537109	247.832840
1558.530273	194.093674
1557.521484	130.396469
1556.513672	123.734558
1555.505859	69.925697
1554.497070	192.094162
1553.488281	-22.894423
1552.479492	91.727455
1551.470703	-88.548088
1550.460938	-31.019665
1549.451172	11.585839
1548.441406	-178.594849
1547.431641	168.403168
1546.421875	-24.287260
1545.411133	-4.160089
1544.400391	109.918427
1543.389648	-45.671700
1542.378906	-65.237923
1541.367188	-183.734238
1540.355469	-104.487595
1539.343750	36.463165
1538.332031	-69.746956
1537.320313	-47.506363
1536.307617	-30.263256
1535.294922	-89.607979
1534.282227	63.327938
1533.269531	82.887619
1532.256836	6.169075
1531.243164	-43.429276
1530.229492	-93.043427
1529.215820	269.138550
1528.202148	44.360237
1527.187500	51.331535
1526.172852	68.120735
1525.158203	-16.150593
1524.143555	91.719200
1523.127930	2.473162
1522.113281	46.205799
1521.097656	144.034531
1520.082031	-112.633232
1519.065430	71.239441
1518.049805	13.909440
1517.033203	67.248901
1516.016602	81.187851
1515.000000	-52.429359
1513.982422	35.202690
1512.965820	-189.339478
1511.948242	30.911776
1510.930664	145.409119
1509.913086	97.729370
1508.894531	-6.446138
1507.875977	122.626358
1506.857422	-42.925526
1505.838867	98.320770
1504.820313	-62.297173
1503.800781	22.416578
1502.781250	35.950054
1501.761719	47.005119
1500.742188	-150.338425
1499.721680	108.239334
1498.702148	178.019623
1497.681641	105.646416
1496.661133	-20.600130
1495.639648	-53.765388
1494.618164	-25.726406
1493.597656	146.714996
1492.576172	40.066967
1491.553711	-254.962784
1490.532227	110.616165
1489.509766	74.915398
1488.487305	31.881187
1487.464844	152.649002
1486.442383	-0.394682
1485.418945	2.998625
1484.395508	62.573055
1483.372070	131.884018
1482.348633	176.734940
1481.324219	79.935844
1480.300781	-58.316723
1479.276367	106.101425
1478.251953	70.360191
1477.226563	288.329163
1476.202148	184.262451
1475.176758	207.027435
1474.151367	56.682659
1473.125000	11.199241
1472.099609	136.330338
1471.073242	95.718643
1470.046875	40.508659
1469.020508	68.125824
1467.994141	322.176239
1466.966797	179.307816
1465.939453	153.327026
1464.912109	149.258957
1463.884766	259.538757
1462.856445	180.045776
1461.829102	319.462616
1460.800781	208.393997
1459.772461	245.654175
1458.743164	-13.595317
1457.714844	237.524353
1456.685547	340.352295
1455.656250	192.989807
1454.625977	225.372864
1453.596680	141.234634
1452.566406	178.487549
1451.536133	310.372467
1450.505859	148.653519
1449.474609	185.902481
1448.444336	201.331818
1447.413086	270.096252
1446.381836	290.363251
1445.350586	157.952591
1444.318359	-10.744594
1443.286133	210.665634
1442.253906	12.994252
1441.221680	59.988716
1440.189453	-9.226554
1439.156250	76.500343
1438.123047	9.751697
1437.089844	34.984886
1436.056641	217.451233
1435.022461	-23.368210
1433.988281	221.921204
1432.954102	-21.179232
1431.919922	103.199921
1430.885742	113.977890
1429.850586	30.543011
1428.815430	-110.803986
1427.780273	-119.260109
1426.744141	-142.187973
1425.708984	13.539762
1424.672852	-76.938126
1423.636719	-177.007599
1422.600586	-62.329578
1421.563477	76.427711
1420.527344	-95.884094
1419.490234	-157.222687
1418.452148	-52.223579
1417.415039	-214.706223
1416.376953	109.531952
1415.338867	-69.743935
1414.300781	64.129318
1413.262695	-117.423393
1412.224609	40.516949
1411.185547	-51.877876
1410.146484	-16.691563
1409.107422	-5.553945
1408.067383	-117.063713
1407.027344	31.180677
1405.987305	-27.356884
1404.947266	-66.619751
1403.907227	62.361805
1402.866211	-68.160248
1401.826172	-90.509201
1400.785156	-108.032669
1399.743164	20.916861
1398.702148	29.825462
1397.660156	132.336884
1396.618164	225.229248
1395.576172	42.238815
1394.533203	168.722183
1393.491211	72.186607
1392.448242	189.063156
1391.405273	298.721588
1390.361328	329.268555
1389.318359	134.633957
1388.274414	258.659149
1387.230469	313.206940
1386.186523	295.925629
1385.141602	316.962952
1384.097656	204.003372
1383.052734	361.473480
1382.007813	447.133331
1380.961914	504.067261
1379.916992	271.681244
1378.871094	285.637360
1377.825195	433.453308
1376.778320	69.845428
1375.732422	212.904938
1374.685547	339.192505
1373.638672	47.538322
1372.591797	54.468475
1371.543945	252.366302
1370.497070	292.697845
1369.449219	82.491676
1368.400391	65.608963
1367.352539	263.405212
1366.303711	55.769547
1365.255859	158.160873
1364.206055	231.904831
1363.157227	157.902756
1362.108398	193.539047
1361.058594	364.933502
1360.008789	240.980423
1358.958984	112.334778
1357.908203	59.921101
1356.857422	126.535957
1355.806641	164.585297
1354.755859	45.631287
1353.705078	33.765427
1352.653320	12.398663
1351.601563	235.912415
1350.549805	345.259491
1349.498047	57.738384
1348.445313	-46.723274
1347.393555	93.528091
1346.340820	53.243561
1345.287109	-91.484375
1344.234375	-58.104771
1343.180664	124.773193
1342.126953	105.906746
1341.073242	53.847332
1340.019531	30.281143
1338.964844	213.012878
1337.910156	125.425682
1336.855469	37.884480
1335.799805	-54.356781
1334.745117	-16.243477
1333.689453	-91.837685
1332.633789	-120.030716
1331.578125	105.122437
1330.521484	34.298622
1329.464844	70.004951
1328.408203	15.793838
1327.351563	113.004822
1326.294922	122.673737
1325.237305	21.206997
1324.179688	11.982755
1323.122070	-141.401627
1322.064453	-4.075363
1321.005859	29.241079
1319.947266	-69.719688
1318.888672	140.709045
1317.830078	166.901016
1316.770508	112.824257
1315.710938	155.528778
1314.651367	-132.092163
1313.591797	61.616451
1312.531250	-199.921234
1311.471680	76.246513
1310.411133	-24.881367
1309.349609	-8.132250
1308.289063	62.813747
1307.227539	185.548386
1306.166016	-94.518997
1305.104492	32.907269
1304.042969	-44.540218
1302.980469	-34.873756
1301.917969	-76.982834
1300.855469	186.776871
1299.792969	290.472565
1298.729492	104.858566
1297.666016	-26.599129
1296.602539	102.921562
1295.539063	171.280823
1294.474609	176.160767
1293.411133	173.997437
1292.346680	-11.365250
1291.281250	-25.246775
1290.216797	151.037949
1289.151367	106.611160
1288.085938	-8.195873
1287.020508	-101.841286
1285.955078	10.958973
1284.888672	154.185928
1283.822266	102.750938
1282.755859	-108.056068
1281.689453	6.971837
1280.622070	35.248341
1279.554688	147.837143
1278.487305	194.799698
1277.419922	-46.260559
1276.351563	-74.201385
1275.283203	57.015537
1274.214844	-38.799282
1273.146484	-76.092171
1272.077148	43.326969
1271.008789	29.409874
1269.939453	-12.567693
1268.869141	34.281956
1267.799805	50.735760
1266.729492	132.589035
1265.659180	-49.546574
1264.588867	-140.529480
1263.517578	20.676214
1262.447266	102.449989
1261.375977	41.814758
1260.304688	9.202480
1259.232422	32.578747
1258.161133	83.937332
1257.088867	153.915436
1256.016602	156.253616
1254.943359	-55.847122
1253.871094	11.775923
1252.797852	244.766830
1251.724609	-48.745129
1250.650391	181.815063
1249.577148	249.307419
1248.502930	156.149475
1247.428711	90.956856
1246.354492	330.580231
1245.279297	372.367157
1244.204102	16.450838
1243.128906	81.534500
1242.053711	220.975708
1240.977539	193.010696
1239.902344	357.921326
1238.826172	243.981720
1237.750000	120.799675
1236.672852	23.206173
1235.595703	109.056107
1234.518555	252.892624
1233.441406	-16.387644
1232.364258	50.852219
1231.286133	83.261589
1230.208008	201.460007
1229.129883	27.476965
1228.051758	140.999161
1226.972656	201.162354
1225.893555	119.964966
1224.814453	48.070301
1223.734375	52.626816
1222.655273	-12.273135
1221.575195	38.594921
1220.495117	-26.277418
1219.415039	-42.528622
1218.333984	47.638260
1217.252930	36.000938
1216.171875	24.371155
1215.090820	-116.714745
1214.008789	10.372252
1212.926758	-35.905594
1211.844727	-12.849820
1210.762695	37.916748
1209.679688	-135.345978
1208.597656	-45.316334
1207.513672	44.661945
1206.430664	-116.936089
1205.347656	-165.401306
1204.263672	-165.405396
1203.179688	-50.092625
1202.095703	-128.506699
1201.010742	-45.522427
1199.925781	-47.843651
1198.840820	-146.934998
1197.755859	-140.005249
1196.670898	2.816911
1195.584961	-31.732914
1194.499023	113.310310
1193.413086	-52.429188
1192.326172	-70.822220
1191.239258	51.142105
1190.152344	-93.757698
1189.065430	228.241272
1187.978516	212.134323
1186.890625	237.410049
1185.802734	53.554863
1184.714844	81.170517
1183.625977	237.410660
1182.538086	338.482208
1181.449219	147.908096
1180.360352	375.221558
1179.270508	317.848755
1178.180664	313.286682
1177.090820	219.268936
1176.000977	251.447006
1174.911133	572.541748
1173.820313	242.423691
1172.729492	104.991135
1171.638672	75.331139
1170.547852	173.989700
1169.456055	-91.577637
1168.364258	197.156250
1167.272461	2.697324
1166.179688	39.512863
1165.087891	21.407845
1163.995117	81.104828
1162.902344	193.398407
1161.808594	314.793976
1160.715820	383.566101
1159.622070	283.157135
1158.528320	274.219055
1157.433594	281.284576
1156.339844	436.850769
1155.245117	188.107208
1154.149414	633.620300
1153.054688	521.938782
1151.958984	597.464111
1150.863281	572.566833
1149.767578	828.295776
1148.671875	928.826660
1147.575195	739.718689
1146.478516	869.879395
1145.381836	940.731506
1144.285156	811.030884
1143.187500	531.027161
1142.089844	663.435303
1140.992188	451.930084
1139.894531	579.765320
1138.795898	441.228668
1137.697266	163.945328
1136.598633	205.327209
1135.499023	48.794891
1134.400391	-0.761773
1133.300781	222.550262
1132.201172	254.825684
1131.100586	-160.628159
1130.000977	-26.014397
1128.900391	-39.114693
1127.799805	43.188019
1126.698242	-97.066528
1125.596680	-21.586498
1124.495117	-98.196373
1123.393555	-93.075134
1122.291992	-13.082441
1121.189453	175.744293
1120.086914	67.437996
1118.984375	-63.483082
1117.881836	109.384041
1116.778320	51.034187
1115.674805	90.136909
1114.571289	74.865685
1113.466797	136.596176
1112.363281	64.731216
1111.258789	-45.582977
1110.153320	97.610252
1109.048828	64.273224
1107.943359	166.668396
1106.837891	155.946594
1105.732422	122.621056
1104.625977	111.912163
1103.520508	218.736191
1102.414063	165.084152
1101.306641	145.334442
1100.200195	100.758789
1099.092773	261.669464
1097.985352	122.266975
1096.877930	61.919949
1095.769531	107.643623
1094.661133	135.296692
1093.552734	-109.971024
1092.444336	43.989349
1091.335938	209.147934
1090.226563	90.229889
1089.117188	162.898544
1088.006836	68.809700
1086.897461	78.372597
1085.787109	270.319366
1084.676758	228.030060
1083.566406	185.752106
1082.455078	188.485046
1081.343750	285.700684
1080.232422	146.682602
1079.121094	23.457457
1078.008789	257.754211
1076.896484	168.247803
1075.784180	229.337997
1074.671875	139.852203
1073.558594	-12.509982
1072.445313	30.565102
1071.332031	98.302338
1070.217773	195.169830
1069.104492	130.395233
1067.990234	103.768982
1066.875977	77.137939
1065.760742	214.212341
1064.645508	19.353718
1063.530273	75.636528
1062.415039	-18.289562
1061.299805	-125.640144
1060.183594	15.692394
1059.067383	-214.853226
1057.951172	201.809189
1056.833984	219.763733
1055.716797	233.206985
1054.599609	175.012238
1053.482422	-21.887665
1052.364258	342.669434
1051.247070	36.190918
1050.128906	266.371002
1049.009766	136.551620
1047.891602	212.352631
1046.772461	203.183914
1045.653320	198.453156
1044.533203	86.494232
1043.414063	-27.674343
1042.293945	85.842438
1041.173828	-171.175522
1040.052734	56.028397
1038.932617	57.809837
1037.811523	-54.190289
1036.689453	16.639530
1035.568359	-39.651524
1034.446289	15.463045
1033.324219	28.178404
1032.202148	103.218475
1031.079102	6.690277
1029.957031	-89.829315
1028.833984	-50.567997
1027.709961	70.968597
1026.586914	41.109531
1025.462891	-91.117218
1024.338867	-114.354042
1023.214844	-137.627914
1022.089844	-54.242207
1020.964844	-124.295212
1019.839844	-123.262131
1018.714844	4.345728
1017.588867	-132.460632
1016.462891	-40.545944
1015.336914	-150.741776
1014.210938	3.176934
1013.083984	79.300179
1011.957031	71.034950
1010.830078	38.322174
1009.702148	-116.397644
1008.574219	34.835373
1007.446289	190.378235
1006.318359	99.825264
1005.190430	441.264923
1004.061523	346.146393
1002.932617	616.390808
1001.802734	357.323181
1000.673828	377.213318
999.543945	270.893280
998.414063	505.269836
997.283203	485.106445
996.153320	674.982849
995.022461	816.064819
993.891602	972.495728
992.759766	1232.649292
991.628906	1620.776611
990.497070	1902.632080
989.364258	2398.499512
988.232422	3147.989990
987.099609	3649.846924
985.966797	3756.389648
984.833984	4156.265137
983.700195	4052.959473
982.566406	3812.910400
981.432617	3727.246582
980.298828	3286.669189
979.164063	2824.184814
978.029297	2388.291016
976.894531	1719.042847
975.759766	1638.049683
974.624023	1202.537720
973.488281	1037.922852
972.352539	932.745605
971.215820	600.919250
970.080078	911.528198
968.943359	566.546326
967.805664	465.717163
966.668945	331.912537
965.531250	628.861023
964.393555	455.406097
963.254883	444.523621
962.117188	358.928619
960.978516	229.393478
959.839844	124.010979
958.700195	80.064491
957.561523	279.654358
956.421875	117.125954
955.281250	237.534637
954.141602	276.718384
953.000977	335.552704
951.860352	1.997147
950.719727	343.433472
949.578125	393.293427
948.436523	285.390320
947.294922	584.772034
946.153320	253.489349
945.010742	51.436035
943.868164	210.481262
942.725586	139.707245
941.583008	219.839752
940.439453	157.753006
939.295898	121.890640
938.152344	164.692444
937.007813	-46.049408
935.863281	-92.878372
934.718750	113.640541
933.574219	-97.040085
932.428711	30.720644
931.283203	-118.799225
930.137695	61.224091
928.992188	70.971848
927.845703	187.556671
926.699219	-20.846699
925.552734	150.165741
924.405273	142.341446
923.257813	208.593597
922.110352	148.440521
920.962891	131.864487
919.814453	21.636492
918.666016	31.190372
917.517578	-253.107742
916.369141	-49.837975
915.219727	94.583305
914.070313	64.927940
912.920898	70.080734
911.770508	92.613708
910.621094	126.019798
909.470703	150.712555
908.319336	158.011520
907.168945	-27.985897
906.017578	-16.282944
904.866211	-137.006073
903.713867	-66.658157
902.562500	31.898218
901.410156	84.859268
900.256836	100.934364
899.104492	-145.354370
897.951172	31.255905
896.797852	-0.267510
895.644531	18.098255
894.490234	155.639801
893.335938	-29.582844
892.181641	-123.727402
891.027344	96.144089
889.872070	99.496193
888.716797	16.333212
887.561523	-127.318954
886.405273	44.939014
885.249023	9.571281
884.092773	-209.492889
882.936523	-47.969753
881.779297	273.446564
880.622070	257.741486
879.464844	49.870693
878.307617	159.615051
877.149414	176.534576
875.991211	327.349854
874.833008	221.372040
873.673828	311.846924
872.514648	-0.993379
871.355469	109.071426
870.196289	74.722595
869.036133	238.777542
867.875977	271.396729
866.715820	62.796581
865.554688	438.113068
864.394531	188.856232
863.233398	279.982147
862.071289	424.976990
860.910156	260.139252
859.748047	271.902069
858.585938	36.413445
857.422852	312.956421
856.259766	125.096718
855.096680	347.996826
853.933594	388.255768
852.770508	295.418854
851.606445	406.803741
850.442383	264.869049
849.277344	290.589844
848.113281	402.302002
846.948242	260.871521
845.783203	319.176300
844.617188	83.730888
843.451172	39.399155
842.285156	466.906769
841.119141	182.738098
839.952148	316.724487
838.785156	272.978119
837.618164	160.867096
836.451172	361.619751
835.283203	151.367523
834.115234	315.958282
832.947266	311.578186
831.778320	367.263306
830.609375	478.704590
829.440430	192.510010
828.271484	308.556885
827.101563	527.311279
825.931641	758.960510
824.761719	484.337708
823.590820	498.367218
822.420898	343.869995
821.250000	522.673950
820.078125	539.350769
818.907227	790.940979
817.735352	581.763428
816.562500	385.661072
815.390625	543.825562
814.217773	567.781616
813.044922	248.748077
811.872070	552.289856
810.698242	457.474609
809.524414	183.973740
808.350586	172.711182
807.176758	338.345123
806.001953	193.328354
804.827148	110.279449
803.651367	363.591766
802.476563	246.883148
801.300781	177.195389
800.125000	258.670471
798.948242	140.496841
797.772461	79.938255
796.595703	134.312668
795.417969	282.298309
794.241211	107.631248
793.063477	107.309799
791.885742	-11.689939
790.707031	-24.355909
789.529297	238.954544
788.350586	-83.073975
787.170898	74.452774
785.992188	259.639099
784.812500	59.162380
783.632813	-35.100784
782.452148	-29.582428
781.272461	130.710815
780.091797	104.753838
778.911133	26.044333
777.729492	25.841734
776.547852	-41.916336
775.366211	-56.602840
774.184570	13.467743
773.001953	-62.245884
771.819336	-133.552185
770.636719	-94.781609
769.453125	92.021637
768.269531	-179.543396
767.085938	-250.208878
765.902344	-120.120117
764.717773	-49.075264
763.533203	79.040459
762.348633	114.370453
761.163086	-23.183247
759.977539	-198.526016
758.791992	-57.404411
757.606445	43.697636
756.419922	-148.097214
755.233398	199.687729
754.046875	90.277229
752.859375	73.666924
751.672852	-24.979008
750.485352	55.424278
749.296875	89.559387
748.108398	-101.394783
746.919922	42.261639
745.731445	-194.752029
744.542969	-4.789754
743.353516	132.575516
742.164063	160.627609
740.973633	68.939018
739.783203	128.557083
738.592773	97.862915
737.402344	165.874329
736.211914	5.060260
735.020508	165.410080
733.829102	40.340057
732.636719	11.810180
731.444336	224.444702
730.251953	179.073822
729.059570	56.141094
727.866211	203.570313
726.673828	47.094460
725.479492	253.025589
724.286133	165.626404
723.091797	218.490387
721.897461	-44.796841
720.703125	177.466370
719.507813	158.958740
718.312500	228.231125
717.117188	-64.380783
715.921875	88.367050
714.725586	52.838062
713.529297	316.050629
712.332031	146.581223
711.135742	133.731979
709.938477	58.135223
708.740234	377.032715
707.542969	236.476746
706.344727	317.055756
705.146484	247.262695
703.948242	381.773102
702.749023	434.762970
701.549805	341.663849
700.350586	452.723358
699.150391	319.795837
697.950195	611.769104
696.750000	532.730774
695.549805	553.534302
694.348633	501.321075
693.147461	415.687042
691.946289	450.632416
690.744141	535.344482
689.541992	551.237244
688.339844	552.425659
687.136719	478.637146
685.934570	695.707092
684.730469	567.624695
683.527344	744.835754
682.323242	658.079773
681.119141	322.087097
679.915039	349.406586
678.710938	374.529083
677.505859	322.767395
676.300781	461.775970
675.094727	208.674667
673.889648	250.034149
672.683594	11.471685
671.476563	324.218201
670.270508	247.261383
669.063477	95.741516
667.856445	182.432022
666.648438	41.336868
665.440430	82.476768
664.232422	280.907196
663.024414	392.400543
661.815430	-75.245514
660.606445	-87.631691
659.397461	135.792496
658.188477	-29.337246
656.978516	97.146599
655.768555	108.066208
654.557617	-4.729013
653.346680	126.444199
652.135742	-119.967514
650.924805	22.079754
649.712891	143.770706
648.501953	185.325577
647.289063	43.717735
646.077148	38.727726
644.864258	-35.851780
643.651367	246.707260
642.438477	208.273712
641.224609	-56.110130
640.010742	217.862778
638.796875	115.630020
637.582031	82.173737
636.367188	-65.673515
635.152344	-19.132442
633.937500	-183.531754
632.721680	-130.870941
631.505859	-38.075230
630.289063	-59.265015
629.073242	27.644468
627.856445	78.848335
626.639648	-100.708069
625.421875	169.002167
624.204102	-32.099133
622.986328	72.326637
621.768555	-35.002918
620.549805	208.345566
619.331055	145.807465
618.111328	183.768524
616.892578	176.646912
