1721.000977	-123.992485
1720.027344	42.364300
1719.052734	31.388277
1718.078125	-47.320263
1717.104492	-93.638504
1716.128906	-43.418377
1715.154297	69.972000
1714.178711	136.295258
1713.204102	-69.940971
1712.228516	-66.763252
1711.251953	-43.864681
1710.276367	83.309242
1709.299805	-33.576286
1708.324219	92.155334
1707.347656	125.026024
1706.370117	170.054367
1705.393555	45.592056
1704.416016	-51.247585
1703.438477	20.230011
1702.460938	14.445334
1701.483398	289.417664
1700.505859	162.485840
1699.527344	60.714043
1698.548828	-92.537407
1697.570313	-26.424088
1696.591797	-4.134522
1695.612305	155.674362
1694.632813	41.906651
1693.653320	-146.152603
1692.673828	91.745811
1691.694336	2.681545
1690.713867	-7.540196
1689.734375	27.913382
1688.753906	60.561523
1687.772461	11.390988
1686.791992	112.431465
1685.810547	90.918030
1684.830078	0.464959
1683.848633	-13.704208
1682.866211	-38.211639
1681.884766	-14.451469
1680.902344	9.164701
1679.919922	73.383659
1678.937500	-60.996368
1677.955078	20.832142
1676.971680	64.385826
1675.989258	-57.426350
1675.005859	-64.848824
1674.022461	110.697105
1673.038086	-21.387026
1672.054688	-39.099728
1671.070313	-28.899231
1670.085938	54.933426
1669.101563	-64.418907
1668.117188	-94.870407
1667.131836	-0.948496
1666.146484	6.663088
1665.161133	136.067749
1664.175781	-94.759354
1663.189453	-13.540155
1662.204102	-38.804909
1661.217773	-233.884003
1660.231445	-18.256069
1659.245117	-15.527420
1658.257813	-103.969002
1657.270508	81.229729
1656.284180	-37.467861
1655.295898	-70.001579
1654.308594	31.710934
1653.321289	-74.081802
1652.333008	25.172489
1651.344727	0.495531
1650.356445	16.363892
1649.367188	-51.161732
1648.378906	129.185272
1647.389648	-79.737488
1646.400391	-98.964256
1645.411133	-39.783043
1644.420898	80.062668
1643.431641	40.841770
1642.441406	-86.672112
1641.451172	-1.997807
1640.459961	-38.439602
1639.469727	38.778954
1638.478516	136.215790
1637.487305	62.171551
1636.496094	-16.805141
1635.504883	25.352806
1634.512695	-20.665939
1633.520508	3.981436
1632.528320	-1.540632
1631.536133	-155.616638
1630.543945	53.139370
1629.550781	216.546844
1628.557617	60.221176
1627.564453	110.438690
1626.571289	178.324265
1625.578125	470.183350
1624.583984	379.619659
1623.589844	369.643311
1622.595703	377.340881
1621.601563	498.230469
1620.606445	536.182434
1619.611328	430.946655
1618.616211	672.526489
1617.621094	878.899841
1616.625977	798.955688
1615.629883	902.380859
1614.633789	917.959961
1613.637695	858.294800
1612.641602	919.150146
1611.645508	899.752808
1610.648438	1166.336670
1609.651367	871.140869
1608.654297	876.970337
1607.657227	1010.679565
1606.659180	1021.567139
1605.662109	974.872314
1604.664063	1053.478149
1603.666016	1204.719116
1602.666992	1085.491577
1601.668945	1246.745483
1600.669922	1147.646240
1599.670898	1186.251953
1598.671875	1252.390869
1597.671875	1391.057983
1596.672852	1349.639526
1595.672852	1133.227051
1594.672852	1134.409790
1593.671875	1100.611694
1592.671875	954.409119
1591.670898	1133.045410
1590.669922	664.710144
1589.668945	568.666321
1588.667969	562.551819
1587.666016	603.865967
1586.664063	333.216400
1585.662109	509.308533
1584.660156	490.752991
1583.658203	407.361633
1582.655273	204.305832
1581.652344	479.993103
1580.649414	267.033203
1579.646484	226.103394
1578.642578	317.223694
1577.638672	-30.105434
1576.634766	73.465134
1575.630859	239.228928
1574.626953	277.955109
1573.622070	55.314217
1572.618164	-27.893353
1571.613281	120.274544
1570.607422	126.580315
1569.602539	294.512939
1568.596680	213.724579
1567.590820	53.405479
1566.584961	109.344574
1565.579102	48.456791
1564.572266	193.746872
1563.566406	194.910248
1562.559570	133.960388
1561.551758	28.313299
1560.544922	185.791595
1559.537109	5.675310
1558.530273	101.007950
1557.521484	168.966721
1556.513672	11.197069
1555.505859	118.764420
1554.497070	265.907013
1553.488281	189.896912
1552.479492	44.503983
1551.470703	-14.154186
1550.460938	43.580559
1549.451172	-27.514578
1548.441406	-167.939117
1547.431641	-45.959145
1546.421875	-55.231350
1545.411133	81.434677
1544.400391	10.210986
1543.389648	32.961498
1542.378906	48.245480
1541.367188	18.975992
1540.355469	-77.055527
1539.343750	83.911469
1538.332031	-269.117340
1537.320313	-150.247604
1536.307617	-68.522301
1535.294922	-4.154556
1534.282227	-11.442287
1533.269531	47.869358
1532.256836	161.401474
1531.243164	171.221359
1530.229492	-137.176758
1529.215820	5.783382
1528.202148	-19.006525
1527.187500	-33.977245
1526.172852	-90.875526
1525.158203	-36.915051
1524.143555	-98.794830
1523.127930	-145.921265
1522.113281	26.088453
1521.097656	-8.814031
1520.082031	-51.124142
1519.065430	-110.690689
1518.049805	-32.485996
1517.033203	-23.235344
1516.016602	99.097305
1515.000000	-88.452484
1513.982422	-94.065605
1512.965820	-8.770623
1511.948242	83.814400
1510.930664	-7.920726
1509.913086	50.169014
1508.894531	-132.456696
1507.875977	-125.999725
1506.857422	-18.943892
1505.838867	21.775805
1504.820313	-35.694557
1503.800781	191.363434
1502.781250	16.089933
1501.761719	19.851751
1500.742188	-187.240128
1499.721680	-53.608955
1498.702148	26.038967
1497.681641	98.264725
1496.661133	74.907898
1495.639648	183.760056
1494.618164	45.260441
1493.597656	107.523201
1492.576172	44.912987
1491.553711	18.995880
1490.532227	17.539587
1489.509766	35.615700
1488.487305	-53.927189
1487.464844	-207.016083
1486.442383	101.889809
1485.418945	9.872952
1484.395508	15.602345
1483.372070	280.229126
1482.348633	173.525543
1481.324219	179.151184
1480.300781	-25.162058
1479.276367	312.388641
1478.251953	144.693054
1477.226563	135.612885
1476.202148	85.070557
1475.176758	90.611969
1474.151367	83.949203
1473.125000	52.893162
1472.099609	309.409271
1471.073242	0.546321
1470.046875	291.038879
1469.020508	116.241180
1467.994141	19.425491
1466.966797	44.351913
1465.939453	130.107544
1464.912109	254.755600
1463.884766	-73.156273
1462.856445	156.051910
1461.829102	190.628784
1460.800781	69.576195
1459.772461	249.988052
1458.743164	367.124451
1457.714844	311.712433
1456.685547	377.774384
1455.656250	188.796768
1454.625977	121.299431
1453.596680	235.919495
1452.566406	270.386414
1451.536133	23.356508
1450.505859	2.062814
1449.474609	216.055481
1448.444336	226.267410
1447.413086	30.384171
1446.381836	81.843201
1445.350586	179.335541
1444.318359	128.980667
1443.286133	-35.201023
1442.253906	18.675812
1441.221680	106.439857
1440.189453	70.708855
1439.156250	211.685318
1438.123047	168.700073
1437.089844	188.650101
1436.056641	44.120880
1435.022461	25.410671
1433.988281	125.197815
1432.954102	21.899784
1431.919922	78.171333
1430.885742	139.267792
1429.850586	-53.315281
1428.815430	-96.053009
1427.780273	-10.773104
1426.744141	18.949705
1425.708984	-57.517120
1424.672852	63.941212
1423.636719	-116.222855
1422.600586	-175.680847
1421.563477	-230.282837
1420.527344	14.153778
1419.490234	-158.547058
1418.452148	-135.944534
1417.415039	-77.175591
1416.376953	29.760593
1415.338867	-43.971916
1414.300781	-91.163887
1413.262695	-169.611969
1412.224609	-173.386230
1411.185547	27.408470
1410.146484	-279.530762
1409.107422	77.602867
1408.067383	16.127455
1407.027344	-95.792282
1405.987305	-176.390564
1404.947266	-153.582306
1403.907227	-41.851761
1402.866211	12.185614
1401.826172	-15.431314
1400.785156	69.842804
1399.743164	-44.179390
1398.702148	146.728287
1397.660156	-92.006874
1396.618164	5.292187
1395.576172	308.872559
1394.533203	106.293678
1393.491211	138.818527
1392.448242	147.371689
1391.405273	36.105595
1390.361328	337.058289
1389.318359	340.843018
1388.274414	306.317200
1387.230469	334.092102
1386.186523	177.525024
1385.141602	286.739105
1384.097656	424.657776
1383.052734	414.185547
1382.007813	320.016510
1380.961914	307.217163
1379.916992	480.962677
1378.871094	221.947784
1377.825195	393.284363
1376.778320	327.992096
1375.732422	234.090714
1374.685547	262.059204
1373.638672	385.559143
1372.591797	112.698738
1371.543945	121.635468
1370.497070	13.662129
1369.449219	127.642754
1368.400391	270.212921
1367.352539	21.618382
1366.303711	-59.946640
1365.255859	166.080887
1364.206055	-22.701750
1363.157227	157.976761
1362.108398	279.036682
1361.058594	111.847572
1360.008789	170.980743
1358.958984	96.777695
1357.908203	-79.737656
1356.857422	117.475639
1355.806641	83.827408
1354.755859	90.651321
1353.705078	90.355263
1352.653320	104.333344
1351.601563	137.341217
1350.549805	-67.324577
1349.498047	91.680344
1348.445313	-43.967617
1347.393555	169.623810
1346.340820	107.664238
1345.287109	26.744184
1344.234375	-68.360413
1343.180664	202.050385
1342.126953	-56.745506
1341.073242	14.313074
1340.019531	73.495285
1338.964844	4.616346
1337.910156	16.379866
1336.855469	-130.646164
1335.799805	89.679680
1334.745117	68.285355
1333.689453	-156.792969
1332.633789	-50.237492
1331.578125	42.077374
1330.521484	-0.567224
1329.464844	-52.649437
1328.408203	51.455360
1327.351563	-45.541286
1326.294922	67.994034
1325.237305	-241.758057
1324.179688	-80.942749
1323.122070	51.449333
1322.064453	-17.057751
1321.005859	68.019409
1319.947266	-118.552330
1318.888672	77.507927
1317.830078	96.423447
1316.770508	-66.421913
1315.710938	101.188866
1314.651367	94.140205
1313.591797	72.945427
1312.531250	9.305809
1311.471680	21.155672
1310.411133	75.426247
1309.349609	77.818398
1308.289063	7.176567
1307.227539	-127.047455
1306.166016	-230.592728
1305.104492	205.144897
1304.042969	-124.430557
1302.980469	256.953552
1301.917969	198.121628
1300.855469	35.797977
1299.792969	2.914937
1298.729492	-29.962805
1297.666016	19.464737
1296.602539	111.181664
1295.539063	78.300011
1294.474609	137.058334
1293.411133	83.040268
1292.346680	76.008362
1291.281250	-6.170437
1290.216797	76.024025
1289.151367	221.542816
1288.085938	-24.880478
1287.020508	-17.826141
1285.955078	-52.997517
1284.888672	-81.129601
1283.822266	38.450684
1282.755859	265.799774
1281.689453	-146.728012
1280.622070	108.661652
1279.554688	-55.366932
1278.487305	171.779831
1277.419922	24.189655
1276.351563	-41.415348
1275.283203	-200.614014
1274.214844	2.939222
1273.146484	-11.166901
1272.077148	-8.908501
1271.008789	-27.693071
1269.939453	-23.104551
1268.869141	149.758331
1267.799805	98.209770
1266.729492	-137.900543
1265.659180	226.394516
1264.588867	-149.772308
1263.517578	25.226448
1262.447266	-147.660217
1261.375977	17.914490
1260.304688	-66.250244
1259.232422	50.225025
1258.161133	194.637985
1257.088867	248.035614
1256.016602	79.935913
1254.943359	291.804260
1253.871094	100.453056
1252.797852	51.283783
1251.724609	223.403336
1250.650391	299.957794
1249.577148	250.757599
1248.502930	101.475777
1247.428711	-124.543449
1246.354492	189.312271
1245.279297	107.573822
1244.204102	-13.671394
1243.128906	60.439976
1242.053711	320.482239
1240.977539	45.854427
1239.902344	296.479401
1238.826172	-50.049854
1237.750000	207.435150
1236.672852	313.859863
1235.595703	137.003143
1234.518555	94.839760
1233.441406	154.791687
1232.364258	98.712563
1231.286133	167.898010
1230.208008	-1.807674
1229.129883	178.647430
1228.051758	182.853333
1226.972656	117.520660
1225.893555	149.525024
1224.814453	128.232803
1223.734375	-110.760567
1222.655273	192.166061
1221.575195	71.318657
1220.495117	100.957581
1219.415039	49.592800
1218.333984	-66.533745
1217.252930	-80.846237
1216.171875	152.268799
1215.090820	-5.424778
1214.008789	-357.213287
1212.926758	-96.475060
1211.844727	97.146591
1210.762695	-145.875488
1209.679688	-254.858856
1208.597656	-109.819107
1207.513672	2.823830
1206.430664	-170.741135
1205.347656	38.777798
1204.263672	-190.089249
1203.179688	-222.824097
1202.095703	-154.090591
1201.010742	-69.258018
1199.925781	-129.660736
1198.840820	68.036407
1197.755859	-49.960285
1196.670898	-8.983615
1195.584961	20.455557
1194.499023	-152.707626
1193.413086	-229.123367
1192.326172	85.687767
1191.239258	59.864964
1190.152344	103.059807
1189.065430	-37.731396
1187.978516	253.778671
1186.890625	117.611420
1185.802734	163.058365
1184.714844	13.193922
1183.625977	389.424286
1182.538086	296.998230
1181.449219	183.944717
1180.360352	227.043503
1179.270508	226.514282
1178.180664	127.325241
1177.090820	275.940430
1176.000977	151.566055
1174.911133	98.335121
1173.820313	134.533737
1172.729492	205.101730
1171.638672	167.944504
1170.547852	41.460640
1169.456055	-11.672095
1168.364258	106.971382
1167.272461	127.122643
1166.179688	46.549305
1165.087891	0.354224
1163.995117	150.939667
1162.902344	-46.222466
1161.808594	58.574883
1160.715820	270.801666
1159.622070	204.054535
1158.528320	388.736938
1157.433594	335.708344
1156.339844	467.753967
1155.245117	631.714722
1154.149414	553.566162
1153.054688	610.156128
1151.958984	682.696411
1150.863281	919.504578
1149.767578	752.421326
1148.671875	735.953552
1147.575195	936.121887
1146.478516	817.037476
1145.381836	978.366394
1144.285156	907.195557
1143.187500	683.412598
1142.089844	421.014557
1140.992188	475.279633
1139.894531	411.137482
1138.795898	328.813751
1137.697266	187.364822
1136.598633	64.189064
1135.499023	86.648857
1134.400391	247.840347
1133.300781	222.515793
1132.201172	83.549820
1131.100586	192.367355
1130.000977	-148.740311
1128.900391	-105.784515
1127.799805	-62.841900
1126.698242	-13.108650
1125.596680	-58.737606
1124.495117	36.377460
1123.393555	170.029282
1122.291992	147.092606
1121.189453	219.423981
1120.086914	64.967133
1118.984375	94.218849
1117.881836	275.322418
1116.778320	120.961464
1115.674805	283.853119
1114.571289	93.324196
1113.466797	142.919678
1112.363281	335.138428
1111.258789	-101.999573
1110.153320	87.912529
1109.048828	74.121582
1107.943359	137.239349
1106.837891	195.805069
1105.732422	191.038025
1104.625977	98.105240
1103.520508	217.659683
1102.414063	-51.478863
1101.306641	357.186218
1100.200195	203.314667
1099.092773	85.630547
1097.985352	234.375122
1096.877930	150.583023
1095.769531	48.766880
1094.661133	-5.634814
1093.552734	161.015091
1092.444336	151.700424
1091.335938	158.164764
1090.226563	326.892395
1089.117188	49.365639
1088.006836	17.512133
1086.897461	26.214161
1085.787109	-172.276031
1084.676758	88.591263
1083.566406	234.538086
1082.455078	351.144318
1081.343750	40.217457
1080.232422	33.077187
1079.121094	196.839066
1078.008789	108.693230
1076.896484	108.238235
1075.784180	199.906982
1074.671875	109.528870
1073.558594	414.513702
1072.445313	247.729584
1071.332031	316.756836
1070.217773	96.150711
1069.104492	-74.994431
1067.990234	34.380890
1066.875977	6.846904
1065.760742	194.599442
1064.645508	135.599365
1063.530273	195.413330
1062.415039	248.453659
1061.299805	155.797760
1060.183594	-69.021767
1059.067383	91.463852
1057.951172	95.106384
1056.833984	98.710869
1055.716797	126.905273
1054.599609	-73.186157
1053.482422	227.910400
1052.364258	18.871006
1051.247070	80.477974
1050.128906	206.850723
1049.009766	15.733511
1047.891602	68.252586
1046.772461	134.110199
1045.653320	295.948212
1044.533203	214.257919
1043.414063	63.363987
1042.293945	-187.952408
1041.173828	22.748535
1040.052734	-58.968746
1038.932617	-75.993187
1037.811523	51.895599
1036.689453	-83.413559
1035.568359	-203.092606
1034.446289	-77.626404
1033.324219	-81.489914
1032.202148	-45.300076
1031.079102	-185.117676
1029.957031	-100.029312
1028.833984	107.396835
1027.709961	-150.464050
1026.586914	-32.217850
1025.462891	-60.902660
1024.338867	6.008841
1023.214844	3.910545
1022.089844	-156.080841
1020.964844	-56.018879
1019.839844	-78.265526
1018.714844	23.848555
1017.588867	-327.226044
1016.462891	5.709234
1015.336914	100.901909
1014.210938	-210.166138
1013.083984	-217.160660
1011.957031	-199.806671
1010.830078	-60.530437
1009.702148	-14.517322
1008.574219	53.584984
1007.446289	159.277023
1006.318359	138.553497
1005.190430	503.263611
1004.061523	457.976746
1002.932617	499.013275
1001.802734	316.355682
1000.673828	370.562469
999.543945	236.577301
998.414063	410.113434
997.283203	430.877808
996.153320	613.009521
995.022461	706.551514
993.891602	735.886292
992.759766	1187.217773
991.628906	1828.293945
990.497070	2323.217041
989.364258	2725.092285
988.232422	3347.511719
987.099609	3722.349854
985.966797	4271.290527
984.833984	4305.843750
983.700195	4355.745117
982.566406	4008.604492
981.432617	3661.554932
980.298828	3378.526123
979.164063	2969.935791
978.029297	2345.544189
976.894531	2133.298828
975.759766	1451.996826
974.624023	1275.143677
973.488281	999.250061
972.352539	785.041016
971.215820	606.061768
970.080078	717.482727
968.943359	754.004333
967.805664	388.065491
966.668945	444.308563
965.531250	498.256226
964.393555	209.350601
963.254883	366.444519
962.117188	172.020706
960.978516	192.799850
959.839844	187.168747
958.700195	49.788799
957.561523	322.746704
956.421875	275.230743
955.281250	225.477036
954.141602	59.491562
953.000977	334.150940
951.860352	325.903107
950.719727	146.696289
949.578125	103.332512
948.436523	355.616333
947.294922	51.556717
946.153320	106.615746
945.010742	246.951889
943.868164	83.023308
942.725586	85.389900
941.583008	131.458237
940.439453	70.305771
939.295898	153.430008
938.152344	92.225937
937.007813	44.112835
935.863281	221.005402
934.718750	22.112198
933.574219	-91.559319
932.428711	85.136749
931.283203	115.487411
930.137695	67.240448
928.992188	-0.643421
927.845703	29.619490
926.699219	-99.337891
925.552734	225.208923
924.405273	107.114990
923.257813	23.925507
922.110352	-316.313660
920.962891	-68.321220
919.814453	-57.822083
918.666016	-36.450584
917.517578	-25.978086
916.369141	51.945171
915.219727	84.131561
914.070313	-57.702553
912.920898	39.735073
911.770508	-67.241112
910.621094	-128.504242
909.470703	66.681808
908.319336	-29.346619
907.168945	-99.239998
906.017578	-10.571593
904.866211	-152.056534
903.713867	-50.364418
902.562500	-26.804960
901.410156	-42.292931
900.256836	-124.997612
899.104492	-36.305000
897.951172	130.419220
896.797852	4.485305
895.644531	67.181969
894.490234	-60.775135
893.335938	53.968136
892.181641	-26.192017
891.027344	105.907234
889.872070	101.623405
888.716797	116.873009
887.561523	-144.756271
886.405273	-21.196737
885.249023	-74.955826
884.092773	3.259248
882.936523	18.824293
881.779297	194.359055
880.622070	155.997498
879.464844	22.691614
878.307617	-67.281403
877.149414	32.853786
875.991211	333.768951
874.833008	77.872177
873.673828	-0.909607
872.514648	-60.145084
871.355469	-11.431091
870.196289	162.408966
869.036133	2.162739
867.875977	20.960381
866.715820	87.259712
865.554688	127.782234
864.394531	84.425240
863.233398	-53.533031
862.071289	178.910431
860.910156	267.197144
859.748047	194.197769
858.585938	91.250481
857.422852	450.823547
856.259766	309.422852
855.096680	181.121277
853.933594	134.679138
852.770508	260.280548
851.606445	308.634460
850.442383	82.236290
849.277344	180.277557
848.113281	143.208557
846.948242	260.812439
845.783203	204.738190
844.617188	253.943405
843.451172	279.701721
842.285156	354.921539
841.119141	644.620483
839.952148	454.323029
838.785156	352.126160
837.618164	65.941994
836.451172	197.653229
835.283203	211.718216
834.115234	148.901169
832.947266	325.969391
831.778320	336.252563
830.609375	323.190094
829.440430	299.625214
828.271484	357.500702
827.101563	323.625153
825.931641	390.390167
824.761719	602.597595
823.590820	438.964600
822.420898	390.921631
821.250000	539.507263
820.078125	566.552856
818.907227	433.739655
817.735352	578.532654
816.562500	371.516998
815.390625	284.216339
814.217773	435.934296
813.044922	346.926880
811.872070	194.235245
810.698242	237.813629
809.524414	138.866394
808.350586	480.965698
807.176758	80.099564
806.001953	101.054535
804.827148	217.959641
803.651367	-1.130906
802.476563	26.811516
801.300781	154.884125
800.125000	-76.193367
798.948242	277.537750
797.772461	-33.813644
796.595703	101.313393
795.417969	111.259796
794.241211	10.972882
793.063477	-91.196678
791.885742	-21.206951
790.707031	-84.747368
789.529297	-160.798157
788.350586	-158.152420
787.170898	77.930275
785.992188	-59.035538
784.812500	90.372437
783.632813	210.221481
782.452148	1.822333
781.272461	181.283554
780.091797	41.088646
778.911133	49.313541
777.729492	-98.922386
776.547852	-98.809357
775.366211	38.965519
774.184570	52.043118
773.001953	-86.978691
771.819336	-356.859497
770.636719	3.351711
769.453125	-156.268677
768.269531	-28.377510
767.085938	-92.613953
765.902344	-118.687599
764.717773	-47.520218
763.533203	-149.334015
762.348633	2.211842
761.163086	54.644726
759.977539	102.937111
758.791992	-205.039261
757.606445	-261.926392
756.419922	77.517754
755.233398	-0.313182
754.046875	-35.901382
752.859375	-132.479492
751.672852	27.924074
750.485352	53.589832
749.296875	66.668198
748.108398	178.674957
746.919922	78.209435
745.731445	169.201035
744.542969	262.276306
743.353516	122.003044
742.164063	233.998123
740.973633	137.944473
739.783203	184.775253
738.592773	-72.933983
737.402344	122.976295
736.211914	115.163651
735.020508	132.515900
733.829102	65.903641
732.636719	343.294708
731.444336	-21.203932
730.251953	270.655151
729.059570	57.154568
727.866211	-118.583611
726.673828	63.952686
725.479492	168.827896
724.286133	-36.361069
723.091797	51.565910
721.897461	103.773300
720.703125	70.055969
719.507813	245.463776
718.312500	186.409805
717.117188	259.005768
715.921875	287.541168
714.725586	27.491888
713.529297	147.750595
712.332031	326.308929
711.135742	364.696716
709.938477	367.419891
708.740234	90.239693
707.542969	424.578003
706.344727	295.351074
705.146484	284.936523
703.948242	530.899902
702.749023	547.204773
701.549805	381.958801
700.350586	441.712891
699.150391	284.554443
697.950195	377.282166
696.750000	32.415188
695.549805	149.789429
694.348633	423.063843
693.147461	200.692078
691.946289	381.917938
690.744141	408.946533
689.541992	562.655579
688.339844	393.837524
687.136719	472.310364
685.934570	768.810364
684.730469	626.596863
683.527344	764.740601
682.323242	437.473572
681.119141	270.105194
679.915039	507.478210
678.710938	200.887375
677.505859	464.916046
676.300781	409.280090
675.094727	220.859650
673.889648	223.214203
672.683594	76.267387
671.476563	300.306305
670.270508	101.558144
669.063477	35.471310
667.856445	137.174210
666.648438	19.402670
665.440430	-214.165375
664.232422	-25.377676
663.024414	84.808113
661.815430	21.329103
660.606445	36.622726
659.397461	-65.740646
658.188477	92.603912
656.978516	-133.233322
655.768555	-156.205307
654.557617	-182.971146
653.346680	71.478455
652.135742	-20.619240
650.924805	220.078476
649.712891	-91.861481
648.501953	-159.680817
647.289063	117.565201
646.077148	-169.678482
644.864258	137.632675
643.651367	-7.884200
642.438477	94.740540
641.224609	222.910370
640.010742	94.504082
638.796875	-10.192348
637.582031	11.807292
636.367188	-51.504738
635.152344	55.150372
633.937500	45.788731
632.721680	-27.995850
631.505859	-188.703705
630.289063	73.630196
629.073242	150.439240
627.856445	-58.696987
626.639648	64.814896
625.421875	-39.795353
624.204102	-64.299866
622.986328	89.882431
621.768555	-69.792496
620.549805	-34.130966
619.331055	79.905869
618.111328	116.563324
616.892578	-10.147071
