1721.000977	79.006050
1720.027344	64.532814
1719.052734	205.751129
1718.078125	-18.600754
1717.104492	66.414101
1716.128906	155.452240
1715.154297	222.904861
1714.178711	-92.645477
1713.204102	-211.650574
1712.228516	-6.064522
1711.251953	-96.074646
1710.276367	-12.689351
1709.299805	69.863068
1708.324219	-40.406246
1707.347656	130.234909
1706.370117	-63.325668
1705.393555	-109.040489
1704.416016	-86.292900
1703.438477	56.068207
1702.460938	-111.623001
1701.483398	-21.547970
1700.505859	116.552307
1699.527344	116.098557
1698.548828	87.084854
1697.570313	62.766605
1696.591797	-25.796953
1695.612305	171.284500
1694.632813	-2.260165
1693.653320	232.332886
1692.673828	22.475168
1691.694336	200.232681
1690.713867	38.362492
1689.734375	1.290393
1688.753906	32.832741
1687.772461	-14.896198
1686.791992	-44.944942
1685.810547	98.104103
1684.830078	105.915695
1683.848633	121.202354
1682.866211	-90.319138
1681.884766	-16.690069
1680.902344	28.785883
1679.919922	-53.102562
1678.937500	-137.581924
1677.955078	47.571926
1676.971680	74.880913
1675.989258	119.950844
1675.005859	-2.847251
1674.022461	72.648651
1673.038086	-75.557159
1672.054688	-68.698509
1671.070313	42.296814
1670.085938	69.445534
1669.101563	15.347395
1668.117188	34.922047
1667.131836	-44.480972
1666.146484	10.685589
1665.161133	-88.887314
1664.175781	-18.411451
1663.189453	8.965396
1662.204102	5.985175
1661.217773	-78.059219
1660.231445	83.851639
1659.245117	172.289474
1658.257813	22.615055
1657.270508	177.040024
1656.284180	9.894485
1655.295898	40.366692
1654.308594	205.098709
1653.321289	66.166901
1652.333008	-376.252563
1651.344727	-191.006821
1650.356445	32.205814
1649.367188	136.571899
1648.378906	-77.529572
1647.389648	37.147472
1646.400391	-70.496765
1645.411133	-94.603973
1644.420898	108.742439
1643.431641	-175.292618
1642.441406	13.066480
1641.451172	17.176466
1640.459961	152.631470
1639.469727	-49.978462
1638.478516	88.189056
1637.487305	62.460361
1636.496094	150.338806
1635.504883	-18.878466
1634.512695	-71.968521
1633.520508	38.893040
1632.528320	59.109455
1631.536133	122.254784
1630.543945	230.818985
1629.550781	213.525986
1628.557617	234.111221
1627.564453	154.109283
1626.571289	338.485382
1625.578125	261.217346
1624.583984	400.406158
1623.589844	549.695496
1622.595703	719.135254
1621.601563	654.800659
1620.606445	952.509644
1619.611328	835.556641
1618.616211	877.021545
1617.621094	662.345581
1616.625977	789.387024
1615.629883	743.201233
1614.633789	797.527405
1613.637695	922.182495
1612.641602	808.483582
1611.645508	973.374634
1610.648438	907.504211
1609.651367	1034.820801
1608.654297	923.973389
1607.657227	998.726135
1606.659180	1073.501343
1605.662109	997.980713
1604.664063	1223.144775
1603.666016	1137.709229
1602.666992	1440.473511
1601.668945	1117.302246
1600.669922	1322.427612
1599.670898	1267.261353
1598.671875	1084.564697
1597.671875	1219.651978
1596.672852	1129.654175
1595.672852	1127.232544
1594.672852	1164.843628
1593.671875	1025.013916
1592.671875	1000.224548
1591.670898	895.520203
1590.669922	661.003662
1589.668945	578.939270
1588.667969	446.995880
1587.666016	365.041992
1586.664063	722.369934
1585.662109	353.487335
1584.660156	181.845322
1583.658203	122.518059
1582.655273	125.555023
1581.652344	355.462433
1580.649414	286.179749
1579.646484	216.929764
1578.642578	224.935944
1577.638672	31.173332
1576.634766	213.542526
1575.630859	102.024254
1574.626953	124.974243
1573.622070	93.143524
1572.618164	19.026175
1571.613281	-191.909210
1570.607422	144.424728
1569.602539	75.273178
1568.596680	3.640966
1567.590820	56.308250
1566.584961	4.557873
1565.579102	94.437370
1564.572266	223.996902
1563.566406	147.349228
1562.559570	189.891876
1561.551758	-33.253277
1560.544922	4.297293
1559.537109	86.465530
1558.530273	-37.342407
1557.521484	39.775410
1556.513672	42.443523
1555.505859	238.477982
1554.497070	109.650871
1553.488281	94.854492
1552.479492	20.562737
1551.470703	146.937042
1550.460938	13.146973
1549.451172	-172.623840
1548.441406	-81.059540
1547.431641	193.603989
1546.421875	-91.182533
1545.411133	32.357948
1544.400391	-165.776138
1543.389648	-148.692581
1542.378906	-62.418037
1541.367188	-87.473259
1540.355469	28.327950
1539.343750	-78.359337
1538.332031	-4.683701
1537.320313	36.811764
1536.307617	-35.358494
1535.294922	-149.510864
1534.282227	-88.387543
1533.269531	59.053490
1532.256836	65.746864
1531.243164	15.649431
1530.229492	17.329899
1529.215820	26.370459
1528.202148	15.645332
1527.187500	12.272509
1526.172852	26.114893
1525.158203	-245.893631
1524.143555	-246.857239
1523.127930	35.359650
1522.113281	2.255485
1521.097656	175.909683
1520.082031	59.026325
1519.065430	-82.461174
1518.049805	-17.252251
1517.033203	82.320274
1516.016602	24.429441
1515.000000	320.579712
1513.982422	-118.428276
1512.965820	76.800125
1511.948242	-190.033859
1510.930664	66.470619
1509.913086	18.281988
1508.894531	-93.770844
1507.875977	-36.405075
1506.857422	123.998184
1505.838867	156.697495
1504.820313	54.415298
1503.800781	15.917980
1502.781250	-27.492908
1501.761719	-53.746243
1500.742188	135.713486
1499.721680	-49.927429
1498.702148	-112.981461
1497.681641	34.647781
1496.661133	128.309875
1495.639648	175.374725
1494.618164	129.365784
1493.597656	161.699142
1492.576172	123.020943
1491.553711	216.458038
1490.532227	221.788055
1489.509766	28.986206
1488.487305	127.234253
1487.464844	93.414978
1486.442383	-135.934540
1485.418945	18.447214
1484.395508	-74.002098
1483.372070	-12.535417
1482.348633	119.720299
1481.324219	29.717945
1480.300781	66.696220
1479.276367	13.342196
1478.251953	40.530102
1477.226563	72.572227
1476.202148	63.147671
1475.176758	34.208187
1474.151367	392.919983
1473.125000	5.608035
1472.099609	-40.354244
1471.073242	176.830627
1470.046875	-90.818642
1469.020508	-24.698574
1467.994141	141.228882
1466.966797	146.414749
1465.939453	146.739960
1464.912109	241.973999
1463.884766	217.970337
1462.856445	451.801086
1461.829102	148.131363
1460.800781	206.851593
1459.772461	83.254715
1458.743164	304.807434
1457.714844	431.533051
1456.685547	473.189362
1455.656250	228.260513
1454.625977	403.517029
1453.596680	122.329613
1452.566406	173.789200
1451.536133	217.967743
1450.505859	470.793762
1449.474609	306.322968
1448.444336	423.264648
1447.413086	445.612244
1446.381836	373.437531
1445.350586	383.718781
1444.318359	452.163116
1443.286133	426.128326
1442.253906	138.558487
1441.221680	-5.994993
1440.189453	234.473419
1439.156250	87.589912
1438.123047	144.071411
1437.089844	253.787659
1436.056641	271.570282
1435.022461	279.694000
1433.988281	-9.550229
1432.954102	293.611542
1431.919922	110.895653
1430.885742	97.433479
1429.850586	219.286926
1428.815430	56.120712
1427.780273	59.678444
1426.744141	290.200806
1425.708984	-32.074455
1424.672852	-74.250397
1423.636719	79.058128
1422.600586	-151.199310
1421.563477	173.355804
1420.527344	-167.659439
1419.490234	38.716736
1418.452148	8.842155
1417.415039	-6.513052
1416.376953	-106.148659
1415.338867	143.543625
1414.300781	-204.033615
1413.262695	-86.762039
1412.224609	-150.027161
1411.185547	-83.281311
1410.146484	5.132356
1409.107422	-60.403225
1408.067383	-3.223075
1407.027344	-90.293610
1405.987305	115.998535
1404.947266	-28.659069
1403.907227	-60.275154
1402.866211	93.143509
1401.826172	8.758054
1400.785156	37.307850
1399.743164	125.901413
1398.702148	51.282574
1397.660156	202.316879
1396.618164	34.216038
1395.576172	305.214325
1394.533203	439.427277
1393.491211	715.103088
1392.448242	415.346893
1391.405273	393.786163
1390.361328	777.235718
1389.318359	772.460876
1388.274414	705.445068
1387.230469	825.287170
1386.186523	947.514282
1385.141602	1081.689453
1384.097656	1019.615601
1383.052734	1041.343872
1382.007813	1091.809814
1380.961914	1412.540283
1379.916992	901.071411
1378.871094	1104.644897
1377.825195	995.068176
1376.778320	813.882935
1375.732422	828.724426
1374.685547	841.202942
1373.638672	872.816956
1372.591797	718.229126
1371.543945	570.897522
1370.497070	454.698944
1369.449219	753.741089
1368.400391	375.208313
1367.352539	628.897095
1366.303711	434.227844
1365.255859	344.578003
1364.206055	514.779846
1363.157227	406.148651
1362.108398	542.985168
1361.058594	553.548462
1360.008789	487.937012
1358.958984	734.277222
1357.908203	547.313599
1356.857422	324.764496
1355.806641	502.066956
1354.755859	741.172546
1353.705078	378.496796
1352.653320	636.599670
1351.601563	611.725708
1350.549805	306.433105
1349.498047	395.755371
1348.445313	435.169586
1347.393555	246.579300
1346.340820	212.445114
1345.287109	349.286072
1344.234375	6.615842
1343.180664	-79.587212
1342.126953	197.288422
1341.073242	493.043884
1340.019531	8.426659
1338.964844	292.277283
1337.910156	284.442505
1336.855469	68.062378
1335.799805	169.314407
1334.745117	161.571243
1333.689453	66.207108
1332.633789	108.249321
1331.578125	465.172852
1330.521484	14.798927
1329.464844	-37.790565
1328.408203	-21.727074
1327.351563	-268.224091
1326.294922	19.884745
1325.237305	5.225442
1324.179688	-28.325251
1323.122070	42.142227
1322.064453	176.391937
1321.005859	-81.573143
1319.947266	-105.585274
1318.888672	7.383283
1317.830078	61.291897
1316.770508	-111.414955
1315.710938	-90.529556
1314.651367	-29.536848
1313.591797	33.796978
1312.531250	19.280718
1311.471680	-254.576950
1310.411133	89.298187
1309.349609	166.705429
1308.289063	-0.961820
1307.227539	281.394165
1306.166016	33.698830
1305.104492	38.071770
1304.042969	113.074005
1302.980469	166.856247
1301.917969	55.892761
1300.855469	112.019974
1299.792969	146.955185
1298.729492	-18.022926
1297.666016	-178.226196
1296.602539	117.665207
1295.539063	253.618622
1294.474609	60.557308
1293.411133	100.148071
1292.346680	191.381470
1291.281250	-48.513432
1290.216797	228.167297
1289.151367	2.445505
1288.085938	39.632427
1287.020508	151.873199
1285.955078	57.652805
1284.888672	26.779373
1283.822266	28.737034
1282.755859	288.529358
1281.689453	72.472420
1280.622070	93.140022
1279.554688	8.380582
1278.487305	129.744598
1277.419922	199.536469
1276.351563	168.623947
1275.283203	-35.474537
1274.214844	111.496613
1273.146484	-27.012655
1272.077148	45.025620
1271.008789	278.379059
1269.939453	188.988586
1268.869141	207.141113
1267.799805	367.829895
1266.729492	236.391357
1265.659180	151.717117
1264.588867	132.459335
1263.517578	78.171432
1262.447266	236.325287
1261.375977	121.340363
1260.304688	48.395416
1259.232422	-108.514709
1258.161133	348.024353
1257.088867	163.116592
1256.016602	206.739716
1254.943359	292.281158
1253.871094	415.063538
1252.797852	311.793427
1251.724609	308.714203
1250.650391	496.571716
1249.577148	325.802979
1248.502930	373.892822
1247.428711	279.994904
1246.354492	372.258606
1245.279297	415.617340
1244.204102	219.406372
1243.128906	255.782028
1242.053711	382.791260
1240.977539	393.524689
1239.902344	399.601166
1238.826172	268.597321
1237.750000	358.284119
1236.672852	259.830322
1235.595703	265.878906
1234.518555	206.926163
1233.441406	25.001530
1232.364258	28.749697
1231.286133	220.360947
1230.208008	249.548676
1229.129883	30.637300
1228.051758	210.504959
1226.972656	385.644684
1225.893555	247.909546
1224.814453	-56.556644
1223.734375	-78.358505
1222.655273	256.423859
1221.575195	93.338829
1220.495117	-171.516312
1219.415039	230.141891
1218.333984	-9.198346
1217.252930	158.627655
1216.171875	-41.292877
1215.090820	-141.721390
1214.008789	93.029549
1212.926758	110.451828
1211.844727	-153.997208
1210.762695	175.289200
1209.679688	238.850067
1208.597656	-48.552807
1207.513672	-88.857697
1206.430664	-50.676430
1205.347656	-5.594007
1204.263672	-52.809666
1203.179688	45.287663
1202.095703	-1.921794
1201.010742	199.847122
1199.925781	-20.238859
1198.840820	-67.411797
1197.755859	21.355042
1196.670898	-228.487793
1195.584961	23.760902
1194.499023	-60.220425
1193.413086	-128.050552
1192.326172	61.874096
1191.239258	44.658699
1190.152344	128.660080
1189.065430	-109.323532
1187.978516	43.654510
1186.890625	155.186081
1185.802734	-80.342384
1184.714844	86.318489
1183.625977	-70.986473
1182.538086	203.547348
1181.449219	193.244995
1180.360352	137.042633
1179.270508	73.979462
1178.180664	281.707458
1177.090820	186.536514
1176.000977	251.962128
1174.911133	0.929939
1173.820313	366.695984
1172.729492	305.996155
1171.638672	362.197968
1170.547852	333.616180
1169.456055	334.828156
1168.364258	93.310959
1167.272461	282.330475
1166.179688	107.326401
1165.087891	152.106842
1163.995117	283.814484
1162.902344	452.072815
1161.808594	638.556824
1160.715820	557.467041
1159.622070	743.868164
1158.528320	674.236145
1157.433594	570.367981
1156.339844	596.772827
1155.245117	575.213501
1154.149414	521.703125
1153.054688	486.499542
1151.958984	371.437073
1150.863281	573.613525
1149.767578	485.987091
1148.671875	375.605774
1147.575195	538.918213
1146.478516	556.266113
1145.381836	669.349915
1144.285156	625.163818
1143.187500	448.866425
1142.089844	445.773071
1140.992188	53.286201
1139.894531	246.112900
1138.795898	-61.908535
1137.697266	176.398422
1136.598633	-47.255226
1135.499023	-16.031202
1134.400391	-269.075684
1133.300781	-110.457298
1132.201172	-106.471291
1131.100586	-102.476646
1130.000977	21.962299
1128.900391	246.310226
1127.799805	177.593033
1126.698242	152.060150
1125.596680	115.203217
1124.495117	-182.630219
1123.393555	127.810715
1122.291992	79.687012
1121.189453	122.318443
1120.086914	418.917175
1118.984375	375.334625
1117.881836	662.706299
1116.778320	519.403748
1115.674805	580.082458
1114.571289	676.988159
1113.466797	409.264893
1112.363281	361.292877
1111.258789	428.790985
1110.153320	478.162292
1109.048828	321.640350
1107.943359	423.065186
1106.837891	436.257019
1105.732422	53.779945
1104.625977	263.730072
1103.520508	46.463802
1102.414063	71.065369
1101.306641	215.385941
1100.200195	267.060120
1099.092773	110.981705
1097.985352	343.264648
1096.877930	38.299030
1095.769531	162.195648
1094.661133	28.868116
1093.552734	294.815887
1092.444336	102.903664
1091.335938	159.067383
1090.226563	109.273247
1089.117188	111.334160
1088.006836	23.276846
1086.897461	144.738403
1085.787109	101.756256
1084.676758	-22.253248
1083.566406	38.364487
1082.455078	346.488678
1081.343750	242.753372
1080.232422	238.033844
1079.121094	129.868408
1078.008789	266.812042
1076.896484	291.300446
1075.784180	201.161011
1074.671875	239.125381
1073.558594	510.676147
1072.445313	272.303741
1071.332031	332.656708
1070.217773	67.474472
1069.104492	260.239594
1067.990234	93.902359
1066.875977	183.359390
1065.760742	447.695740
1064.645508	151.338226
1063.530273	74.791817
1062.415039	-6.216840
1061.299805	62.925587
1060.183594	-58.403961
1059.067383	-108.023758
1057.951172	-128.529465
1056.833984	-68.457314
1055.716797	-167.343323
1054.599609	-91.666016
1053.482422	120.422279
1052.364258	-27.716299
1051.247070	197.632401
1050.128906	-13.103252
1049.009766	238.899902
1047.891602	135.461578
1046.772461	85.654549
1045.653320	55.943832
1044.533203	-58.647472
1043.414063	-59.348324
1042.293945	116.249794
1041.173828	66.343414
1040.052734	-50.512241
1038.932617	20.024376
1037.811523	59.266834
1036.689453	15.953282
1035.568359	-45.205425
1034.446289	-48.438862
1033.324219	-218.815918
1032.202148	-86.209702
1031.079102	86.375214
1029.957031	-86.270905
1028.833984	83.921867
1027.709961	107.099876
1026.586914	27.875891
1025.462891	-46.918648
1024.338867	-119.502724
1023.214844	54.705669
1022.089844	-26.866674
1020.964844	-48.447407
1019.839844	-94.513077
1018.714844	161.510559
1017.588867	-162.319016
1016.462891	166.762970
1015.336914	-37.156528
1014.210938	134.050461
1013.083984	89.874924
1011.957031	-100.758034
1010.830078	43.545235
1009.702148	163.322464
1008.574219	526.844666
1007.446289	836.945007
1006.318359	1020.530823
1005.190430	1305.876709
1004.061523	1451.479248
1002.932617	1402.082275
1001.802734	841.221558
1000.673828	512.960327
999.543945	432.618408
998.414063	259.320984
997.283203	234.222565
996.153320	383.769867
995.022461	542.012817
993.891602	330.981140
992.759766	628.231567
991.628906	931.906738
990.497070	1301.628418
989.364258	1498.845093
988.232422	1779.803345
987.099609	1970.046631
985.966797	2032.130615
984.833984	2259.582275
983.700195	2455.963867
982.566406	2239.782471
981.432617	2078.741211
980.298828	1928.716309
979.164063	1910.901123
978.029297	1298.123413
976.894531	1377.224731
975.759766	1229.372925
974.624023	641.143555
973.488281	792.732239
972.352539	578.843933
971.215820	301.155731
970.080078	654.856201
968.943359	656.422791
967.805664	248.929520
966.668945	509.821320
965.531250	267.219818
964.393555	437.729462
963.254883	326.888580
962.117188	198.459061
960.978516	381.792694
959.839844	413.492371
958.700195	341.936157
957.561523	399.802643
956.421875	446.585846
955.281250	252.006790
954.141602	296.451599
953.000977	531.513672
951.860352	459.552429
950.719727	411.650604
949.578125	407.500580
948.436523	438.319489
947.294922	287.307343
946.153320	252.318558
945.010742	158.168411
943.868164	488.494446
942.725586	68.229286
941.583008	138.012589
940.439453	4.323741
939.295898	54.267448
938.152344	-33.575066
937.007813	81.767731
935.863281	441.670380
934.718750	146.102936
933.574219	149.769806
932.428711	96.601532
931.283203	-11.167605
930.137695	121.088852
928.992188	109.241554
927.845703	-216.747726
926.699219	15.599782
925.552734	40.676365
924.405273	48.244591
923.257813	-105.493843
922.110352	-41.345749
920.962891	53.219978
919.814453	-57.006691
918.666016	122.332512
917.517578	125.243431
916.369141	117.235878
915.219727	146.172150
914.070313	-33.747406
912.920898	-4.854651
911.770508	-26.019638
910.621094	46.273758
909.470703	105.459129
908.319336	-85.260117
907.168945	193.263214
906.017578	-32.170063
904.866211	-90.345444
903.713867	-85.570282
902.562500	138.378998
901.410156	-60.856819
900.256836	-17.083792
899.104492	-129.459091
897.951172	-9.810579
896.797852	-28.939117
895.644531	-43.718983
894.490234	45.497894
893.335938	-218.378342
892.181641	87.414841
891.027344	167.919312
889.872070	49.259884
888.716797	75.665131
887.561523	156.173080
886.405273	9.541536
885.249023	-91.577110
884.092773	21.423609
882.936523	-66.611534
881.779297	-171.863968
880.622070	-22.085625
879.464844	19.669872
878.307617	-81.072945
877.149414	-99.686646
875.991211	-92.331482
874.833008	100.663589
873.673828	26.092226
872.514648	9.858504
871.355469	-88.245399
870.196289	50.924252
869.036133	-3.899130
867.875977	49.129704
866.715820	173.312698
865.554688	278.125702
864.394531	363.606964
863.233398	220.910202
862.071289	114.958649
860.910156	211.446365
859.748047	105.742340
858.585938	178.720474
857.422852	157.142303
856.259766	206.631546
855.096680	34.814266
853.933594	245.711090
852.770508	134.356247
851.606445	334.623077
850.442383	401.779144
849.277344	-33.368416
848.113281	10.491109
846.948242	-3.488037
845.783203	32.023708
844.617188	258.552521
843.451172	219.204987
842.285156	-113.701706
841.119141	-28.328926
839.952148	179.295151
838.785156	168.448334
837.618164	44.236691
836.451172	314.274017
835.283203	111.184891
834.115234	28.222898
832.947266	242.921631
831.778320	117.507431
830.609375	73.606377
829.440430	156.066315
828.271484	125.354149
827.101563	366.286438
825.931641	188.441483
824.761719	149.733261
823.590820	420.935608
822.420898	260.840271
821.250000	237.641525
820.078125	280.806274
818.907227	343.351593
817.735352	167.111160
816.562500	379.340698
815.390625	538.358704
814.217773	373.439117
813.044922	202.401627
811.872070	136.059631
810.698242	37.988556
809.524414	21.103048
808.350586	76.829453
807.176758	230.664307
806.001953	37.689152
804.827148	57.803833
803.651367	-121.870941
802.476563	-154.492218
801.300781	-18.908606
800.125000	29.653582
798.948242	178.289856
797.772461	44.442879
796.595703	125.430916
795.417969	19.673645
794.241211	79.799789
793.063477	38.194668
791.885742	332.159149
790.707031	225.132751
789.529297	29.252069
788.350586	185.741104
787.170898	98.497070
785.992188	145.045761
784.812500	34.922272
783.632813	189.913589
782.452148	122.578499
781.272461	49.106972
780.091797	166.425385
778.911133	171.669128
777.729492	77.611816
776.547852	21.862833
775.366211	-103.500954
774.184570	-59.436024
773.001953	-148.440277
771.819336	24.895264
770.636719	-55.314091
769.453125	27.373154
768.269531	-196.142715
767.085938	-237.776138
765.902344	-51.203403
764.717773	-191.787842
763.533203	-97.905678
762.348633	-3.938727
761.163086	-163.035614
759.977539	-37.219822
758.791992	46.479908
757.606445	50.140148
756.419922	-62.011002
755.233398	-34.947178
754.046875	-159.478943
752.859375	27.832529
751.672852	-132.285461
750.485352	65.605270
749.296875	154.035583
748.108398	316.124390
746.919922	246.798615
745.731445	80.813240
744.542969	230.327438
743.353516	-44.810421
742.164063	155.162308
740.973633	-50.445213
739.783203	103.254402
738.592773	-53.925880
737.402344	82.904968
736.211914	-51.121872
735.020508	110.800385
733.829102	180.302887
732.636719	73.543800
731.444336	-35.302834
730.251953	377.905640
729.059570	107.528603
727.866211	88.692673
726.673828	201.781372
725.479492	69.672272
724.286133	161.603058
723.091797	8.443730
721.897461	307.366760
720.703125	-109.645370
719.507813	67.592125
718.312500	221.607559
717.117188	80.563324
715.921875	10.524263
714.725586	205.821487
713.529297	89.505600
712.332031	305.263153
711.135742	249.213516
709.938477	80.252647
708.740234	255.656708
707.542969	282.591400
706.344727	501.292236
705.146484	1028.440918
703.948242	1204.730957
702.749023	1347.357056
701.549805	1245.783569
700.350586	1039.820190
699.150391	854.558228
697.950195	902.471497
696.750000	685.614807
695.549805	139.621429
694.348633	572.064209
693.147461	335.967926
691.946289	349.422394
690.744141	485.352722
689.541992	323.555420
688.339844	369.506561
687.136719	620.978027
685.934570	379.522461
684.730469	447.514526
683.527344	255.561432
682.323242	518.268982
681.119141	518.988464
679.915039	370.005280
678.710938	559.133057
677.505859	482.356842
676.300781	283.006561
675.094727	577.103821
673.889648	277.875214
672.683594	382.793610
671.476563	0.461036
670.270508	158.893158
669.063477	114.086769
667.856445	410.845032
666.648438	169.018433
665.440430	-29.346920
664.232422	306.186646
663.024414	62.179157
661.815430	223.630692
660.606445	380.827576
659.397461	-49.222404
658.188477	-63.605640
656.978516	-40.757385
655.768555	-61.244228
654.557617	-106.419731
653.346680	-83.307938
652.135742	127.820038
650.924805	124.382469
649.712891	-132.639938
648.501953	-168.521927
647.289063	-53.520184
646.077148	41.164265
644.864258	66.109863
643.651367	29.665199
642.438477	-26.869118
641.224609	323.007660
640.010742	209.927765
638.796875	157.283417
637.582031	148.625870
636.367188	25.515928
635.152344	115.260345
633.937500	14.582820
632.721680	246.078445
631.505859	30.311487
630.289063	165.271988
629.073242	420.609009
627.856445	469.641785
626.639648	427.635803
625.421875	348.156036
624.204102	214.893127
622.986328	165.517365
621.768555	-29.771749
620.549805	-101.972122
619.331055	33.029549
618.111328	108.626144
616.892578	-47.275665
