1721.000977	58.424171
1720.027344	190.453247
1719.052734	31.177320
1718.078125	14.663083
1717.104492	-59.228004
1716.128906	19.881451
1715.154297	103.215553
1714.178711	124.148193
1713.204102	-145.358444
1712.228516	-179.764053
1711.251953	-61.170490
1710.276367	-12.481231
1709.299805	240.392303
1708.324219	3.482869
1707.347656	22.048325
1706.370117	106.562500
1705.393555	-44.916546
1704.416016	97.342361
1703.438477	26.746235
1702.460938	-179.828537
1701.483398	-23.708578
1700.505859	114.030647
1699.527344	-11.936901
1698.548828	142.835129
1697.570313	-11.922476
1696.591797	-126.087082
1695.612305	129.730698
1694.632813	242.174988
1693.653320	17.365326
1692.673828	-3.453457
1691.694336	69.895424
1690.713867	-198.847778
1689.734375	-87.668251
1688.753906	18.153967
1687.772461	3.919604
1686.791992	68.554916
1685.810547	-70.864494
1684.830078	174.357605
1683.848633	24.522692
1682.866211	-3.140391
1681.884766	111.707268
1680.902344	22.751734
1679.919922	-15.343279
1678.937500	63.556652
1677.955078	68.588417
1676.971680	-51.078239
1675.989258	121.720749
1675.005859	17.275450
1674.022461	-36.313248
1673.038086	148.976196
1672.054688	1.348375
1671.070313	36.664936
1670.085938	-215.022552
1669.101563	-19.686270
1668.117188	-93.516525
1667.131836	116.966125
1666.146484	190.355789
1665.161133	-2.649168
1664.175781	-45.875084
1663.189453	47.889828
1662.204102	63.078735
1661.217773	-35.781292
1660.231445	-139.613785
1659.245117	-45.695683
1658.257813	-27.776186
1657.270508	73.786659
1656.284180	117.145027
1655.295898	261.795929
1654.308594	249.532013
1653.321289	-76.472061
1652.333008	48.106884
1651.344727	-27.139763
1650.356445	145.587204
1649.367188	201.984695
1648.378906	190.195541
1647.389648	14.180470
1646.400391	298.254211
1645.411133	109.822533
1644.420898	-48.151394
1643.431641	172.869095
1642.441406	-45.484200
1641.451172	117.531960
1640.459961	179.591476
1639.469727	226.582367
1638.478516	79.359291
1637.487305	338.381470
1636.496094	211.535034
1635.504883	294.093689
1634.512695	-66.975784
1633.520508	393.790955
1632.528320	148.918335
1631.536133	282.107483
1630.543945	304.495911
1629.550781	281.610046
1628.557617	268.878265
1627.564453	344.324646
1626.571289	522.991760
1625.578125	653.849915
1624.583984	734.398193
1623.589844	860.250854
1622.595703	681.865356
1621.601563	1031.550537
1620.606445	1087.066650
1619.611328	1089.851440
1618.616211	1044.958984
1617.621094	1153.367188
1616.625977	1003.120056
1615.629883	1194.446533
1614.633789	966.529419
1613.637695	874.286804
1612.641602	1135.933594
1611.645508	930.899719
1610.648438	1074.622314
1609.651367	1040.284790
1608.654297	1128.854858
1607.657227	1312.680542
1606.659180	1110.516479
1605.662109	1361.996094
1604.664063	1237.635864
1603.666016	1428.931152
1602.666992	1379.781494
1601.668945	1500.933472
1600.669922	1466.865479
1599.670898	1382.791870
1598.671875	1473.911865
1597.671875	1269.840210
1596.672852	1140.914917
1595.672852	1222.079834
1594.672852	1090.744141
1593.671875	929.476929
1592.671875	863.257690
1591.670898	789.573486
1590.669922	693.452759
1589.668945	639.835510
1588.667969	528.825745
1587.666016	650.000244
1586.664063	539.037170
1585.662109	799.895996
1584.660156	441.993347
1583.658203	226.404068
1582.655273	399.884918
1581.652344	239.229294
1580.649414	220.712341
1579.646484	249.546722
1578.642578	313.234467
1577.638672	279.742981
1576.634766	281.125793
1575.630859	177.926804
1574.626953	114.591263
1573.622070	208.058914
1572.618164	-158.850464
1571.613281	-55.435081
1570.607422	164.814926
1569.602539	71.640373
1568.596680	35.663059
1567.590820	131.429810
1566.584961	102.881332
1565.579102	-107.052414
1564.572266	-53.606232
1563.566406	186.085052
1562.559570	-63.526558
1561.551758	69.254631
1560.544922	85.316460
1559.537109	-124.480850
1558.530273	13.147126
1557.521484	-161.870880
1556.513672	-61.546371
1555.505859	175.086304
1554.497070	208.314056
1553.488281	132.454895
1552.479492	96.253738
1551.470703	92.251411
1550.460938	-171.853958
1549.451172	42.063469
1548.441406	-95.696594
1547.431641	-37.872452
1546.421875	-88.985603
1545.411133	186.491272
1544.400391	-27.970074
1543.389648	-183.006256
1542.378906	238.139664
1541.367188	-10.885783
1540.355469	12.053407
1539.343750	10.251384
1538.332031	20.781628
1537.320313	-92.217903
1536.307617	-96.542023
1535.294922	-31.751783
1534.282227	111.986168
1533.269531	26.116539
1532.256836	80.913155
1531.243164	4.903538
1530.229492	67.029755
1529.215820	62.532501
1528.202148	119.654457
1527.187500	-45.118809
1526.172852	-39.797237
1525.158203	12.320889
1524.143555	-95.716980
1523.127930	-65.817810
1522.113281	-75.328987
1521.097656	-77.478073
1520.082031	70.498589
1519.065430	28.908932
1518.049805	105.431068
1517.033203	-44.397892
1516.016602	164.868408
1515.000000	-75.900162
1513.982422	148.002823
1512.965820	-80.389938
1511.948242	-60.536407
1510.930664	128.806732
1509.913086	47.896111
1508.894531	-1.076424
1507.875977	55.534809
1506.857422	117.026520
1505.838867	193.214951
1504.820313	198.219070
1503.800781	235.095078
1502.781250	4.636111
1501.761719	100.384041
1500.742188	247.574081
1499.721680	-112.646736
1498.702148	323.677155
1497.681641	-33.951042
1496.661133	17.620216
1495.639648	-14.097715
1494.618164	125.586731
1493.597656	125.706863
1492.576172	96.456451
1491.553711	-214.163605
1490.532227	35.562817
1489.509766	375.673309
1488.487305	6.539039
1487.464844	314.754608
1486.442383	60.693943
1485.418945	60.882206
1484.395508	2.450248
1483.372070	268.930176
1482.348633	2.934122
1481.324219	157.008865
1480.300781	-23.376047
1479.276367	-211.000977
1478.251953	43.124119
1477.226563	172.731613
1476.202148	202.322098
1475.176758	-36.324074
1474.151367	195.683395
1473.125000	88.797676
1472.099609	201.319855
1471.073242	165.186737
1470.046875	56.018963
1469.020508	105.225449
1467.994141	-50.091515
1466.966797	101.406128
1465.939453	53.291946
1464.912109	61.195541
1463.884766	146.978912
1462.856445	422.462646
1461.829102	282.040771
1460.800781	170.875290
1459.772461	344.187927
1458.743164	522.311096
1457.714844	197.452911
1456.685547	460.625275
1455.656250	393.418793
1454.625977	571.511658
1453.596680	412.135162
1452.566406	281.979065
1451.536133	299.940491
1450.505859	254.853912
1449.474609	382.032440
1448.444336	286.101257
1447.413086	408.449860
1446.381836	184.148834
1445.350586	260.503265
1444.318359	625.195557
1443.286133	321.165253
1442.253906	307.944000
1441.221680	210.020386
1440.189453	504.377197
1439.156250	508.187195
1438.123047	-13.081086
1437.089844	-16.329691
1436.056641	205.424057
1435.022461	74.034691
1433.988281	78.146294
1432.954102	-135.258514
1431.919922	-0.503748
1430.885742	165.652939
1429.850586	51.540878
1428.815430	-103.534096
1427.780273	173.746506
1426.744141	245.731628
1425.708984	57.061615
1424.672852	-34.962208
1423.636719	-199.280426
1422.600586	-165.682053
1421.563477	84.988640
1420.527344	-35.706692
1419.490234	5.197753
1418.452148	70.225533
1417.415039	287.088318
1416.376953	55.800987
1415.338867	-40.456474
1414.300781	96.956459
1413.262695	118.793594
1412.224609	-66.335831
1411.185547	133.696930
1410.146484	-65.709709
1409.107422	-123.059837
1408.067383	-33.642570
1407.027344	-105.317520
1405.987305	-289.901306
1404.947266	-41.737919
1403.907227	-45.944782
1402.866211	62.800484
1401.826172	68.272293
1400.785156	59.369587
1399.743164	134.537521
1398.702148	305.739655
1397.660156	395.310699
1396.618164	196.966614
1395.576172	308.199219
1394.533203	448.200317
1393.491211	756.036438
1392.448242	605.894226
1391.405273	654.792114
1390.361328	792.361511
1389.318359	1061.689941
1388.274414	1117.757446
1387.230469	1202.580200
1386.186523	1402.329712
1385.141602	1561.330688
1384.097656	1720.311035
1383.052734	1934.284302
1382.007813	2028.598389
1380.961914	1541.734619
1379.916992	1674.424194
1378.871094	1290.716187
1377.825195	1449.759277
1376.778320	1178.638184
1375.732422	1263.648315
1374.685547	1233.999268
1373.638672	1259.321655
1372.591797	840.587769
1371.543945	1049.841431
1370.497070	776.975464
1369.449219	585.373352
1368.400391	1006.944885
1367.352539	789.205444
1366.303711	826.718506
1365.255859	752.206482
1364.206055	632.457520
1363.157227	736.789673
1362.108398	743.426819
1361.058594	676.243347
1360.008789	1078.244507
1358.958984	934.884888
1357.908203	591.654114
1356.857422	1060.119873
1355.806641	738.476868
1354.755859	866.587769
1353.705078	678.356201
1352.653320	637.643127
1351.601563	582.705505
1350.549805	530.191223
1349.498047	499.107361
1348.445313	603.465454
1347.393555	420.404755
1346.340820	562.769165
1345.287109	272.981903
1344.234375	396.363831
1343.180664	408.165192
1342.126953	237.283371
1341.073242	227.797821
1340.019531	159.041946
1338.964844	308.464844
1337.910156	457.838898
1336.855469	403.333405
1335.799805	69.247185
1334.745117	154.652710
1333.689453	97.909958
1332.633789	164.343918
1331.578125	195.247009
1330.521484	34.410309
1329.464844	89.006454
1328.408203	34.751690
1327.351563	155.577103
1326.294922	146.282913
1325.237305	61.332199
1324.179688	4.792095
1323.122070	-6.810584
1322.064453	456.545135
1321.005859	-27.628803
1319.947266	34.012085
1318.888672	-36.606922
1317.830078	67.513687
1316.770508	-149.422638
1315.710938	-146.796066
1314.651367	-214.948853
1313.591797	-122.668541
1312.531250	87.484695
1311.471680	-150.430679
1310.411133	-147.804047
1309.349609	76.354416
1308.289063	104.851242
1307.227539	-36.284939
1306.166016	-151.453796
1305.104492	-2.841228
1304.042969	140.995743
1302.980469	225.920929
1301.917969	-25.703604
1300.855469	118.033936
1299.792969	254.648865
1298.729492	40.794071
1297.666016	-3.683932
1296.602539	-8.187780
1295.539063	142.417023
1294.474609	-139.386490
1293.411133	-47.553432
1292.346680	-146.010025
1291.281250	-51.891273
1290.216797	328.593842
1289.151367	75.191017
1288.085938	209.076904
1287.020508	70.757202
1285.955078	87.298149
1284.888672	82.714134
1283.822266	35.924065
1282.755859	-27.259686
1281.689453	155.645187
1280.622070	101.815239
1279.554688	43.319809
1278.487305	59.783821
1277.419922	282.283386
1276.351563	-33.745152
1275.283203	270.572296
1274.214844	289.278717
1273.146484	394.530273
1272.077148	354.710632
1271.008789	88.083778
1269.939453	420.057648
1268.869141	303.097076
1267.799805	347.432892
1266.729492	183.799194
1265.659180	302.867126
1264.588867	221.039108
1263.517578	335.359039
1262.447266	269.887787
1261.375977	85.406479
1260.304688	38.666344
1259.232422	318.519928
1258.161133	432.662933
1257.088867	108.374535
1256.016602	460.281036
1254.943359	338.883453
1253.871094	331.723236
1252.797852	466.663605
1251.724609	641.139465
1250.650391	652.517090
1249.577148	496.265778
1248.502930	519.301453
1247.428711	416.656799
1246.354492	346.624939
1245.279297	174.265625
1244.204102	457.800934
1243.128906	366.865936
1242.053711	250.398376
1240.977539	533.715820
1239.902344	405.639191
1238.826172	59.242687
1237.750000	105.510201
1236.672852	351.446838
1235.595703	119.034454
1234.518555	388.070282
1233.441406	420.292969
1232.364258	310.982147
1231.286133	97.334381
1230.208008	87.853058
1229.129883	305.591278
1228.051758	398.063110
1226.972656	-28.622774
1225.893555	272.408142
1224.814453	79.904297
1223.734375	248.769363
1222.655273	174.451050
1221.575195	229.797394
1220.495117	-8.803489
1219.415039	-177.878540
1218.333984	51.022858
1217.252930	46.228268
1216.171875	22.943190
1215.090820	99.084045
1214.008789	-67.498100
1212.926758	140.356308
1211.844727	-51.559341
1210.762695	195.483887
1209.679688	-127.979309
1208.597656	-116.507294
1207.513672	328.915344
1206.430664	24.127542
1205.347656	74.806587
1204.263672	-114.436592
1203.179688	30.823093
1202.095703	12.322372
1201.010742	-36.134418
1199.925781	115.955872
1198.840820	51.396374
1197.755859	214.945297
1196.670898	-146.691879
1195.584961	161.920105
1194.499023	-167.293839
1193.413086	0.815129
1192.326172	-100.378258
1191.239258	51.562588
1190.152344	3.339195
1189.065430	47.139423
1187.978516	-97.591064
1186.890625	166.907318
1185.802734	15.348365
1184.714844	148.777328
1183.625977	220.139374
1182.538086	231.783432
1181.449219	264.099518
1180.360352	209.187988
1179.270508	232.347595
1178.180664	246.338821
1177.090820	97.468552
1176.000977	251.428452
1174.911133	205.849640
1173.820313	265.761383
1172.729492	204.193512
1171.638672	186.210693
1170.547852	-58.548206
1169.456055	308.373901
1168.364258	45.414867
1167.272461	206.143250
1166.179688	247.793472
1165.087891	312.338531
1163.995117	619.391724
1162.902344	670.140686
1161.808594	672.859009
1160.715820	899.673706
1159.622070	703.512695
1158.528320	738.288086
1157.433594	672.531250
1156.339844	430.935455
1155.245117	406.432526
1154.149414	639.977661
1153.054688	574.394653
1151.958984	460.930054
1150.863281	511.831604
1149.767578	218.255493
1148.671875	335.379395
1147.575195	169.711319
1146.478516	225.280182
1145.381836	235.261642
1144.285156	236.147705
1143.187500	237.049973
1142.089844	130.921005
1140.992188	-7.020672
1139.894531	-165.369019
1138.795898	1.872343
1137.697266	62.103058
1136.598633	-200.753326
1135.499023	-138.192596
1134.400391	201.818893
1133.300781	-49.466000
1132.201172	19.900980
1131.100586	-15.290784
1130.000977	-43.627037
1128.900391	12.117829
1127.799805	-32.074890
1126.698242	-96.671669
1125.596680	-149.869019
1124.495117	76.139206
1123.393555	61.536087
1122.291992	-64.206245
1121.189453	89.096130
1120.086914	156.178131
1118.984375	606.382935
1117.881836	501.084900
1116.778320	794.674988
1115.674805	983.930969
1114.571289	858.268188
1113.466797	540.182983
1112.363281	663.745056
1111.258789	400.193848
1110.153320	808.884155
1109.048828	350.858154
1107.943359	580.695190
1106.837891	629.514587
1105.732422	379.866241
1104.625977	661.547302
1103.520508	721.632935
1102.414063	198.745499
1101.306641	295.048157
1100.200195	70.614014
1099.092773	212.065430
1097.985352	272.187469
1096.877930	343.565125
1095.769531	218.593048
1094.661133	111.724213
1093.552734	144.734970
1092.444336	89.784431
1091.335938	224.223129
1090.226563	381.131195
1089.117188	-14.122502
1088.006836	237.366379
1086.897461	150.879700
1085.787109	195.025909
1084.676758	322.439545
1083.566406	262.961212
1082.455078	309.256836
1081.343750	229.525360
1080.232422	421.980408
1079.121094	162.318069
1078.008789	478.317413
1076.896484	454.735992
1075.784180	435.635010
1074.671875	447.976135
1073.558594	226.667236
1072.445313	319.842834
1071.332031	217.610992
1070.217773	205.180298
1069.104492	423.893372
1067.990234	265.518219
1066.875977	69.046822
1065.760742	-33.179600
1064.645508	131.432510
1063.530273	280.241211
1062.415039	95.002945
1061.299805	180.935150
1060.183594	172.695297
1059.067383	101.703209
1057.951172	8.311064
1056.833984	71.617630
1055.716797	63.228374
1054.599609	-48.139324
1053.482422	-161.740738
1052.364258	295.001282
1051.247070	53.811138
1050.128906	358.168640
1049.009766	213.064468
1047.891602	123.842461
1046.772461	468.019257
1045.653320	242.405762
1044.533203	61.490929
1043.414063	65.909943
1042.293945	277.845123
1041.173828	-32.575993
1040.052734	-48.423271
1038.932617	22.669403
1037.811523	189.548019
1036.689453	166.759933
1035.568359	23.548565
1034.446289	-77.334167
1033.324219	-26.736870
1032.202148	-145.531906
1031.079102	69.700714
1029.957031	-180.582031
1028.833984	49.986477
1027.709961	-155.841278
1026.586914	23.278837
1025.462891	-147.021301
1024.338867	358.773560
1023.214844	112.705292
1022.089844	44.496170
1020.964844	-190.457397
1019.839844	187.876709
1018.714844	101.657555
1017.588867	86.451012
1016.462891	146.655792
1015.336914	-75.197861
1014.210938	175.701569
1013.083984	246.648239
1011.957031	49.033443
1010.830078	-33.255047
1009.702148	290.178314
1008.574219	391.670471
1007.446289	716.876831
1006.318359	1609.109131
1005.190430	1909.315796
1004.061523	2209.274902
1002.932617	1871.241821
1001.802734	1216.662720
1000.673828	699.516479
999.543945	421.484863
998.414063	355.860809
997.283203	343.236542
996.153320	54.097866
995.022461	647.110168
993.891602	669.469421
992.759766	276.246002
991.628906	689.514526
990.497070	751.269897
989.364258	1060.210815
988.232422	1234.228882
987.099609	1498.549072
985.966797	1336.717773
984.833984	1488.146851
983.700195	1970.258301
982.566406	1958.045898
981.432617	1692.171875
980.298828	1316.093262
979.164063	1475.589111
978.029297	1110.513428
976.894531	978.989197
975.759766	737.300110
974.624023	581.467041
973.488281	608.301514
972.352539	690.032471
971.215820	514.172974
970.080078	736.450134
968.943359	278.934509
967.805664	454.749542
966.668945	309.441406
965.531250	509.125214
964.393555	359.250336
963.254883	224.702606
962.117188	318.529144
960.978516	348.520355
959.839844	398.151520
958.700195	443.253723
957.561523	163.501877
956.421875	484.840271
955.281250	498.871399
954.141602	683.837219
953.000977	800.652466
951.860352	560.068787
950.719727	536.427368
949.578125	690.137207
948.436523	451.641754
947.294922	475.925018
946.153320	408.162445
945.010742	202.444580
943.868164	333.711487
942.725586	333.574341
941.583008	62.146317
940.439453	160.293320
939.295898	345.762543
938.152344	260.050140
937.007813	-74.819763
935.863281	-116.865257
934.718750	68.187317
933.574219	17.252300
932.428711	269.717133
931.283203	-56.394867
930.137695	123.832802
928.992188	94.482651
927.845703	110.879646
926.699219	53.072933
925.552734	180.549500
924.405273	13.657807
923.257813	114.826180
922.110352	135.295670
920.962891	-116.548111
919.814453	165.182449
918.666016	-45.275375
917.517578	-101.129585
916.369141	49.740028
915.219727	239.658676
914.070313	-3.374367
912.920898	82.046371
911.770508	102.172020
910.621094	-66.810387
909.470703	42.412758
908.319336	-30.930634
907.168945	-36.897518
906.017578	-90.650742
904.866211	27.137472
903.713867	214.320129
902.562500	23.852049
901.410156	-79.745758
900.256836	57.469795
899.104492	-63.399986
897.951172	-229.730362
896.797852	0.701093
895.644531	-74.494499
894.490234	103.852753
893.335938	273.490662
892.181641	16.483526
891.027344	188.317581
889.872070	-12.188566
888.716797	-50.246178
887.561523	54.566570
886.405273	-17.990082
885.249023	121.479927
884.092773	-195.228500
882.936523	-271.787231
881.779297	68.827957
880.622070	119.860573
879.464844	-135.765549
878.307617	6.164458
877.149414	-33.244751
875.991211	61.289082
874.833008	168.828461
873.673828	297.988098
872.514648	-55.969543
871.355469	-40.888260
870.196289	116.601067
869.036133	-109.552475
867.875977	293.784180
866.715820	-76.398827
865.554688	277.451416
864.394531	235.047272
863.233398	225.086502
862.071289	185.131775
860.910156	323.968872
859.748047	176.737610
858.585938	-24.043383
857.422852	308.738068
856.259766	-3.462268
855.096680	125.292702
853.933594	385.244690
852.770508	181.184219
851.606445	237.290405
850.442383	141.082474
849.277344	60.124527
848.113281	275.614563
846.948242	-15.259942
845.783203	112.560410
844.617188	-31.896999
843.451172	209.916946
842.285156	18.743366
841.119141	46.499039
839.952148	98.018425
838.785156	-124.509750
837.618164	-18.997074
836.451172	210.888931
835.283203	231.067108
834.115234	221.494583
832.947266	235.691055
831.778320	-308.297424
830.609375	328.903412
829.440430	22.980900
828.271484	80.885910
827.101563	166.782074
825.931641	244.327560
824.761719	208.843979
823.590820	154.387817
822.420898	61.767792
821.250000	266.185425
820.078125	329.874573
818.907227	112.099380
817.735352	317.093445
816.562500	315.336304
815.390625	335.156860
814.217773	286.986755
813.044922	177.277298
811.872070	57.209942
810.698242	195.228622
809.524414	28.846018
808.350586	-45.645550
807.176758	173.942566
806.001953	106.325951
804.827148	43.244343
803.651367	93.186852
802.476563	309.255341
801.300781	78.901833
800.125000	240.073547
798.948242	284.507782
797.772461	199.532516
796.595703	14.979671
795.417969	210.935150
794.241211	313.594391
793.063477	416.430542
791.885742	131.028702
790.707031	295.841034
789.529297	163.783447
788.350586	273.794556
787.170898	462.419861
785.992188	466.723999
784.812500	331.343323
783.632813	522.545898
782.452148	633.352173
781.272461	333.400696
780.091797	205.293320
778.911133	358.984131
777.729492	241.866379
776.547852	108.041908
775.366211	188.108429
774.184570	464.987640
773.001953	306.303009
771.819336	-264.393799
770.636719	-88.619141
769.453125	93.545113
768.269531	20.134100
767.085938	39.802769
765.902344	23.676594
764.717773	60.436962
763.533203	-58.901646
762.348633	-165.438904
761.163086	-122.067970
759.977539	-211.515381
758.791992	179.886276
757.606445	1.987796
756.419922	-24.036095
755.233398	169.122360
754.046875	94.684624
752.859375	66.635551
751.672852	154.411377
750.485352	387.396973
749.296875	218.295670
748.108398	648.910339
746.919922	412.463593
745.731445	371.674042
744.542969	255.160583
743.353516	201.707718
742.164063	370.977325
740.973633	428.732147
739.783203	400.245361
738.592773	350.668640
737.402344	286.307953
736.211914	391.879395
735.020508	381.848114
733.829102	409.444519
732.636719	579.512390
731.444336	581.565552
730.251953	279.435303
729.059570	367.136536
727.866211	71.104393
726.673828	367.921753
725.479492	320.865387
724.286133	361.554138
723.091797	445.951874
721.897461	490.293060
720.703125	274.866699
719.507813	291.499847
718.312500	-83.288879
717.117188	227.708099
715.921875	170.305954
714.725586	488.853088
713.529297	363.924683
712.332031	420.488312
711.135742	416.123169
709.938477	449.005402
708.740234	456.472656
707.542969	830.925171
706.344727	868.880432
705.146484	1304.913940
703.948242	1965.621704
702.749023	2000.071655
701.549805	1788.123169
700.350586	1434.160645
699.150391	1165.401367
697.950195	1060.949341
696.750000	706.218262
695.549805	561.564087
694.348633	429.060699
693.147461	512.667786
691.946289	450.182861
690.744141	522.534790
689.541992	278.331116
688.339844	597.329102
687.136719	364.900635
685.934570	620.600220
684.730469	701.247437
683.527344	415.883789
682.323242	493.722473
681.119141	535.870728
679.915039	403.282623
678.710938	415.694824
677.505859	299.130615
676.300781	317.146942
675.094727	374.255737
673.889648	321.183746
672.683594	104.115448
671.476563	624.668640
670.270508	504.562195
669.063477	216.529480
667.856445	-21.826826
666.648438	153.861389
665.440430	219.654022
664.232422	208.769989
663.024414	226.815063
661.815430	166.233536
660.606445	41.607517
659.397461	-22.933197
658.188477	98.694672
656.978516	69.560135
655.768555	96.426437
654.557617	-78.889740
653.346680	219.063400
652.135742	-164.039963
650.924805	4.545501
649.712891	101.301201
648.501953	64.471130
647.289063	36.506878
646.077148	-120.660423
644.864258	-227.525574
643.651367	72.521278
642.438477	161.104996
641.224609	54.937458
640.010742	-54.210373
638.796875	-11.812022
637.582031	42.132130
636.367188	-147.484573
635.152344	22.493530
633.937500	47.925453
632.721680	50.369610
631.505859	157.438995
630.289063	330.132019
629.073242	508.915222
627.856445	457.645020
626.639648	492.959259
625.421875	354.133362
624.204102	209.792633
622.986328	199.673721
621.768555	198.655411
620.549805	55.093037
619.331055	-158.967972
618.111328	118.628380
616.892578	1.951349
