1721.000977	77.714630
1720.027344	180.277283
1719.052734	-0.306665
1718.078125	-31.151726
1717.104492	326.302582
1716.128906	-120.768326
1715.154297	-117.865822
1714.178711	291.175781
1713.204102	-113.853745
1712.228516	143.630035
1711.251953	176.788849
1710.276367	154.921738
1709.299805	154.899689
1708.324219	376.525482
1707.347656	131.035538
1706.370117	53.500977
1705.393555	-173.384476
1704.416016	36.322075
1703.438477	-169.328278
1702.460938	475.819305
1701.483398	10.246455
1700.505859	-200.289093
1699.527344	270.855530
1698.548828	130.418900
1697.570313	2.147372
1696.591797	-256.961945
1695.612305	502.273560
1694.632813	310.903229
1693.653320	-159.137726
1692.673828	312.190308
1691.694336	14.871269
1690.713867	354.923889
1689.734375	362.914093
1688.753906	-93.590157
1687.772461	-328.516144
1686.791992	529.795166
1685.810547	-67.651627
1684.830078	-127.522293
1683.848633	-159.651047
1682.866211	-237.879395
1681.884766	103.856270
1680.902344	137.194550
1679.919922	144.895355
1678.937500	328.005310
1677.955078	55.527306
1676.971680	19.543131
1675.989258	108.117523
1675.005859	-95.851280
1674.022461	43.346249
1673.038086	75.648331
1672.054688	288.340179
1671.070313	119.824875
1670.085938	32.637760
1669.101563	-46.896099
1668.117188	246.801697
1667.131836	309.380707
1666.146484	44.608284
1665.161133	307.713562
1664.175781	136.999374
1663.189453	504.023560
1662.204102	173.733093
1661.217773	-318.625824
1660.231445	48.499893
1659.245117	-111.495583
1658.257813	-28.157724
1657.270508	-167.638153
1656.284180	-215.745697
1655.295898	310.939148
1654.308594	169.304916
1653.321289	172.109116
1652.333008	-98.257751
1651.344727	81.920708
1650.356445	29.480455
1649.367188	85.905243
1648.378906	188.000015
1647.389648	214.341431
1646.400391	-97.805725
1645.411133	-83.732025
1644.420898	102.229233
1643.431641	-17.272539
1642.441406	269.925659
1641.451172	140.633209
1640.459961	410.309509
1639.469727	205.679672
1638.478516	-11.350616
1637.487305	324.280304
1636.496094	120.267960
1635.504883	93.003014
1634.512695	17.991568
1633.520508	631.211731
1632.528320	599.295837
1631.536133	688.481384
1630.543945	601.494141
1629.550781	1056.078491
1628.557617	687.375061
1627.564453	1109.366821
1626.571289	1337.567871
1625.578125	1666.476807
1624.583984	1162.736694
1623.589844	1464.170044
1622.595703	1408.579712
1621.601563	1637.244873
1620.606445	2172.574463
1619.611328	1504.148071
1618.616211	2210.427734
1617.621094	1929.399780
1616.625977	1691.327271
1615.629883	2063.592285
1614.633789	1745.511230
1613.637695	1799.151733
1612.641602	1729.948486
1611.645508	1728.645020
1610.648438	1682.291748
1609.651367	1503.180664
1608.654297	1956.070557
1607.657227	2007.833496
1606.659180	2377.938477
1605.662109	2139.181152
1604.664063	2131.072754
1603.666016	2516.286621
1602.666992	2478.241699
1601.668945	2485.412354
1600.669922	2264.880615
1599.670898	2042.038330
1598.671875	2312.261719
1597.671875	1731.965698
1596.672852	1752.240845
1595.672852	1347.506348
1594.672852	1058.020874
1593.671875	1146.098389
1592.671875	986.867676
1591.670898	1282.432373
1590.669922	1113.371216
1589.668945	542.403748
1588.667969	521.007568
1587.666016	906.528687
1586.664063	560.732727
1585.662109	634.320007
1584.660156	712.920654
1583.658203	459.832642
1582.655273	171.960938
1581.652344	579.813293
1580.649414	297.117523
1579.646484	271.257751
1578.642578	257.877594
1577.638672	311.797241
1576.634766	-17.794426
1575.630859	133.334564
1574.626953	-113.865059
1573.622070	-104.612488
1572.618164	-43.054386
1571.613281	289.646759
1570.607422	139.668564
1569.602539	-22.631815
1568.596680	58.774906
1567.590820	-113.377045
1566.584961	109.703316
1565.579102	46.963261
1564.572266	-139.975830
1563.566406	-6.409171
1562.559570	-64.123238
1561.551758	-29.979074
1560.544922	68.716415
1559.537109	120.192665
1558.530273	-44.169685
1557.521484	-349.912170
1556.513672	-82.625145
1555.505859	-360.936615
1554.497070	97.080223
1553.488281	143.480316
1552.479492	-117.405495
1551.470703	-23.926065
1550.460938	-24.642656
1549.451172	115.777267
1548.441406	-88.014961
1547.431641	230.557831
1546.421875	125.791626
1545.411133	21.027767
1544.400391	52.349052
1543.389648	135.575058
1542.378906	-199.134735
1541.367188	-219.786438
1540.355469	130.300629
1539.343750	-191.924835
1538.332031	-111.326607
1537.320313	-132.057434
1536.307617	81.783073
1535.294922	-250.147583
1534.282227	-147.498093
1533.269531	189.547699
1532.256836	102.020889
1531.243164	-108.869316
1530.229492	-147.035461
1529.215820	-254.258820
1528.202148	-472.402649
1527.187500	21.855675
1526.172852	35.326504
1525.158203	319.795135
1524.143555	-75.757751
1523.127930	-27.888279
1522.113281	231.727463
1521.097656	198.234924
1520.082031	275.491577
1519.065430	10.621185
1518.049805	82.924377
1517.033203	147.773300
1516.016602	-330.907990
1515.000000	-192.279068
1513.982422	-58.669186
1512.965820	-87.304787
1511.948242	417.217651
1510.930664	292.623169
1509.913086	477.533600
1508.894531	31.244879
1507.875977	-193.916290
1506.857422	189.726700
1505.838867	-59.934692
1504.820313	316.139496
1503.800781	135.186768
1502.781250	322.174591
1501.761719	217.295319
1500.742188	374.753052
1499.721680	311.531555
1498.702148	760.486694
1497.681641	317.471771
1496.661133	521.270691
1495.639648	178.859512
1494.618164	296.877716
1493.597656	248.425659
1492.576172	177.942749
1491.553711	87.887268
1490.532227	93.310295
1489.509766	-43.149342
1488.487305	189.686874
1487.464844	94.843605
1486.442383	183.361160
1485.418945	252.274567
1484.395508	57.309174
1483.372070	175.099075
1482.348633	48.637749
1481.324219	242.069748
1480.300781	552.637207
1479.276367	309.053802
1478.251953	102.197121
1477.226563	53.985302
1476.202148	-8.785058
1475.176758	213.767975
1474.151367	31.545286
1473.125000	185.773819
1472.099609	461.835785
1471.073242	406.425964
1470.046875	144.023239
1469.020508	208.101563
1467.994141	659.334167
1466.966797	297.307678
1465.939453	368.692139
1464.912109	471.715454
1463.884766	263.335999
1462.856445	531.789001
1461.829102	530.268188
1460.800781	747.574707
1459.772461	444.655731
1458.743164	698.402893
1457.714844	893.806335
1456.685547	1128.015381
1455.656250	1063.445557
1454.625977	811.957520
1453.596680	1026.767578
1452.566406	1108.017334
1451.536133	856.841187
1450.505859	1192.943359
1449.474609	755.169067
1448.444336	288.569824
1447.413086	690.190491
1446.381836	912.320862
1445.350586	899.341187
1444.318359	963.936768
1443.286133	815.389465
1442.253906	930.969971
1441.221680	838.319946
1440.189453	496.421021
1439.156250	299.935455
1438.123047	466.593842
1437.089844	316.307404
1436.056641	686.221680
1435.022461	964.124207
1433.988281	315.944397
1432.954102	202.351257
1431.919922	589.166016
1430.885742	130.182495
1429.850586	26.571480
1428.815430	-43.101425
1427.780273	-322.749420
1426.744141	-276.299255
1425.708984	-19.762009
1424.672852	188.453323
1423.636719	191.587631
1422.600586	170.684616
1421.563477	-236.021927
1420.527344	-46.880081
1419.490234	-48.200336
1418.452148	-256.731720
1417.415039	-159.033920
1416.376953	-37.221558
1415.338867	36.453098
1414.300781	-106.536713
1413.262695	169.540024
1412.224609	-310.222382
1411.185547	2.039469
1410.146484	352.760223
1409.107422	-121.665085
1408.067383	113.654510
1407.027344	72.450172
1405.987305	-43.160522
1404.947266	259.576691
1403.907227	24.017662
1402.866211	33.682674
1401.826172	50.668873
1400.785156	67.723656
1399.743164	-107.226631
1398.702148	346.914459
1397.660156	20.988611
1396.618164	211.155411
1395.576172	403.739197
1394.533203	804.968018
1393.491211	1196.558228
1392.448242	1405.864136
1391.405273	1617.572144
1390.361328	1594.437744
1389.318359	2321.301270
1388.274414	2473.076904
1387.230469	2711.098389
1386.186523	2752.791504
1385.141602	3194.291504
1384.097656	3760.167969
1383.052734	3337.710449
1382.007813	3257.611816
1380.961914	3297.207031
1379.916992	3069.099609
1378.871094	3699.396484
1377.825195	2888.297852
1376.778320	2811.224854
1375.732422	2418.951904
1374.685547	2280.106201
1373.638672	2454.255127
1372.591797	2511.440674
1371.543945	1437.233032
1370.497070	2060.405518
1369.449219	1631.168701
1368.400391	1505.150879
1367.352539	1636.879395
1366.303711	1496.799194
1365.255859	1623.897583
1364.206055	1605.604858
1363.157227	1537.400024
1362.108398	1485.989868
1361.058594	1387.046509
1360.008789	1609.721069
1358.958984	1339.552368
1357.908203	1769.399902
1356.857422	1530.422485
1355.806641	1353.502319
1354.755859	1478.853638
1353.705078	1371.175049
1352.653320	1206.545532
1351.601563	1258.404297
1350.549805	1400.653198
1349.498047	1084.310913
1348.445313	977.238159
1347.393555	863.192078
1346.340820	967.738342
1345.287109	656.821777
1344.234375	562.148315
1343.180664	477.073120
1342.126953	814.452637
1341.073242	613.293884
1340.019531	561.717041
1338.964844	650.118591
1337.910156	378.233398
1336.855469	428.880920
1335.799805	417.957794
1334.745117	16.234701
1333.689453	180.837769
1332.633789	452.005371
1331.578125	67.322571
1330.521484	113.662842
1329.464844	143.494766
1328.408203	-235.932571
1327.351563	-196.432617
1326.294922	-14.978958
1325.237305	-88.908684
1324.179688	-98.913803
1323.122070	179.496902
1322.064453	131.767807
1321.005859	-111.969185
1319.947266	-166.578262
1318.888672	-13.298700
1317.830078	12.489624
1316.770508	-167.034225
1315.710938	-277.984772
1314.651367	-1.890321
1313.591797	-131.576126
1312.531250	-65.421440
1311.471680	-91.174576
1310.411133	-220.593018
1309.349609	163.861465
1308.289063	-281.184784
1307.227539	-179.465500
1306.166016	-18.849653
1305.104492	-223.240631
1304.042969	-69.643341
1302.980469	67.446274
1301.917969	-120.219948
1300.855469	-100.713333
1299.792969	-48.241932
1298.729492	55.979790
1297.666016	-58.452801
1296.602539	226.814758
1295.539063	150.082230
1294.474609	0.576761
1293.411133	102.544235
1292.346680	-11.575633
1291.281250	19.962393
1290.216797	9.282818
1289.151367	268.548309
1288.085938	173.404572
1287.020508	-64.766541
1285.955078	124.084755
1284.888672	341.018066
1283.822266	74.921158
1282.755859	134.789139
1281.689453	328.238251
1280.622070	270.925903
1279.554688	253.489731
1278.487305	346.159241
1277.419922	-48.203217
1276.351563	365.247437
1275.283203	265.984650
1274.214844	569.261414
1273.146484	261.842377
1272.077148	176.760345
1271.008789	330.271332
1269.939453	411.250397
1268.869141	749.309998
1267.799805	243.647400
1266.729492	254.548035
1265.659180	204.731171
1264.588867	439.860016
1263.517578	618.858215
1262.447266	758.122070
1261.375977	348.886444
1260.304688	334.167450
1259.232422	319.455231
1258.161133	381.743591
1257.088867	404.361359
1256.016602	501.578522
1254.943359	491.537659
1253.871094	411.619141
1252.797852	1014.335632
1251.724609	778.281250
1250.650391	1208.333130
1249.577148	699.961243
1248.502930	1208.994873
1247.428711	1096.457886
1246.354492	1037.486206
1245.279297	743.593750
1244.204102	954.495605
1243.128906	358.491974
1242.053711	594.957153
1240.977539	849.901184
1239.902344	818.946411
1238.826172	787.992676
1237.750000	181.051926
1236.672852	563.560181
1235.595703	546.595825
1234.518555	395.013733
1233.441406	190.121872
1232.364258	565.321960
1231.286133	425.405457
1230.208008	253.083679
1229.129883	-206.663528
1228.051758	453.370300
1226.972656	540.679810
1225.893555	166.866928
1224.814453	156.891998
1223.734375	-107.847923
1222.655273	398.566315
1221.575195	94.511383
1220.495117	128.487625
1219.415039	-1.849225
1218.333984	-69.691933
1217.252930	338.936432
1216.171875	58.285393
1215.090820	-44.239288
1214.008789	112.126663
1212.926758	231.438354
1211.844727	43.406246
1210.762695	167.268188
1209.679688	64.737671
1208.597656	149.261353
1207.513672	30.574408
1206.430664	-201.141235
1205.347656	-17.464993
1204.263672	156.875214
1203.179688	204.274445
1202.095703	392.286957
1201.010742	-95.248734
1199.925781	-188.480530
1198.840820	96.204468
1197.755859	532.786316
1196.670898	243.647507
1195.584961	-8.557109
1194.499023	153.727753
1193.413086	-66.162315
1192.326172	3.958797
1191.239258	-208.951233
1190.152344	-138.877151
1189.065430	-25.159138
1187.978516	-187.410828
1186.890625	116.991379
1185.802734	-77.451828
1184.714844	169.302185
1183.625977	101.212914
1182.538086	529.200195
1181.449219	339.316162
1180.360352	321.659210
1179.270508	531.181030
1178.180664	456.062073
1177.090820	605.762939
1176.000977	434.275574
1174.911133	441.697205
1173.820313	836.506775
1172.729492	465.584106
1171.638672	631.006958
1170.547852	363.329712
1169.456055	647.738220
1168.364258	627.420959
1167.272461	613.955688
1166.179688	735.497009
1165.087891	980.547241
1163.995117	1227.728394
1162.902344	1380.986694
1161.808594	1465.523682
1160.715820	1879.247925
1159.622070	2023.004028
1158.528320	1730.156128
1157.433594	1553.921387
1156.339844	1380.028809
1155.245117	920.686157
1154.149414	577.947510
1153.054688	643.971985
1151.958984	360.720856
1150.863281	488.293030
1149.767578	-2.468151
1148.671875	175.229935
1147.575195	147.572693
1146.478516	131.291885
1145.381836	536.648865
1144.285156	374.369720
1143.187500	-204.813278
1142.089844	200.218384
1140.992188	-419.731018
1139.894531	233.256073
1138.795898	66.450775
1137.697266	-134.454071
1136.598633	12.795019
1135.499023	75.762032
1134.400391	-211.553467
1133.300781	-205.487900
1132.201172	7.389910
1131.100586	351.928986
1130.000977	-60.347435
1128.900391	-318.022186
1127.799805	112.531349
1126.698242	249.919861
1125.596680	167.000473
1124.495117	460.827362
1123.393555	466.298431
1122.291992	297.038208
1121.189453	488.418793
1120.086914	1047.016113
1118.984375	1113.357178
1117.881836	1947.991943
1116.778320	1689.937012
1115.674805	1719.674805
1114.571289	1620.235962
1113.466797	1941.988281
1112.363281	1314.916992
1111.258789	1206.410645
1110.153320	1708.906006
1109.048828	1416.986206
1107.943359	1539.078491
1106.837891	1342.185059
1105.732422	1280.985107
1104.625977	1307.900635
1103.520508	1357.358887
1102.414063	762.771057
1101.306641	807.663879
1100.200195	732.792664
1099.092773	987.541199
1097.985352	607.771301
1096.877930	706.579895
1095.769531	399.111481
1094.661133	472.966156
1093.552734	366.287720
1092.444336	451.262970
1091.335938	416.648987
1090.226563	309.843903
1089.117188	252.592545
1088.006836	456.621063
1086.897461	646.986572
1085.787109	326.005371
1084.676758	225.734940
1083.566406	481.069031
1082.455078	531.420959
1081.343750	691.918762
1080.232422	589.096741
1079.121094	713.379944
1078.008789	617.177490
1076.896484	752.465271
1075.784180	593.218994
1074.671875	982.183960
1073.558594	265.702667
1072.445313	692.567627
1071.332031	856.461487
1070.217773	827.132996
1069.104492	714.715149
1067.990234	508.006714
1066.875977	314.769135
1065.760742	442.227295
1064.645508	82.974823
1063.530273	181.112457
1062.415039	294.803406
1061.299805	159.632797
1060.183594	-24.866251
1059.067383	-14.517748
1057.951172	174.868866
1056.833984	449.131226
1055.716797	-174.339615
1054.599609	285.416382
1053.482422	210.179703
1052.364258	112.502487
1051.247070	70.687965
1050.128906	71.255348
1049.009766	-225.565933
1047.891602	-6.136295
1046.772461	237.648987
1045.653320	371.779266
1044.533203	559.317932
1043.414063	-86.079086
1042.293945	161.539902
1041.173828	-231.534592
1040.052734	-236.341034
1038.932617	-194.390854
1037.811523	-99.064926
1036.689453	-19.516607
1035.568359	100.028343
1034.446289	18.817480
1033.324219	-124.854187
1032.202148	67.786064
1031.079102	104.316376
1029.957031	-1.765467
1028.833984	-163.583801
1027.709961	-203.057510
1026.586914	-133.582779
1025.462891	-222.218033
1024.338867	-195.284668
1023.214844	-8.388741
1022.089844	-201.847275
1020.964844	-77.520386
1019.839844	-8.920369
1018.714844	-127.079018
1017.588867	-5.462080
1016.462891	13.840283
1015.336914	130.686951
1014.210938	27.632137
1013.083984	257.319183
1011.957031	559.990356
1010.830078	179.270340
1009.702148	239.845123
1008.574219	830.117554
1007.446289	1750.239624
1006.318359	2933.511719
1005.190430	4716.492188
1004.061523	5209.433594
1002.932617	3928.277588
1001.802734	2324.327393
1000.673828	1002.105652
999.543945	403.948425
998.414063	58.150303
997.283203	90.587967
996.153320	145.019333
995.022461	199.272079
993.891602	538.508423
992.759766	-70.590523
991.628906	330.152039
990.497070	28.145111
989.364258	353.294769
988.232422	373.505066
987.099609	179.442352
985.966797	517.187744
984.833984	431.030487
983.700195	119.764450
982.566406	185.623505
981.432617	235.885330
980.298828	74.386192
979.164063	571.743958
978.029297	925.528870
976.894531	122.557930
975.759766	-59.125469
974.624023	428.463470
973.488281	994.950317
972.352539	344.019257
971.215820	551.342407
970.080078	135.936905
968.943359	-248.634995
967.805664	428.818665
966.668945	393.628082
965.531250	551.710693
964.393555	423.954773
963.254883	526.774292
962.117188	688.746460
960.978516	608.967834
959.839844	627.897522
958.700195	708.125122
957.561523	632.435791
956.421875	558.839478
955.281250	1101.427124
954.141602	1121.812622
953.000977	909.681458
951.860352	1670.649902
950.719727	1464.844360
949.578125	1335.674438
948.436523	1070.663086
947.294922	507.878326
946.153320	823.106873
945.010742	461.766083
943.868164	334.625397
942.725586	216.194443
941.583008	-57.567993
940.439453	272.196716
939.295898	-213.721924
938.152344	-0.099307
937.007813	335.680939
935.863281	164.381287
934.718750	244.249939
933.574219	75.066315
932.428711	111.067879
931.283203	293.212830
930.137695	150.058121
928.992188	-19.284590
927.845703	169.054932
926.699219	-4.742062
925.552734	423.182312
924.405273	-92.950089
923.257813	94.940636
922.110352	293.579712
920.962891	235.055695
919.814453	-272.108826
918.666016	355.174255
917.517578	287.786560
916.369141	442.344116
915.219727	133.357895
914.070313	311.693604
912.920898	76.736938
911.770508	-27.727627
910.621094	0.438889
909.470703	30.708879
908.319336	-6.438097
907.168945	-336.792603
906.017578	169.008484
904.866211	-165.641434
903.713867	79.358772
902.562500	256.992126
901.410156	-261.917206
900.256836	267.032501
899.104492	60.625088
897.951172	10.391896
896.797852	194.277328
895.644531	29.194870
894.490234	249.816360
893.335938	-209.784927
892.181641	372.468658
891.027344	-186.493637
889.872070	88.140831
888.716797	-169.667953
887.561523	249.853027
886.405273	78.688530
885.249023	-297.795288
884.092773	121.561333
882.936523	296.519806
881.779297	184.006516
880.622070	505.860138
879.464844	8.982674
878.307617	-280.290253
877.149414	307.167328
875.991211	372.060974
874.833008	-93.867409
873.673828	232.270065
872.514648	92.428802
871.355469	125.253014
870.196289	255.172058
869.036133	59.613239
867.875977	370.664398
866.715820	162.442383
865.554688	57.780983
864.394531	162.187378
863.233398	352.751495
862.071289	545.465393
860.910156	576.831726
859.748047	584.616699
858.585938	517.235413
857.422852	619.873840
856.259766	1019.294434
855.096680	730.832458
853.933594	285.764801
852.770508	418.985260
851.606445	457.754578
850.442383	406.463287
849.277344	557.134033
848.113281	360.184143
846.948242	255.741821
845.783203	65.685074
844.617188	472.161987
843.451172	366.089294
842.285156	165.899475
841.119141	392.525055
839.952148	139.177032
838.785156	-173.861603
837.618164	-32.478821
836.451172	96.175552
835.283203	-136.890182
834.115234	-331.128326
832.947266	-184.829498
831.778320	141.288330
830.609375	289.920563
829.440430	-209.274445
828.271484	29.564703
827.101563	368.931366
825.931641	278.820679
824.761719	629.066467
823.590820	285.154510
822.420898	306.797943
821.250000	354.240204
820.078125	489.369934
818.907227	690.824585
817.735352	981.989075
816.562500	878.618958
815.390625	577.217407
814.217773	717.474792
813.044922	201.398773
811.872070	399.661804
810.698242	-81.581291
809.524414	-108.694969
808.350586	-171.772720
807.176758	214.615280
806.001953	526.534302
804.827148	-395.682129
803.651367	206.000076
802.476563	169.555008
801.300781	201.383148
800.125000	86.730759
798.948242	-40.414612
797.772461	-118.389656
796.595703	570.816589
795.417969	527.133240
794.241211	420.003235
793.063477	839.621887
791.885742	887.830811
790.707031	191.403061
789.529297	1109.978760
788.350586	1050.546997
787.170898	673.270508
785.992188	906.947754
784.812500	1055.928101
783.632813	1084.261841
782.452148	413.671417
781.272461	739.059021
780.091797	496.993500
778.911133	297.570679
777.729492	614.849182
776.547852	508.963135
775.366211	606.397278
774.184570	511.499481
773.001953	184.219009
771.819336	-225.182236
770.636719	111.842384
769.453125	-235.749954
768.269531	-192.202164
767.085938	50.004654
765.902344	100.104111
764.717773	57.432308
763.533203	12.807755
762.348633	248.979309
761.163086	-40.115368
759.977539	204.638367
758.791992	-408.772705
757.606445	108.126419
756.419922	-182.300873
755.233398	-265.999390
754.046875	84.388359
752.859375	45.077312
751.672852	418.569153
750.485352	379.365967
749.296875	685.395447
748.108398	631.559448
746.919922	396.902374
745.731445	719.726624
744.542969	619.830505
743.353516	553.651611
742.164063	447.614563
740.973633	211.379700
739.783203	210.551208
738.592773	165.638275
737.402344	712.841431
736.211914	441.146423
735.020508	368.936218
733.829102	359.697876
732.636719	696.544922
731.444336	131.460434
730.251953	386.391388
729.059570	540.554260
727.866211	422.168274
726.673828	234.663574
725.479492	214.749176
724.286133	-326.639221
723.091797	28.232309
721.897461	-85.991875
720.703125	-37.008381
719.507813	-281.034760
718.312500	-223.828217
717.117188	-53.815228
715.921875	174.562393
714.725586	147.732330
713.529297	-142.483231
712.332031	33.211021
711.135742	156.507278
709.938477	246.219025
708.740234	266.870911
707.542969	876.000549
706.344727	1864.492310
705.146484	2485.230225
703.948242	3005.440186
702.749023	3719.201172
701.549805	3071.187988
700.350586	2569.260986
699.150391	2217.477295
697.950195	1799.079834
696.750000	1078.778687
695.549805	83.854263
694.348633	425.772400
693.147461	-52.587952
691.946289	544.942871
690.744141	22.906805
689.541992	172.806625
688.339844	60.576183
687.136719	389.025574
685.934570	314.093719
684.730469	538.331543
683.527344	346.988373
682.323242	-112.203453
681.119141	242.738663
679.915039	-4.466839
678.710938	283.911377
677.505859	53.481277
676.300781	103.261612
675.094727	254.714737
673.889648	-20.900364
672.683594	309.015015
671.476563	-3.513994
670.270508	274.787079
669.063477	109.877914
667.856445	241.423813
666.648438	-260.370300
665.440430	128.441391
664.232422	-8.223392
663.024414	74.859642
661.815430	-267.779449
660.606445	-101.090515
659.397461	192.137360
658.188477	49.648396
656.978516	197.119675
655.768555	384.417267
654.557617	-39.061062
653.346680	83.570328
652.135742	-71.748749
650.924805	13.299093
649.712891	-88.539299
648.501953	39.663109
647.289063	-99.250671
646.077148	57.909622
644.864258	-295.049103
643.651367	-5.560348
642.438477	-221.727539
641.224609	-102.599701
640.010742	55.091846
638.796875	195.820328
637.582031	309.402863
636.367188	360.970795
635.152344	134.617844
633.937500	352.695496
632.721680	457.671722
631.505859	840.390869
630.289063	1087.614502
629.073242	1499.573853
627.856445	1184.599121
626.639648	1398.423828
625.421875	1370.707764
624.204102	871.779663
622.986328	704.734741
621.768555	510.352600
620.549805	274.483917
619.331055	-0.652666
618.111328	-93.341728
616.892578	137.843246
