1721.000977	-126.659401
1720.027344	-39.929234
1719.052734	-15.234926
1718.078125	110.949356
1717.104492	66.680161
1716.128906	-88.889641
1715.154297	-68.478119
1714.178711	-49.040077
1713.204102	64.291245
1712.228516	-18.073811
1711.251953	129.322372
1710.276367	4.309881
1709.299805	70.633728
1708.324219	-7.212623
1707.347656	-167.671814
1706.370117	208.712448
1705.393555	67.387383
1704.416016	-36.143326
1703.438477	120.657738
1702.460938	41.546291
1701.483398	56.514492
1700.505859	-8.292021
1699.527344	-40.355988
1698.548828	162.191910
1697.570313	162.387589
1696.591797	-52.390053
1695.612305	87.450653
1694.632813	-31.008167
1693.653320	-85.969795
1692.673828	-110.629433
1691.694336	71.063141
1690.713867	-48.642406
1689.734375	170.624954
1688.753906	-59.249962
1687.772461	85.454582
1686.791992	104.985344
1685.810547	60.570583
1684.830078	31.268280
1683.848633	154.609421
1682.866211	86.712524
1681.884766	181.647766
1680.902344	24.369318
1679.919922	80.807991
1678.937500	45.497795
1677.955078	-91.668373
1676.971680	40.720905
1675.989258	198.409134
1675.005859	35.597267
1674.022461	162.561676
1673.038086	-66.387848
1672.054688	-0.539254
1671.070313	70.310181
1670.085938	191.895401
1669.101563	-19.233414
1668.117188	-121.123123
1667.131836	96.820755
1666.146484	116.737053
1665.161133	-13.038363
1664.175781	72.865189
1663.189453	4.037989
1662.204102	140.658295
1661.217773	-115.688873
1660.231445	175.557114
1659.245117	-22.332253
1658.257813	23.103117
1657.270508	-146.726517
1656.284180	-91.037338
1655.295898	-60.657928
1654.308594	5.223217
1653.321289	43.302326
1652.333008	-14.729218
1651.344727	-72.666115
1650.356445	31.365345
1649.367188	-23.890156
1648.378906	-63.863117
1647.389648	-134.082535
1646.400391	-82.888504
1645.411133	-31.632891
1644.420898	-152.095978
1643.431641	33.178593
1642.441406	-18.897755
1641.451172	55.359955
1640.459961	-4.104227
1639.469727	151.050430
1638.478516	-72.214729
1637.487305	42.702286
1636.496094	-165.131927
1635.504883	28.101091
1634.512695	4.546295
1633.520508	39.060646
1632.528320	146.723938
1631.536133	17.628563
1630.543945	82.615814
1629.550781	180.393097
1628.557617	394.030243
1627.564453	86.626060
1626.571289	317.987305
1625.578125	287.669678
1624.583984	355.547607
1623.589844	405.876526
1622.595703	348.147461
1621.601563	554.490051
1620.606445	645.201599
1619.611328	751.033081
1618.616211	934.783875
1617.621094	691.520813
1616.625977	676.966003
1615.629883	755.383789
1614.633789	911.660156
1613.637695	794.380371
1612.641602	684.746826
1611.645508	926.448303
1610.648438	786.861511
1609.651367	945.810364
1608.654297	866.577332
1607.657227	825.039429
1606.659180	989.068665
1605.662109	1220.746582
1604.664063	1189.346436
1603.666016	1163.021851
1602.666992	1069.144897
1601.668945	1080.512451
1600.669922	1257.110107
1599.670898	1416.163330
1598.671875	1327.507080
1597.671875	1406.515015
1596.672852	1025.381592
1595.672852	1137.005005
1594.672852	1078.631226
1593.671875	930.335876
1592.671875	1057.007690
1591.670898	856.381287
1590.669922	758.275391
1589.668945	562.847351
1588.667969	422.454742
1587.666016	491.814178
1586.664063	473.819611
1585.662109	405.952698
1584.660156	290.735046
1583.658203	340.191284
1582.655273	384.648560
1581.652344	227.165894
1580.649414	49.821686
1579.646484	111.791977
1578.642578	-15.613489
1577.638672	163.426071
1576.634766	60.981297
1575.630859	239.940277
1574.626953	117.612968
1573.622070	82.441132
1572.618164	121.940048
1571.613281	114.145195
1570.607422	123.752419
1569.602539	106.005569
1568.596680	130.517380
1567.590820	-9.044459
1566.584961	224.221069
1565.579102	169.157440
1564.572266	94.224213
1563.566406	68.990707
1562.559570	83.476028
1561.551758	224.544250
1560.544922	102.446457
1559.537109	164.009430
1558.530273	2.244121
1557.521484	-25.541391
1556.513672	-13.647389
1555.505859	8.138887
1554.497070	24.926653
1553.488281	-35.145119
1552.479492	-72.915154
1551.470703	8.221218
1550.460938	-14.739041
1549.451172	140.581543
1548.441406	90.316048
1547.431641	25.193310
1546.421875	-166.143753
1545.411133	-75.371925
1544.400391	89.543739
1543.389648	-225.444153
1542.378906	194.062347
1541.367188	-17.052999
1540.355469	-126.772560
1539.343750	18.048769
1538.332031	17.011213
1537.320313	-53.221500
1536.307617	-12.334905
1535.294922	6.279736
1534.282227	-14.643444
1533.269531	117.425621
1532.256836	-113.316956
1531.243164	-8.496148
1530.229492	-165.198242
1529.215820	8.567876
1528.202148	4.715242
1527.187500	-53.406509
1526.172852	-47.464493
1525.158203	-90.835640
1524.143555	16.039684
1523.127930	-108.678360
1522.113281	-147.188782
1521.097656	-104.486732
1520.082031	29.230749
1519.065430	-139.824417
1518.049805	6.076802
1517.033203	55.945011
1516.016602	-115.568001
1515.000000	101.428665
1513.982422	3.646914
1512.965820	151.648209
1511.948242	-17.424221
1510.930664	78.857079
1509.913086	17.876266
1508.894531	67.381355
1507.875977	-138.490128
1506.857422	77.873596
1505.838867	144.422195
1504.820313	-41.796986
1503.800781	27.132994
1502.781250	-14.354232
1501.761719	-171.094070
1500.742188	-60.589897
1499.721680	44.929695
1498.702148	155.288818
1497.681641	-111.714447
1496.661133	-28.372776
1495.639648	-96.927498
1494.618164	-123.856804
1493.597656	-243.804794
1492.576172	44.962051
1491.553711	125.599617
1490.532227	-82.465065
1489.509766	-21.442863
1488.487305	-11.815701
1487.464844	14.900520
1486.442383	-232.161652
1485.418945	134.212448
1484.395508	33.773426
1483.372070	-20.229940
1482.348633	265.227478
1481.324219	106.168015
1480.300781	-8.888239
1479.276367	-50.703091
1478.251953	85.609894
1477.226563	148.656967
1476.202148	192.163437
1475.176758	-25.286863
1474.151367	76.718903
1473.125000	90.914925
1472.099609	5.190606
1471.073242	202.111206
1470.046875	218.683334
1469.020508	179.229065
1467.994141	120.306786
1466.966797	156.334259
1465.939453	124.196045
1464.912109	106.668312
1463.884766	115.906113
1462.856445	115.399498
1461.829102	95.448021
1460.800781	335.640381
1459.772461	60.412853
1458.743164	237.318008
1457.714844	292.672913
1456.685547	241.113159
1455.656250	427.590637
1454.625977	232.760437
1453.596680	224.957153
1452.566406	98.223648
1451.536133	221.493195
1450.505859	237.968628
1449.474609	278.691833
1448.444336	200.587067
1447.413086	229.196304
1446.381836	143.872650
1445.350586	128.879486
1444.318359	157.508682
1443.286133	113.462868
1442.253906	294.692902
1441.221680	253.084183
1440.189453	126.774078
1439.156250	116.703918
1438.123047	94.554726
1437.089844	14.364216
1436.056641	234.167160
1435.022461	11.321947
1433.988281	15.868848
1432.954102	312.930481
1431.919922	-52.326542
1430.885742	73.102180
1429.850586	12.473550
1428.815430	29.179234
1427.780273	53.143570
1426.744141	60.210396
1425.708984	57.650566
1424.672852	38.213764
1423.636719	-10.145041
1422.600586	33.203503
1421.563477	-24.741421
1420.527344	71.686226
1419.490234	-253.775375
1418.452148	-157.307404
1417.415039	-123.495956
1416.376953	-101.727737
1415.338867	-106.435799
1414.300781	-209.847321
1413.262695	-9.834044
1412.224609	108.282089
1411.185547	38.657661
1410.146484	22.023474
1409.107422	-162.961014
1408.067383	-83.296371
1407.027344	-97.412109
1405.987305	-308.616547
1404.947266	206.140305
1403.907227	-69.858078
1402.866211	91.523521
1401.826172	115.966423
1400.785156	17.948935
1399.743164	-140.024765
1398.702148	258.992981
1397.660156	125.094910
1396.618164	-18.311024
1395.576172	63.865139
1394.533203	78.876007
1393.491211	331.302643
1392.448242	331.930420
1391.405273	241.512756
1390.361328	400.367798
1389.318359	559.195374
1388.274414	698.816345
1387.230469	709.095215
1386.186523	575.749756
1385.141602	612.438049
1384.097656	730.518738
1383.052734	728.938904
1382.007813	873.313843
1380.961914	601.506775
1379.916992	662.221680
1378.871094	531.686218
1377.825195	556.595520
1376.778320	581.517029
1375.732422	592.133972
1374.685547	330.475891
1373.638672	474.928192
1372.591797	409.247589
1371.543945	348.393250
1370.497070	359.198364
1369.449219	322.303131
1368.400391	173.330475
1367.352539	463.293091
1366.303711	393.101807
1365.255859	32.139256
1364.206055	367.306213
1363.157227	147.149704
1362.108398	201.092880
1361.058594	538.478882
1360.008789	311.364563
1358.958984	298.654907
1357.908203	285.972412
1356.857422	225.728287
1355.806641	301.158569
1354.755859	172.008072
1353.705078	228.447403
1352.653320	272.994751
1351.601563	189.178238
1350.549805	416.779785
1349.498047	311.635010
1348.445313	4.618633
1347.393555	70.677528
1346.340820	91.607353
1345.287109	19.952766
1344.234375	-1.790688
1343.180664	128.375916
1342.126953	16.499945
1341.073242	-2.789075
1340.019531	49.102238
1338.964844	119.956985
1337.910156	-150.563324
1336.855469	15.154202
1335.799805	33.902508
1334.745117	0.550650
1333.689453	-73.036789
1332.633789	4.984174
1331.578125	33.274281
1330.521484	-146.731842
1329.464844	73.299957
1328.408203	219.911255
1327.351563	87.350685
1326.294922	127.509430
1325.237305	28.161091
1324.179688	-87.674759
1323.122070	-123.085449
1322.064453	-33.228611
1321.005859	-113.492683
1319.947266	-73.248802
1318.888672	-229.001297
1317.830078	-28.178307
1316.770508	42.747826
1315.710938	16.903921
1314.651367	94.896996
1313.591797	-119.624924
1312.531250	-81.705406
1311.471680	64.676041
1310.411133	29.490328
1309.349609	62.672646
1308.289063	98.215073
1307.227539	8.892328
1306.166016	-212.274368
1305.104492	-16.544188
1304.042969	169.694763
1302.980469	-48.981789
1301.917969	-18.114193
1300.855469	-62.535843
1299.792969	81.245064
1298.729492	-24.309948
1297.666016	30.067327
1296.602539	4.507377
1295.539063	91.773499
1294.474609	-4.268430
1293.411133	-27.432304
1292.346680	36.312843
1291.281250	-226.354599
1290.216797	-71.024956
1289.151367	93.623840
1288.085938	138.532791
1287.020508	89.584351
1285.955078	132.138565
1284.888672	99.631729
1283.822266	-64.150436
1282.755859	1.856196
1281.689453	100.645462
1280.622070	180.645889
1279.554688	-95.441750
1278.487305	-31.821877
1277.419922	141.819687
1276.351563	179.608780
1275.283203	140.147522
1274.214844	105.385841
1273.146484	-121.191185
1272.077148	19.532572
1271.008789	64.327019
1269.939453	109.096558
1268.869141	181.889801
1267.799805	42.002995
1266.729492	-135.210175
1265.659180	152.485214
1264.588867	201.850677
1263.517578	64.402802
1262.447266	-23.960579
1261.375977	-32.943348
1260.304688	-88.588875
1259.232422	96.057953
1258.161133	52.066849
1257.088867	129.337479
1256.016602	311.477875
1254.943359	146.251755
1253.871094	307.332367
1252.797852	149.163376
1251.724609	170.409470
1250.650391	224.238678
1249.577148	240.796951
1248.502930	341.134430
1247.428711	192.418701
1246.354492	276.429993
1245.279297	148.716248
1244.204102	369.899231
1243.128906	86.431015
1242.053711	147.125977
1240.977539	114.820190
1239.902344	177.797348
1238.826172	398.706268
1237.750000	238.614044
1236.672852	350.263062
1235.595703	422.391327
1234.518555	399.322052
1233.441406	313.605042
1232.364258	193.121094
1231.286133	123.708328
1230.208008	195.781555
1229.129883	191.308517
1228.051758	-26.419724
1226.972656	-74.888321
1225.893555	94.455269
1224.814453	71.453819
1223.734375	94.772636
1222.655273	275.531403
1221.575195	34.884922
1220.495117	95.214828
1219.415039	123.118820
1218.333984	-91.905754
1217.252930	109.479805
1216.171875	33.288250
1215.090820	-142.283096
1214.008789	116.746544
1212.926758	-61.089794
1211.844727	-123.334999
1210.762695	-10.010472
1209.679688	110.183891
1208.597656	-127.537415
1207.513672	20.316597
1206.430664	-44.207771
1205.347656	-187.155121
1204.263672	-150.118881
1203.179688	-209.965378
1202.095703	-138.360519
1201.010742	-122.121346
1199.925781	92.314507
1198.840820	-57.413189
1197.755859	-108.017204
1196.670898	-259.942749
1195.584961	-89.430649
1194.499023	0.426176
1193.413086	-59.366276
1192.326172	-93.827171
1191.239258	81.085365
1190.152344	0.602901
1189.065430	90.327133
1187.978516	76.550171
1186.890625	-70.546928
1185.802734	265.023010
1184.714844	94.971054
1183.625977	198.342514
1182.538086	74.310814
1181.449219	58.243813
1180.360352	237.306396
1179.270508	368.087860
1178.180664	55.964001
1177.090820	218.844147
1176.000977	285.323120
1174.911133	16.992874
1173.820313	344.829376
1172.729492	271.420380
1171.638672	-37.979164
1170.547852	115.538116
1169.456055	-10.455096
1168.364258	227.712875
1167.272461	49.094864
1166.179688	191.005753
1165.087891	35.361992
1163.995117	257.292267
1162.902344	392.203552
1161.808594	385.261322
1160.715820	700.713013
1159.622070	433.117065
1158.528320	524.447754
1157.433594	791.670410
1156.339844	309.507019
1155.245117	483.023804
1154.149414	524.024536
1153.054688	622.086670
1151.958984	498.714905
1150.863281	640.092468
1149.767578	539.589539
1148.671875	708.268677
1147.575195	696.726013
1146.478516	584.880066
1145.381836	799.023865
1144.285156	582.385864
1143.187500	484.311340
1142.089844	575.336853
1140.992188	374.835541
1139.894531	233.621765
1138.795898	254.080750
1137.697266	201.709091
1136.598633	294.977417
1135.499023	158.455536
1134.400391	58.388515
1133.300781	87.964752
1132.201172	94.796989
1131.100586	-171.098740
1130.000977	-86.952995
1128.900391	-107.345932
1127.799805	-66.406067
1126.698242	10.841601
1125.596680	208.374969
1124.495117	128.924377
1123.393555	-20.831585
1122.291992	-16.253429
1121.189453	251.419006
1120.086914	292.212372
1118.984375	153.887222
1117.881836	348.813507
1116.778320	185.605896
1115.674805	262.622955
1114.571289	337.340088
1113.466797	552.419800
1112.363281	301.013977
1111.258789	257.961487
1110.153320	425.383148
1109.048828	289.554932
1107.943359	284.978699
1106.837891	262.310822
1105.732422	183.125275
1104.625977	216.992630
1103.520508	207.906570
1102.414063	327.608185
1101.306641	214.572739
1100.200195	239.355392
1099.092773	320.567352
1097.985352	-4.602901
1096.877930	187.208588
1095.769531	139.741287
1094.661133	-124.279205
1093.552734	121.539337
1092.444336	166.552948
1091.335938	177.723175
1090.226563	245.224991
1089.117188	157.203873
1088.006836	62.450993
1086.897461	82.609329
1085.787109	253.619995
1084.676758	109.353073
1083.566406	298.268097
1082.455078	284.552612
1081.343750	252.832581
1080.232422	266.103607
1079.121094	153.421860
1078.008789	299.331299
1076.896484	245.106308
1075.784180	251.570572
1074.671875	145.678696
1073.558594	237.488235
1072.445313	156.316528
1071.332031	371.543915
1070.217773	231.977921
1069.104492	179.991104
1067.990234	296.286957
1066.875977	19.944525
1065.760742	91.327927
1064.645508	-155.736694
1063.530273	88.231552
1062.415039	49.674458
1061.299805	143.317032
1060.183594	-20.733536
1059.067383	-57.068062
1057.951172	36.465210
1056.833984	-40.213123
1055.716797	115.892105
1054.599609	211.485382
1053.482422	141.458664
1052.364258	98.274452
1051.247070	64.033264
1050.128906	170.622589
1049.009766	-2.263919
1047.891602	-3.025636
1046.772461	58.733597
1045.653320	-67.188171
1044.533203	54.788597
1043.414063	-109.089813
1042.293945	90.903633
1041.173828	172.499710
1040.052734	42.065918
1038.932617	85.650505
1037.811523	133.636581
1036.689453	18.800783
1035.568359	-218.610245
1034.446289	29.872396
1033.324219	-13.669780
1032.202148	45.239193
1031.079102	30.584803
1029.957031	2.546596
1028.833984	54.612732
1027.709961	-89.236015
1026.586914	-90.651955
1025.462891	-156.624619
1024.338867	-106.958931
1023.214844	13.793754
1022.089844	-81.187920
1020.964844	-102.825951
1019.839844	115.476784
1018.714844	-32.909172
1017.588867	-28.030857
1016.462891	63.398876
1015.336914	-20.636106
1014.210938	-46.972240
1013.083984	-184.298279
1011.957031	57.746330
1010.830078	-35.277336
1009.702148	120.040512
1008.574219	29.159210
1007.446289	295.115448
1006.318359	585.275024
1005.190430	1052.486084
1004.061523	1007.781433
1002.932617	754.892151
1001.802734	417.930908
1000.673828	355.540314
999.543945	374.995941
998.414063	378.904144
997.283203	254.460495
996.153320	477.214233
995.022461	469.874298
993.891602	752.042358
992.759766	976.563293
991.628906	1379.893066
990.497070	1650.444336
989.364258	2150.478516
988.232422	2338.929443
987.099609	2840.674316
985.966797	3242.824463
984.833984	3304.963135
983.700195	3241.276123
982.566406	2959.236084
981.432617	2944.049805
980.298828	2717.201660
979.164063	2267.810547
978.029297	1919.919678
976.894531	1567.725342
975.759766	1268.492188
974.624023	905.479858
973.488281	837.549927
972.352539	875.230896
971.215820	651.000061
970.080078	547.810486
968.943359	459.999451
967.805664	561.258484
966.668945	482.167908
965.531250	506.344147
964.393555	435.972626
963.254883	284.292236
962.117188	266.605438
960.978516	218.125107
959.839844	220.103333
958.700195	294.445953
957.561523	197.560379
956.421875	431.910217
955.281250	365.622894
954.141602	248.891190
953.000977	81.733353
951.860352	392.392120
950.719727	413.622101
949.578125	274.864197
948.436523	221.539139
947.294922	229.502151
946.153320	169.551865
945.010742	48.290344
943.868164	121.787003
942.725586	256.460663
941.583008	82.639336
940.439453	204.045242
939.295898	54.270489
938.152344	306.684204
937.007813	128.458786
935.863281	-1.661127
934.718750	222.071625
933.574219	214.200134
932.428711	175.722961
931.283203	-65.754639
930.137695	-67.120178
928.992188	53.653934
927.845703	102.355377
926.699219	-165.183853
925.552734	140.740662
924.405273	56.338512
923.257813	-49.841354
922.110352	24.827456
920.962891	-87.877274
919.814453	150.032425
918.666016	-75.908005
917.517578	-103.693153
916.369141	-0.917177
915.219727	29.991940
914.070313	141.352020
912.920898	-208.362640
911.770508	-110.076073
910.621094	-155.288834
909.470703	60.269611
908.319336	-24.100203
907.168945	-21.542320
906.017578	-73.286133
904.866211	-138.032135
903.713867	148.873001
902.562500	-63.452976
901.410156	-47.881912
900.256836	54.441628
899.104492	65.657829
897.951172	-170.285660
896.797852	-89.646858
895.644531	-63.206051
894.490234	-4.271507
893.335938	-21.156916
892.181641	-196.095612
891.027344	-0.711547
889.872070	90.700829
888.716797	26.288750
887.561523	0.879481
886.405273	38.231445
885.249023	88.575813
884.092773	164.875641
882.936523	14.219937
881.779297	-26.122902
880.622070	11.373114
879.464844	-7.263505
878.307617	274.325836
877.149414	175.840378
875.991211	127.096992
874.833008	39.585148
873.673828	55.721054
872.514648	61.122223
871.355469	75.206833
870.196289	110.907715
869.036133	166.046570
867.875977	326.820770
866.715820	48.074272
865.554688	64.615273
864.394531	55.389503
863.233398	280.908752
862.071289	69.440010
860.910156	271.337738
859.748047	337.671692
858.585938	229.830124
857.422852	61.903854
856.259766	272.540680
855.096680	403.638123
853.933594	221.017517
852.770508	229.791229
851.606445	285.904938
850.442383	219.685547
849.277344	20.478334
848.113281	79.050774
846.948242	483.194000
845.783203	80.559654
844.617188	214.457123
843.451172	399.868896
842.285156	-38.586132
841.119141	97.724602
839.952148	249.082382
838.785156	220.519958
837.618164	200.658981
836.451172	180.927780
835.283203	411.813934
834.115234	92.618126
832.947266	280.868134
831.778320	259.484375
830.609375	287.434998
829.440430	413.870697
828.271484	407.825867
827.101563	209.539459
825.931641	357.666534
824.761719	497.313599
823.590820	192.746155
822.420898	313.420410
821.250000	404.280548
820.078125	397.047424
818.907227	628.964417
817.735352	506.755493
816.562500	580.972412
815.390625	337.564545
814.217773	254.304337
813.044922	273.537140
811.872070	107.509277
810.698242	271.920471
809.524414	332.030487
808.350586	160.145065
807.176758	309.956482
806.001953	376.827667
804.827148	171.432648
803.651367	64.137390
802.476563	208.020584
801.300781	158.468674
800.125000	168.607956
798.948242	115.118958
797.772461	117.046822
796.595703	23.511980
795.417969	91.579247
794.241211	13.236139
793.063477	272.618134
791.885742	103.275864
790.707031	-216.514359
789.529297	-90.508514
788.350586	88.593475
787.170898	6.922112
785.992188	114.097389
784.812500	68.746880
783.632813	114.659904
782.452148	137.370667
781.272461	-68.549950
780.091797	3.137370
778.911133	-5.538648
777.729492	-33.143433
776.547852	-75.435783
775.366211	100.298393
774.184570	-119.447617
773.001953	-28.154322
771.819336	-325.779572
770.636719	-196.237610
769.453125	-233.589081
768.269531	-133.518005
767.085938	-43.964325
765.902344	-201.415909
764.717773	14.939490
763.533203	-152.843552
762.348633	10.800478
761.163086	49.976719
759.977539	-52.104504
758.791992	-82.383812
757.606445	-36.701309
756.419922	-172.234253
755.233398	31.580603
754.046875	-120.660568
752.859375	-26.380285
751.672852	-60.547874
750.485352	155.834900
749.296875	1.741872
748.108398	-21.803415
746.919922	213.416824
745.731445	160.420105
744.542969	54.891914
743.353516	117.582176
742.164063	115.092171
740.973633	30.656113
739.783203	0.860551
738.592773	-12.136625
737.402344	-23.051575
736.211914	70.963982
735.020508	-17.674337
733.829102	82.519386
732.636719	197.305405
731.444336	51.946060
730.251953	128.841370
729.059570	33.759510
727.866211	-57.150700
726.673828	128.466446
725.479492	179.864502
724.286133	-11.760355
723.091797	244.655289
721.897461	109.442802
720.703125	-6.968100
719.507813	-37.646492
718.312500	-18.216558
717.117188	19.914770
715.921875	68.365097
714.725586	-21.277315
713.529297	106.325119
712.332031	85.407242
711.135742	99.875038
709.938477	241.578415
708.740234	184.744995
707.542969	382.433380
706.344727	417.119415
705.146484	507.967010
703.948242	517.278320
702.749023	814.188293
701.549805	779.330933
700.350586	604.690674
699.150391	573.746948
697.950195	459.330200
696.750000	178.185837
695.549805	230.171951
694.348633	250.742432
693.147461	144.184906
691.946289	312.178040
690.744141	400.877808
689.541992	393.709351
688.339844	261.630157
687.136719	237.555115
685.934570	263.224030
684.730469	209.772217
683.527344	185.288803
682.323242	283.210022
681.119141	401.716827
679.915039	360.205444
678.710938	142.193954
677.505859	254.071289
676.300781	164.585220
675.094727	50.159382
673.889648	-0.013213
672.683594	-0.486843
671.476563	83.944847
670.270508	120.643913
669.063477	99.291985
667.856445	36.517586
666.648438	-38.651707
665.440430	95.292717
664.232422	181.612305
663.024414	-65.147194
661.815430	-28.343130
660.606445	-94.854881
659.397461	-206.697433
658.188477	177.726852
656.978516	-33.002121
655.768555	-61.625904
654.557617	-139.582825
653.346680	-147.034592
652.135742	-121.160484
650.924805	117.616714
649.712891	104.889435
648.501953	-80.725266
647.289063	22.931925
646.077148	67.217674
644.864258	-77.661209
643.651367	-30.232731
642.438477	-151.182449
641.224609	93.213394
640.010742	99.291939
638.796875	-7.121186
637.582031	198.180756
636.367188	13.221567
635.152344	119.405037
633.937500	-47.061928
632.721680	-146.572189
631.505859	-86.584206
630.289063	112.308304
629.073242	71.916817
627.856445	226.038254
626.639648	171.986084
625.421875	109.211678
624.204102	292.388855
622.986328	74.830643
621.768555	105.412819
620.549805	248.654694
619.331055	-0.041497
618.111328	-66.068115
616.892578	-99.159416
