1721.000977	279.842377
1720.027344	-21.983131
1719.052734	139.714066
1718.078125	-2.329352
1717.104492	144.690536
1716.128906	254.869110
1715.154297	53.926029
1714.178711	300.902588
1713.204102	-193.717941
1712.228516	-209.678192
1711.251953	-8.583953
1710.276367	-182.223145
1709.299805	2.073301
1708.324219	-49.885612
1707.347656	184.260559
1706.370117	-147.925079
1705.393555	210.379883
1704.416016	-69.055412
1703.438477	-103.343254
1702.460938	-63.956413
1701.483398	10.729388
1700.505859	102.818321
1699.527344	403.972626
1698.548828	-54.299263
1697.570313	69.669601
1696.591797	323.457764
1695.612305	122.217995
1694.632813	-43.549576
1693.653320	150.318008
1692.673828	-61.977692
1691.694336	54.647160
1690.713867	-45.920326
1689.734375	-156.894379
1688.753906	-311.458374
1687.772461	35.978767
1686.791992	-4.347751
1685.810547	110.534210
1684.830078	105.443832
1683.848633	176.544983
1682.866211	-76.022308
1681.884766	256.977081
1680.902344	-51.845917
1679.919922	54.150772
1678.937500	14.920686
1677.955078	-261.020508
1676.971680	-155.479248
1675.989258	36.392372
1675.005859	11.941922
1674.022461	83.991890
1673.038086	-29.625179
1672.054688	-277.913452
1671.070313	243.509872
1670.085938	-96.338242
1669.101563	51.432041
1668.117188	102.612640
1667.131836	181.614182
1666.146484	341.747711
1665.161133	354.624634
1664.175781	-378.296173
1663.189453	86.060928
1662.204102	365.141022
1661.217773	119.312035
1660.231445	268.953979
1659.245117	210.745285
1658.257813	114.530022
1657.270508	145.002045
1656.284180	-75.205620
1655.295898	499.631134
1654.308594	-59.761009
1653.321289	21.390774
1652.333008	175.878784
1651.344727	340.446442
1650.356445	-119.743195
1649.367188	156.107697
1648.378906	-258.281708
1647.389648	164.155838
1646.400391	202.334595
1645.411133	18.198158
1644.420898	182.746964
1643.431641	21.507607
1642.441406	145.677979
1641.451172	338.005432
1640.459961	73.437454
1639.469727	28.597286
1638.478516	56.964104
1637.487305	521.741577
1636.496094	-27.401175
1635.504883	540.683228
1634.512695	420.383484
1633.520508	562.297058
1632.528320	374.125946
1631.536133	606.800354
1630.543945	537.191956
1629.550781	545.708801
1628.557617	592.047302
1627.564453	751.696045
1626.571289	664.713806
1625.578125	985.430847
1624.583984	802.940857
1623.589844	1304.669922
1622.595703	1361.186523
1621.601563	1518.298950
1620.606445	1783.458496
1619.611328	1819.893433
1618.616211	1672.968872
1617.621094	1890.385620
1616.625977	1645.686279
1615.629883	1647.183472
1614.633789	1711.493774
1613.637695	1590.116577
1612.641602	1742.354126
1611.645508	1545.875977
1610.648438	1522.574951
1609.651367	1832.859741
1608.654297	1370.874512
1607.657227	1921.809937
1606.659180	1663.076660
1605.662109	1963.275391
1604.664063	2341.030762
1603.666016	2140.139648
1602.666992	2640.477783
1601.668945	2289.502686
1600.669922	2261.581543
1599.670898	1943.441040
1598.671875	1993.263672
1597.671875	1930.525024
1596.672852	1755.349976
1595.672852	1672.782104
1594.672852	1350.315063
1593.671875	1117.977051
1592.671875	1058.220947
1591.670898	1098.440063
1590.669922	756.536133
1589.668945	941.725098
1588.667969	612.564758
1587.666016	500.724457
1586.664063	865.634888
1585.662109	656.558899
1584.660156	722.015259
1583.658203	550.546082
1582.655273	336.770203
1581.652344	387.381836
1580.649414	-142.742889
1579.646484	154.725357
1578.642578	50.954441
1577.638672	408.083679
1576.634766	209.737320
1575.630859	71.262306
1574.626953	176.835663
1573.622070	83.264214
1572.618164	-154.536484
1571.613281	107.817528
1570.607422	220.827682
1569.602539	-29.221571
1568.596680	-199.602203
1567.590820	-354.968201
1566.584961	120.994286
1565.579102	276.263214
1564.572266	-221.863892
1563.566406	57.643200
1562.559570	195.497406
1561.551758	-31.645430
1560.544922	-55.116596
1559.537109	157.168198
1558.530273	-151.602936
1557.521484	182.179428
1556.513672	-131.407486
1555.505859	-72.921227
1554.497070	225.994873
1553.488281	61.342815
1552.479492	15.719914
1551.470703	-42.251125
1550.460938	241.606873
1549.451172	-148.200211
1548.441406	81.131996
1547.431641	57.905987
1546.421875	-180.597229
1545.411133	-5.801806
1544.400391	-118.016388
1543.389648	-353.825165
1542.378906	127.564697
1541.367188	-61.212193
1540.355469	96.140945
1539.343750	-80.157265
1538.332031	109.287621
1537.320313	83.772385
1536.307617	-94.851295
1535.294922	-100.548424
1534.282227	-88.945992
1533.269531	-42.776432
1532.256836	-122.451851
1531.243164	-44.212139
1530.229492	66.077232
1529.215820	1.254218
1528.202148	271.775909
1527.187500	86.172127
1526.172852	255.536346
1525.158203	-156.625473
1524.143555	-137.510452
1523.127930	-14.967514
1522.113281	-109.116714
1521.097656	72.490524
1520.082031	-107.767258
1519.065430	-369.156769
1518.049805	-74.380287
1517.033203	146.475906
1516.016602	354.966064
1515.000000	142.953735
1513.982422	-71.429146
1512.965820	-130.846054
1511.948242	-177.955139
1510.930664	67.315331
1509.913086	116.018379
1508.894531	316.944397
1507.875977	-127.870079
1506.857422	-138.020447
1505.838867	99.712395
1504.820313	6.147185
1503.800781	165.279602
1502.781250	133.079605
1501.761719	162.213623
1500.742188	-73.390228
1499.721680	320.990479
1498.702148	85.503944
1497.681641	215.153259
1496.661133	-81.412086
1495.639648	70.288330
1494.618164	192.575821
1493.597656	70.080139
1492.576172	-30.329975
1491.553711	96.859718
1490.532227	397.730469
1489.509766	47.918804
1488.487305	-35.185768
1487.464844	23.569555
1486.442383	-27.656546
1485.418945	89.761322
1484.395508	89.894127
1483.372070	43.650555
1482.348633	261.206879
1481.324219	90.473816
1480.300781	249.412689
1479.276367	-38.323463
1478.251953	598.875183
1477.226563	152.671417
1476.202148	-29.874144
1475.176758	158.327469
1474.151367	34.424908
1473.125000	278.649597
1472.099609	103.676956
1471.073242	347.863892
1470.046875	143.780792
1469.020508	346.535553
1467.994141	113.402069
1466.966797	-44.145702
1465.939453	384.972137
1464.912109	300.519714
1463.884766	67.745590
1462.856445	323.985199
1461.829102	198.391403
1460.800781	350.040924
1459.772461	484.653931
1458.743164	543.902039
1457.714844	622.627075
1456.685547	888.394531
1455.656250	986.520020
1454.625977	1028.780762
1453.596680	833.184265
1452.566406	1043.030640
1451.536133	738.397156
1450.505859	380.565430
1449.474609	964.047302
1448.444336	422.117279
1447.413086	624.788940
1446.381836	880.754395
1445.350586	584.099976
1444.318359	619.558472
1443.286133	519.394104
1442.253906	552.536926
1441.221680	568.768494
1440.189453	553.575562
1439.156250	277.017456
1438.123047	82.910667
1437.089844	135.720383
1436.056641	244.198883
1435.022461	659.804138
1433.988281	190.350510
1432.954102	284.394867
1431.919922	-10.650373
1430.885742	259.904572
1429.850586	-44.577755
1428.815430	-80.771713
1427.780273	-42.036407
1426.744141	158.479172
1425.708984	47.616817
1424.672852	-55.919712
1423.636719	-226.904755
1422.600586	89.505646
1421.563477	-42.749290
1420.527344	-133.879288
1419.490234	-123.678001
1418.452148	40.810051
1417.415039	-153.724899
1416.376953	398.689514
1415.338867	112.739243
1414.300781	315.815094
1413.262695	90.319527
1412.224609	334.358154
1411.185547	-160.467102
1410.146484	-221.935532
1409.107422	-40.357567
1408.067383	162.833710
1407.027344	-122.107986
1405.987305	148.454132
1404.947266	10.375603
1403.907227	107.906479
1402.866211	-166.928986
1401.826172	14.795518
1400.785156	-154.115646
1399.743164	416.566254
1398.702148	389.394043
1397.660156	508.670532
1396.618164	692.744324
1395.576172	728.076294
1394.533203	765.837769
1393.491211	844.428345
1392.448242	1472.010986
1391.405273	1624.828369
1390.361328	1377.454224
1389.318359	1868.155029
1388.274414	2423.367432
1387.230469	2719.775391
1386.186523	2290.675537
1385.141602	2469.806152
1384.097656	2950.479736
1383.052734	2818.473389
1382.007813	2980.826172
1380.961914	3047.487305
1379.916992	2717.276611
1378.871094	2815.170898
1377.825195	2996.744385
1376.778320	2260.684326
1375.732422	2370.751709
1374.685547	2043.716675
1373.638672	1950.910767
1372.591797	1657.653931
1371.543945	1412.310059
1370.497070	1653.998535
1369.449219	1172.677856
1368.400391	1507.441650
1367.352539	1200.584473
1366.303711	1666.463867
1365.255859	961.709900
1364.206055	1027.138672
1363.157227	1392.859375
1362.108398	1000.880737
1361.058594	1516.618042
1360.008789	1098.694702
1358.958984	1207.180664
1357.908203	1080.010864
1356.857422	1559.816162
1355.806641	1401.811157
1354.755859	1117.862671
1353.705078	1262.181274
1352.653320	1035.553955
1351.601563	1027.790649
1350.549805	720.613892
1349.498047	774.820068
1348.445313	836.172913
1347.393555	859.561890
1346.340820	1023.096924
1345.287109	438.730774
1344.234375	728.200378
1343.180664	595.166626
1342.126953	739.841492
1341.073242	391.107330
1340.019531	711.373840
1338.964844	422.170898
1337.910156	92.842911
1336.855469	199.807449
1335.799805	230.938187
1334.745117	-112.189278
1333.689453	11.477599
1332.633789	163.556427
1331.578125	362.972565
1330.521484	-41.251656
1329.464844	191.344986
1328.408203	277.195618
1327.351563	36.623993
1326.294922	1.957763
1325.237305	-283.288269
1324.179688	-34.110191
1323.122070	-92.242889
1322.064453	-10.886061
1321.005859	105.904999
1319.947266	-280.393402
1318.888672	-21.816902
1317.830078	-252.010529
1316.770508	56.095600
1315.710938	147.004929
1314.651367	117.591972
1313.591797	-32.061756
1312.531250	-40.124454
1311.471680	88.629463
1310.411133	-82.022598
1309.349609	-66.381783
1308.289063	-147.304825
1307.227539	-20.853880
1306.166016	20.794355
1305.104492	-201.266876
1304.042969	146.532211
1302.980469	148.211334
1301.917969	88.745934
1300.855469	74.045670
1299.792969	-215.815765
1298.729492	216.439301
1297.666016	-188.471649
1296.602539	-428.627258
1295.539063	111.608673
1294.474609	-175.435242
1293.411133	31.004143
1292.346680	-37.411495
1291.281250	227.657288
1290.216797	321.282013
1289.151367	-110.855911
1288.085938	-54.687775
1287.020508	266.590576
1285.955078	-270.708832
1284.888672	-120.659454
1283.822266	134.861969
1282.755859	186.370529
1281.689453	191.014160
1280.622070	251.910995
1279.554688	83.242729
1278.487305	-17.401308
1277.419922	380.751801
1276.351563	495.492218
1275.283203	474.466339
1274.214844	600.892395
1273.146484	914.441772
1272.077148	673.549255
1271.008789	25.917994
1269.939453	355.812653
1268.869141	82.541382
1267.799805	281.463409
1266.729492	438.261566
1265.659180	197.917923
1264.588867	79.138992
1263.517578	170.559036
1262.447266	532.747925
1261.375977	523.713013
1260.304688	36.381508
1259.232422	475.383881
1258.161133	741.637451
1257.088867	492.462280
1256.016602	418.258118
1254.943359	558.522766
1253.871094	458.739746
1252.797852	969.393311
1251.724609	944.121521
1250.650391	853.664429
1249.577148	998.415405
1248.502930	786.976257
1247.428711	1013.152832
1246.354492	720.397766
1245.279297	816.240234
1244.204102	600.423645
1243.128906	635.822388
1242.053711	438.760345
1240.977539	694.981567
1239.902344	330.715210
1238.826172	949.274170
1237.750000	1017.120483
1236.672852	402.252197
1235.595703	375.017975
1234.518555	389.581451
1233.441406	153.528076
1232.364258	161.189423
1231.286133	226.833191
1230.208008	190.421234
1229.129883	218.949234
1228.051758	126.932312
1226.972656	174.005432
1225.893555	-128.799271
1224.814453	-188.240082
1223.734375	-69.330452
1222.655273	445.474731
1221.575195	-155.741653
1220.495117	-113.283424
1219.415039	-6.049485
1218.333984	-111.705605
1217.252930	92.612312
1216.171875	-31.514153
1215.090820	172.699692
1214.008789	4.685779
1212.926758	241.144104
1211.844727	-86.222679
1210.762695	330.315460
1209.679688	116.217804
1208.597656	-199.365265
1207.513672	73.784882
1206.430664	-179.352081
1205.347656	-245.496552
1204.263672	-348.529053
1203.179688	67.387062
1202.095703	19.661491
1201.010742	34.179333
1199.925781	189.277237
1198.840820	146.138336
1197.755859	-53.644089
1196.670898	18.437321
1195.584961	150.337967
1194.499023	150.945267
1193.413086	-16.475622
1192.326172	43.976013
1191.239258	-35.949135
1190.152344	272.877380
1189.065430	498.767548
1187.978516	62.396732
1186.890625	39.954647
1185.802734	-108.890030
1184.714844	105.342690
1183.625977	222.979248
1182.538086	110.904381
1181.449219	462.662079
1180.360352	892.295959
1179.270508	628.613037
1178.180664	750.512329
1177.090820	629.177002
1176.000977	617.965942
1174.911133	742.031006
1173.820313	641.350830
1172.729492	671.340332
1171.638672	506.518402
1170.547852	394.447113
1169.456055	751.944946
1168.364258	797.829102
1167.272461	687.985779
1166.179688	639.963867
1165.087891	633.144470
1163.995117	1061.004761
1162.902344	1243.897095
1161.808594	1518.151733
1160.715820	1495.036499
1159.622070	1727.918945
1158.528320	1439.604858
1157.433594	1295.330444
1156.339844	1007.187866
1155.245117	956.661926
1154.149414	529.365295
1153.054688	556.530884
1151.958984	706.889526
1150.863281	663.199951
1149.767578	414.180298
1148.671875	395.603485
1147.575195	210.533691
1146.478516	353.803986
1145.381836	695.277039
1144.285156	259.503052
1143.187500	22.089102
1142.089844	44.411278
1140.992188	-1.624781
1139.894531	72.988144
1138.795898	61.028904
1137.697266	-335.559967
1136.598633	109.822517
1135.499023	-38.740219
1134.400391	222.094772
1133.300781	-10.633926
1132.201172	140.875717
1131.100586	-162.269531
1130.000977	11.847685
1128.900391	-79.953026
1127.799805	336.989838
1126.698242	97.474289
1125.596680	82.763474
1124.495117	263.204376
1123.393555	364.104980
1122.291992	394.581757
1121.189453	565.616211
1120.086914	797.752869
1118.984375	1247.373779
1117.881836	1635.552612
1116.778320	1450.176880
1115.674805	1391.709229
1114.571289	1600.492554
1113.466797	1553.226929
1112.363281	1659.897217
1111.258789	1352.224121
1110.153320	1501.761475
1109.048828	1198.685791
1107.943359	1139.975464
1106.837891	1228.234009
1105.732422	997.593384
1104.625977	947.831482
1103.520508	981.664124
1102.414063	981.518433
1101.306641	726.042114
1100.200195	723.576233
1099.092773	474.922699
1097.985352	795.200989
1096.877930	460.754181
1095.769531	227.925995
1094.661133	471.140686
1093.552734	382.631958
1092.444336	566.945923
1091.335938	151.437469
1090.226563	531.664795
1089.117188	373.091614
1088.006836	363.201843
1086.897461	459.119080
1085.787109	381.519043
1084.676758	398.439758
1083.566406	478.306274
1082.455078	526.547668
1081.343750	619.694336
1080.232422	595.757202
1079.121094	643.720093
1078.008789	768.015625
1076.896484	853.967468
1075.784180	560.008484
1074.671875	935.653625
1073.558594	816.850952
1072.445313	1068.580688
1071.332031	866.568604
1070.217773	446.813477
1069.104492	260.581360
1067.990234	507.386017
1066.875977	98.969551
1065.760742	464.385162
1064.645508	298.144592
1063.530273	190.176910
1062.415039	568.516663
1061.299805	361.776428
1060.183594	361.126373
1059.067383	194.652802
1057.951172	34.882446
1056.833984	125.817253
1055.716797	158.430496
1054.599609	29.823164
1053.482422	122.662628
1052.364258	257.852936
1051.247070	334.763885
1050.128906	-8.768543
1049.009766	-63.920937
1047.891602	26.126245
1046.772461	6.552255
1045.653320	234.823288
1044.533203	-144.532089
1043.414063	-224.623383
1042.293945	-246.752380
1041.173828	157.266205
1040.052734	183.933350
1038.932617	43.206593
1037.811523	337.299225
1036.689453	-51.105839
1035.568359	-290.073975
1034.446289	119.467026
1033.324219	-284.523468
1032.202148	-11.252871
1031.079102	-379.615265
1029.957031	247.367783
1028.833984	-245.751755
1027.709961	-53.298634
1026.586914	-237.051743
1025.462891	-93.834503
1024.338867	20.297546
1023.214844	-25.816004
1022.089844	85.805252
1020.964844	-107.214233
1019.839844	1.937834
1018.714844	344.190948
1017.588867	-75.627045
1016.462891	-359.910858
1015.336914	-180.203613
1014.210938	-91.677254
1013.083984	302.898102
1011.957031	166.979767
1010.830078	434.680939
1009.702148	473.739136
1008.574219	614.651062
1007.446289	1411.451782
1006.318359	2777.278320
1005.190430	3812.274902
1004.061523	4067.026611
1002.932617	3305.139893
1001.802734	2032.062988
1000.673828	1011.806274
999.543945	191.046844
998.414063	160.380051
997.283203	344.156006
996.153320	196.050064
995.022461	470.164551
993.891602	306.392090
992.759766	292.844299
991.628906	380.845673
990.497070	318.478516
989.364258	657.934448
988.232422	635.065796
987.099609	1011.610840
985.966797	787.619019
984.833984	669.528442
983.700195	827.102600
982.566406	794.840637
981.432617	795.563477
980.298828	805.002136
979.164063	858.392761
978.029297	455.570770
976.894531	343.607147
975.759766	473.842529
974.624023	515.833069
973.488281	432.231018
972.352539	522.431763
971.215820	687.284363
970.080078	247.050354
968.943359	380.907318
967.805664	472.816956
966.668945	342.584320
965.531250	445.265594
964.393555	512.646667
963.254883	478.838104
962.117188	743.665100
960.978516	356.132629
959.839844	640.425476
958.700195	417.505524
957.561523	615.909607
956.421875	746.115051
955.281250	713.857300
954.141602	753.915833
953.000977	1138.033325
951.860352	1046.293579
950.719727	1462.877808
949.578125	1066.427368
948.436523	816.827087
947.294922	851.930176
946.153320	628.620850
945.010742	267.439056
943.868164	466.523804
942.725586	52.904148
941.583008	363.363007
940.439453	172.850296
939.295898	284.052307
938.152344	128.490356
937.007813	101.848694
935.863281	-53.733013
934.718750	-14.905239
933.574219	403.802673
932.428711	119.274200
931.283203	-62.585125
930.137695	74.183731
928.992188	-22.592972
927.845703	458.612762
926.699219	97.835648
925.552734	18.421526
924.405273	159.125015
923.257813	360.746582
922.110352	357.452515
920.962891	136.319244
919.814453	180.910019
918.666016	-33.622913
917.517578	104.527428
916.369141	-75.113182
915.219727	97.733459
914.070313	33.399384
912.920898	25.621382
911.770508	-210.462891
910.621094	90.445015
909.470703	-162.944473
908.319336	-253.296799
907.168945	106.026382
906.017578	224.118408
904.866211	-224.481476
903.713867	30.368492
902.562500	98.505859
901.410156	-91.573486
900.256836	121.875389
899.104492	135.752411
897.951172	97.592758
896.797852	154.841888
895.644531	-2.446679
894.490234	5.005939
893.335938	10.317040
892.181641	84.954239
891.027344	-69.896103
889.872070	420.373260
888.716797	77.305305
887.561523	-60.019039
886.405273	-60.988441
885.249023	24.600109
884.092773	15.069763
882.936523	-59.240704
881.779297	119.358429
880.622070	-84.472992
879.464844	-104.544624
878.307617	61.181545
877.149414	-163.901352
875.991211	-116.829025
874.833008	105.092766
873.673828	339.917542
872.514648	143.316391
871.355469	46.092934
870.196289	-445.546875
869.036133	229.235962
867.875977	104.303589
866.715820	-14.013078
865.554688	29.355703
864.394531	402.306274
863.233398	17.323042
862.071289	65.260628
860.910156	315.588959
859.748047	395.933594
858.585938	521.526917
857.422852	653.615051
856.259766	510.566803
855.096680	363.416046
853.933594	444.251312
852.770508	316.774475
851.606445	241.028961
850.442383	575.621155
849.277344	100.774506
848.113281	338.932556
846.948242	12.719398
845.783203	126.623543
844.617188	88.318001
843.451172	75.912079
842.285156	325.232300
841.119141	-19.144915
839.952148	-206.784393
838.785156	-229.202560
837.618164	-330.701996
836.451172	276.836517
835.283203	-70.624054
834.115234	-237.952515
832.947266	-133.256332
831.778320	375.908203
830.609375	191.988083
829.440430	91.731163
828.271484	214.049316
827.101563	199.679565
825.931641	-229.068619
824.761719	19.829693
823.590820	33.826717
822.420898	353.389679
821.250000	547.015259
820.078125	448.310791
818.907227	501.367188
817.735352	354.037506
816.562500	686.874084
815.390625	467.454865
814.217773	244.059586
813.044922	-160.204224
811.872070	128.484482
810.698242	57.176674
809.524414	-77.798164
808.350586	175.056534
807.176758	255.549759
806.001953	421.334381
804.827148	-208.612701
803.651367	66.099861
802.476563	477.021851
801.300781	-54.075874
800.125000	399.598907
798.948242	215.613647
797.772461	110.555428
796.595703	107.715660
795.417969	466.141235
794.241211	867.081909
793.063477	737.286865
791.885742	427.339417
790.707031	234.440369
789.529297	268.841614
788.350586	254.633179
787.170898	592.619019
785.992188	470.616150
784.812500	687.973022
783.632813	492.224182
782.452148	423.856049
781.272461	482.804840
780.091797	99.349800
778.911133	143.895340
777.729492	360.033600
776.547852	117.082535
775.366211	-2.874203
774.184570	289.832855
773.001953	106.807716
771.819336	-215.480331
770.636719	179.036270
769.453125	-70.940643
768.269531	239.186295
767.085938	-14.578151
765.902344	-377.862122
764.717773	44.473816
763.533203	116.424507
762.348633	127.298988
761.163086	-127.489777
759.977539	3.939053
758.791992	-265.176086
757.606445	-0.694533
756.419922	-201.972748
755.233398	62.627026
754.046875	-85.653244
752.859375	170.615173
751.672852	313.179352
750.485352	220.021988
749.296875	423.756073
748.108398	492.834656
746.919922	-66.981323
745.731445	351.487030
744.542969	252.613876
743.353516	265.277191
742.164063	151.925339
740.973633	154.252701
739.783203	381.414398
738.592773	-97.090782
737.402344	-193.185913
736.211914	-102.364426
735.020508	196.224365
733.829102	387.711609
732.636719	302.264404
731.444336	120.427826
730.251953	87.559822
729.059570	136.483215
727.866211	21.943302
726.673828	200.789017
725.479492	-156.674484
724.286133	107.998772
723.091797	156.890701
721.897461	-244.266296
720.703125	133.214005
719.507813	-106.688599
718.312500	-214.725922
717.117188	-98.988960
715.921875	6.208728
714.725586	-200.117676
713.529297	-168.168884
712.332031	-104.949112
711.135742	152.438416
709.938477	73.447166
708.740234	309.670319
707.542969	702.259216
706.344727	1092.499512
705.146484	1751.605835
703.948242	2787.832031
702.749023	2995.651611
701.549805	3017.752197
700.350586	2147.709229
699.150391	1625.964600
697.950195	979.379272
696.750000	839.114929
695.549805	103.298439
694.348633	231.650299
693.147461	16.434980
691.946289	36.346706
690.744141	278.727783
689.541992	323.316620
688.339844	-2.332094
687.136719	17.144396
685.934570	290.065063
684.730469	147.186005
683.527344	608.773621
682.323242	417.925598
681.119141	362.032349
679.915039	15.460454
678.710938	430.608185
677.505859	63.259674
676.300781	392.983704
675.094727	471.538177
673.889648	195.448059
672.683594	81.111511
671.476563	-47.737419
670.270508	326.897339
669.063477	398.896393
667.856445	257.533051
666.648438	223.874741
665.440430	28.778513
664.232422	284.916901
663.024414	139.584427
661.815430	-94.589195
660.606445	155.295792
659.397461	16.450872
658.188477	398.627655
656.978516	-188.446030
655.768555	344.637512
654.557617	134.034393
653.346680	-119.665794
652.135742	-96.416656
650.924805	106.602921
649.712891	10.550846
648.501953	-10.912150
647.289063	151.479919
646.077148	-92.090340
644.864258	-279.532715
643.651367	-136.728622
642.438477	-327.378174
641.224609	-27.185938
640.010742	230.111237
638.796875	96.599525
637.582031	270.459717
636.367188	391.349823
635.152344	619.845764
633.937500	285.298981
632.721680	513.138367
631.505859	422.980804
630.289063	401.581207
629.073242	925.723816
627.856445	1345.816040
626.639648	996.441833
625.421875	882.466003
624.204102	901.120178
622.986328	615.154663
621.768555	693.876892
620.549805	62.009583
619.331055	114.962784
618.111328	148.932068
616.892578	-106.644341
