1721.000977	265.731995
1720.027344	318.309784
1719.052734	26.344980
1718.078125	-38.233822
1717.104492	373.315704
1716.128906	-96.036728
1715.154297	367.217438
1714.178711	98.691689
1713.204102	-1.435276
1712.228516	-48.575287
1711.251953	-188.765045
1710.276367	100.668327
1709.299805	176.650864
1708.324219	-68.159103
1707.347656	124.173225
1706.370117	18.860706
1705.393555	-150.991684
1704.416016	-68.113945
1703.438477	101.121696
1702.460938	16.573050
1701.483398	-12.209573
1700.505859	-192.288010
1699.527344	199.691788
1698.548828	-132.042206
1697.570313	82.631371
1696.591797	-247.202011
1695.612305	114.717278
1694.632813	274.442169
1693.653320	107.048126
1692.673828	-392.343140
1691.694336	62.412815
1690.713867	-54.722229
1689.734375	75.344505
1688.753906	6.203842
1687.772461	-241.610382
1686.791992	38.095707
1685.810547	39.706776
1684.830078	112.502228
1683.848633	376.118774
1682.866211	-9.947511
1681.884766	-276.294922
1680.902344	22.443331
1679.919922	145.336212
1678.937500	-100.875748
1677.955078	-100.306015
1676.971680	-122.729034
1675.989258	-96.864044
1675.005859	272.134338
1674.022461	79.174583
1673.038086	59.046806
1672.054688	21.139729
1671.070313	-44.740280
1670.085938	24.005211
1669.101563	179.053848
1668.117188	-54.381931
1667.131836	-5.996722
1666.146484	-41.357624
1665.161133	78.086609
1664.175781	68.144684
1663.189453	-154.812744
1662.204102	-286.330566
1661.217773	89.230606
1660.231445	168.151169
1659.245117	-79.787079
1658.257813	100.562737
1657.270508	174.519058
1656.284180	-55.344360
1655.295898	-224.331970
1654.308594	1.740319
1653.321289	106.319046
1652.333008	183.073532
1651.344727	343.361328
1650.356445	81.288254
1649.367188	-155.326340
1648.378906	-9.976408
1647.389648	3.943196
1646.400391	-242.342316
1645.411133	188.691803
1644.420898	91.671196
1643.431641	249.892914
1642.441406	105.120491
1641.451172	86.728188
1640.459961	166.853134
1639.469727	52.765564
1638.478516	-51.108601
1637.487305	97.396873
1636.496094	-81.899681
1635.504883	250.806290
1634.512695	167.519028
1633.520508	182.655777
1632.528320	439.780518
1631.536133	180.457153
1630.543945	500.638153
1629.550781	505.989868
1628.557617	569.340637
1627.564453	776.234558
1626.571289	754.129456
1625.578125	827.737244
1624.583984	866.165833
1623.589844	957.486816
1622.595703	1197.212524
1621.601563	1469.609375
1620.606445	1626.339966
1619.611328	1632.317017
1618.616211	1563.004028
1617.621094	1441.055542
1616.625977	1552.794434
1615.629883	1200.043823
1614.633789	1264.227295
1613.637695	1541.790649
1612.641602	1237.171509
1611.645508	1379.305786
1610.648438	1413.577393
1609.651367	1380.198608
1608.654297	1419.609009
1607.657227	1654.588013
1606.659180	1897.029785
1605.662109	1906.437866
1604.664063	1788.125244
1603.666016	1865.276611
1602.666992	1809.717651
1601.668945	1729.226929
1600.669922	1733.903198
1599.670898	1886.274414
1598.671875	1625.819092
1597.671875	1600.629272
1596.672852	1490.490479
1595.672852	1485.437622
1594.672852	1245.447754
1593.671875	1073.060181
1592.671875	918.300293
1591.670898	756.125488
1590.669922	798.869995
1589.668945	719.270264
1588.667969	769.564880
1587.666016	734.979187
1586.664063	440.893860
1585.662109	501.266388
1584.660156	239.841202
1583.658203	395.058136
1582.655273	81.429878
1581.652344	461.012970
1580.649414	526.403564
1579.646484	404.891235
1578.642578	56.703686
1577.638672	480.868195
1576.634766	-63.895924
1575.630859	-125.382996
1574.626953	121.852913
1573.622070	177.334778
1572.618164	-78.215660
1571.613281	109.159042
1570.607422	-178.628174
1569.602539	172.829987
1568.596680	113.895447
1567.590820	236.451050
1566.584961	371.382446
1565.579102	26.719885
1564.572266	-54.495659
1563.566406	-321.929108
1562.559570	31.506439
1561.551758	109.204712
1560.544922	-24.085133
1559.537109	-112.674431
1558.530273	-198.729980
1557.521484	-54.104980
1556.513672	-219.523819
1555.505859	34.150562
1554.497070	34.840454
1553.488281	169.358719
1552.479492	36.198940
1551.470703	235.057892
1550.460938	-101.196693
1549.451172	-6.435405
1548.441406	-344.990692
1547.431641	-10.132421
1546.421875	32.551159
1545.411133	-209.351303
1544.400391	-347.266907
1543.389648	311.241638
1542.378906	-54.234055
1541.367188	-127.868904
1540.355469	-142.166031
1539.343750	-30.438015
1538.332031	-133.712265
1537.320313	-44.287651
1536.307617	-83.348663
1535.294922	-68.085762
1534.282227	-82.461777
1533.269531	-3.058645
1532.256836	113.313217
1531.243164	-142.907501
1530.229492	94.258812
1529.215820	171.031128
1528.202148	-20.971186
1527.187500	75.469986
1526.172852	48.642967
1525.158203	164.723846
1524.143555	221.625092
1523.127930	-56.470245
1522.113281	-66.046272
1521.097656	0.671005
1520.082031	-50.787758
1519.065430	-247.436661
1518.049805	212.892609
1517.033203	291.747589
1516.016602	195.961746
1515.000000	38.742680
1513.982422	-64.353264
1512.965820	115.238739
1511.948242	76.048836
1510.930664	324.295319
1509.913086	-220.878555
1508.894531	105.880554
1507.875977	15.144491
1506.857422	-136.916122
1505.838867	-55.779079
1504.820313	-185.676071
1503.800781	373.752289
1502.781250	27.987967
1501.761719	238.967331
1500.742188	-28.166273
1499.721680	217.038437
1498.702148	148.515320
1497.681641	258.851715
1496.661133	1.744474
1495.639648	168.385208
1494.618164	131.753952
1493.597656	114.752541
1492.576172	193.193161
1491.553711	171.277924
1490.532227	-105.004860
1489.509766	-136.604568
1488.487305	245.066162
1487.464844	76.535599
1486.442383	-184.785217
1485.418945	116.045647
1484.395508	243.304947
1483.372070	177.561951
1482.348633	106.985542
1481.324219	158.519745
1480.300781	322.363312
1479.276367	439.772522
1478.251953	5.705594
1477.226563	264.655518
1476.202148	147.934052
1475.176758	194.649323
1474.151367	24.394165
1473.125000	161.339462
1472.099609	20.466576
1471.073242	169.598785
1470.046875	430.754547
1469.020508	90.288292
1467.994141	492.638397
1466.966797	247.294373
1465.939453	235.739288
1464.912109	460.261169
1463.884766	448.739777
1462.856445	1.863989
1461.829102	403.926727
1460.800781	222.338058
1459.772461	488.125702
1458.743164	736.810669
1457.714844	458.205078
1456.685547	714.166565
1455.656250	843.773438
1454.625977	640.693359
1453.596680	709.661804
1452.566406	596.595398
1451.536133	930.122925
1450.505859	928.755005
1449.474609	481.110687
1448.444336	509.040039
1447.413086	682.466064
1446.381836	535.896179
1445.350586	437.911163
1444.318359	669.532715
1443.286133	477.176147
1442.253906	766.928101
1441.221680	49.285378
1440.189453	423.852081
1439.156250	306.950958
1438.123047	158.698166
1437.089844	293.637299
1436.056641	254.419296
1435.022461	275.718658
1433.988281	217.282135
1432.954102	35.645382
1431.919922	47.494511
1430.885742	-22.753956
1429.850586	189.723175
1428.815430	-324.827820
1427.780273	-206.425949
1426.744141	223.410294
1425.708984	35.229031
1424.672852	-184.194580
1423.636719	-92.220108
1422.600586	-12.278805
1421.563477	96.618965
1420.527344	417.737305
1419.490234	198.781708
1418.452148	146.272278
1417.415039	240.857376
1416.376953	-163.231705
1415.338867	66.383011
1414.300781	-29.124367
1413.262695	241.429993
1412.224609	-289.607971
1411.185547	122.996094
1410.146484	39.856056
1409.107422	-76.856026
1408.067383	107.160782
1407.027344	-211.366638
1405.987305	95.346977
1404.947266	-155.600571
1403.907227	35.771275
1402.866211	-118.829994
1401.826172	269.552063
1400.785156	266.398743
1399.743164	-51.211502
1398.702148	109.073692
1397.660156	480.536896
1396.618164	127.312210
1395.576172	390.809814
1394.533203	680.632202
1393.491211	1119.082031
1392.448242	1262.536377
1391.405273	1080.041016
1390.361328	1305.046387
1389.318359	1707.325073
1388.274414	1910.686523
1387.230469	1960.771606
1386.186523	2367.642822
1385.141602	2537.420654
1384.097656	2350.631348
1383.052734	2415.207275
1382.007813	2812.336182
1380.961914	2759.724854
1379.916992	2503.976807
1378.871094	2508.970459
1377.825195	2177.031982
1376.778320	2335.155518
1375.732422	1824.355591
1374.685547	1791.542969
1373.638672	1615.531372
1372.591797	1671.255981
1371.543945	1435.795288
1370.497070	1525.083252
1369.449219	1122.874756
1368.400391	978.527039
1367.352539	1077.586792
1366.303711	861.912964
1365.255859	1173.260864
1364.206055	1105.551392
1363.157227	842.552246
1362.108398	949.004272
1361.058594	1453.238647
1360.008789	1176.231934
1358.958984	1430.339111
1357.908203	996.469727
1356.857422	734.199768
1355.806641	809.970093
1354.755859	1195.014648
1353.705078	930.682495
1352.653320	856.734741
1351.601563	1049.137817
1350.549805	1208.242676
1349.498047	963.378967
1348.445313	887.345093
1347.393555	690.278748
1346.340820	650.076294
1345.287109	676.417114
1344.234375	273.176758
1343.180664	430.226593
1342.126953	627.600769
1341.073242	250.886520
1340.019531	256.221954
1338.964844	311.394257
1337.910156	449.568207
1336.855469	199.042007
1335.799805	90.839340
1334.745117	281.252686
1333.689453	251.345856
1332.633789	-114.755844
1331.578125	-26.084286
1330.521484	10.515362
1329.464844	-23.845383
1328.408203	-6.091012
1327.351563	68.477020
1326.294922	-24.854843
1325.237305	-23.529181
1324.179688	39.303535
1323.122070	102.156296
1322.064453	49.245228
1321.005859	81.436531
1319.947266	-42.227112
1318.888672	110.487991
1317.830078	-185.385635
1316.770508	-174.251144
1315.710938	28.066788
1314.651367	-321.747009
1313.591797	40.996281
1312.531250	59.299904
1311.471680	-155.780243
1310.411133	-14.787665
1309.349609	142.671631
1308.289063	-350.223694
1307.227539	-315.188721
1306.166016	-77.579796
1305.104492	44.578960
1304.042969	-92.248276
1302.980469	-311.370331
1301.917969	-40.897636
1300.855469	-262.223389
1299.792969	-71.787727
1298.729492	127.993240
1297.666016	12.661337
1296.602539	-25.016514
1295.539063	-323.515564
1294.474609	172.308746
1293.411133	106.514984
1292.346680	-81.358963
1291.281250	-121.202316
1290.216797	26.812841
1289.151367	195.904282
1288.085938	205.381134
1287.020508	219.570908
1285.955078	-150.890274
1284.888672	264.408081
1283.822266	55.907818
1282.755859	349.135712
1281.689453	166.530594
1280.622070	211.284363
1279.554688	216.219635
1278.487305	431.947174
1277.419922	193.358978
1276.351563	413.709564
1275.283203	51.214016
1274.214844	35.203850
1273.146484	182.975388
1272.077148	377.470734
1271.008789	277.266968
1269.939453	310.373871
1268.869141	51.300747
1267.799805	114.851143
1266.729492	369.958801
1265.659180	379.707886
1264.588867	57.847851
1263.517578	511.291748
1262.447266	180.233551
1261.375977	390.761536
1260.304688	547.543762
1259.232422	405.665253
1258.161133	81.950699
1257.088867	1031.513916
1256.016602	255.556198
1254.943359	463.504333
1253.871094	244.950592
1252.797852	718.413208
1251.724609	935.466431
1250.650391	942.841919
1249.577148	831.491150
1248.502930	729.498962
1247.428711	781.150452
1246.354492	409.333954
1245.279297	605.255798
1244.204102	419.693207
1243.128906	671.341248
1242.053711	857.791260
1240.977539	644.411804
1239.902344	475.287048
1238.826172	415.416107
1237.750000	638.925903
1236.672852	-115.252502
1235.595703	358.999939
1234.518555	25.327454
1233.441406	380.997314
1232.364258	84.589272
1231.286133	270.761017
1230.208008	-9.264831
1229.129883	116.566086
1228.051758	177.439041
1226.972656	368.056702
1225.893555	32.639683
1224.814453	10.090055
1223.734375	341.881989
1222.655273	-51.195347
1221.575195	9.613291
1220.495117	172.229706
1219.415039	246.843109
1218.333984	-104.248085
1217.252930	284.932617
1216.171875	38.039303
1215.090820	329.913513
1214.008789	-4.726382
1212.926758	21.269955
1211.844727	14.904245
1210.762695	-63.063957
1209.679688	-9.381090
1208.597656	-115.023674
1207.513672	44.812412
1206.430664	-215.433228
1205.347656	32.030109
1204.263672	-87.405327
1203.179688	-31.514994
1202.095703	418.626678
1201.010742	-23.570433
1199.925781	135.956070
1198.840820	-73.268600
1197.755859	452.476074
1196.670898	240.957458
1195.584961	234.458481
1194.499023	105.940018
1193.413086	-50.148922
1192.326172	-180.871124
1191.239258	97.974510
1190.152344	406.590912
1189.065430	236.739655
1187.978516	191.106049
1186.890625	212.139053
1185.802734	359.549530
1184.714844	-3.180318
1183.625977	139.595718
1182.538086	250.153091
1181.449219	108.077286
1180.360352	168.065506
1179.270508	340.467041
1178.180664	622.922424
1177.090820	437.257690
1176.000977	552.117126
1174.911133	465.129486
1173.820313	462.987701
1172.729492	376.029694
1171.638672	341.804016
1170.547852	513.773376
1169.456055	502.406128
1168.364258	708.581116
1167.272461	301.079407
1166.179688	459.107635
1165.087891	1104.499878
1163.995117	1070.067993
1162.902344	1079.101074
1161.808594	1113.264771
1160.715820	1552.099976
1159.622070	1471.823120
1158.528320	1453.273804
1157.433594	1288.477051
1156.339844	1299.643799
1155.245117	817.468933
1154.149414	593.504639
1153.054688	643.575439
1151.958984	294.190308
1150.863281	453.794464
1149.767578	706.844727
1148.671875	257.276245
1147.575195	159.049423
1146.478516	275.152466
1145.381836	398.022552
1144.285156	-39.758595
1143.187500	151.431381
1142.089844	48.686199
1140.992188	-72.248398
1139.894531	-111.185265
1138.795898	-18.111462
1137.697266	-148.120773
1136.598633	85.944626
1135.499023	-198.757843
1134.400391	-44.425064
1133.300781	-249.435211
1132.201172	-97.483582
1131.100586	133.913300
1130.000977	69.808647
1128.900391	-469.076233
1127.799805	-221.923004
1126.698242	127.265442
1125.596680	99.430542
1124.495117	180.524933
1123.393555	114.065735
1122.291992	161.040741
1121.189453	434.769165
1120.086914	513.335022
1118.984375	1235.694946
1117.881836	1325.322876
1116.778320	1306.104492
1115.674805	1613.102173
1114.571289	1414.827271
1113.466797	1350.212158
1112.363281	1208.620850
1111.258789	1288.883301
1110.153320	1441.487305
1109.048828	1234.254028
1107.943359	1176.364868
1106.837891	1385.327881
1105.732422	1121.611206
1104.625977	975.514099
1103.520508	994.436157
1102.414063	342.236206
1101.306641	485.444763
1100.200195	359.799469
1099.092773	475.766449
1097.985352	634.531555
1096.877930	438.846039
1095.769531	247.712021
1094.661133	435.618164
1093.552734	355.003204
1092.444336	344.282501
1091.335938	238.838120
1090.226563	246.082123
1089.117188	-109.518181
1088.006836	235.634735
1086.897461	294.542816
1085.787109	256.536530
1084.676758	495.415344
1083.566406	448.280060
1082.455078	349.349091
1081.343750	313.406311
1080.232422	540.601379
1079.121094	682.185425
1078.008789	394.212677
1076.896484	474.959320
1075.784180	456.731201
1074.671875	741.775574
1073.558594	736.851563
1072.445313	466.870209
1071.332031	381.065125
1070.217773	398.490173
1069.104492	575.201172
1067.990234	621.621094
1066.875977	309.038116
1065.760742	-66.271378
1064.645508	161.686035
1063.530273	140.645889
1062.415039	70.240166
1061.299805	161.134048
1060.183594	9.966878
1059.067383	163.400314
1057.951172	280.867126
1056.833984	37.772129
1055.716797	-164.996307
1054.599609	17.137159
1053.482422	380.328003
1052.364258	81.217072
1051.247070	30.391212
1050.128906	80.107582
1049.009766	163.242142
1047.891602	165.825439
1046.772461	119.168976
1045.653320	-175.477005
1044.533203	-43.552067
1043.414063	97.174042
1042.293945	-152.876328
1041.173828	-63.688961
1040.052734	63.290466
1038.932617	170.068130
1037.811523	-77.883308
1036.689453	-149.681976
1035.568359	-123.444321
1034.446289	-101.772270
1033.324219	-122.530037
1032.202148	-0.804262
1031.079102	-39.580132
1029.957031	-236.502686
1028.833984	-177.442032
1027.709961	-131.863922
1026.586914	-199.864075
1025.462891	56.841290
1024.338867	-109.224693
1023.214844	-37.392693
1022.089844	83.205124
1020.964844	161.424210
1019.839844	-24.903954
1018.714844	-51.297508
1017.588867	-17.822433
1016.462891	-115.466675
1015.336914	-155.447525
1014.210938	-122.265450
1013.083984	-237.881226
1011.957031	136.733215
1010.830078	220.524734
1009.702148	197.727676
1008.574219	629.311829
1007.446289	1304.405762
1006.318359	2289.317627
1005.190430	2972.379150
1004.061523	3763.545410
1002.932617	2665.352539
1001.802734	2025.826050
1000.673828	875.203979
999.543945	433.114655
998.414063	19.880337
997.283203	374.244537
996.153320	239.637695
995.022461	423.339935
993.891602	343.818451
992.759766	496.250122
991.628906	440.839630
990.497070	215.253220
989.364258	1224.115723
988.232422	755.378418
987.099609	597.968933
985.966797	1054.027100
984.833984	951.568726
983.700195	1199.762573
982.566406	1011.084534
981.432617	705.531128
980.298828	468.348755
979.164063	982.651123
978.029297	632.918823
976.894531	673.136475
975.759766	473.183533
974.624023	660.716492
973.488281	608.122620
972.352539	308.961029
971.215820	425.669342
970.080078	304.666901
968.943359	258.375366
967.805664	249.365448
966.668945	512.861694
965.531250	448.656586
964.393555	186.630371
963.254883	366.154083
962.117188	747.566284
960.978516	430.451874
959.839844	124.363594
958.700195	507.445679
957.561523	626.971069
956.421875	553.286011
955.281250	975.188293
954.141602	964.861450
953.000977	1184.616333
951.860352	911.045410
950.719727	1358.419434
949.578125	1141.706909
948.436523	911.867676
947.294922	614.168762
946.153320	458.822632
945.010742	404.129486
943.868164	185.268555
942.725586	268.331207
941.583008	320.658875
940.439453	145.458099
939.295898	42.408409
938.152344	315.269348
937.007813	469.915375
935.863281	32.385685
934.718750	165.053238
933.574219	-108.560539
932.428711	-65.573387
931.283203	138.851120
930.137695	277.656433
928.992188	-63.616337
927.845703	-92.901314
926.699219	117.642159
925.552734	232.113937
924.405273	-41.502113
923.257813	-97.126823
922.110352	143.519455
920.962891	111.751595
919.814453	-55.067589
918.666016	-84.686775
917.517578	146.861359
916.369141	-241.912888
915.219727	100.443275
914.070313	-11.974871
912.920898	130.057953
911.770508	-47.599144
910.621094	231.273285
909.470703	-22.417698
908.319336	25.963463
907.168945	26.546492
906.017578	-163.991928
904.866211	-52.669449
903.713867	88.967049
902.562500	20.066900
901.410156	63.998390
900.256836	-135.032318
899.104492	210.362381
897.951172	-38.452942
896.797852	-198.261429
895.644531	77.592339
894.490234	11.015037
893.335938	221.746948
892.181641	-59.165794
891.027344	-86.606720
889.872070	76.459991
888.716797	-171.670746
887.561523	32.527775
886.405273	-228.384995
885.249023	360.737366
884.092773	251.312195
882.936523	72.823318
881.779297	283.439850
880.622070	81.366623
879.464844	-77.346107
878.307617	353.625336
877.149414	117.325386
875.991211	-153.326477
874.833008	-48.279980
873.673828	-301.361511
872.514648	116.586456
871.355469	308.000946
870.196289	-58.985767
869.036133	123.933113
867.875977	177.567139
866.715820	114.939232
865.554688	157.977554
864.394531	179.585983
863.233398	119.473068
862.071289	136.974487
860.910156	173.977829
859.748047	477.856293
858.585938	241.824814
857.422852	427.511475
856.259766	490.701202
855.096680	586.241028
853.933594	484.177094
852.770508	457.497040
851.606445	488.962250
850.442383	101.806145
849.277344	-83.213501
848.113281	348.061279
846.948242	36.779682
845.783203	-117.571655
844.617188	298.863129
843.451172	142.699188
842.285156	280.509735
841.119141	-224.608658
839.952148	-88.577034
838.785156	306.812744
837.618164	100.309425
836.451172	161.775040
835.283203	-72.062569
834.115234	235.941360
832.947266	229.425995
831.778320	-187.681229
830.609375	-18.310503
829.440430	84.888107
828.271484	258.799591
827.101563	340.918243
825.931641	-536.284729
824.761719	281.344940
823.590820	67.130028
822.420898	94.551918
821.250000	634.558899
820.078125	634.504822
818.907227	707.240723
817.735352	551.875977
816.562500	563.170349
815.390625	346.528229
814.217773	441.470001
813.044922	189.170807
811.872070	182.280151
810.698242	367.360168
809.524414	47.788303
808.350586	-62.712116
807.176758	-72.863159
806.001953	166.245407
804.827148	-158.428223
803.651367	-57.227543
802.476563	-160.015518
801.300781	154.258896
800.125000	45.560413
798.948242	162.440430
797.772461	-54.106766
796.595703	-172.595398
795.417969	414.361267
794.241211	383.353607
793.063477	388.684601
791.885742	532.207336
790.707031	580.403381
789.529297	821.872681
788.350586	388.981873
787.170898	641.437012
785.992188	728.648987
784.812500	464.211700
783.632813	511.616486
782.452148	332.536774
781.272461	338.037567
780.091797	322.577057
778.911133	521.160828
777.729492	298.677338
776.547852	127.299553
775.366211	167.758911
774.184570	13.829705
773.001953	-12.954960
771.819336	-52.208599
770.636719	115.881714
769.453125	-138.521957
768.269531	-29.256702
767.085938	-27.572552
765.902344	-270.637604
764.717773	29.120407
763.533203	-110.074326
762.348633	-162.523148
761.163086	126.963425
759.977539	-161.399124
758.791992	-194.334412
757.606445	-184.941208
756.419922	-105.854256
755.233398	-220.511490
754.046875	-12.676101
752.859375	311.024933
751.672852	78.836754
750.485352	25.807716
749.296875	12.904889
748.108398	589.255310
746.919922	126.274803
745.731445	332.386810
744.542969	281.979523
743.353516	92.945381
742.164063	490.414368
740.973633	133.485870
739.783203	18.355961
738.592773	-105.064140
737.402344	118.058601
736.211914	368.412598
735.020508	182.175217
733.829102	564.643494
732.636719	531.631470
731.444336	471.385223
730.251953	291.675018
729.059570	390.833527
727.866211	389.354340
726.673828	86.166313
725.479492	36.549622
724.286133	91.639450
723.091797	345.566772
721.897461	-30.703566
720.703125	139.336960
719.507813	-178.224350
718.312500	-202.867767
717.117188	-16.357985
715.921875	9.005218
714.725586	-99.499397
713.529297	138.847687
712.332031	308.044067
711.135742	126.161118
709.938477	378.595245
708.740234	791.551025
707.542969	759.616577
706.344727	1144.910889
705.146484	1509.030151
703.948242	2131.465332
702.749023	2734.699219
701.549805	2670.387207
700.350586	2011.955078
699.150391	1724.581177
697.950195	1008.035767
696.750000	679.061584
695.549805	497.913330
694.348633	235.493073
693.147461	443.389557
691.946289	35.108761
690.744141	103.225441
689.541992	601.642700
688.339844	168.137375
687.136719	439.359619
685.934570	504.533386
684.730469	465.605499
683.527344	324.733795
682.323242	451.665283
681.119141	262.769073
679.915039	486.884918
678.710938	229.259583
677.505859	253.777817
676.300781	354.882477
675.094727	271.221436
673.889648	425.907349
672.683594	29.004000
671.476563	289.114563
670.270508	333.523010
669.063477	212.100235
667.856445	455.132416
666.648438	443.316620
665.440430	85.781242
664.232422	152.604843
663.024414	242.136765
661.815430	6.879597
660.606445	46.787148
659.397461	-20.791237
658.188477	564.877991
656.978516	429.158630
655.768555	291.553070
654.557617	195.455750
653.346680	124.352592
652.135742	-249.995529
650.924805	-332.911987
649.712891	21.934902
648.501953	-6.799702
647.289063	-187.816833
646.077148	182.196869
644.864258	-20.651268
643.651367	106.825493
642.438477	-181.475525
641.224609	-205.393524
640.010742	-138.064377
638.796875	34.904392
637.582031	700.514282
636.367188	345.772034
635.152344	327.425201
633.937500	523.927124
632.721680	484.796478
631.505859	646.169250
630.289063	742.798157
629.073242	801.512024
627.856445	1122.408569
626.639648	1171.292358
625.421875	1047.030640
624.204102	813.471741
622.986328	433.842529
621.768555	441.908417
620.549805	299.965759
619.331055	-157.948090
618.111328	36.473980
616.892578	310.812134
