1721.000977	-60.877705
1720.027344	-9.302320
1719.052734	136.538177
1718.078125	66.149605
1717.104492	28.525038
1716.128906	-22.510784
1715.154297	31.041048
1714.178711	73.761742
1713.204102	-32.718994
1712.228516	90.966690
1711.251953	-144.582687
1710.276367	198.415207
1709.299805	31.175179
1708.324219	-23.752192
1707.347656	46.360668
1706.370117	187.707428
1705.393555	141.832672
1704.416016	0.950325
1703.438477	-81.384911
1702.460938	68.699478
1701.483398	-14.251634
1700.505859	-92.351067
1699.527344	66.967300
1698.548828	105.859970
1697.570313	-151.851654
1696.591797	-200.262680
1695.612305	-144.197327
1694.632813	-9.227304
1693.653320	-60.849289
1692.673828	35.372231
1691.694336	-59.984058
1690.713867	-129.975754
1689.734375	-57.263046
1688.753906	-20.441673
1687.772461	-98.509033
1686.791992	-125.684113
1685.810547	-20.474619
1684.830078	-24.959106
1683.848633	100.345810
1682.866211	-1.164255
1681.884766	9.324368
1680.902344	192.813156
1679.919922	129.280228
1678.937500	88.608574
1677.955078	80.966087
1676.971680	-130.220322
1675.989258	-122.656479
1675.005859	11.967326
1674.022461	62.618195
1673.038086	64.916260
1672.054688	6.224299
1671.070313	127.882103
1670.085938	53.912598
1669.101563	147.551773
1668.117188	78.669212
1667.131836	-10.507927
1666.146484	113.516113
1665.161133	90.341751
1664.175781	21.526237
1663.189453	-42.191261
1662.204102	76.708153
1661.217773	-128.921005
1660.231445	-53.114418
1659.245117	-157.226852
1658.257813	62.994816
1657.270508	-124.642906
1656.284180	-8.271288
1655.295898	-190.703629
1654.308594	-89.501549
1653.321289	-119.904778
1652.333008	130.587234
1651.344727	90.095360
1650.356445	-16.096752
1649.367188	130.651840
1648.378906	22.055201
1647.389648	-116.797623
1646.400391	9.799368
1645.411133	73.226906
1644.420898	235.178406
1643.431641	-49.892887
1642.441406	127.264214
1641.451172	36.803211
1640.459961	188.715225
1639.469727	-143.867599
1638.478516	179.677109
1637.487305	51.634167
1636.496094	150.661819
1635.504883	63.121391
1634.512695	116.819328
1633.520508	-20.993288
1632.528320	191.545639
1631.536133	144.567703
1630.543945	455.312805
1629.550781	247.225098
1628.557617	286.001343
1627.564453	501.008301
1626.571289	358.619446
1625.578125	415.107666
1624.583984	441.420074
1623.589844	638.789063
1622.595703	810.977722
1621.601563	779.509644
1620.606445	1094.940430
1619.611328	912.727783
1618.616211	1042.170654
1617.621094	1146.484131
1616.625977	967.015869
1615.629883	1101.501221
1614.633789	1012.554871
1613.637695	1076.782104
1612.641602	1075.779907
1611.645508	851.540344
1610.648438	1051.302734
1609.651367	955.112122
1608.654297	931.704712
1607.657227	1301.879272
1606.659180	905.055115
1605.662109	1177.427979
1604.664063	856.009949
1603.666016	1426.365234
1602.666992	1588.346802
1601.668945	1287.158813
1600.669922	1339.026733
1599.670898	1310.822144
1598.671875	1220.105469
1597.671875	1394.585205
1596.672852	1251.417603
1595.672852	1000.805664
1594.672852	1082.793945
1593.671875	714.883850
1592.671875	999.335876
1591.670898	776.531250
1590.669922	668.732849
1589.668945	840.681030
1588.667969	375.919617
1587.666016	280.785461
1586.664063	480.188873
1585.662109	292.779388
1584.660156	554.484741
1583.658203	324.760071
1582.655273	237.261612
1581.652344	167.258148
1580.649414	269.275146
1579.646484	234.197525
1578.642578	79.539009
1577.638672	109.278358
1576.634766	226.174530
1575.630859	275.798981
1574.626953	4.276912
1573.622070	-60.567230
1572.618164	200.598831
1571.613281	200.425751
1570.607422	-53.461193
1569.602539	-11.307822
1568.596680	55.678196
1567.590820	0.833115
1566.584961	-19.198185
1565.579102	169.487000
1564.572266	10.297312
1563.566406	-17.186844
1562.559570	297.993042
1561.551758	265.461426
1560.544922	133.665985
1559.537109	24.242033
1558.530273	-65.283615
1557.521484	51.078907
1556.513672	120.277328
1555.505859	-93.220970
1554.497070	-78.587242
1553.488281	-237.457626
1552.479492	0.191924
1551.470703	183.230240
1550.460938	-149.016830
1549.451172	-72.538834
1548.441406	-157.032349
1547.431641	-33.576702
1546.421875	-110.639923
1545.411133	12.720150
1544.400391	-39.618740
1543.389648	-62.269077
1542.378906	201.911560
1541.367188	-21.062342
1540.355469	47.701687
1539.343750	-31.844299
1538.332031	-15.015812
1537.320313	-52.548267
1536.307617	33.389275
1535.294922	-127.627968
1534.282227	259.425385
1533.269531	-66.954552
1532.256836	48.473434
1531.243164	-95.204773
1530.229492	-110.579849
1529.215820	-199.938843
1528.202148	127.384369
1527.187500	20.721785
1526.172852	7.738671
1525.158203	51.417587
1524.143555	-158.658310
1523.127930	-122.386467
1522.113281	-54.119930
1521.097656	73.177315
1520.082031	52.734146
1519.065430	24.893379
1518.049805	102.855774
1517.033203	-38.151222
1516.016602	79.105232
1515.000000	-170.039627
1513.982422	288.847870
1512.965820	-147.037262
1511.948242	19.236528
1510.930664	106.818199
1509.913086	140.321335
1508.894531	38.734371
1507.875977	-55.452908
1506.857422	-29.336819
1505.838867	220.077133
1504.820313	270.645782
1503.800781	66.064606
1502.781250	84.737518
1501.761719	208.829956
1500.742188	-56.910603
1499.721680	123.508240
1498.702148	134.781647
1497.681641	60.288551
1496.661133	-48.467484
1495.639648	43.611446
1494.618164	145.442978
1493.597656	164.015045
1492.576172	-54.820694
1491.553711	230.456741
1490.532227	146.240738
1489.509766	96.288277
1488.487305	234.638077
1487.464844	-103.785538
1486.442383	41.882156
1485.418945	-100.874107
1484.395508	61.825222
1483.372070	143.851715
1482.348633	-35.460136
1481.324219	39.222084
1480.300781	414.140289
1479.276367	-23.813585
1478.251953	50.831741
1477.226563	162.031799
1476.202148	246.373138
1475.176758	-3.399673
1474.151367	283.294952
1473.125000	189.620621
1472.099609	361.632538
1471.073242	121.811676
1470.046875	133.000336
1469.020508	22.424603
1467.994141	272.267609
1466.966797	88.687126
1465.939453	126.674843
1464.912109	94.092567
1463.884766	302.383179
1462.856445	221.143997
1461.829102	353.961151
1460.800781	143.914581
1459.772461	505.197937
1458.743164	409.446686
1457.714844	335.630646
1456.685547	470.760468
1455.656250	450.413574
1454.625977	536.919800
1453.596680	572.436279
1452.566406	535.130127
1451.536133	490.577637
1450.505859	399.966736
1449.474609	493.745605
1448.444336	267.406952
1447.413086	409.704071
1446.381836	341.070557
1445.350586	255.521454
1444.318359	373.551910
1443.286133	331.668640
1442.253906	311.623016
1441.221680	170.534607
1440.189453	317.621552
1439.156250	290.387848
1438.123047	217.210236
1437.089844	158.603683
1436.056641	206.477753
1435.022461	232.579712
1433.988281	79.774384
1432.954102	-101.948616
1431.919922	35.452065
1430.885742	112.413269
1429.850586	34.745865
1428.815430	246.972702
1427.780273	-180.777008
1426.744141	79.734421
1425.708984	72.248375
1424.672852	224.055359
1423.636719	42.872395
1422.600586	-116.495583
1421.563477	134.208786
1420.527344	-78.096741
1419.490234	-176.993408
1418.452148	56.771069
1417.415039	-217.953140
1416.376953	-282.949280
1415.338867	-191.327789
1414.300781	-106.938095
1413.262695	-46.629608
1412.224609	18.498272
1411.185547	13.830104
1410.146484	-142.383469
1409.107422	124.870407
1408.067383	36.093586
1407.027344	-33.377495
1405.987305	41.452435
1404.947266	-88.011215
1403.907227	13.295173
1402.866211	174.643097
1401.826172	-86.772743
1400.785156	45.776112
1399.743164	-30.584152
1398.702148	92.360451
1397.660156	68.886421
1396.618164	261.397156
1395.576172	458.656403
1394.533203	593.498413
1393.491211	471.762695
1392.448242	733.668518
1391.405273	765.407104
1390.361328	785.176147
1389.318359	879.246460
1388.274414	994.859070
1387.230469	1371.480347
1386.186523	1118.299927
1385.141602	1231.488037
1384.097656	1370.994995
1383.052734	1613.351074
1382.007813	1401.131958
1380.961914	1148.369507
1379.916992	1402.675781
1378.871094	1183.559814
1377.825195	1205.972046
1376.778320	975.102661
1375.732422	935.502869
1374.685547	690.529663
1373.638672	799.125549
1372.591797	979.333374
1371.543945	569.898193
1370.497070	599.798523
1369.449219	519.956116
1368.400391	530.820190
1367.352539	463.019409
1366.303711	404.809784
1365.255859	530.229797
1364.206055	405.355408
1363.157227	461.676880
1362.108398	589.480408
1361.058594	576.720459
1360.008789	609.247070
1358.958984	589.413635
1357.908203	493.442200
1356.857422	473.700317
1355.806641	834.689819
1354.755859	567.551086
1353.705078	562.174683
1352.653320	670.956482
1351.601563	563.390930
1350.549805	241.997375
1349.498047	567.111511
1348.445313	504.865814
1347.393555	266.920593
1346.340820	335.437531
1345.287109	237.756332
1344.234375	-71.103539
1343.180664	61.603756
1342.126953	265.463989
1341.073242	118.189827
1340.019531	77.732246
1338.964844	319.477875
1337.910156	87.028008
1336.855469	132.009338
1335.799805	113.013695
1334.745117	214.888062
1333.689453	165.150299
1332.633789	89.415161
1331.578125	-62.020702
1330.521484	70.672951
1329.464844	68.446709
1328.408203	42.591362
1327.351563	109.026588
1326.294922	0.453316
1325.237305	123.664818
1324.179688	116.834198
1323.122070	178.570587
1322.064453	-24.339170
1321.005859	101.234268
1319.947266	-103.887695
1318.888672	-209.715057
1317.830078	22.134718
1316.770508	8.423896
1315.710938	-220.000839
1314.651367	18.846577
1313.591797	-34.877842
1312.531250	-121.579720
1311.471680	74.727234
1310.411133	-247.640976
1309.349609	-291.750946
1308.289063	-74.264969
1307.227539	-181.950882
1306.166016	-79.948563
1305.104492	19.677282
1304.042969	15.695927
1302.980469	-117.721832
1301.917969	43.090656
1300.855469	161.508148
1299.792969	16.452253
1298.729492	-48.568226
1297.666016	27.529270
1296.602539	-105.591438
1295.539063	-62.373955
1294.474609	103.020683
1293.411133	12.316184
1292.346680	-57.197926
1291.281250	-35.092140
1290.216797	-106.871376
1289.151367	-131.665909
1288.085938	-10.942211
1287.020508	-160.048157
1285.955078	178.803131
1284.888672	-5.424194
1283.822266	87.102165
1282.755859	88.190567
1281.689453	14.305634
1280.622070	123.216309
1279.554688	-16.204195
1278.487305	22.442348
1277.419922	121.968208
1276.351563	-110.953278
1275.283203	23.691658
1274.214844	186.375458
1273.146484	220.336166
1272.077148	95.247231
1271.008789	-11.057178
1269.939453	83.752434
1268.869141	89.709106
1267.799805	123.728973
1266.729492	234.842789
1265.659180	63.286835
1264.588867	239.783569
1263.517578	297.137390
1262.447266	193.418610
1261.375977	64.083893
1260.304688	158.814789
1259.232422	309.497803
1258.161133	294.546844
1257.088867	251.627731
1256.016602	-15.058553
1254.943359	296.401947
1253.871094	141.700333
1252.797852	448.356110
1251.724609	407.839722
1250.650391	332.418671
1249.577148	305.940216
1248.502930	519.230652
1247.428711	581.174377
1246.354492	436.031006
1245.279297	514.267395
1244.204102	352.941742
1243.128906	359.106659
1242.053711	165.363495
1240.977539	78.620575
1239.902344	321.881104
1238.826172	216.579056
1237.750000	371.462036
1236.672852	15.428671
1235.595703	86.726517
1234.518555	113.906204
1233.441406	414.903107
1232.364258	286.578400
1231.286133	-68.999344
1230.208008	-11.629467
1229.129883	87.457397
1228.051758	8.026714
1226.972656	285.524078
1225.893555	32.325859
1224.814453	226.322525
1223.734375	112.217522
1222.655273	238.982391
1221.575195	9.196086
1220.495117	6.330606
1219.415039	121.485405
1218.333984	93.160858
1217.252930	175.875824
1216.171875	22.700459
1215.090820	130.839661
1214.008789	49.403248
1212.926758	21.160009
1211.844727	-233.478104
1210.762695	1.687971
1209.679688	-88.862808
1208.597656	16.887703
1207.513672	7.173638
1206.430664	177.481232
1205.347656	-37.595314
1204.263672	-296.403168
1203.179688	0.717039
1202.095703	-163.439972
1201.010742	20.569664
1199.925781	96.180664
1198.840820	-21.792706
1197.755859	-148.920944
1196.670898	39.547733
1195.584961	218.723236
1194.499023	84.727715
1193.413086	-102.144104
1192.326172	65.446236
1191.239258	-314.588135
1190.152344	-64.212257
1189.065430	77.972107
1187.978516	-117.873146
1186.890625	8.174465
1185.802734	-1.421214
1184.714844	-17.902578
1183.625977	317.076660
1182.538086	128.294006
1181.449219	171.494965
1180.360352	414.393372
1179.270508	345.052307
1178.180664	358.347717
1177.090820	279.876984
1176.000977	339.053955
1174.911133	311.069763
1173.820313	390.843048
1172.729492	19.056259
1171.638672	185.935730
1170.547852	309.211670
1169.456055	164.441315
1168.364258	381.549347
1167.272461	88.012054
1166.179688	190.585876
1165.087891	226.753204
1163.995117	416.189301
1162.902344	651.287537
1161.808594	659.868896
1160.715820	949.675354
1159.622070	770.737671
1158.528320	786.134888
1157.433594	623.295166
1156.339844	574.747742
1155.245117	537.630737
1154.149414	418.320862
1153.054688	474.843323
1151.958984	362.437805
1150.863281	464.567963
1149.767578	390.985413
1148.671875	390.414429
1147.575195	565.416016
1146.478516	405.203888
1145.381836	438.793213
1144.285156	221.695389
1143.187500	362.369873
1142.089844	83.864265
1140.992188	263.203552
1139.894531	198.840500
1138.795898	123.109520
1137.697266	177.120697
1136.598633	-26.003330
1135.499023	103.054268
1134.400391	-34.032799
1133.300781	-175.622681
1132.201172	-101.208809
1131.100586	-285.931458
1130.000977	-25.234037
1128.900391	-44.086132
1127.799805	-51.586632
1126.698242	40.803841
1125.596680	126.328186
1124.495117	59.732048
1123.393555	367.557922
1122.291992	58.164711
1121.189453	300.039001
1120.086914	396.660004
1118.984375	697.259705
1117.881836	752.913757
1116.778320	695.216125
1115.674805	476.669434
1114.571289	640.995911
1113.466797	691.996460
1112.363281	634.282532
1111.258789	605.995544
1110.153320	527.906372
1109.048828	599.161743
1107.943359	742.740784
1106.837891	567.359253
1105.732422	457.600464
1104.625977	515.138306
1103.520508	500.311066
1102.414063	320.517548
1101.306641	167.878265
1100.200195	243.393738
1099.092773	282.712677
1097.985352	245.234497
1096.877930	395.069946
1095.769531	131.875015
1094.661133	279.348022
1093.552734	119.986420
1092.444336	341.746674
1091.335938	234.229752
1090.226563	309.290771
1089.117188	278.376160
1088.006836	254.194443
1086.897461	338.109955
1085.787109	527.782593
1084.676758	384.135376
1083.566406	145.978271
1082.455078	202.683792
1081.343750	497.809845
1080.232422	428.371460
1079.121094	606.297729
1078.008789	307.455139
1076.896484	264.956451
1075.784180	474.136993
1074.671875	393.343842
1073.558594	308.046844
1072.445313	278.890167
1071.332031	308.082153
1070.217773	290.069153
1069.104492	390.974274
1067.990234	523.194702
1066.875977	226.849228
1065.760742	291.667358
1064.645508	98.551239
1063.530273	306.746368
1062.415039	169.650620
1061.299805	229.751709
1060.183594	59.026932
1059.067383	11.515359
1057.951172	178.937134
1056.833984	247.722580
1055.716797	85.893311
1054.599609	264.212463
1053.482422	46.417774
1052.364258	81.406204
1051.247070	362.309937
1050.128906	227.190948
1049.009766	402.759552
1047.891602	113.392334
1046.772461	83.254562
1045.653320	303.241364
1044.533203	76.436890
1043.414063	-121.289658
1042.293945	185.464935
1041.173828	34.543255
1040.052734	204.900421
1038.932617	91.843521
1037.811523	175.017609
1036.689453	57.424080
1035.568359	225.151550
1034.446289	178.790161
1033.324219	-119.381584
1032.202148	-145.719528
1031.079102	-203.294250
1029.957031	30.778353
1028.833984	-60.328049
1027.709961	-6.805361
1026.586914	-120.241806
1025.462891	-17.919054
1024.338867	-69.167473
1023.214844	81.881790
1022.089844	39.388317
1020.964844	-94.274933
1019.839844	-399.037903
1018.714844	-6.184018
1017.588867	33.282070
1016.462891	-53.905071
1015.336914	60.896935
1014.210938	-270.534729
1013.083984	132.584167
1011.957031	309.170166
1010.830078	157.348083
1009.702148	52.085693
1008.574219	365.803589
1007.446289	699.255615
1006.318359	941.635071
1005.190430	1680.088379
1004.061523	1722.641602
1002.932617	1601.241333
1001.802734	1050.319702
1000.673828	612.473022
999.543945	358.417572
998.414063	447.328461
997.283203	177.794128
996.153320	374.923065
995.022461	425.968292
993.891602	516.704834
992.759766	629.420227
991.628906	803.887573
990.497070	810.322388
989.364258	1245.095825
988.232422	1427.918701
987.099609	1469.309326
985.966797	1620.953247
984.833984	1737.161255
983.700195	1901.763794
982.566406	2022.118774
981.432617	1789.581787
980.298828	1387.352661
979.164063	1556.017456
978.029297	1063.547485
976.894531	989.771362
975.759766	658.293274
974.624023	599.915771
973.488281	512.884094
972.352539	590.886353
971.215820	620.375549
970.080078	427.621277
968.943359	358.042664
967.805664	400.562164
966.668945	414.434082
965.531250	371.089081
964.393555	441.960388
963.254883	97.547791
962.117188	486.789673
960.978516	265.372284
959.839844	305.231110
958.700195	81.641289
957.561523	354.004486
956.421875	362.930603
955.281250	441.975159
954.141602	435.426880
953.000977	586.657288
951.860352	481.342438
950.719727	638.969849
949.578125	546.728638
948.436523	452.295044
947.294922	537.412537
946.153320	42.316669
945.010742	15.768746
943.868164	358.994232
942.725586	240.424057
941.583008	183.110321
940.439453	206.681549
939.295898	252.066513
938.152344	67.901367
937.007813	-203.628738
935.863281	182.512573
934.718750	61.725178
933.574219	-170.401566
932.428711	121.491386
931.283203	173.133911
930.137695	-24.034927
928.992188	-70.601463
927.845703	59.488689
926.699219	21.592537
925.552734	-16.303909
924.405273	168.109650
923.257813	-35.458138
922.110352	222.918274
920.962891	-78.608986
919.814453	29.371988
918.666016	41.501621
917.517578	31.853968
916.369141	61.376144
915.219727	84.343460
914.070313	196.478424
912.920898	115.025108
911.770508	111.866310
910.621094	6.568254
909.470703	49.084183
908.319336	43.779346
907.168945	25.467997
906.017578	11.509752
904.866211	-182.624771
903.713867	113.881081
902.562500	80.431282
901.410156	168.500916
900.256836	-25.433310
899.104492	-39.252651
897.951172	-211.317795
896.797852	-88.488251
895.644531	-108.709221
894.490234	-5.405940
893.335938	37.235832
892.181641	-56.531815
891.027344	22.984632
889.872070	31.067156
888.716797	-81.997475
887.561523	-43.515743
886.405273	-318.650818
885.249023	-83.256683
884.092773	69.926590
882.936523	60.979256
881.779297	-40.839779
880.622070	-192.244064
879.464844	-101.596733
878.307617	-28.204260
877.149414	109.979599
875.991211	159.668793
874.833008	88.556793
873.673828	-129.169327
872.514648	50.167030
871.355469	72.071854
870.196289	100.513977
869.036133	232.477585
867.875977	151.117477
866.715820	-46.462780
865.554688	12.451664
864.394531	181.265305
863.233398	145.548431
862.071289	101.320824
860.910156	401.537201
859.748047	361.766388
858.585938	139.281509
857.422852	297.624054
856.259766	509.746643
855.096680	40.492844
853.933594	-9.385540
852.770508	278.175720
851.606445	103.892273
850.442383	329.231750
849.277344	84.384506
848.113281	357.076355
846.948242	-18.333050
845.783203	271.644836
844.617188	171.218262
843.451172	118.137238
842.285156	-44.135876
841.119141	12.425683
839.952148	114.081207
838.785156	-156.970673
837.618164	-110.756081
836.451172	246.077759
835.283203	69.772835
834.115234	45.656010
832.947266	353.376770
831.778320	147.614822
830.609375	220.147675
829.440430	46.862957
828.271484	149.595459
827.101563	320.810272
825.931641	346.772522
824.761719	236.131287
823.590820	232.472946
822.420898	350.689026
821.250000	368.641174
820.078125	282.136749
818.907227	471.101532
817.735352	444.637909
816.562500	554.834351
815.390625	181.062866
814.217773	172.170563
813.044922	191.137268
811.872070	476.609344
810.698242	214.560471
809.524414	135.956238
808.350586	-89.399055
807.176758	-110.122986
806.001953	-137.083496
804.827148	-114.942780
803.651367	186.023117
802.476563	206.235397
801.300781	213.816452
800.125000	117.363014
798.948242	165.624557
797.772461	328.755402
796.595703	69.173447
795.417969	117.825050
794.241211	189.949493
793.063477	283.402618
791.885742	294.168365
790.707031	-49.312122
789.529297	176.056549
788.350586	51.486267
787.170898	173.073135
785.992188	254.452652
784.812500	486.395660
783.632813	271.246094
782.452148	524.499756
781.272461	125.414146
780.091797	109.893295
778.911133	136.831116
777.729492	-172.657318
776.547852	-230.088623
775.366211	106.093025
774.184570	-130.947250
773.001953	-56.945946
771.819336	-92.811020
770.636719	93.350914
769.453125	-187.460342
768.269531	79.087013
767.085938	16.118507
765.902344	-137.535278
764.717773	-337.483978
763.533203	-155.259659
762.348633	-51.123821
761.163086	-174.799393
759.977539	-30.510305
758.791992	248.716141
757.606445	-153.028275
756.419922	258.974823
755.233398	110.358459
754.046875	62.970104
752.859375	-39.116474
751.672852	202.083176
750.485352	135.861328
749.296875	240.164932
748.108398	325.503448
746.919922	63.733776
745.731445	214.298782
744.542969	114.596336
743.353516	-104.874176
742.164063	249.486313
740.973633	-173.721313
739.783203	100.650810
738.592773	22.064934
737.402344	88.370026
736.211914	-63.686497
735.020508	122.175873
733.829102	131.675369
732.636719	8.985036
731.444336	-59.163120
730.251953	86.527260
729.059570	169.213882
727.866211	-303.529785
726.673828	7.464520
725.479492	18.716761
724.286133	29.895889
723.091797	7.498841
721.897461	-119.618523
720.703125	-87.715919
719.507813	-5.702158
718.312500	-34.672050
717.117188	116.120895
715.921875	-90.754417
714.725586	51.426239
713.529297	-69.858803
712.332031	-30.326569
711.135742	55.034344
709.938477	131.890747
708.740234	260.788910
707.542969	220.452316
706.344727	474.239288
705.146484	1026.116577
703.948242	1396.156982
702.749023	1396.816406
701.549805	1286.865601
700.350586	739.159424
699.150391	529.150513
697.950195	531.610718
696.750000	381.907715
695.549805	113.468277
694.348633	80.271477
693.147461	142.710159
691.946289	254.940765
690.744141	50.802780
689.541992	239.727783
688.339844	226.766144
687.136719	338.432434
685.934570	111.188576
684.730469	363.922577
683.527344	188.528702
682.323242	96.205757
681.119141	140.887741
679.915039	133.586090
678.710938	256.973022
677.505859	-74.141510
676.300781	441.193085
675.094727	101.821381
673.889648	34.205082
672.683594	93.053864
671.476563	83.487846
670.270508	-25.501398
669.063477	124.513237
667.856445	-31.986362
666.648438	-196.633850
665.440430	-69.261841
664.232422	39.522949
663.024414	49.069935
661.815430	71.158165
660.606445	-22.406267
659.397461	-111.604584
658.188477	-51.733246
656.978516	-111.511772
655.768555	70.715919
654.557617	145.739227
653.346680	10.417709
652.135742	-66.685051
650.924805	224.019394
649.712891	7.378079
648.501953	-194.267868
647.289063	0.671740
646.077148	-119.447914
644.864258	-218.328720
643.651367	-207.320099
642.438477	335.954956
641.224609	-100.918983
640.010742	-28.127203
638.796875	-47.236355
637.582031	111.548943
636.367188	106.508492
635.152344	170.325821
633.937500	333.862335
632.721680	263.944519
631.505859	567.351990
630.289063	409.302551
629.073242	431.380463
627.856445	705.459778
626.639648	356.345581
625.421875	364.180023
624.204102	468.013489
622.986328	454.379669
621.768555	362.434052
620.549805	251.841064
619.331055	-0.387710
618.111328	46.866570
616.892578	147.414383
