1721.000977	134.785339
1720.027344	-31.159941
1719.052734	-90.082115
1718.078125	-36.920597
1717.104492	5.155212
1716.128906	-63.847469
1715.154297	58.753761
1714.178711	54.967113
1713.204102	-39.207668
1712.228516	-16.125257
1711.251953	-78.236565
1710.276367	138.287857
1709.299805	113.402634
1708.324219	149.434097
1707.347656	-201.636627
1706.370117	306.883636
1705.393555	29.144495
1704.416016	221.784058
1703.438477	58.369987
1702.460938	-10.777810
1701.483398	-154.439713
1700.505859	10.879622
1699.527344	14.750181
1698.548828	41.272743
1697.570313	-6.623608
1696.591797	187.830444
1695.612305	218.471848
1694.632813	-279.650330
1693.653320	-83.547768
1692.673828	-20.472836
1691.694336	175.019775
1690.713867	191.637207
1689.734375	95.843781
1688.753906	4.985775
1687.772461	-55.434395
1686.791992	67.531624
1685.810547	185.180893
1684.830078	177.816925
1683.848633	42.950191
1682.866211	-97.090813
1681.884766	-5.470813
1680.902344	243.820709
1679.919922	-26.277697
1678.937500	-199.654526
1677.955078	-14.328547
1676.971680	122.511169
1675.989258	68.529694
1675.005859	243.322372
1674.022461	67.215767
1673.038086	53.777153
1672.054688	47.951859
1671.070313	92.894272
1670.085938	-57.762531
1669.101563	116.653168
1668.117188	90.429970
1667.131836	76.891174
1666.146484	-63.522575
1665.161133	189.383759
1664.175781	112.438789
1663.189453	30.453154
1662.204102	-64.141251
1661.217773	71.998894
1660.231445	-2.254691
1659.245117	108.532890
1658.257813	-23.918480
1657.270508	26.090353
1656.284180	144.507202
1655.295898	67.932617
1654.308594	-38.927456
1653.321289	-90.020973
1652.333008	-60.090763
1651.344727	-192.027878
1650.356445	37.817722
1649.367188	143.699997
1648.378906	-23.433485
1647.389648	1.642235
1646.400391	-162.769608
1645.411133	183.313354
1644.420898	61.975742
1643.431641	-155.208206
1642.441406	-1.081902
1641.451172	54.585693
1640.459961	-86.592667
1639.469727	-71.185303
1638.478516	-53.215202
1637.487305	199.388824
1636.496094	73.671631
1635.504883	-62.018291
1634.512695	-43.836887
1633.520508	233.983688
1632.528320	211.900101
1631.536133	245.307388
1630.543945	218.311493
1629.550781	405.414612
1628.557617	378.498230
1627.564453	437.232513
1626.571289	372.686066
1625.578125	449.121765
1624.583984	696.621887
1623.589844	642.273438
1622.595703	764.012939
1621.601563	596.649963
1620.606445	904.432922
1619.611328	1028.695435
1618.616211	999.699158
1617.621094	978.299377
1616.625977	1112.658081
1615.629883	1013.488586
1614.633789	1022.346802
1613.637695	642.232544
1612.641602	1115.459961
1611.645508	913.687012
1610.648438	872.549194
1609.651367	1177.525757
1608.654297	1031.126221
1607.657227	1110.420654
1606.659180	1026.807129
1605.662109	1494.501221
1604.664063	1100.283081
1603.666016	1227.202881
1602.666992	1221.374146
1601.668945	1393.335815
1600.669922	1287.413696
1599.670898	1229.107910
1598.671875	1240.904541
1597.671875	1240.201294
1596.672852	944.431702
1595.672852	1396.395020
1594.672852	1100.745972
1593.671875	792.730835
1592.671875	887.175598
1591.670898	909.135742
1590.669922	474.020782
1589.668945	580.992615
1588.667969	650.483643
1587.666016	365.491516
1586.664063	464.956848
1585.662109	287.433258
1584.660156	434.288818
1583.658203	506.268585
1582.655273	343.820496
1581.652344	331.027832
1580.649414	-75.569382
1579.646484	-3.533623
1578.642578	-148.292816
1577.638672	175.304749
1576.634766	179.996445
1575.630859	72.641769
1574.626953	119.671547
1573.622070	19.826929
1572.618164	12.102690
1571.613281	59.097256
1570.607422	106.056984
1569.602539	-55.882690
1568.596680	167.595520
1567.590820	33.031193
1566.584961	-16.986443
1565.579102	-144.014633
1564.572266	-5.205501
1563.566406	83.877319
1562.559570	36.332520
1561.551758	102.983818
1560.544922	-36.400276
1559.537109	64.961609
1558.530273	86.889801
1557.521484	-20.212454
1556.513672	-104.948357
1555.505859	1.258696
1554.497070	75.170845
1553.488281	116.820267
1552.479492	-69.526672
1551.470703	100.934471
1550.460938	28.568481
1549.451172	-61.115784
1548.441406	-17.080381
1547.431641	111.082764
1546.421875	73.369652
1545.411133	-63.324600
1544.400391	7.819598
1543.389648	358.394989
1542.378906	-356.923645
1541.367188	8.374152
1540.355469	34.887360
1539.343750	-91.833176
1538.332031	-154.278564
1537.320313	-26.513180
1536.307617	145.625854
1535.294922	-32.927372
1534.282227	-171.920731
1533.269531	-36.918499
1532.256836	65.936974
1531.243164	129.253922
1530.229492	-100.977768
1529.215820	-205.360367
1528.202148	129.134750
1527.187500	-12.261115
1526.172852	-222.610687
1525.158203	123.951607
1524.143555	24.492527
1523.127930	144.244431
1522.113281	103.899002
1521.097656	-44.768837
1520.082031	-168.770935
1519.065430	71.451309
1518.049805	36.030052
1517.033203	12.902394
1516.016602	267.667877
1515.000000	-220.201355
1513.982422	34.481293
1512.965820	328.385162
1511.948242	-119.902184
1510.930664	134.584061
1509.913086	79.491898
1508.894531	53.875168
1507.875977	15.990713
1506.857422	-63.606209
1505.838867	-74.458969
1504.820313	118.331444
1503.800781	-59.370514
1502.781250	-136.446655
1501.761719	-54.113171
1500.742188	-8.584299
1499.721680	12.405828
1498.702148	70.158386
1497.681641	27.433020
1496.661133	281.101837
1495.639648	302.016663
1494.618164	-7.595868
1493.597656	15.841312
1492.576172	61.289165
1491.553711	52.884109
1490.532227	-141.411697
1489.509766	19.001455
1488.487305	-48.049347
1487.464844	114.740257
1486.442383	226.143372
1485.418945	298.399719
1484.395508	140.981827
1483.372070	-123.832314
1482.348633	24.195244
1481.324219	59.848225
1480.300781	90.630447
1479.276367	121.403648
1478.251953	237.579727
1477.226563	39.012764
1476.202148	194.215210
1475.176758	-38.362175
1474.151367	-53.843739
1473.125000	33.062199
1472.099609	71.223335
1471.073242	160.541779
1470.046875	169.457504
1469.020508	173.520935
1467.994141	145.950394
1466.966797	-71.477936
1465.939453	110.360382
1464.912109	29.344814
1463.884766	288.982727
1462.856445	142.329727
1461.829102	107.637634
1460.800781	-60.744663
1459.772461	237.674225
1458.743164	108.261482
1457.714844	299.665161
1456.685547	282.092773
1455.656250	434.564819
1454.625977	290.753296
1453.596680	423.795197
1452.566406	212.146286
1451.536133	279.679474
1450.505859	381.180359
1449.474609	276.483124
1448.444336	358.604248
1447.413086	147.339676
1446.381836	246.476120
1445.350586	408.613586
1444.318359	359.903778
1443.286133	374.232880
1442.253906	236.005539
1441.221680	63.972099
1440.189453	146.245178
1439.156250	129.270584
1438.123047	66.360023
1437.089844	245.453247
1436.056641	100.374756
1435.022461	-8.339721
1433.988281	148.992447
1432.954102	-68.393158
1431.919922	72.042755
1430.885742	-29.176157
1429.850586	171.651016
1428.815430	-132.363663
1427.780273	-88.483696
1426.744141	51.975323
1425.708984	274.490784
1424.672852	-14.663332
1423.636719	-207.146759
1422.600586	0.915616
1421.563477	-164.892227
1420.527344	-108.752548
1419.490234	-163.496506
1418.452148	-196.496979
1417.415039	-135.458954
1416.376953	7.493654
1415.338867	-83.209473
1414.300781	-96.774361
1413.262695	-319.751801
1412.224609	-25.079294
1411.185547	-139.612991
1410.146484	-133.756485
1409.107422	47.740181
1408.067383	-206.114792
1407.027344	40.310001
1405.987305	-57.096844
1404.947266	109.956573
1403.907227	-64.237869
1402.866211	256.570374
1401.826172	44.067417
1400.785156	71.824776
1399.743164	224.446915
1398.702148	158.617722
1397.660156	248.837646
1396.618164	51.136963
1395.576172	362.110229
1394.533203	373.190826
1393.491211	571.343384
1392.448242	460.190887
1391.405273	595.989807
1390.361328	782.082947
1389.318359	1056.782227
1388.274414	988.876770
1387.230469	1201.218750
1386.186523	889.177002
1385.141602	1202.049438
1384.097656	1273.120239
1383.052734	1207.807861
1382.007813	1448.755249
1380.961914	1170.639160
1379.916992	1217.880371
1378.871094	1293.813354
1377.825195	1341.069336
1376.778320	874.569397
1375.732422	1098.753296
1374.685547	785.440430
1373.638672	949.906128
1372.591797	756.202698
1371.543945	498.157806
1370.497070	667.449036
1369.449219	819.987915
1368.400391	395.199951
1367.352539	574.030090
1366.303711	395.138031
1365.255859	635.933533
1364.206055	476.226929
1363.157227	402.408142
1362.108398	595.480774
1361.058594	764.671143
1360.008789	700.443481
1358.958984	910.068848
1357.908203	312.687775
1356.857422	736.537781
1355.806641	601.093018
1354.755859	629.870667
1353.705078	542.124146
1352.653320	475.833862
1351.601563	426.237305
1350.549805	248.343781
1349.498047	488.768005
1348.445313	244.455414
1347.393555	318.558746
1346.340820	580.246643
1345.287109	243.540115
1344.234375	327.148499
1343.180664	341.914307
1342.126953	363.811127
1341.073242	110.551346
1340.019531	113.556358
1338.964844	315.746368
1337.910156	117.235428
1336.855469	37.333614
1335.799805	40.412373
1334.745117	93.266479
1333.689453	172.160812
1332.633789	-42.599297
1331.578125	41.057972
1330.521484	-109.646233
1329.464844	54.476204
1328.408203	71.850601
1327.351563	86.865173
1326.294922	-37.644600
1325.237305	19.968332
1324.179688	-118.637299
1323.122070	-6.645537
1322.064453	-116.804863
1321.005859	207.772064
1319.947266	99.991989
1318.888672	74.918922
1317.830078	78.196976
1316.770508	312.793640
1315.710938	-7.267193
1314.651367	55.033585
1313.591797	30.039316
1312.531250	94.674606
1311.471680	8.395695
1310.411133	47.093231
1309.349609	-72.129631
1308.289063	119.739960
1307.227539	-15.924867
1306.166016	281.843079
1305.104492	181.537537
1304.042969	-102.349632
1302.980469	188.192245
1301.917969	64.448677
1300.855469	-45.121689
1299.792969	148.793320
1298.729492	138.024734
1297.666016	-208.950516
1296.602539	-62.134697
1295.539063	-63.438282
1294.474609	-172.828995
1293.411133	145.375778
1292.346680	-27.419239
1291.281250	22.924351
1290.216797	211.761017
1289.151367	22.632259
1288.085938	-32.658840
1287.020508	-73.848862
1285.955078	274.339294
1284.888672	155.709518
1283.822266	-26.171438
1282.755859	89.717697
1281.689453	34.478268
1280.622070	65.947403
1279.554688	66.951645
1278.487305	393.484955
1277.419922	-64.509491
1276.351563	219.766403
1275.283203	206.680222
1274.214844	-91.869751
1273.146484	138.415161
1272.077148	375.606537
1271.008789	231.543228
1269.939453	272.224030
1268.869141	146.928101
1267.799805	-50.751766
1266.729492	176.859024
1265.659180	364.661285
1264.588867	169.383499
1263.517578	434.140228
1262.447266	-85.540146
1261.375977	113.806076
1260.304688	-4.263996
1259.232422	521.551819
1258.161133	473.406860
1257.088867	175.774643
1256.016602	444.761139
1254.943359	403.633423
1253.871094	388.160065
1252.797852	-16.376772
1251.724609	378.173828
1250.650391	316.119965
1249.577148	445.007599
1248.502930	424.859161
1247.428711	490.819733
1246.354492	354.330719
1245.279297	308.612427
1244.204102	321.052063
1243.128906	231.177078
1242.053711	506.301971
1240.977539	342.043488
1239.902344	240.597992
1238.826172	215.849380
1237.750000	432.655640
1236.672852	528.612061
1235.595703	383.082550
1234.518555	149.414810
1233.441406	157.183197
1232.364258	234.546021
1231.286133	393.049774
1230.208008	45.941208
1229.129883	253.101257
1228.051758	35.979282
1226.972656	29.834723
1225.893555	271.607635
1224.814453	142.639954
1223.734375	-9.437760
1222.655273	14.529840
1221.575195	61.629898
1220.495117	80.935287
1219.415039	44.698112
1218.333984	-130.333847
1217.252930	34.705257
1216.171875	100.241356
1215.090820	-171.783966
1214.008789	83.293114
1212.926758	-93.868622
1211.844727	-201.640076
1210.762695	4.771881
1209.679688	-229.992340
1208.597656	-76.763779
1207.513672	-205.227051
1206.430664	-128.232330
1205.347656	-83.572838
1204.263672	-85.071007
1203.179688	-70.421585
1202.095703	-152.618546
1201.010742	57.982494
1199.925781	-174.014435
1198.840820	101.021729
1197.755859	205.466141
1196.670898	-10.276703
1195.584961	-170.662033
1194.499023	124.857529
1193.413086	1.348555
1192.326172	-30.064064
1191.239258	-36.149391
1190.152344	-95.129921
1189.065430	-18.403919
1187.978516	-3.781786
1186.890625	-170.757751
1185.802734	55.320961
1184.714844	118.177139
1183.625977	144.250168
1182.538086	273.669556
1181.449219	51.731846
1180.360352	34.203056
1179.270508	220.944458
1178.180664	104.725883
1177.090820	305.145111
1176.000977	283.006989
1174.911133	325.090851
1173.820313	396.961151
1172.729492	530.688477
1171.638672	245.018982
1170.547852	273.349243
1169.456055	207.759308
1168.364258	66.636101
1167.272461	610.130066
1166.179688	137.090836
1165.087891	323.346680
1163.995117	337.924896
1162.902344	617.845093
1161.808594	623.212769
1160.715820	704.043579
1159.622070	860.275085
1158.528320	787.903320
1157.433594	729.276001
1156.339844	561.037598
1155.245117	477.379578
1154.149414	252.192505
1153.054688	168.654022
1151.958984	450.330597
1150.863281	-11.990775
1149.767578	429.307007
1148.671875	658.298096
1147.575195	260.105591
1146.478516	457.125732
1145.381836	432.971710
1144.285156	563.793823
1143.187500	300.416290
1142.089844	151.051712
1140.992188	24.532005
1139.894531	-17.684032
1138.795898	238.304016
1137.697266	-81.574509
1136.598633	-160.130371
1135.499023	152.599365
1134.400391	42.198002
1133.300781	-84.072502
1132.201172	-21.605186
1131.100586	-72.800438
1130.000977	116.887840
1128.900391	-290.960022
1127.799805	-160.356262
1126.698242	201.792816
1125.596680	100.674164
1124.495117	185.715179
1123.393555	293.411621
1122.291992	122.020950
1121.189453	204.730652
1120.086914	407.588867
1118.984375	469.798309
1117.881836	527.446533
1116.778320	297.271698
1115.674805	504.454742
1114.571289	770.436584
1113.466797	676.228943
1112.363281	423.584503
1111.258789	521.892151
1110.153320	491.157379
1109.048828	451.388672
1107.943359	773.551086
1106.837891	555.063721
1105.732422	494.939697
1104.625977	357.977692
1103.520508	492.274048
1102.414063	235.608246
1101.306641	367.589111
1100.200195	174.291489
1099.092773	-9.903637
1097.985352	230.379745
1096.877930	265.162476
1095.769531	279.606415
1094.661133	72.952751
1093.552734	299.421539
1092.444336	259.697662
1091.335938	310.155487
1090.226563	96.864929
1089.117188	115.756630
1088.006836	391.449310
1086.897461	142.203430
1085.787109	296.134033
1084.676758	231.597580
1083.566406	173.823792
1082.455078	300.581665
1081.343750	427.262787
1080.232422	466.145721
1079.121094	352.067535
1078.008789	426.873413
1076.896484	335.286926
1075.784180	239.223312
1074.671875	489.185669
1073.558594	294.241699
1072.445313	236.351364
1071.332031	7.820501
1070.217773	183.417862
1069.104492	273.634674
1067.990234	13.747573
1066.875977	110.626732
1065.760742	366.659943
1064.645508	241.365906
1063.530273	60.054295
1062.415039	71.534821
1061.299805	96.423805
1060.183594	45.091328
1059.067383	-118.238762
1057.951172	114.807678
1056.833984	18.616247
1055.716797	58.961662
1054.599609	222.319611
1053.482422	121.577904
1052.364258	-216.251038
1051.247070	161.608032
1050.128906	-64.381699
1049.009766	9.192854
1047.891602	46.941124
1046.772461	33.236256
1045.653320	93.198952
1044.533203	-260.045319
1043.414063	123.591698
1042.293945	-15.314033
1041.173828	82.342735
1040.052734	75.034996
1038.932617	-81.761978
1037.811523	-171.646332
1036.689453	-132.234238
1035.568359	143.393204
1034.446289	111.293854
1033.324219	-87.954048
1032.202148	256.355713
1031.079102	-265.878418
1029.957031	124.956360
1028.833984	25.819811
1027.709961	171.466904
1026.586914	12.166938
1025.462891	-15.882245
1024.338867	47.200741
1023.214844	-185.534042
1022.089844	179.754898
1020.964844	-141.941452
1019.839844	-90.262489
1018.714844	283.443481
1017.588867	68.343964
1016.462891	286.266113
1015.336914	175.467148
1014.210938	18.038193
1013.083984	-68.388504
1011.957031	111.366035
1010.830078	-81.646027
1009.702148	224.273834
1008.574219	343.759888
1007.446289	600.536194
1006.318359	1406.670776
1005.190430	1755.987061
1004.061523	1744.031372
1002.932617	1386.557373
1001.802734	1102.220215
1000.673828	423.962189
999.543945	414.221069
998.414063	406.620178
997.283203	341.427856
996.153320	271.772369
995.022461	305.974030
993.891602	488.175934
992.759766	458.060425
991.628906	529.520020
990.497070	1113.310059
989.364258	1367.703857
988.232422	1741.131348
987.099609	1774.370972
985.966797	1770.000366
984.833984	1816.294800
983.700195	2074.239014
982.566406	1866.662476
981.432617	1842.100586
980.298828	1548.543579
979.164063	1667.142212
978.029297	1214.952759
976.894531	1099.919067
975.759766	1125.802856
974.624023	748.661011
973.488281	783.249634
972.352539	392.996704
971.215820	442.884766
970.080078	270.506531
968.943359	562.164490
967.805664	679.897888
966.668945	252.343033
965.531250	350.159454
964.393555	250.102142
963.254883	334.532288
962.117188	607.733154
960.978516	402.055511
959.839844	224.936264
958.700195	293.621338
957.561523	498.255920
956.421875	535.991211
955.281250	472.739990
954.141602	422.614746
953.000977	468.889465
951.860352	436.171753
950.719727	703.595398
949.578125	633.453064
948.436523	569.848572
947.294922	440.517578
946.153320	114.156456
945.010742	378.813690
943.868164	140.009567
942.725586	216.278580
941.583008	279.332977
940.439453	219.836456
939.295898	151.565491
938.152344	325.878937
937.007813	266.237366
935.863281	320.173370
934.718750	57.333019
933.574219	10.747220
932.428711	36.165600
931.283203	11.328094
930.137695	19.189537
928.992188	-42.806919
927.845703	4.230980
926.699219	203.850082
925.552734	333.577637
924.405273	31.636040
923.257813	8.728561
922.110352	-22.916254
920.962891	63.043449
919.814453	79.242233
918.666016	-39.573418
917.517578	-134.411148
916.369141	-166.120361
915.219727	67.576180
914.070313	142.366547
912.920898	225.807709
911.770508	172.219955
910.621094	36.063332
909.470703	17.298471
908.319336	-99.242157
907.168945	-193.996841
906.017578	0.098667
904.866211	-12.144209
903.713867	-204.543594
902.562500	-40.945927
901.410156	100.879257
900.256836	10.551781
899.104492	-49.347084
897.951172	163.962143
896.797852	-60.650417
895.644531	-133.441864
894.490234	64.633362
893.335938	-304.855438
892.181641	-30.979717
891.027344	234.144135
889.872070	-83.086540
888.716797	67.299858
887.561523	16.452639
886.405273	93.281036
885.249023	-11.526624
884.092773	-217.850281
882.936523	-99.796455
881.779297	-100.606026
880.622070	134.141602
879.464844	-89.078011
878.307617	-186.875259
877.149414	108.368645
875.991211	105.675644
874.833008	187.222473
873.673828	-0.889437
872.514648	102.363609
871.355469	22.349766
870.196289	192.556320
869.036133	-74.799767
867.875977	-1.450971
866.715820	164.603653
865.554688	82.962166
864.394531	165.136398
863.233398	107.423172
862.071289	183.290451
860.910156	175.315887
859.748047	389.050720
858.585938	445.783142
857.422852	287.551270
856.259766	359.564941
855.096680	221.020218
853.933594	56.882679
852.770508	365.615967
851.606445	311.323029
850.442383	151.968903
849.277344	239.719238
848.113281	183.766113
846.948242	89.348534
845.783203	-19.895321
844.617188	336.509186
843.451172	-214.206345
842.285156	202.417435
841.119141	63.847668
839.952148	28.358179
838.785156	-66.943214
837.618164	37.166325
836.451172	66.444725
835.283203	102.293129
834.115234	22.711140
832.947266	95.276833
831.778320	369.086914
830.609375	-5.160393
829.440430	25.116659
828.271484	158.181427
827.101563	79.752068
825.931641	159.680176
824.761719	152.160522
823.590820	215.311905
822.420898	261.543365
821.250000	248.161469
820.078125	143.189301
818.907227	356.423309
817.735352	243.327072
816.562500	542.134338
815.390625	391.052368
814.217773	380.941986
813.044922	547.946960
811.872070	94.960289
810.698242	-57.224545
809.524414	-66.433327
808.350586	1.222748
807.176758	-35.273888
806.001953	275.384155
804.827148	22.182512
803.651367	-13.700232
802.476563	320.725525
801.300781	74.664848
800.125000	-86.042259
798.948242	242.378693
797.772461	277.597107
796.595703	41.061157
795.417969	87.319008
794.241211	233.552383
793.063477	333.204193
791.885742	110.381920
790.707031	36.393524
789.529297	128.104492
788.350586	116.028778
787.170898	171.998825
785.992188	283.243988
784.812500	63.979969
783.632813	211.579773
782.452148	149.556595
781.272461	263.528687
780.091797	136.226059
778.911133	-75.530182
777.729492	204.003632
776.547852	87.878502
775.366211	79.856667
774.184570	-114.125946
773.001953	19.883289
771.819336	-101.817657
770.636719	30.304380
769.453125	-93.169121
768.269531	-258.696838
767.085938	-157.902267
765.902344	-128.819183
764.717773	-262.172852
763.533203	-279.266724
762.348633	-203.398621
761.163086	218.508804
759.977539	-194.854446
758.791992	-2.776833
757.606445	115.521416
756.419922	31.533461
755.233398	-381.031982
754.046875	-169.790009
752.859375	30.896858
751.672852	50.472282
750.485352	-43.570114
749.296875	-65.959053
748.108398	357.767059
746.919922	97.679939
745.731445	37.538727
744.542969	72.067299
743.353516	-4.804378
742.164063	284.046753
740.973633	13.884493
739.783203	73.642250
738.592773	70.361893
737.402344	220.337158
736.211914	23.873484
735.020508	52.025291
733.829102	124.190598
732.636719	336.818207
731.444336	108.905762
730.251953	273.108063
729.059570	126.945190
727.866211	190.342255
726.673828	-62.734928
725.479492	38.218128
724.286133	162.063309
723.091797	176.880417
721.897461	15.759379
720.703125	-93.084282
719.507813	-28.350826
718.312500	211.923126
717.117188	8.619357
715.921875	112.596313
714.725586	231.005173
713.529297	113.069946
712.332031	53.523823
711.135742	12.633091
709.938477	243.048492
708.740234	253.966766
707.542969	569.419250
706.344727	761.413879
705.146484	923.911072
703.948242	1363.525024
702.749023	1406.530396
701.549805	1313.793091
700.350586	1054.145020
699.150391	679.788696
697.950195	636.619202
696.750000	484.935944
695.549805	293.527130
694.348633	380.928162
693.147461	374.391693
691.946289	203.238449
690.744141	321.078766
689.541992	453.180969
688.339844	248.132828
687.136719	377.619904
685.934570	502.651581
684.730469	307.395599
683.527344	340.500488
682.323242	149.055191
681.119141	351.968323
679.915039	398.869080
678.710938	377.037842
677.505859	215.980362
676.300781	131.536758
675.094727	187.948517
673.889648	204.743729
672.683594	244.141800
671.476563	254.324280
670.270508	142.100311
669.063477	87.767570
667.856445	-76.439415
666.648438	65.717033
665.440430	-193.867874
664.232422	20.468868
663.024414	-166.747162
661.815430	-66.426109
660.606445	257.143097
659.397461	-78.972931
658.188477	108.012505
656.978516	-201.014160
655.768555	37.640488
654.557617	-122.376083
653.346680	60.581882
652.135742	63.986633
650.924805	-72.785561
649.712891	-120.556541
648.501953	-19.517326
647.289063	50.812244
646.077148	-101.261131
644.864258	-9.638897
643.651367	26.705505
642.438477	49.064247
641.224609	28.657108
640.010742	52.069004
638.796875	63.725830
637.582031	135.740662
636.367188	-143.485153
635.152344	-41.135498
633.937500	121.670799
632.721680	38.522686
631.505859	441.646149
630.289063	185.780029
629.073242	500.439117
627.856445	468.925598
626.639648	461.315887
625.421875	407.859283
624.204102	413.382843
622.986328	-86.556694
621.768555	125.454262
620.549805	-77.372841
619.331055	-73.127495
618.111328	72.537323
616.892578	-1.242729
