1721.000977	136.933167
1720.027344	-147.025864
1719.052734	51.120132
1718.078125	-108.020859
1717.104492	-95.753281
1716.128906	49.347290
1715.154297	175.947479
1714.178711	143.064117
1713.204102	222.522186
1712.228516	52.927368
1711.251953	-106.778542
1710.276367	58.501026
1709.299805	-109.615593
1708.324219	-60.382816
1707.347656	-26.895712
1706.370117	116.282417
1705.393555	149.056107
1704.416016	-43.637894
1703.438477	85.736328
1702.460938	63.896019
1701.483398	64.807999
1700.505859	11.784359
1699.527344	104.201424
1698.548828	-38.722881
1697.570313	-174.141479
1696.591797	17.212261
1695.612305	121.457458
1694.632813	146.330994
1693.653320	2.556442
1692.673828	-90.283607
1691.694336	-14.843235
1690.713867	-151.317307
1689.734375	79.397011
1688.753906	-103.198097
1687.772461	-53.861813
1686.791992	-58.165352
1685.810547	62.281593
1684.830078	-56.885342
1683.848633	-30.913515
1682.866211	81.540085
1681.884766	-193.120697
1680.902344	-65.543839
1679.919922	-42.424770
1678.937500	-138.961319
1677.955078	-24.351574
1676.971680	31.655886
1675.989258	16.417139
1675.005859	110.463890
1674.022461	87.520493
1673.038086	95.047340
1672.054688	18.725027
1671.070313	-171.905945
1670.085938	-57.690334
1669.101563	-199.987320
1668.117188	-78.197289
1667.131836	147.598022
1666.146484	155.069687
1665.161133	101.659592
1664.175781	-83.615387
1663.189453	32.983707
1662.204102	273.812195
1661.217773	2.476520
1660.231445	-124.252754
1659.245117	136.795761
1658.257813	65.873161
1657.270508	-73.374519
1656.284180	-283.419678
1655.295898	-141.440628
1654.308594	-32.374531
1653.321289	91.872879
1652.333008	200.916443
1651.344727	64.573074
1650.356445	-96.958641
1649.367188	34.936943
1648.378906	-35.412243
1647.389648	-113.280174
1646.400391	-158.212997
1645.411133	39.475647
1644.420898	146.182434
1643.431641	141.787994
1642.441406	145.009674
1641.451172	6.912911
1640.459961	-12.460196
1639.469727	-137.739594
1638.478516	163.441666
1637.487305	-62.621067
1636.496094	155.309616
1635.504883	7.613638
1634.512695	132.265671
1633.520508	151.070328
1632.528320	124.567528
1631.536133	37.669167
1630.543945	139.763657
1629.550781	287.184113
1628.557617	311.232635
1627.564453	239.674454
1626.571289	246.214203
1625.578125	516.990051
1624.583984	443.064728
1623.589844	638.328674
1622.595703	682.692383
1621.601563	910.608398
1620.606445	917.284973
1619.611328	856.159058
1618.616211	1104.131348
1617.621094	834.604370
1616.625977	876.643860
1615.629883	815.756897
1614.633789	1046.134033
1613.637695	761.959045
1612.641602	1075.146118
1611.645508	974.308533
1610.648438	1011.492859
1609.651367	1071.272949
1608.654297	1223.833496
1607.657227	950.244751
1606.659180	957.481079
1605.662109	1358.138062
1604.664063	1292.713989
1603.666016	1154.723877
1602.666992	1104.453613
1601.668945	951.608887
1600.669922	1156.772217
1599.670898	1206.730957
1598.671875	1094.076904
1597.671875	1149.081543
1596.672852	1139.082764
1595.672852	1061.596069
1594.672852	1066.662842
1593.671875	1034.254517
1592.671875	899.447266
1591.670898	847.151428
1590.669922	557.618896
1589.668945	707.737366
1588.667969	475.823303
1587.666016	503.616272
1586.664063	254.403152
1585.662109	309.717194
1584.660156	429.885620
1583.658203	325.555969
1582.655273	268.652527
1581.652344	311.509033
1580.649414	351.870667
1579.646484	78.241440
1578.642578	178.446213
1577.638672	99.274681
1576.634766	194.476013
1575.630859	18.251543
1574.626953	-103.123169
1573.622070	375.361420
1572.618164	253.980759
1571.613281	90.354378
1570.607422	90.953247
1569.602539	181.092789
1568.596680	119.528435
1567.590820	-16.577099
1566.584961	-107.886597
1565.579102	-92.314789
1564.572266	124.459625
1563.566406	-11.519432
1562.559570	220.048569
1561.551758	-7.767601
1560.544922	77.262482
1559.537109	80.355476
1558.530273	-25.708364
1557.521484	12.119431
1556.513672	64.819603
1555.505859	174.523224
1554.497070	170.135788
1553.488281	-171.318497
1552.479492	-74.044189
1551.470703	97.506126
1550.460938	-97.605721
1549.451172	-35.101559
1548.441406	42.226223
1547.431641	-38.903019
1546.421875	-256.117554
1545.411133	46.335907
1544.400391	71.596970
1543.389648	-39.186241
1542.378906	55.303364
1541.367188	189.289871
1540.355469	-27.763826
1539.343750	-17.389223
1538.332031	76.974007
1537.320313	166.348114
1536.307617	-80.197044
1535.294922	4.205802
1534.282227	-2.771624
1533.269531	-71.455643
1532.256836	-236.352249
1531.243164	94.662201
1530.229492	193.681625
1529.215820	206.340683
1528.202148	-15.229801
1527.187500	-157.851486
1526.172852	-172.275116
1525.158203	136.064743
1524.143555	-174.036041
1523.127930	153.845062
1522.113281	-119.213181
1521.097656	6.631405
1520.082031	193.945572
1519.065430	58.801304
1518.049805	-177.154190
1517.033203	-73.590439
1516.016602	-53.692585
1515.000000	30.112722
1513.982422	-68.040970
1512.965820	-185.812988
1511.948242	-45.558414
1510.930664	173.240829
1509.913086	-202.435593
1508.894531	148.875961
1507.875977	18.840109
1506.857422	33.668934
1505.838867	53.390957
1504.820313	-71.659637
1503.800781	-83.839447
1502.781250	14.338432
1501.761719	-7.676540
1500.742188	-149.809906
1499.721680	48.775105
1498.702148	149.265060
1497.681641	276.643829
1496.661133	215.362259
1495.639648	73.277679
1494.618164	193.217896
1493.597656	195.619095
1492.576172	131.926163
1491.553711	237.071045
1490.532227	-137.286041
1489.509766	19.223610
1488.487305	-5.282105
1487.464844	-237.581192
1486.442383	217.029800
1485.418945	-49.445232
1484.395508	89.751228
1483.372070	43.247463
1482.348633	74.909050
1481.324219	192.000641
1480.300781	104.001801
1479.276367	384.553802
1478.251953	15.934687
1477.226563	201.233368
1476.202148	154.758469
1475.176758	105.855431
1474.151367	88.667511
1473.125000	93.413544
1472.099609	0.694109
1471.073242	78.553917
1470.046875	127.153793
1469.020508	-33.709015
1467.994141	-106.844666
1466.966797	414.028198
1465.939453	187.494247
1464.912109	228.726669
1463.884766	209.126251
1462.856445	345.195129
1461.829102	109.160645
1460.800781	271.948547
1459.772461	480.858307
1458.743164	317.850037
1457.714844	130.631500
1456.685547	431.758423
1455.656250	516.613159
1454.625977	472.736084
1453.596680	681.372803
1452.566406	360.802887
1451.536133	253.922256
1450.505859	380.002747
1449.474609	484.198059
1448.444336	239.160934
1447.413086	447.619232
1446.381836	197.857529
1445.350586	474.118347
1444.318359	248.699966
1443.286133	304.398590
1442.253906	192.970398
1441.221680	285.005615
1440.189453	151.866867
1439.156250	207.581970
1438.123047	205.208771
1437.089844	185.916519
1436.056641	367.413574
1435.022461	11.960215
1433.988281	53.202091
1432.954102	-26.424942
1431.919922	-118.085617
1430.885742	5.360007
1429.850586	181.907684
1428.815430	58.902126
1427.780273	153.294815
1426.744141	-80.683121
1425.708984	-63.503834
1424.672852	127.427498
1423.636719	2.230869
1422.600586	31.486622
1421.563477	-52.609165
1420.527344	94.831444
1419.490234	46.957191
1418.452148	288.327972
1417.415039	-130.609863
1416.376953	9.554313
1415.338867	46.110165
1414.300781	-215.930359
1413.262695	25.343103
1412.224609	-92.116096
1411.185547	91.303352
1410.146484	180.831421
1409.107422	17.765162
1408.067383	73.635895
1407.027344	-34.000351
1405.987305	-124.739090
1404.947266	-76.016678
1403.907227	-39.306576
1402.866211	206.410904
1401.826172	142.211166
1400.785156	231.741806
1399.743164	28.340988
1398.702148	228.322174
1397.660156	466.630035
1396.618164	129.018509
1395.576172	125.013130
1394.533203	368.049774
1393.491211	419.192627
1392.448242	717.248840
1391.405273	372.868774
1390.361328	711.584045
1389.318359	1227.472290
1388.274414	1010.216858
1387.230469	1147.498169
1386.186523	1184.189331
1385.141602	1098.800781
1384.097656	1281.520874
1383.052734	1241.661499
1382.007813	1498.472046
1380.961914	1284.035156
1379.916992	1184.500244
1378.871094	1314.522827
1377.825195	1169.655029
1376.778320	936.450378
1375.732422	1190.753174
1374.685547	881.264221
1373.638672	879.990479
1372.591797	845.318726
1371.543945	741.456909
1370.497070	663.924805
1369.449219	526.795471
1368.400391	532.870728
1367.352539	696.385986
1366.303711	666.707458
1365.255859	753.889709
1364.206055	633.685913
1363.157227	508.803864
1362.108398	429.266022
1361.058594	478.403564
1360.008789	613.273987
1358.958984	536.217102
1357.908203	418.745789
1356.857422	696.403748
1355.806641	555.206604
1354.755859	606.781128
1353.705078	751.113708
1352.653320	629.088440
1351.601563	459.596527
1350.549805	677.616394
1349.498047	512.993652
1348.445313	379.343018
1347.393555	307.539398
1346.340820	247.658936
1345.287109	130.840347
1344.234375	275.211243
1343.180664	-0.512388
1342.126953	312.325989
1341.073242	152.998734
1340.019531	316.307495
1338.964844	-25.484331
1337.910156	192.358734
1336.855469	54.619804
1335.799805	246.329895
1334.745117	210.557510
1333.689453	-137.831451
1332.633789	134.383713
1331.578125	247.880615
1330.521484	188.553711
1329.464844	238.137253
1328.408203	105.539337
1327.351563	178.822327
1326.294922	-74.268776
1325.237305	-50.592335
1324.179688	6.193202
1323.122070	20.436333
1322.064453	-12.560339
1321.005859	82.042191
1319.947266	-59.562096
1318.888672	-49.952438
1317.830078	224.094650
1316.770508	-212.431320
1315.710938	153.605881
1314.651367	-129.312408
1313.591797	-110.154144
1312.531250	-102.781273
1311.471680	-262.785706
1310.411133	-71.467361
1309.349609	-64.047035
1308.289063	61.213303
1307.227539	-63.276180
1306.166016	-187.689041
1305.104492	-109.519562
1304.042969	-139.656570
1302.980469	-167.411041
1301.917969	-72.766182
1300.855469	19.505375
1299.792969	104.703293
1298.729492	-0.607332
1297.666016	44.621429
1296.602539	-65.290260
1295.539063	-276.189240
1294.474609	62.828552
1293.411133	14.123515
1292.346680	50.002960
1291.281250	17.785168
1290.216797	88.901680
1289.151367	-74.708214
1288.085938	-43.459690
1287.020508	109.787727
1285.955078	145.711624
1284.888672	69.070740
1283.822266	137.842407
1282.755859	-37.172764
1281.689453	205.048538
1280.622070	187.104965
1279.554688	197.297989
1278.487305	76.355972
1277.419922	187.288528
1276.351563	-41.252857
1275.283203	-262.653320
1274.214844	-39.355412
1273.146484	284.456146
1272.077148	208.187851
1271.008789	265.264587
1269.939453	170.366669
1268.869141	117.591660
1267.799805	160.674896
1266.729492	259.824127
1265.659180	354.274170
1264.588867	229.179138
1263.517578	43.442726
1262.447266	254.643845
1261.375977	176.371323
1260.304688	-44.179249
1259.232422	33.970139
1258.161133	263.704865
1257.088867	227.529922
1256.016602	-18.425560
1254.943359	83.013756
1253.871094	245.016296
1252.797852	399.970032
1251.724609	261.390717
1250.650391	339.447937
1249.577148	289.444702
1248.502930	369.819916
1247.428711	510.681061
1246.354492	349.031921
1245.279297	173.503052
1244.204102	198.071060
1243.128906	173.815857
1242.053711	151.909195
1240.977539	155.585205
1239.902344	273.132996
1238.826172	300.040527
1237.750000	157.399567
1236.672852	386.360321
1235.595703	225.211746
1234.518555	68.789635
1233.441406	123.619240
1232.364258	301.395721
1231.286133	179.886536
1230.208008	109.460686
1229.129883	25.166826
1228.051758	-15.036214
1226.972656	164.945297
1225.893555	50.605232
1224.814453	98.478607
1223.734375	88.440430
1222.655273	265.970673
1221.575195	191.104721
1220.495117	125.539482
1219.415039	-217.652939
1218.333984	56.986526
1217.252930	42.404766
1216.171875	252.140671
1215.090820	191.307373
1214.008789	-112.186821
1212.926758	-232.981003
1211.844727	-21.022623
1210.762695	-67.848961
1209.679688	14.671020
1208.597656	-41.358078
1207.513672	-83.513474
1206.430664	-178.716354
1205.347656	21.463152
1204.263672	78.538933
1203.179688	-254.157547
1202.095703	-289.259308
1201.010742	-86.902771
1199.925781	46.231716
1198.840820	34.147881
1197.755859	84.279121
1196.670898	219.613510
1195.584961	-117.163109
1194.499023	84.929047
1193.413086	-134.268417
1192.326172	-95.636078
1191.239258	200.657394
1190.152344	-6.903831
1189.065430	50.090164
1187.978516	141.551270
1186.890625	-38.264309
1185.802734	32.500065
1184.714844	32.012131
1183.625977	-14.417203
1182.538086	184.917664
1181.449219	237.214966
1180.360352	255.059799
1179.270508	217.813858
1178.180664	196.650116
1177.090820	297.083923
1176.000977	358.486145
1174.911133	126.358444
1173.820313	153.384811
1172.729492	129.978409
1171.638672	312.816681
1170.547852	154.221603
1169.456055	252.224854
1168.364258	86.841087
1167.272461	97.820007
1166.179688	351.417877
1165.087891	263.929901
1163.995117	618.048584
1162.902344	418.452545
1161.808594	642.019226
1160.715820	817.477295
1159.622070	503.667755
1158.528320	852.759460
1157.433594	746.998901
1156.339844	554.481995
1155.245117	505.924622
1154.149414	443.683960
1153.054688	475.068695
1151.958984	237.113144
1150.863281	289.054535
1149.767578	338.687408
1148.671875	438.470398
1147.575195	583.806213
1146.478516	396.221069
1145.381836	324.956818
1144.285156	271.948639
1143.187500	542.468262
1142.089844	102.198273
1140.992188	393.116760
1139.894531	96.496727
1138.795898	-88.468124
1137.697266	131.721085
1136.598633	199.364716
1135.499023	-101.540848
1134.400391	52.524063
1133.300781	-34.506001
1132.201172	-53.313797
1131.100586	50.598957
1130.000977	118.101578
1128.900391	76.517220
1127.799805	-158.108353
1126.698242	140.955521
1125.596680	-204.846954
1124.495117	100.876335
1123.393555	-49.646538
1122.291992	301.249969
1121.189453	479.591370
1120.086914	301.823853
1118.984375	439.245789
1117.881836	642.319519
1116.778320	763.703430
1115.674805	701.503784
1114.571289	899.794373
1113.466797	500.131805
1112.363281	743.623962
1111.258789	321.499847
1110.153320	472.087067
1109.048828	708.567749
1107.943359	487.989166
1106.837891	545.653076
1105.732422	553.525757
1104.625977	378.267303
1103.520508	472.009125
1102.414063	380.401917
1101.306641	173.597427
1100.200195	274.018250
1099.092773	245.660599
1097.985352	305.328339
1096.877930	15.118553
1095.769531	282.345428
1094.661133	323.830414
1093.552734	209.647171
1092.444336	176.660416
1091.335938	1.633268
1090.226563	128.670807
1089.117188	199.287933
1088.006836	35.534969
1086.897461	173.649445
1085.787109	57.201317
1084.676758	346.019989
1083.566406	384.827637
1082.455078	209.797440
1081.343750	383.536316
1080.232422	345.723358
1079.121094	476.555359
1078.008789	355.474945
1076.896484	558.094971
1075.784180	212.244919
1074.671875	293.406769
1073.558594	329.560120
1072.445313	390.360931
1071.332031	379.246155
1070.217773	327.685638
1069.104492	139.212677
1067.990234	22.576063
1066.875977	217.765839
1065.760742	-53.674068
1064.645508	233.283585
1063.530273	251.058212
1062.415039	93.967651
1061.299805	290.937195
1060.183594	35.243019
1059.067383	-74.800316
1057.951172	-21.378864
1056.833984	235.685822
1055.716797	-149.772064
1054.599609	212.282166
1053.482422	111.029648
1052.364258	206.594040
1051.247070	82.929779
1050.128906	44.218155
1049.009766	-142.051163
1047.891602	328.705414
1046.772461	397.043976
1045.653320	226.303024
1044.533203	4.219203
1043.414063	-83.853981
1042.293945	78.051353
1041.173828	85.846161
1040.052734	-171.922470
1038.932617	-21.422180
1037.811523	-7.087716
1036.689453	-193.485977
1035.568359	-121.274536
1034.446289	55.584259
1033.324219	-260.093964
1032.202148	119.309601
1031.079102	180.009750
1029.957031	-106.707253
1028.833984	-23.839277
1027.709961	-70.154312
1026.586914	-89.797424
1025.462891	-185.133911
1024.338867	-73.650467
1023.214844	48.840202
1022.089844	-108.890755
1020.964844	-86.587646
1019.839844	-326.549500
1018.714844	-86.620216
1017.588867	-88.956528
1016.462891	44.097897
1015.336914	8.312458
1014.210938	145.601105
1013.083984	-21.239887
1011.957031	226.785904
1010.830078	161.904953
1009.702148	116.942772
1008.574219	408.913513
1007.446289	547.754700
1006.318359	1076.473999
1005.190430	1463.104858
1004.061523	1800.759521
1002.932617	1396.372559
1001.802734	633.446838
1000.673828	585.744202
999.543945	119.754860
998.414063	443.741699
997.283203	143.758347
996.153320	412.182251
995.022461	348.784637
993.891602	484.285645
992.759766	542.311096
991.628906	686.422424
990.497070	823.773438
989.364258	1159.741211
988.232422	1268.098389
987.099609	1488.910889
985.966797	1841.971313
984.833984	1808.705933
983.700195	2159.197266
982.566406	1814.797119
981.432617	1867.363281
980.298828	1611.241699
979.164063	1357.376587
978.029297	1288.646973
976.894531	1118.563232
975.759766	763.508606
974.624023	505.432831
973.488281	564.401001
972.352539	383.405823
971.215820	444.459442
970.080078	509.840271
968.943359	146.273102
967.805664	207.172562
966.668945	417.481415
965.531250	462.803192
964.393555	389.402679
963.254883	351.125885
962.117188	198.622986
960.978516	434.778564
959.839844	207.584229
958.700195	153.821457
957.561523	-11.855266
956.421875	329.237274
955.281250	538.525757
954.141602	269.676605
953.000977	507.298706
951.860352	580.393860
950.719727	388.281403
949.578125	196.209671
948.436523	424.703949
947.294922	361.829865
946.153320	95.356064
945.010742	229.487900
943.868164	17.793852
942.725586	97.124748
941.583008	193.888077
940.439453	104.699310
939.295898	194.791183
938.152344	-69.262741
937.007813	414.090546
935.863281	12.415926
934.718750	220.279236
933.574219	96.113518
932.428711	0.354602
931.283203	92.329254
930.137695	103.503792
928.992188	110.295700
927.845703	-107.595451
926.699219	176.143570
925.552734	41.160770
924.405273	82.765175
923.257813	96.016151
922.110352	80.934837
920.962891	155.155685
919.814453	70.364731
918.666016	231.623383
917.517578	223.034882
916.369141	-107.608040
915.219727	-85.660255
914.070313	82.011955
912.920898	301.804871
911.770508	-135.075714
910.621094	-165.274307
909.470703	-301.937744
908.319336	-136.546539
907.168945	174.323074
906.017578	-14.401317
904.866211	-155.253967
903.713867	14.357889
902.562500	94.953598
901.410156	27.998096
900.256836	-110.485146
899.104492	-277.056976
897.951172	83.304390
896.797852	29.531391
895.644531	-30.680662
894.490234	-4.176184
893.335938	-90.276711
892.181641	44.588093
891.027344	94.996346
889.872070	56.672211
888.716797	-89.786064
887.561523	49.457474
886.405273	-36.277149
885.249023	92.172630
884.092773	155.758026
882.936523	191.272034
881.779297	10.720428
880.622070	134.943329
879.464844	-41.065117
878.307617	59.490059
877.149414	-73.115608
875.991211	92.283920
874.833008	192.938644
873.673828	192.208282
872.514648	-179.446426
871.355469	-44.074329
870.196289	110.719101
869.036133	-19.012810
867.875977	0.096602
866.715820	103.307045
865.554688	-151.011520
864.394531	439.053192
863.233398	182.803711
862.071289	359.408142
860.910156	219.694260
859.748047	241.494324
858.585938	136.478928
857.422852	162.782166
856.259766	236.478683
855.096680	260.806549
853.933594	328.210785
852.770508	391.396210
851.606445	-69.451935
850.442383	337.607574
849.277344	147.724976
848.113281	121.184700
846.948242	-136.995560
845.783203	36.300678
844.617188	-49.910812
843.451172	376.568237
842.285156	125.477478
841.119141	-35.343842
839.952148	3.323447
838.785156	172.792267
837.618164	-43.242809
836.451172	-23.485659
835.283203	-80.685577
834.115234	87.020515
832.947266	387.461792
831.778320	215.068878
830.609375	-57.635483
829.440430	221.646484
828.271484	417.556274
827.101563	348.464233
825.931641	365.021301
824.761719	121.064156
823.590820	238.336380
822.420898	402.680878
821.250000	325.836212
820.078125	362.291412
818.907227	249.503799
817.735352	175.310059
816.562500	274.062439
815.390625	306.810944
814.217773	207.506195
813.044922	223.492432
811.872070	273.713074
810.698242	145.094009
809.524414	216.898880
808.350586	-26.345173
807.176758	-18.111052
806.001953	-20.380825
804.827148	203.061462
803.651367	-9.588403
802.476563	-36.944057
801.300781	-23.744368
800.125000	32.114502
798.948242	236.869522
797.772461	267.427277
796.595703	170.641327
795.417969	231.214188
794.241211	155.998718
793.063477	63.970074
791.885742	241.677963
790.707031	132.970947
789.529297	351.159607
788.350586	210.932648
787.170898	236.300491
785.992188	111.270103
784.812500	397.604767
783.632813	139.356689
782.452148	360.130493
781.272461	142.502228
780.091797	232.134140
778.911133	-107.906708
777.729492	45.474609
776.547852	-42.325142
775.366211	5.420124
774.184570	-141.323349
773.001953	90.603828
771.819336	-195.400330
770.636719	-107.078819
769.453125	-122.235123
768.269531	-342.198303
767.085938	-319.084686
765.902344	-53.063328
764.717773	52.482182
763.533203	-270.371613
762.348633	-143.555801
761.163086	31.799955
759.977539	-315.890381
758.791992	-134.104935
757.606445	-11.361018
756.419922	102.959679
755.233398	-52.413002
754.046875	55.663616
752.859375	43.698399
751.672852	-50.328278
750.485352	30.456688
749.296875	90.199738
748.108398	36.333191
746.919922	-9.061182
745.731445	80.192093
744.542969	85.327049
743.353516	269.157043
742.164063	181.813232
740.973633	75.614799
739.783203	-5.318938
738.592773	132.197037
737.402344	225.556702
736.211914	64.876678
735.020508	183.376389
733.829102	312.296143
732.636719	292.208801
731.444336	39.327370
730.251953	396.649261
729.059570	62.054718
727.866211	196.999390
726.673828	141.181580
725.479492	185.887238
724.286133	-10.303461
723.091797	-34.777580
721.897461	-34.183102
720.703125	54.239361
719.507813	-5.990158
718.312500	-78.814247
717.117188	-45.029972
715.921875	-67.789764
714.725586	32.695980
713.529297	51.547752
712.332031	38.963417
711.135742	93.124039
709.938477	197.276871
708.740234	153.053101
707.542969	382.163971
706.344727	494.204315
705.146484	741.680908
703.948242	1320.551880
702.749023	1336.023560
701.549805	1042.829956
700.350586	1078.959229
699.150391	610.684204
697.950195	663.314331
696.750000	284.664490
695.549805	247.553925
694.348633	-6.171632
693.147461	-39.295147
691.946289	272.872559
690.744141	56.371204
689.541992	185.085098
688.339844	20.429016
687.136719	329.681702
685.934570	453.695465
684.730469	598.297058
683.527344	306.476288
682.323242	309.575958
681.119141	337.470154
679.915039	76.699646
678.710938	392.881805
677.505859	113.327530
676.300781	68.206245
675.094727	91.444992
673.889648	25.431976
672.683594	94.100601
671.476563	241.407394
670.270508	125.453735
669.063477	-23.649611
667.856445	-62.972492
666.648438	-48.489986
665.440430	38.405388
664.232422	185.256592
663.024414	-92.093842
661.815430	-205.901077
660.606445	104.297226
659.397461	153.887161
658.188477	31.953007
656.978516	-40.260609
655.768555	-0.787769
654.557617	-91.352394
653.346680	16.491859
652.135742	-48.982151
650.924805	88.017082
649.712891	-278.348663
648.501953	59.165691
647.289063	-127.118813
646.077148	12.759366
644.864258	-36.791779
643.651367	-123.089111
642.438477	-112.137184
641.224609	-69.898277
640.010742	114.857117
638.796875	-83.002121
637.582031	384.657135
636.367188	52.030842
635.152344	-96.732063
633.937500	218.044373
632.721680	173.427505
631.505859	88.417038
630.289063	259.106598
629.073242	257.880249
627.856445	516.400879
626.639648	584.667358
625.421875	222.600281
624.204102	229.246277
622.986328	226.702576
621.768555	286.867340
620.549805	32.253345
619.331055	-26.103058
618.111328	-17.457743
616.892578	181.200760
