1721.000977	-66.225670
1720.027344	-6.852732
1719.052734	42.615276
1718.078125	103.486046
1717.104492	-14.026229
1716.128906	-43.018375
1715.154297	83.162849
1714.178711	20.941231
1713.204102	6.289195
1712.228516	26.408268
1711.251953	-18.602957
1710.276367	263.260132
1709.299805	11.330561
1708.324219	-26.349398
1707.347656	201.312637
1706.370117	15.944077
1705.393555	-26.867882
1704.416016	65.131554
1703.438477	-81.537720
1702.460938	19.189417
1701.483398	78.280342
1700.505859	-52.467537
1699.527344	43.659542
1698.548828	297.571655
1697.570313	259.588715
1696.591797	-13.889297
1695.612305	8.436380
1694.632813	-153.546036
1693.653320	-42.799526
1692.673828	49.606583
1691.694336	-16.619570
1690.713867	59.632805
1689.734375	-183.284912
1688.753906	-286.215820
1687.772461	-147.254715
1686.791992	-18.823927
1685.810547	48.099506
1684.830078	17.943480
1683.848633	-81.232452
1682.866211	310.896545
1681.884766	280.020416
1680.902344	60.576366
1679.919922	136.277679
1678.937500	69.295914
1677.955078	116.680977
1676.971680	44.354259
1675.989258	277.116272
1675.005859	146.093277
1674.022461	307.351471
1673.038086	92.323387
1672.054688	45.032738
1671.070313	122.161728
1670.085938	227.151794
1669.101563	7.038303
1668.117188	-91.149658
1667.131836	-59.886856
1666.146484	-94.626106
1665.161133	45.715046
1664.175781	-42.291119
1663.189453	82.765770
1662.204102	-60.954144
1661.217773	213.672287
1660.231445	-8.538694
1659.245117	48.118061
1658.257813	51.578682
1657.270508	194.398483
1656.284180	28.286520
1655.295898	-33.927395
1654.308594	164.695618
1653.321289	107.697685
1652.333008	131.745926
1651.344727	52.143475
1650.356445	-361.200226
1649.367188	-266.042389
1648.378906	-130.365814
1647.389648	-22.481180
1646.400391	-129.352722
1645.411133	-23.853420
1644.420898	71.575233
1643.431641	-113.252815
1642.441406	93.451241
1641.451172	-28.012716
1640.459961	-144.297455
1639.469727	12.118336
1638.478516	148.369293
1637.487305	297.279541
1636.496094	72.999817
1635.504883	35.493130
1634.512695	-122.909218
1633.520508	162.424469
1632.528320	188.210724
1631.536133	239.283112
1630.543945	217.393097
1629.550781	253.516418
1628.557617	176.432007
1627.564453	474.531616
1626.571289	616.578003
1625.578125	559.896179
1624.583984	674.374146
1623.589844	690.817139
1622.595703	948.741394
1621.601563	957.768677
1620.606445	1062.378662
1619.611328	1257.502930
1618.616211	1218.983643
1617.621094	1200.664917
1616.625977	1014.181641
1615.629883	1161.781372
1614.633789	998.129456
1613.637695	1047.956177
1612.641602	1265.963135
1611.645508	1024.862915
1610.648438	1140.085083
1609.651367	1024.630127
1608.654297	1097.329956
1607.657227	1408.200195
1606.659180	1470.889282
1605.662109	1365.762207
1604.664063	1518.748657
1603.666016	1298.559570
1602.666992	1654.425537
1601.668945	1306.742310
1600.669922	1457.332764
1599.670898	1537.846802
1598.671875	1288.127930
1597.671875	1263.672852
1596.672852	1191.777100
1595.672852	1384.974976
1594.672852	1060.677856
1593.671875	1006.466614
1592.671875	902.357117
1591.670898	833.292297
1590.669922	764.290894
1589.668945	650.403687
1588.667969	616.489868
1587.666016	170.740097
1586.664063	239.307617
1585.662109	502.489410
1584.660156	423.828491
1583.658203	98.313232
1582.655273	209.308243
1581.652344	155.738342
1580.649414	169.504089
1579.646484	46.224854
1578.642578	45.075981
1577.638672	-40.752068
1576.634766	269.444153
1575.630859	-97.729553
1574.626953	127.725273
1573.622070	14.597501
1572.618164	15.998193
1571.613281	-79.637802
1570.607422	53.584614
1569.602539	82.323425
1568.596680	51.363255
1567.590820	-74.040764
1566.584961	61.549572
1565.579102	-31.513453
1564.572266	-213.983521
1563.566406	40.746773
1562.559570	76.835373
1561.551758	-142.820358
1560.544922	119.141029
1559.537109	162.590485
1558.530273	106.784035
1557.521484	103.051147
1556.513672	-329.716705
1555.505859	-164.768967
1554.497070	-203.190964
1553.488281	-187.088318
1552.479492	47.046112
1551.470703	147.285889
1550.460938	-74.540138
1549.451172	50.396202
1548.441406	16.809233
1547.431641	-143.024185
1546.421875	-107.303696
1545.411133	47.133652
1544.400391	23.374105
1543.389648	-20.180313
1542.378906	27.749409
1541.367188	-119.677559
1540.355469	-192.913849
1539.343750	-63.510387
1538.332031	-8.299357
1537.320313	-59.351166
1536.307617	-98.067078
1535.294922	-38.030315
1534.282227	165.136078
1533.269531	20.203650
1532.256836	-280.141998
1531.243164	73.350327
1530.229492	24.638659
1529.215820	40.039574
1528.202148	-124.561943
1527.187500	-82.078712
1526.172852	17.045151
1525.158203	-154.918579
1524.143555	-144.543777
1523.127930	48.041965
1522.113281	-333.176575
1521.097656	152.279510
1520.082031	-24.568838
1519.065430	202.187988
1518.049805	-13.996299
1517.033203	97.019333
1516.016602	-200.255737
1515.000000	181.173218
1513.982422	-93.918915
1512.965820	-81.351631
1511.948242	122.838379
1510.930664	125.484879
1509.913086	-53.634106
1508.894531	-36.259220
1507.875977	121.035172
1506.857422	324.886536
1505.838867	135.998718
1504.820313	94.392044
1503.800781	-55.154541
1502.781250	310.372620
1501.761719	-106.431946
1500.742188	55.467777
1499.721680	1.598845
1498.702148	-13.029794
1497.681641	1.725030
1496.661133	89.951248
1495.639648	67.927940
1494.618164	-37.333107
1493.597656	163.439621
1492.576172	165.885483
1491.553711	16.614815
1490.532227	-218.193527
1489.509766	-137.415741
1488.487305	-76.227539
1487.464844	134.065384
1486.442383	6.977662
1485.418945	-46.754421
1484.395508	121.871124
1483.372070	-161.451385
1482.348633	4.702865
1481.324219	9.638588
1480.300781	126.887924
1479.276367	241.645325
1478.251953	307.568939
1477.226563	146.586639
1476.202148	-28.931738
1475.176758	95.563919
1474.151367	139.569550
1473.125000	-1.686118
1472.099609	271.432220
1471.073242	247.197464
1470.046875	15.941418
1469.020508	25.911108
1467.994141	101.640678
1466.966797	121.359009
1465.939453	75.380157
1464.912109	-9.484400
1463.884766	127.098274
1462.856445	139.589584
1461.829102	319.913208
1460.800781	176.817276
1459.772461	94.582352
1458.743164	610.238342
1457.714844	637.347290
1456.685547	443.409424
1455.656250	635.746277
1454.625977	488.081177
1453.596680	571.155457
1452.566406	629.948242
1451.536133	713.017029
1450.505859	507.384186
1449.474609	442.548584
1448.444336	329.294006
1447.413086	514.334351
1446.381836	231.498322
1445.350586	268.730042
1444.318359	356.860626
1443.286133	316.605316
1442.253906	194.062485
1441.221680	250.806992
1440.189453	387.464447
1439.156250	458.747040
1438.123047	285.633362
1437.089844	238.452179
1436.056641	363.079041
1435.022461	134.607086
1433.988281	329.407288
1432.954102	318.702789
1431.919922	-18.220722
1430.885742	-98.817825
1429.850586	88.811440
1428.815430	-27.911541
1427.780273	-115.554695
1426.744141	84.174652
1425.708984	69.065506
1424.672852	-1.500312
1423.636719	58.304451
1422.600586	67.482094
1421.563477	38.114559
1420.527344	-0.818417
1419.490234	-112.010689
1418.452148	-285.772339
1417.415039	-218.430725
1416.376953	99.476913
1415.338867	36.745926
1414.300781	10.222235
1413.262695	243.784927
1412.224609	-16.140055
1411.185547	-155.579712
1410.146484	-3.772268
1409.107422	-272.936340
1408.067383	-149.921112
1407.027344	-101.441559
1405.987305	-67.345291
1404.947266	-155.780701
1403.907227	-59.093487
1402.866211	136.101822
1401.826172	271.233582
1400.785156	132.598129
1399.743164	-80.355186
1398.702148	426.961731
1397.660156	540.533020
1396.618164	99.869469
1395.576172	352.713104
1394.533203	814.150940
1393.491211	508.164856
1392.448242	583.526672
1391.405273	1016.033875
1390.361328	1069.795044
1389.318359	999.024109
1388.274414	1457.676758
1387.230469	1638.403687
1386.186523	1649.122559
1385.141602	1542.594727
1384.097656	1548.658081
1383.052734	1791.640381
1382.007813	1795.359497
1380.961914	1978.497070
1379.916992	1678.615112
1378.871094	1933.529907
1377.825195	1578.914673
1376.778320	1508.859253
1375.732422	1319.444702
1374.685547	1316.464355
1373.638672	1184.585327
1372.591797	1145.930420
1371.543945	992.759155
1370.497070	1018.703125
1369.449219	579.413269
1368.400391	894.164673
1367.352539	987.039551
1366.303711	741.323853
1365.255859	855.750000
1364.206055	979.692993
1363.157227	553.186890
1362.108398	774.927307
1361.058594	858.463501
1360.008789	930.104614
1358.958984	916.051147
1357.908203	606.879883
1356.857422	821.450500
1355.806641	817.078796
1354.755859	758.041504
1353.705078	879.824341
1352.653320	559.324524
1351.601563	519.522583
1350.549805	420.363190
1349.498047	594.556641
1348.445313	414.724915
1347.393555	493.920898
1346.340820	506.621796
1345.287109	163.219604
1344.234375	244.901657
1343.180664	378.789948
1342.126953	488.932800
1341.073242	399.804169
1340.019531	592.975647
1338.964844	489.702393
1337.910156	189.747452
1336.855469	91.416779
1335.799805	102.155113
1334.745117	380.635376
1333.689453	100.040710
1332.633789	207.958221
1331.578125	398.725067
1330.521484	347.997131
1329.464844	141.130859
1328.408203	17.191967
1327.351563	84.941467
1326.294922	-166.580338
1325.237305	66.739601
1324.179688	-52.242409
1323.122070	-343.677460
1322.064453	409.451355
1321.005859	-16.572920
1319.947266	-147.149933
1318.888672	274.916901
1317.830078	73.552666
1316.770508	124.851089
1315.710938	254.021805
1314.651367	-76.914391
1313.591797	-214.260910
1312.531250	-14.296947
1311.471680	46.494831
1310.411133	-15.308509
1309.349609	274.087341
1308.289063	176.953552
1307.227539	-110.947151
1306.166016	234.856415
1305.104492	34.222961
1304.042969	45.573753
1302.980469	-277.301849
1301.917969	-155.268661
1300.855469	129.059433
1299.792969	-45.398285
1298.729492	-144.524216
1297.666016	-180.112885
1296.602539	17.036261
1295.539063	-230.065628
1294.474609	-199.802856
1293.411133	63.027008
1292.346680	93.228249
1291.281250	245.521042
1290.216797	146.566742
1289.151367	165.011536
1288.085938	209.263962
1287.020508	91.626213
1285.955078	243.779434
1284.888672	149.638321
1283.822266	334.537201
1282.755859	231.047821
1281.689453	85.423630
1280.622070	195.241516
1279.554688	204.288910
1278.487305	143.073166
1277.419922	304.324310
1276.351563	313.338074
1275.283203	446.390106
1274.214844	359.431274
1273.146484	181.273575
1272.077148	625.331970
1271.008789	309.224701
1269.939453	217.684296
1268.869141	126.175262
1267.799805	347.849091
1266.729492	391.854401
1265.659180	349.410309
1264.588867	250.934448
1263.517578	208.525406
1262.447266	61.094509
1261.375977	443.487640
1260.304688	342.718964
1259.232422	328.295227
1258.161133	267.233276
1257.088867	562.945496
1256.016602	261.723328
1254.943359	487.366669
1253.871094	535.814209
1252.797852	642.470520
1251.724609	688.511902
1250.650391	648.361267
1249.577148	619.867615
1248.502930	500.591736
1247.428711	632.696350
1246.354492	636.767212
1245.279297	638.496765
1244.204102	540.215820
1243.128906	662.857666
1242.053711	680.828613
1240.977539	491.932343
1239.902344	333.322723
1238.826172	683.523438
1237.750000	392.531372
1236.672852	326.892487
1235.595703	426.103607
1234.518555	430.100220
1233.441406	260.046326
1232.364258	257.100098
1231.286133	367.795898
1230.208008	253.489944
1229.129883	329.342377
1228.051758	101.495781
1226.972656	202.816528
1225.893555	139.578888
1224.814453	97.206680
1223.734375	186.847580
1222.655273	262.553986
1221.575195	370.621216
1220.495117	131.470032
1219.415039	170.082916
1218.333984	257.246185
1217.252930	-14.134929
1216.171875	54.513813
1215.090820	30.647579
1214.008789	332.679688
1212.926758	133.116882
1211.844727	-1.677450
1210.762695	327.853424
1209.679688	-127.941612
1208.597656	16.751707
1207.513672	-94.860062
1206.430664	-86.418800
1205.347656	30.453667
1204.263672	-196.448471
1203.179688	-77.319572
1202.095703	-140.405594
1201.010742	-302.601807
1199.925781	192.114288
1198.840820	-92.222069
1197.755859	79.695915
1196.670898	-6.426539
1195.584961	-74.103851
1194.499023	-293.702179
1193.413086	69.114502
1192.326172	233.859177
1191.239258	285.790649
1190.152344	-126.934708
1189.065430	327.478210
1187.978516	-6.915833
1186.890625	251.870758
1185.802734	-91.569237
1184.714844	383.084656
1183.625977	65.021111
1182.538086	289.091644
1181.449219	453.353241
1180.360352	163.017807
1179.270508	276.727203
1178.180664	374.320313
1177.090820	474.160522
1176.000977	351.480347
1174.911133	387.069031
1173.820313	404.289063
1172.729492	462.754669
1171.638672	528.065613
1170.547852	513.159424
1169.456055	624.224854
1168.364258	400.903442
1167.272461	484.462830
1166.179688	384.861298
1165.087891	527.879822
1163.995117	959.106689
1162.902344	870.892395
1161.808594	1057.136475
1160.715820	1215.866211
1159.622070	1093.349243
1158.528320	1094.293701
1157.433594	1070.095215
1156.339844	753.511169
1155.245117	578.657288
1154.149414	511.189758
1153.054688	441.473480
1151.958984	716.411072
1150.863281	199.429214
1149.767578	558.701599
1148.671875	534.632507
1147.575195	262.012115
1146.478516	263.087250
1145.381836	211.732834
1144.285156	326.749573
1143.187500	532.835815
1142.089844	80.552734
1140.992188	134.017487
1139.894531	91.833427
1138.795898	193.058228
1137.697266	-238.285980
1136.598633	236.097549
1135.499023	14.194138
1134.400391	222.216171
1133.300781	145.923569
1132.201172	71.932182
1131.100586	4.780039
1130.000977	142.154068
1128.900391	-243.027634
1127.799805	53.303822
1126.698242	-95.557686
1125.596680	-15.074530
1124.495117	103.950272
1123.393555	45.922676
1122.291992	248.805252
1121.189453	220.233612
1120.086914	670.132019
1118.984375	804.695435
1117.881836	655.864990
1116.778320	819.803467
1115.674805	1006.315979
1114.571289	1197.265381
1113.466797	828.765808
1112.363281	1264.164063
1111.258789	678.493286
1110.153320	857.971741
1109.048828	759.073242
1107.943359	881.875732
1106.837891	758.108093
1105.732422	582.377258
1104.625977	738.998230
1103.520508	570.103088
1102.414063	679.175842
1101.306641	291.204224
1100.200195	732.253967
1099.092773	385.054962
1097.985352	272.767822
1096.877930	426.833282
1095.769531	251.365036
1094.661133	366.968872
1093.552734	-130.973083
1092.444336	291.294434
1091.335938	282.757080
1090.226563	138.961975
1089.117188	89.848915
1088.006836	374.156372
1086.897461	-1.627935
1085.787109	264.506836
1084.676758	330.125458
1083.566406	424.949890
1082.455078	335.167633
1081.343750	310.644318
1080.232422	38.674129
1079.121094	436.949615
1078.008789	288.666046
1076.896484	437.128510
1075.784180	529.310791
1074.671875	614.677002
1073.558594	538.230774
1072.445313	607.759766
1071.332031	392.073578
1070.217773	378.468903
1069.104492	555.603882
1067.990234	299.566650
1066.875977	164.744476
1065.760742	128.615417
1064.645508	-53.284748
1063.530273	267.004059
1062.415039	510.904755
1061.299805	-11.673352
1060.183594	113.353096
1059.067383	12.066872
1057.951172	-89.218468
1056.833984	-92.009514
1055.716797	146.874252
1054.599609	-115.638374
1053.482422	82.777870
1052.364258	144.606476
1051.247070	-75.393738
1050.128906	118.243095
1049.009766	65.863602
1047.891602	-8.884463
1046.772461	-199.838226
1045.653320	38.095287
1044.533203	269.155121
1043.414063	-0.045766
1042.293945	90.178581
1041.173828	10.698685
1040.052734	-91.125496
1038.932617	-188.497040
1037.811523	-281.433441
1036.689453	189.683411
1035.568359	-32.712524
1034.446289	88.116829
1033.324219	35.036499
1032.202148	44.283928
1031.079102	-73.490257
1029.957031	245.128937
1028.833984	234.072433
1027.709961	2.612728
1026.586914	-90.854370
1025.462891	-175.460724
1024.338867	-157.797806
1023.214844	-13.477729
1022.089844	-44.924431
1020.964844	88.032524
1019.839844	-181.328278
1018.714844	-4.126677
1017.588867	221.769836
1016.462891	212.114014
1015.336914	64.743118
1014.210938	112.674095
1013.083984	-127.974419
1011.957031	121.685432
1010.830078	386.674561
1009.702148	77.130989
1008.574219	450.462372
1007.446289	1056.265869
1006.318359	1524.318237
1005.190430	2559.220703
1004.061523	2623.423584
1002.932617	1748.600342
1001.802734	1365.566650
1000.673828	666.112244
999.543945	438.227753
998.414063	447.085236
997.283203	358.515656
996.153320	541.907043
995.022461	395.696838
993.891602	605.331055
992.759766	242.417694
991.628906	420.880676
990.497070	961.414856
989.364258	759.596069
988.232422	1087.671021
987.099609	1060.113403
985.966797	1145.028198
984.833984	1686.520874
983.700195	1318.865234
982.566406	1284.291260
981.432617	1273.895020
980.298828	1618.307373
979.164063	1028.046265
978.029297	616.433838
976.894531	504.497864
975.759766	526.863647
974.624023	740.673767
973.488281	450.204254
972.352539	613.139038
971.215820	276.435089
970.080078	304.972809
968.943359	282.814178
967.805664	357.311066
966.668945	455.881531
965.531250	288.380157
964.393555	296.650177
963.254883	102.718697
962.117188	589.639160
960.978516	331.886963
959.839844	565.901367
958.700195	198.359909
957.561523	348.756073
956.421875	488.019989
955.281250	714.857605
954.141602	402.122375
953.000977	587.068359
951.860352	699.528259
950.719727	908.274719
949.578125	542.877686
948.436523	663.798950
947.294922	471.469543
946.153320	598.777588
945.010742	364.816345
943.868164	312.512939
942.725586	658.323914
941.583008	474.618073
940.439453	144.416382
939.295898	107.249825
938.152344	380.403290
937.007813	251.294312
935.863281	89.418938
934.718750	56.429398
933.574219	281.071686
932.428711	114.765305
931.283203	173.299622
930.137695	207.756714
928.992188	-10.914134
927.845703	145.610931
926.699219	-101.388168
925.552734	-86.698349
924.405273	209.103897
923.257813	295.542816
922.110352	103.048462
920.962891	370.193420
919.814453	171.168930
918.666016	176.858810
917.517578	254.351456
916.369141	-334.092865
915.219727	-47.712482
914.070313	-63.814785
912.920898	-108.190140
911.770508	93.100906
910.621094	37.826023
909.470703	78.174065
908.319336	64.173172
907.168945	280.434814
906.017578	-104.935966
904.866211	-147.093933
903.713867	-74.196953
902.562500	-1.307387
901.410156	266.810913
900.256836	77.141380
899.104492	-320.585358
897.951172	75.386543
896.797852	191.589935
895.644531	-88.796402
894.490234	33.943146
893.335938	143.665573
892.181641	-73.616249
891.027344	222.358582
889.872070	-241.520248
888.716797	-148.979828
887.561523	-147.298233
886.405273	-115.290688
885.249023	-128.653091
884.092773	253.703674
882.936523	-42.766048
881.779297	56.421684
880.622070	261.502380
879.464844	-71.278603
878.307617	2.162067
877.149414	-60.380856
875.991211	45.554428
874.833008	-23.267157
873.673828	61.203312
872.514648	-9.570662
871.355469	-177.257767
870.196289	45.471333
869.036133	72.038963
867.875977	454.277344
866.715820	-258.031067
865.554688	38.161285
864.394531	131.919067
863.233398	301.096100
862.071289	280.889160
860.910156	41.330891
859.748047	60.180031
858.585938	337.269745
857.422852	222.972473
856.259766	302.365234
855.096680	285.136414
853.933594	-56.429890
852.770508	453.104645
851.606445	459.917603
850.442383	61.010921
849.277344	48.892464
848.113281	131.394424
846.948242	329.891205
845.783203	122.969933
844.617188	-270.308411
843.451172	95.908516
842.285156	365.648438
841.119141	73.851097
839.952148	37.372738
838.785156	114.641037
837.618164	258.456879
836.451172	44.765587
835.283203	-87.289131
834.115234	-133.475830
832.947266	115.863472
831.778320	181.277039
830.609375	43.655739
829.440430	113.723709
828.271484	194.646408
827.101563	177.400162
825.931641	233.019333
824.761719	156.352676
823.590820	272.156067
822.420898	3.731442
821.250000	147.679321
820.078125	338.717743
818.907227	282.340668
817.735352	294.461792
816.562500	366.503967
815.390625	549.612000
814.217773	125.231697
813.044922	16.714552
811.872070	379.398376
810.698242	-73.846992
809.524414	497.838867
808.350586	-48.501530
807.176758	-17.429352
806.001953	-13.838210
804.827148	-54.726349
803.651367	66.291992
802.476563	195.971634
801.300781	264.124084
800.125000	85.835739
798.948242	254.281601
797.772461	108.355156
796.595703	147.522995
795.417969	-144.474167
794.241211	370.783081
793.063477	100.490410
791.885742	567.013306
790.707031	475.423309
789.529297	326.784485
788.350586	335.349792
787.170898	176.569809
785.992188	624.360657
784.812500	387.518768
783.632813	477.282471
782.452148	365.916687
781.272461	521.632690
780.091797	205.233215
778.911133	126.242592
777.729492	447.458832
776.547852	542.259155
775.366211	13.088250
774.184570	-20.787090
773.001953	137.907623
771.819336	-250.869476
770.636719	-282.154755
769.453125	-349.230469
768.269531	-78.156853
767.085938	-246.400375
765.902344	-72.398331
764.717773	-90.482056
763.533203	-163.339630
762.348633	-326.807190
761.163086	24.604076
759.977539	137.603912
758.791992	-46.685219
757.606445	-49.535484
756.419922	-56.546227
755.233398	214.622467
754.046875	171.827011
752.859375	268.086975
751.672852	59.021942
750.485352	479.484528
749.296875	308.383545
748.108398	402.478088
746.919922	208.338943
745.731445	119.433250
744.542969	537.269165
743.353516	-73.024872
742.164063	207.999359
740.973633	137.974045
739.783203	250.683365
738.592773	71.371643
737.402344	152.429672
736.211914	-201.130630
735.020508	247.056976
733.829102	222.876572
732.636719	234.272415
731.444336	537.056519
730.251953	338.500671
729.059570	213.287064
727.866211	-83.831589
726.673828	23.414217
725.479492	-26.624624
724.286133	-43.277843
723.091797	-30.767080
721.897461	-70.749420
720.703125	-56.471561
719.507813	-13.080982
718.312500	59.391174
717.117188	326.122681
715.921875	151.408691
714.725586	-255.427216
713.529297	167.325668
712.332031	-1.565533
711.135742	387.091064
709.938477	240.774429
708.740234	493.052612
707.542969	809.691895
706.344727	1192.729980
705.146484	1149.771973
703.948242	1648.888062
702.749023	1866.028931
701.549805	1749.278198
700.350586	1401.000610
699.150391	1121.413574
697.950195	962.552063
696.750000	443.222290
695.549805	504.851929
694.348633	518.341858
693.147461	691.855652
691.946289	401.055664
690.744141	372.287872
689.541992	162.382858
688.339844	139.509430
687.136719	303.535126
685.934570	161.791382
684.730469	269.259766
683.527344	139.703415
682.323242	458.634399
681.119141	254.039780
679.915039	232.083801
678.710938	365.672150
677.505859	299.906738
676.300781	161.488922
675.094727	-47.441685
673.889648	65.057854
672.683594	-85.774719
671.476563	271.189301
670.270508	91.399368
669.063477	75.383041
667.856445	71.881660
666.648438	111.963928
665.440430	-29.978930
664.232422	-103.390091
663.024414	-37.935486
661.815430	166.315231
660.606445	-179.311737
659.397461	-40.661812
658.188477	83.826042
656.978516	146.675842
655.768555	143.854385
654.557617	261.348297
653.346680	-250.459381
652.135742	-75.983948
650.924805	92.900848
649.712891	-34.690697
648.501953	-130.462265
647.289063	-122.184395
646.077148	-88.216866
644.864258	-49.118607
643.651367	-548.933960
642.438477	131.302246
641.224609	-87.764725
640.010742	-35.578140
638.796875	-185.826767
637.582031	132.832321
636.367188	156.604095
635.152344	326.125275
633.937500	164.147781
632.721680	-32.813931
631.505859	-5.563941
630.289063	373.324524
629.073242	515.913879
627.856445	964.966309
626.639648	582.370178
625.421875	997.443726
624.204102	702.700256
622.986328	593.765869
621.768555	356.671967
620.549805	127.114220
619.331055	270.338165
618.111328	121.847267
616.892578	-72.027008
