1721.000977	-19.796665
1720.027344	87.361755
1719.052734	97.599449
1718.078125	111.764030
1717.104492	-129.166702
1716.128906	-227.507858
1715.154297	383.442047
1714.178711	67.631462
1713.204102	40.650803
1712.228516	210.062881
1711.251953	-8.361159
1710.276367	-114.797089
1709.299805	180.076385
1708.324219	-227.470596
1707.347656	-208.077408
1706.370117	314.804535
1705.393555	-33.161449
1704.416016	181.213699
1703.438477	-108.964584
1702.460938	65.857567
1701.483398	4.875508
1700.505859	96.806946
1699.527344	45.097710
1698.548828	54.305740
1697.570313	264.927002
1696.591797	63.878345
1695.612305	-178.325500
1694.632813	-101.624840
1693.653320	92.158134
1692.673828	104.389786
1691.694336	32.162178
1690.713867	71.935555
1689.734375	22.243706
1688.753906	-338.736267
1687.772461	93.052750
1686.791992	205.938248
1685.810547	99.447639
1684.830078	84.626266
1683.848633	-111.187881
1682.866211	-24.372660
1681.884766	-385.763062
1680.902344	-131.072403
1679.919922	-232.854782
1678.937500	67.398354
1677.955078	125.812141
1676.971680	-314.376923
1675.989258	-380.546021
1675.005859	270.240051
1674.022461	-19.736168
1673.038086	30.935562
1672.054688	-25.069529
1671.070313	35.805107
1670.085938	129.712952
1669.101563	-88.696167
1668.117188	155.090439
1667.131836	-58.070126
1666.146484	-253.309540
1665.161133	-47.524574
1664.175781	92.301704
1663.189453	59.669739
1662.204102	-254.272400
1661.217773	65.730537
1660.231445	-73.043777
1659.245117	-275.007904
1658.257813	257.878510
1657.270508	15.581289
1656.284180	-49.203979
1655.295898	-60.749386
1654.308594	-18.983690
1653.321289	50.720181
1652.333008	123.009094
1651.344727	-201.780380
1650.356445	113.575386
1649.367188	239.236679
1648.378906	-44.560108
1647.389648	253.205658
1646.400391	-280.447601
1645.411133	-159.373459
1644.420898	-197.398270
1643.431641	-68.569168
1642.441406	-38.177582
1641.451172	512.363647
1640.459961	27.946877
1639.469727	68.751724
1638.478516	266.049774
1637.487305	264.114655
1636.496094	378.300415
1635.504883	-47.007687
1634.512695	49.748661
1633.520508	111.293266
1632.528320	165.360657
1631.536133	214.476303
1630.543945	203.230042
1629.550781	683.104187
1628.557617	329.542145
1627.564453	389.035980
1626.571289	876.419312
1625.578125	1424.082520
1624.583984	1269.748169
1623.589844	1321.798584
1622.595703	1524.785889
1621.601563	1933.920532
1620.606445	1596.448975
1619.611328	1832.143433
1618.616211	2105.505127
1617.621094	1690.576294
1616.625977	1886.153442
1615.629883	1885.844482
1614.633789	1699.848877
1613.637695	1639.480347
1612.641602	1822.599609
1611.645508	1845.145386
1610.648438	1887.778809
1609.651367	1576.868896
1608.654297	1702.385498
1607.657227	1717.611450
1606.659180	2241.586914
1605.662109	2504.836914
1604.664063	2184.315918
1603.666016	2332.318115
1602.666992	1936.900146
1601.668945	1927.250366
1600.669922	2167.902100
1599.670898	1943.032227
1598.671875	1978.486206
1597.671875	1646.223022
1596.672852	1811.817627
1595.672852	1622.292114
1594.672852	1655.347046
1593.671875	1285.996338
1592.671875	1151.725098
1591.670898	1167.395630
1590.669922	621.079529
1589.668945	889.089233
1588.667969	737.553772
1587.666016	543.626099
1586.664063	736.604614
1585.662109	650.053772
1584.660156	563.540283
1583.658203	230.148376
1582.655273	617.500183
1581.652344	109.693024
1580.649414	165.395248
1579.646484	268.413971
1578.642578	-57.175262
1577.638672	195.258194
1576.634766	395.275543
1575.630859	-64.624481
1574.626953	224.953400
1573.622070	4.155307
1572.618164	144.265701
1571.613281	331.540955
1570.607422	207.784805
1569.602539	151.229126
1568.596680	119.513275
1567.590820	-140.895569
1566.584961	8.839732
1565.579102	36.739975
1564.572266	126.684158
1563.566406	99.861641
1562.559570	-220.005951
1561.551758	-261.741364
1560.544922	-35.395260
1559.537109	208.174011
1558.530273	27.386677
1557.521484	-245.181320
1556.513672	246.200256
1555.505859	-296.589142
1554.497070	-239.299011
1553.488281	-226.670258
1552.479492	-18.322016
1551.470703	58.616886
1550.460938	-114.698586
1549.451172	-97.288391
1548.441406	-248.263626
1547.431641	283.975555
1546.421875	-109.595917
1545.411133	-327.385406
1544.400391	58.482006
1543.389648	-468.450317
1542.378906	129.892365
1541.367188	-213.969452
1540.355469	-186.961426
1539.343750	97.014694
1538.332031	163.432236
1537.320313	-251.868271
1536.307617	-279.315338
1535.294922	-277.143036
1534.282227	-62.698177
1533.269531	-174.136185
1532.256836	77.176651
1531.243164	59.436958
1530.229492	204.481216
1529.215820	-74.697418
1528.202148	-205.844009
1527.187500	301.437408
1526.172852	359.975677
1525.158203	31.650736
1524.143555	-311.325287
1523.127930	-77.888351
1522.113281	-66.139664
1521.097656	189.293945
1520.082031	-121.481270
1519.065430	-28.588573
1518.049805	248.804413
1517.033203	61.168674
1516.016602	495.790222
1515.000000	-173.716309
1513.982422	-257.919373
1512.965820	-103.666290
1511.948242	131.584473
1510.930664	-11.568572
1509.913086	122.883804
1508.894531	-17.763344
1507.875977	-67.497475
1506.857422	79.163345
1505.838867	373.017426
1504.820313	185.882675
1503.800781	23.343369
1502.781250	98.783081
1501.761719	-2.324044
1500.742188	332.980530
1499.721680	114.242180
1498.702148	623.409790
1497.681641	34.822788
1496.661133	-83.209740
1495.639648	325.310944
1494.618164	427.647034
1493.597656	260.744141
1492.576172	152.656952
1491.553711	125.367546
1490.532227	232.695206
1489.509766	117.433113
1488.487305	-39.309143
1487.464844	-291.287903
1486.442383	-244.923538
1485.418945	-139.912201
1484.395508	172.769501
1483.372070	-8.041036
1482.348633	219.102951
1481.324219	355.841492
1480.300781	-347.132385
1479.276367	-312.731415
1478.251953	-148.963867
1477.226563	344.103424
1476.202148	0.463779
1475.176758	-99.146683
1474.151367	140.224396
1473.125000	191.850266
1472.099609	68.082977
1471.073242	32.120117
1470.046875	15.726178
1469.020508	-0.593673
1467.994141	236.392273
1466.966797	198.238876
1465.939453	143.139969
1464.912109	613.737305
1463.884766	259.481323
1462.856445	343.247437
1461.829102	354.120270
1460.800781	530.369141
1459.772461	538.902039
1458.743164	688.442383
1457.714844	517.300598
1456.685547	844.277771
1455.656250	862.754150
1454.625977	728.312805
1453.596680	1103.841431
1452.566406	1027.829224
1451.536133	449.624847
1450.505859	776.693970
1449.474609	635.549561
1448.444336	528.527527
1447.413086	731.965698
1446.381836	712.395508
1445.350586	852.880188
1444.318359	491.815979
1443.286133	349.019165
1442.253906	768.279419
1441.221680	659.577820
1440.189453	505.024384
1439.156250	232.003906
1438.123047	322.191437
1437.089844	13.232020
1436.056641	473.712036
1435.022461	174.704163
1433.988281	207.171951
1432.954102	111.604057
1431.919922	253.028183
1430.885742	167.358719
1429.850586	255.746887
1428.815430	-37.418716
1427.780273	-156.493286
1426.744141	-157.133987
1425.708984	93.372627
1424.672852	85.645706
1423.636719	-199.438522
1422.600586	77.741119
1421.563477	48.606026
1420.527344	275.188721
1419.490234	130.519440
1418.452148	-6.772604
1417.415039	-49.909519
1416.376953	-150.758942
1415.338867	-92.496498
1414.300781	257.221405
1413.262695	-211.675674
1412.224609	-68.879341
1411.185547	-366.451782
1410.146484	-100.788071
1409.107422	-27.575968
1408.067383	-185.189911
1407.027344	128.646469
1405.987305	24.163328
1404.947266	458.196228
1403.907227	264.979126
1402.866211	362.622375
1401.826172	501.177582
1400.785156	53.815102
1399.743164	86.901932
1398.702148	324.125671
1397.660156	431.735413
1396.618164	325.857727
1395.576172	555.960876
1394.533203	795.640076
1393.491211	1104.867065
1392.448242	989.719910
1391.405273	1555.402710
1390.361328	1469.140015
1389.318359	2049.043213
1388.274414	2494.644287
1387.230469	2585.728760
1386.186523	2712.780518
1385.141602	3261.141357
1384.097656	3352.281006
1383.052734	3287.931885
1382.007813	3391.148193
1380.961914	3542.229492
1379.916992	2911.453125
1378.871094	2840.419189
1377.825195	2934.424072
1376.778320	2557.708740
1375.732422	2427.327148
1374.685547	2275.575439
1373.638672	2042.780640
1372.591797	1547.539429
1371.543945	1828.355103
1370.497070	1696.280518
1369.449219	1239.835205
1368.400391	957.791687
1367.352539	1689.565674
1366.303711	1197.868530
1365.255859	1285.767822
1364.206055	1216.366577
1363.157227	1409.204224
1362.108398	1344.733643
1361.058594	1497.099243
1360.008789	1482.775513
1358.958984	1437.573853
1357.908203	1520.982788
1356.857422	1647.265625
1355.806641	1654.588867
1354.755859	1307.533691
1353.705078	1374.512939
1352.653320	1313.112915
1351.601563	1116.295776
1350.549805	1230.982300
1349.498047	1146.069702
1348.445313	978.089966
1347.393555	1000.272339
1346.340820	982.115845
1345.287109	812.056885
1344.234375	983.953308
1343.180664	97.378555
1342.126953	554.161316
1341.073242	847.120728
1340.019531	580.298523
1338.964844	877.949951
1337.910156	670.579102
1336.855469	553.411499
1335.799805	76.143768
1334.745117	404.625000
1333.689453	147.960907
1332.633789	291.647644
1331.578125	-130.530823
1330.521484	72.395950
1329.464844	213.740402
1328.408203	-32.959568
1327.351563	-142.322327
1326.294922	86.588478
1325.237305	-166.932266
1324.179688	-70.443405
1323.122070	-441.930450
1322.064453	-239.031219
1321.005859	-64.556168
1319.947266	5.951405
1318.888672	36.306789
1317.830078	-178.858307
1316.770508	-39.858021
1315.710938	-125.083443
1314.651367	-427.309082
1313.591797	77.335098
1312.531250	-396.933655
1311.471680	-448.916229
1310.411133	3.592515
1309.349609	149.525208
1308.289063	307.205872
1307.227539	323.476501
1306.166016	-343.272827
1305.104492	-114.914246
1304.042969	5.059160
1302.980469	205.009460
1301.917969	-371.677246
1300.855469	-152.892502
1299.792969	213.991699
1298.729492	-33.072586
1297.666016	187.859314
1296.602539	-376.416595
1295.539063	-87.342537
1294.474609	-136.743698
1293.411133	-226.046387
1292.346680	27.576485
1291.281250	-57.047714
1290.216797	74.357834
1289.151367	421.624207
1288.085938	315.856232
1287.020508	-54.974091
1285.955078	468.007507
1284.888672	200.472168
1283.822266	376.165405
1282.755859	282.215485
1281.689453	415.625671
1280.622070	263.114105
1279.554688	262.922363
1278.487305	330.643707
1277.419922	274.230652
1276.351563	496.397461
1275.283203	395.479645
1274.214844	201.000076
1273.146484	596.130188
1272.077148	202.853836
1271.008789	459.826904
1269.939453	328.576202
1268.869141	218.398224
1267.799805	339.616852
1266.729492	603.278503
1265.659180	595.855469
1264.588867	476.327972
1263.517578	646.347900
1262.447266	788.278320
1261.375977	349.005615
1260.304688	369.572510
1259.232422	453.088043
1258.161133	601.868469
1257.088867	155.964310
1256.016602	390.961304
1254.943359	723.718506
1253.871094	518.048523
1252.797852	682.864990
1251.724609	852.253845
1250.650391	1009.894531
1249.577148	929.994202
1248.502930	663.884521
1247.428711	891.233582
1246.354492	1130.103760
1245.279297	466.299561
1244.204102	463.246918
1243.128906	615.965271
1242.053711	584.958618
1240.977539	574.851746
1239.902344	650.719299
1238.826172	454.728882
1237.750000	498.029175
1236.672852	364.811523
1235.595703	377.892517
1234.518555	523.248901
1233.441406	225.310425
1232.364258	468.049896
1231.286133	47.275818
1230.208008	199.469025
1229.129883	110.453888
1228.051758	325.121216
1226.972656	194.361588
1225.893555	302.296509
1224.814453	-29.956606
1223.734375	3.828763
1222.655273	70.012695
1221.575195	108.364487
1220.495117	322.583832
1219.415039	117.878021
1218.333984	234.801758
1217.252930	57.925865
1216.171875	-225.253281
1215.090820	14.159148
1214.008789	-42.407139
1212.926758	-78.166428
1211.844727	253.428482
1210.762695	-378.333069
1209.679688	-238.525208
1208.597656	-24.897102
1207.513672	54.722660
1206.430664	-140.317139
1205.347656	209.241394
1204.263672	180.312393
1203.179688	-3.130884
1202.095703	-241.838089
1201.010742	88.936981
1199.925781	212.132416
1198.840820	35.717323
1197.755859	-23.139971
1196.670898	-22.091461
1195.584961	-133.890945
1194.499023	-10.822967
1193.413086	287.108917
1192.326172	170.686066
1191.239258	-23.915144
1190.152344	-397.842804
1189.065430	-224.295761
1187.978516	-87.613556
1186.890625	122.551620
1185.802734	84.419067
1184.714844	181.864120
1183.625977	357.351776
1182.538086	213.550659
1181.449219	-304.465027
1180.360352	357.672424
1179.270508	604.095886
1178.180664	598.013000
1177.090820	259.295013
1176.000977	643.188354
1174.911133	549.962830
1173.820313	484.282684
1172.729492	473.636536
1171.638672	476.747314
1170.547852	736.447266
1169.456055	849.431885
1168.364258	431.099884
1167.272461	534.947571
1166.179688	895.104065
1165.087891	607.483643
1163.995117	1317.523926
1162.902344	1308.998535
1161.808594	1522.302124
1160.715820	1330.829346
1159.622070	1820.631226
1158.528320	1519.473389
1157.433594	1321.262207
1156.339844	1100.310303
1155.245117	1005.059082
1154.149414	268.219666
1153.054688	394.643463
1151.958984	607.729065
1150.863281	268.523315
1149.767578	164.447998
1148.671875	149.374207
1147.575195	334.966095
1146.478516	-145.221863
1145.381836	-9.783521
1144.285156	178.007568
1143.187500	181.167130
1142.089844	-141.391159
1140.992188	-327.163513
1139.894531	-50.673607
1138.795898	-15.597154
1137.697266	-239.965881
1136.598633	-59.244869
1135.499023	-442.742706
1134.400391	236.000671
1133.300781	-461.158997
1132.201172	-41.870754
1131.100586	-195.494019
1130.000977	-262.693878
1128.900391	-245.825546
1127.799805	20.864132
1126.698242	-173.523376
1125.596680	142.960358
1124.495117	-226.130493
1123.393555	274.016052
1122.291992	268.036224
1121.189453	348.230560
1120.086914	1006.621582
1118.984375	1199.962524
1117.881836	1456.674683
1116.778320	1368.808716
1115.674805	1623.078125
1114.571289	1510.283203
1113.466797	1422.431274
1112.363281	1431.978027
1111.258789	1362.270874
1110.153320	1668.239014
1109.048828	1313.411865
1107.943359	1241.469116
1106.837891	1196.686890
1105.732422	708.755737
1104.625977	890.124207
1103.520508	913.204773
1102.414063	502.426880
1101.306641	584.262207
1100.200195	295.662079
1099.092773	167.477829
1097.985352	359.887695
1096.877930	258.785156
1095.769531	297.595154
1094.661133	318.316284
1093.552734	208.185699
1092.444336	305.530334
1091.335938	175.110748
1090.226563	-128.843582
1089.117188	60.806496
1088.006836	369.727875
1086.897461	250.536118
1085.787109	514.171692
1084.676758	140.515869
1083.566406	264.430634
1082.455078	503.008514
1081.343750	712.193237
1080.232422	426.389771
1079.121094	806.323242
1078.008789	1120.828125
1076.896484	464.090393
1075.784180	861.589172
1074.671875	609.537781
1073.558594	741.649475
1072.445313	709.711792
1071.332031	444.227264
1070.217773	665.908813
1069.104492	357.798462
1067.990234	538.901794
1066.875977	334.018341
1065.760742	393.802277
1064.645508	240.482910
1063.530273	421.187469
1062.415039	507.613586
1061.299805	33.751820
1060.183594	274.650604
1059.067383	-355.874725
1057.951172	104.303116
1056.833984	255.244080
1055.716797	119.552704
1054.599609	160.621872
1053.482422	-239.132172
1052.364258	188.772186
1051.247070	350.304138
1050.128906	102.545631
1049.009766	268.299469
1047.891602	241.722733
1046.772461	121.221199
1045.653320	-10.486789
1044.533203	-128.842041
1043.414063	-166.850937
1042.293945	4.864348
1041.173828	-187.352539
1040.052734	-234.571625
1038.932617	-188.173676
1037.811523	-137.453339
1036.689453	-222.885208
1035.568359	-225.892517
1034.446289	-88.625870
1033.324219	-221.127747
1032.202148	214.346283
1031.079102	32.600563
1029.957031	-276.080170
1028.833984	-106.155975
1027.709961	-256.921692
1026.586914	-116.244392
1025.462891	-89.221329
1024.338867	-169.089478
1023.214844	-506.975403
1022.089844	42.127686
1020.964844	-335.930878
1019.839844	-80.679962
1018.714844	-94.480415
1017.588867	15.951564
1016.462891	-262.389679
1015.336914	-205.525146
1014.210938	-304.190552
1013.083984	153.991302
1011.957031	230.249619
1010.830078	641.239319
1009.702148	592.868652
1008.574219	619.746094
1007.446289	1342.425171
1006.318359	2857.924316
1005.190430	3991.527100
1004.061523	4856.442383
1002.932617	3506.400635
1001.802734	2028.395142
1000.673828	592.978699
999.543945	255.639175
998.414063	316.525696
997.283203	251.131332
996.153320	6.502125
995.022461	453.804901
993.891602	160.271362
992.759766	47.902077
991.628906	304.396606
990.497070	425.850616
989.364258	478.610748
988.232422	751.979004
987.099609	559.292542
985.966797	1297.803833
984.833984	910.586731
983.700195	468.211365
982.566406	466.934601
981.432617	491.943695
980.298828	785.699280
979.164063	585.478333
978.029297	552.628235
976.894531	698.047424
975.759766	268.431152
974.624023	17.165361
973.488281	52.012367
972.352539	445.394165
971.215820	596.376221
970.080078	529.359375
968.943359	431.396118
967.805664	757.642761
966.668945	619.758972
965.531250	607.019226
964.393555	805.050720
963.254883	704.043396
962.117188	473.357391
960.978516	517.051636
959.839844	613.246277
958.700195	592.888733
957.561523	684.297607
956.421875	1122.085571
955.281250	941.003540
954.141602	1003.249756
953.000977	1266.967773
951.860352	1311.232300
950.719727	1131.813965
949.578125	1147.269287
948.436523	1436.329834
947.294922	829.528076
946.153320	750.436157
945.010742	493.926636
943.868164	567.794128
942.725586	66.122589
941.583008	115.698990
940.439453	576.177002
939.295898	411.055237
938.152344	335.480255
937.007813	286.000183
935.863281	138.094589
934.718750	206.347809
933.574219	315.930206
932.428711	316.143646
931.283203	-142.117538
930.137695	-78.768723
928.992188	307.306061
927.845703	112.881226
926.699219	308.758026
925.552734	68.408096
924.405273	80.863655
923.257813	-52.796268
922.110352	207.825943
920.962891	-342.028259
919.814453	146.958450
918.666016	86.990715
917.517578	85.728127
916.369141	149.658478
915.219727	-108.541489
914.070313	259.720093
912.920898	114.528885
911.770508	-224.192261
910.621094	-91.137474
909.470703	183.008087
908.319336	11.560640
907.168945	-25.173508
906.017578	-133.637390
904.866211	-51.050785
903.713867	55.294533
902.562500	-127.044670
901.410156	141.902618
900.256836	-36.164085
899.104492	-5.976817
897.951172	-49.572300
896.797852	125.752113
895.644531	190.457870
894.490234	-67.726952
893.335938	-282.478455
892.181641	256.465729
891.027344	-38.374199
889.872070	-23.578522
888.716797	151.356461
887.561523	300.263580
886.405273	-52.730228
885.249023	176.179535
884.092773	-377.642914
882.936523	194.975174
881.779297	214.118073
880.622070	235.449615
879.464844	-328.536987
878.307617	21.253014
877.149414	383.868988
875.991211	-37.158104
874.833008	-4.745203
873.673828	-129.795792
872.514648	124.916229
871.355469	183.348953
870.196289	-471.789490
869.036133	319.777435
867.875977	-123.736214
866.715820	-226.536377
865.554688	43.435043
864.394531	91.608070
863.233398	178.605759
862.071289	603.601379
860.910156	434.602325
859.748047	336.786987
858.585938	458.556000
857.422852	907.253296
856.259766	235.755829
855.096680	413.767487
853.933594	716.488403
852.770508	359.653625
851.606445	265.178131
850.442383	291.176086
849.277344	130.527451
848.113281	30.259544
846.948242	337.932465
845.783203	-180.352173
844.617188	202.664978
843.451172	-61.930527
842.285156	-349.779022
841.119141	-77.841240
839.952148	202.728531
838.785156	127.733604
837.618164	-548.896362
836.451172	-19.341211
835.283203	-196.344559
834.115234	-285.276123
832.947266	-200.593353
831.778320	-299.727051
830.609375	-139.754868
829.440430	93.095932
828.271484	-101.503609
827.101563	484.391144
825.931641	266.771515
824.761719	96.515289
823.590820	281.149414
822.420898	226.807541
821.250000	33.970695
820.078125	161.641815
818.907227	140.167557
817.735352	590.451843
816.562500	509.680786
815.390625	252.246033
814.217773	355.493927
813.044922	130.731995
811.872070	347.465363
810.698242	129.753265
809.524414	-164.250244
808.350586	-289.603119
807.176758	58.015465
806.001953	-36.971600
804.827148	-421.033112
803.651367	-125.976463
802.476563	67.149086
801.300781	100.970787
800.125000	217.979034
798.948242	63.147907
797.772461	-40.312855
796.595703	128.479095
795.417969	36.214546
794.241211	364.737885
793.063477	141.401062
791.885742	408.742157
790.707031	510.712097
789.529297	477.144714
788.350586	704.736755
787.170898	480.818176
785.992188	403.564514
784.812500	540.665466
783.632813	682.206787
782.452148	1010.354248
781.272461	713.808105
780.091797	38.610607
778.911133	-138.529388
777.729492	237.054001
776.547852	227.584396
775.366211	226.818558
774.184570	71.884041
773.001953	418.376312
771.819336	58.841518
770.636719	-95.296501
769.453125	-612.602600
768.269531	-229.539597
767.085938	-163.262482
765.902344	-419.887360
764.717773	75.298065
763.533203	239.075531
762.348633	-170.984222
761.163086	-188.329224
759.977539	-55.772583
758.791992	38.912125
757.606445	-174.084030
756.419922	-22.256262
755.233398	110.655273
754.046875	542.739502
752.859375	307.106506
751.672852	435.939240
750.485352	227.978043
749.296875	255.897385
748.108398	479.545380
746.919922	595.857727
745.731445	411.426147
744.542969	508.861908
743.353516	38.711784
742.164063	12.229219
740.973633	-186.527481
739.783203	-93.211327
738.592773	186.948532
737.402344	347.273682
736.211914	-99.148735
735.020508	550.051697
733.829102	340.768524
732.636719	326.586823
731.444336	394.119019
730.251953	209.940384
729.059570	329.681030
727.866211	212.445267
726.673828	-51.507191
725.479492	170.470108
724.286133	-64.309563
723.091797	-3.935725
721.897461	223.693405
720.703125	47.169449
719.507813	-20.672840
718.312500	-117.957375
717.117188	-217.490387
715.921875	-254.468536
714.725586	-72.185753
713.529297	-494.135468
712.332031	101.294838
711.135742	403.792877
709.938477	488.713531
708.740234	842.634888
707.542969	668.071228
706.344727	1044.193848
705.146484	2133.333740
703.948242	2908.817383
702.749023	3143.563721
701.549805	3206.952881
700.350586	2442.574951
699.150391	1753.263672
697.950195	1418.116821
696.750000	759.999878
695.549805	793.189148
694.348633	513.778442
693.147461	323.685791
691.946289	79.275993
690.744141	259.035370
689.541992	405.131439
688.339844	255.599930
687.136719	55.945080
685.934570	444.265533
684.730469	304.334290
683.527344	324.164581
682.323242	570.079529
681.119141	238.416473
679.915039	367.504761
678.710938	411.218079
677.505859	423.569397
676.300781	406.680054
675.094727	418.648010
673.889648	173.378601
672.683594	46.235760
671.476563	-68.534019
670.270508	127.464958
669.063477	259.093933
667.856445	65.511108
666.648438	226.053787
665.440430	475.568054
664.232422	98.012260
663.024414	-59.934303
661.815430	-66.666985
660.606445	63.294548
659.397461	-42.245747
658.188477	127.471840
656.978516	-163.374161
655.768555	-13.625374
654.557617	-134.073257
653.346680	216.879532
652.135742	-160.508194
650.924805	106.904366
649.712891	-169.858643
648.501953	121.649521
647.289063	-227.566971
646.077148	-307.581451
644.864258	-512.276367
643.651367	-421.007416
642.438477	-151.346573
641.224609	-222.463776
640.010742	-193.263702
638.796875	2.186627
637.582031	262.995880
636.367188	212.617203
635.152344	184.716141
633.937500	368.658356
632.721680	301.687561
631.505859	590.677185
630.289063	781.221375
629.073242	1130.419556
627.856445	1165.755981
626.639648	1080.693237
625.421875	715.318054
624.204102	891.256958
622.986328	272.000488
621.768555	140.924362
620.549805	155.261444
619.331055	-136.185974
618.111328	72.976143
616.892578	-94.970612
