1721.000977	398.227753
1720.027344	-1.508612
1719.052734	-67.062553
1718.078125	22.582436
1717.104492	113.479935
1716.128906	72.272141
1715.154297	-13.687544
1714.178711	-52.064011
1713.204102	-173.529892
1712.228516	-21.817776
1711.251953	-122.283524
1710.276367	224.605911
1709.299805	439.789917
1708.324219	249.459137
1707.347656	147.929749
1706.370117	-182.184860
1705.393555	57.708084
1704.416016	166.256454
1703.438477	-211.935776
1702.460938	-117.555809
1701.483398	-144.028275
1700.505859	-390.940887
1699.527344	18.445974
1698.548828	33.611649
1697.570313	38.024185
1696.591797	-300.316101
1695.612305	-230.450623
1694.632813	181.038010
1693.653320	193.741272
1692.673828	17.193157
1691.694336	212.848694
1690.713867	-12.862997
1689.734375	123.366127
1688.753906	159.750732
1687.772461	-176.402618
1686.791992	-155.833130
1685.810547	-285.906128
1684.830078	154.558655
1683.848633	-24.380621
1682.866211	94.475929
1681.884766	-117.865944
1680.902344	298.435974
1679.919922	-163.640656
1678.937500	-215.999359
1677.955078	-153.983734
1676.971680	-0.578985
1675.989258	35.716763
1675.005859	-141.690781
1674.022461	85.056267
1673.038086	321.771088
1672.054688	-114.957985
1671.070313	304.496857
1670.085938	231.021179
1669.101563	-73.522255
1668.117188	137.398895
1667.131836	411.641846
1666.146484	56.426395
1665.161133	262.070709
1664.175781	117.587914
1663.189453	34.017319
1662.204102	26.605156
1661.217773	102.848366
1660.231445	6.751483
1659.245117	136.259415
1658.257813	22.517450
1657.270508	136.837616
1656.284180	116.982513
1655.295898	-1.610936
1654.308594	160.919479
1653.321289	22.286102
1652.333008	265.818481
1651.344727	-42.157825
1650.356445	107.860016
1649.367188	-161.898483
1648.378906	142.464996
1647.389648	44.859638
1646.400391	-60.199272
1645.411133	282.079071
1644.420898	-209.322479
1643.431641	181.013809
1642.441406	-82.727455
1641.451172	50.080814
1640.459961	59.221947
1639.469727	300.643402
1638.478516	256.940094
1637.487305	536.218506
1636.496094	399.371490
1635.504883	124.008392
1634.512695	7.636963
1633.520508	541.640076
1632.528320	329.673615
1631.536133	258.969635
1630.543945	289.138855
1629.550781	629.095276
1628.557617	563.665894
1627.564453	765.172241
1626.571289	931.455139
1625.578125	1525.492065
1624.583984	1047.726318
1623.589844	1689.427490
1622.595703	1513.744751
1621.601563	1524.256836
1620.606445	1793.705933
1619.611328	2100.820068
1618.616211	2113.943115
1617.621094	2134.675537
1616.625977	2019.870972
1615.629883	1578.762451
1614.633789	1848.324829
1613.637695	1761.464722
1612.641602	1875.455933
1611.645508	1680.902100
1610.648438	1431.292236
1609.651367	1743.571411
1608.654297	1647.128662
1607.657227	1894.196411
1606.659180	2040.951538
1605.662109	2290.468750
1604.664063	2569.974365
1603.666016	2100.569336
1602.666992	2500.278076
1601.668945	2414.229980
1600.669922	2633.604980
1599.670898	2460.058105
1598.671875	1921.357178
1597.671875	1825.648315
1596.672852	1585.001343
1595.672852	1456.991333
1594.672852	1431.570435
1593.671875	1418.669800
1592.671875	1173.456787
1591.670898	858.407288
1590.669922	920.682190
1589.668945	1222.695801
1588.667969	950.386047
1587.666016	885.372192
1586.664063	688.148926
1585.662109	446.126801
1584.660156	346.423462
1583.658203	321.609619
1582.655273	478.832367
1581.652344	399.176178
1580.649414	566.331055
1579.646484	312.295593
1578.642578	329.924164
1577.638672	46.162567
1576.634766	175.943115
1575.630859	-32.938568
1574.626953	534.963623
1573.622070	201.650803
1572.618164	333.834076
1571.613281	276.872467
1570.607422	40.835320
1569.602539	177.945374
1568.596680	-52.984924
1567.590820	-75.009689
1566.584961	94.340897
1565.579102	159.269104
1564.572266	22.932894
1563.566406	224.457336
1562.559570	-222.219635
1561.551758	-127.528358
1560.544922	-164.396484
1559.537109	-59.827263
1558.530273	12.472373
1557.521484	154.138626
1556.513672	22.977654
1555.505859	-199.869720
1554.497070	35.952255
1553.488281	-209.139481
1552.479492	172.776611
1551.470703	41.715862
1550.460938	262.393616
1549.451172	-334.216461
1548.441406	-88.800102
1547.431641	-24.187506
1546.421875	-224.408081
1545.411133	-16.316561
1544.400391	-397.070007
1543.389648	-50.539490
1542.378906	110.392204
1541.367188	-341.875580
1540.355469	83.480705
1539.343750	-25.109138
1538.332031	296.233978
1537.320313	-121.122528
1536.307617	251.935745
1535.294922	-175.142563
1534.282227	338.470947
1533.269531	192.905579
1532.256836	-145.064926
1531.243164	-214.017303
1530.229492	353.407318
1529.215820	412.607788
1528.202148	-4.044254
1527.187500	-169.125458
1526.172852	294.285614
1525.158203	195.740311
1524.143555	203.164993
1523.127930	18.463684
1522.113281	-276.935425
1521.097656	-215.267792
1520.082031	-72.401001
1519.065430	-313.493378
1518.049805	129.496521
1517.033203	43.442822
1516.016602	173.841232
1515.000000	-128.534027
1513.982422	46.088615
1512.965820	287.031708
1511.948242	-255.967010
1510.930664	176.549088
1509.913086	-49.333225
1508.894531	80.923492
1507.875977	41.744568
1506.857422	297.142609
1505.838867	135.263077
1504.820313	113.325645
1503.800781	-134.288330
1502.781250	13.072984
1501.761719	275.629272
1500.742188	523.393250
1499.721680	-59.812160
1498.702148	611.881775
1497.681641	293.538116
1496.661133	171.308441
1495.639648	98.105736
1494.618164	54.343334
1493.597656	275.016418
1492.576172	343.868042
1491.553711	84.832962
1490.532227	33.892590
1489.509766	-232.240982
1488.487305	181.540649
1487.464844	169.808792
1486.442383	290.099640
1485.418945	241.740662
1484.395508	405.996338
1483.372070	318.629425
1482.348633	114.117424
1481.324219	102.596687
1480.300781	310.844513
1479.276367	104.128662
1478.251953	339.193695
1477.226563	137.504303
1476.202148	-27.443966
1475.176758	168.597549
1474.151367	167.131012
1473.125000	170.562668
1472.099609	-206.096756
1471.073242	265.311981
1470.046875	132.466537
1469.020508	367.473328
1467.994141	-174.287872
1466.966797	253.085632
1465.939453	84.044647
1464.912109	482.097870
1463.884766	193.984406
1462.856445	346.279053
1461.829102	753.928650
1460.800781	517.156067
1459.772461	805.587524
1458.743164	527.692505
1457.714844	1046.948486
1456.685547	871.274109
1455.656250	948.322693
1454.625977	976.817749
1453.596680	1061.228394
1452.566406	1012.153564
1451.536133	601.601440
1450.505859	281.057129
1449.474609	816.932129
1448.444336	741.549988
1447.413086	658.979248
1446.381836	818.915039
1445.350586	736.506470
1444.318359	755.950439
1443.286133	685.824768
1442.253906	962.149475
1441.221680	361.858765
1440.189453	749.644470
1439.156250	614.508545
1438.123047	941.711853
1437.089844	134.149414
1436.056641	676.751343
1435.022461	377.582306
1433.988281	197.098114
1432.954102	432.549133
1431.919922	274.037231
1430.885742	217.156540
1429.850586	-223.750565
1428.815430	470.794586
1427.780273	141.261047
1426.744141	248.905457
1425.708984	107.992630
1424.672852	167.500565
1423.636719	-120.366043
1422.600586	-0.364835
1421.563477	25.589336
1420.527344	78.158722
1419.490234	-98.244293
1418.452148	209.927521
1417.415039	-245.777466
1416.376953	-36.309654
1415.338867	197.237900
1414.300781	-94.193405
1413.262695	-156.697311
1412.224609	33.648029
1411.185547	325.049561
1410.146484	-326.746490
1409.107422	15.291084
1408.067383	-138.181381
1407.027344	227.863297
1405.987305	50.538273
1404.947266	-225.168350
1403.907227	258.653412
1402.866211	-110.523293
1401.826172	255.538315
1400.785156	-158.941772
1399.743164	586.442688
1398.702148	731.517700
1397.660156	432.621033
1396.618164	201.114594
1395.576172	773.396545
1394.533203	791.487488
1393.491211	879.208618
1392.448242	1228.253784
1391.405273	1735.421997
1390.361328	2199.296631
1389.318359	2354.022461
1388.274414	2537.489014
1387.230469	2625.163086
1386.186523	2451.911377
1385.141602	3118.981689
1384.097656	3256.967041
1383.052734	3619.863281
1382.007813	3726.722412
1380.961914	3381.577881
1379.916992	2972.111816
1378.871094	2993.187744
1377.825195	3195.978516
1376.778320	2471.584229
1375.732422	2705.604004
1374.685547	2332.890381
1373.638672	1836.229614
1372.591797	1982.100952
1371.543945	1746.042480
1370.497070	1705.867432
1369.449219	1556.007324
1368.400391	1224.969482
1367.352539	1371.152954
1366.303711	1472.020752
1365.255859	1532.401245
1364.206055	1621.394409
1363.157227	1314.867432
1362.108398	1554.108521
1361.058594	1545.581787
1360.008789	1487.114746
1358.958984	1728.722168
1357.908203	1287.114624
1356.857422	1550.193481
1355.806641	1768.012817
1354.755859	1474.356812
1353.705078	1466.283569
1352.653320	1153.901978
1351.601563	1162.644409
1350.549805	1442.393188
1349.498047	823.858215
1348.445313	811.445740
1347.393555	1141.137939
1346.340820	765.443420
1345.287109	983.498291
1344.234375	648.459961
1343.180664	878.419495
1342.126953	510.421997
1341.073242	804.466675
1340.019531	401.173767
1338.964844	526.848511
1337.910156	512.656799
1336.855469	598.058777
1335.799805	202.437958
1334.745117	280.860901
1333.689453	423.232147
1332.633789	269.580688
1331.578125	54.487686
1330.521484	28.879890
1329.464844	112.184540
1328.408203	112.685974
1327.351563	-19.237698
1326.294922	-295.325562
1325.237305	119.154037
1324.179688	112.710136
1323.122070	170.123199
1322.064453	121.216652
1321.005859	-100.101891
1319.947266	-307.116516
1318.888672	286.504059
1317.830078	-40.834740
1316.770508	264.563995
1315.710938	1.138652
1314.651367	68.169746
1313.591797	-131.347382
1312.531250	-234.063354
1311.471680	106.574799
1310.411133	41.625999
1309.349609	259.534943
1308.289063	24.991127
1307.227539	96.811516
1306.166016	-281.225922
1305.104492	-199.899216
1304.042969	-69.142632
1302.980469	-9.040039
1301.917969	-7.770584
1300.855469	73.512726
1299.792969	119.504547
1298.729492	-168.453033
1297.666016	-40.105656
1296.602539	318.569458
1295.539063	-173.639206
1294.474609	328.266785
1293.411133	-227.117523
1292.346680	-190.403931
1291.281250	-55.081203
1290.216797	-159.238083
1289.151367	86.369339
1288.085938	322.499146
1287.020508	-93.661720
1285.955078	-73.352058
1284.888672	641.079285
1283.822266	-58.527702
1282.755859	454.033569
1281.689453	392.231354
1280.622070	236.736435
1279.554688	353.048950
1278.487305	356.910675
1277.419922	332.684387
1276.351563	458.291046
1275.283203	698.531555
1274.214844	316.260895
1273.146484	844.197449
1272.077148	303.027893
1271.008789	295.264465
1269.939453	472.198822
1268.869141	366.229126
1267.799805	328.094116
1266.729492	23.628561
1265.659180	469.109894
1264.588867	386.619812
1263.517578	-4.037627
1262.447266	613.919128
1261.375977	396.098633
1260.304688	547.039856
1259.232422	455.300934
1258.161133	617.839111
1257.088867	362.911499
1256.016602	646.623535
1254.943359	599.236450
1253.871094	677.719238
1252.797852	842.360413
1251.724609	1069.823853
1250.650391	1243.621094
1249.577148	919.123291
1248.502930	846.154175
1247.428711	868.631714
1246.354492	763.137695
1245.279297	1064.754028
1244.204102	1045.304810
1243.128906	560.844543
1242.053711	753.064575
1240.977539	543.117126
1239.902344	911.853638
1238.826172	734.492676
1237.750000	736.053772
1236.672852	512.364929
1235.595703	441.996368
1234.518555	429.690216
1233.441406	278.157349
1232.364258	268.214050
1231.286133	480.942383
1230.208008	118.467247
1229.129883	150.292496
1228.051758	309.597748
1226.972656	109.617447
1225.893555	338.359283
1224.814453	272.819336
1223.734375	-147.041382
1222.655273	181.179214
1221.575195	16.164965
1220.495117	-28.420221
1219.415039	181.540833
1218.333984	185.509232
1217.252930	494.777771
1216.171875	191.135513
1215.090820	24.027775
1214.008789	-295.560883
1212.926758	57.443607
1211.844727	149.224808
1210.762695	21.540550
1209.679688	-101.483925
1208.597656	-28.188931
1207.513672	26.586451
1206.430664	-144.810883
1205.347656	43.802940
1204.263672	13.178195
1203.179688	44.841961
1202.095703	2.708306
1201.010742	18.215048
1199.925781	47.545479
1198.840820	136.777725
1197.755859	267.435211
1196.670898	133.170273
1195.584961	-79.333130
1194.499023	173.295715
1193.413086	135.806824
1192.326172	-94.975250
1191.239258	93.070206
1190.152344	-155.998245
1189.065430	48.077156
1187.978516	-88.207520
1186.890625	-26.758125
1185.802734	151.866257
1184.714844	360.282776
1183.625977	-44.723026
1182.538086	188.910355
1181.449219	346.660370
1180.360352	378.088928
1179.270508	549.489441
1178.180664	785.060547
1177.090820	584.665405
1176.000977	1047.186646
1174.911133	697.776611
1173.820313	813.888794
1172.729492	865.776367
1171.638672	452.466553
1170.547852	589.177979
1169.456055	982.352417
1168.364258	789.118042
1167.272461	579.943420
1166.179688	782.864075
1165.087891	923.913757
1163.995117	1048.874756
1162.902344	1590.089844
1161.808594	1625.641602
1160.715820	2084.176758
1159.622070	1289.817627
1158.528320	1567.660767
1157.433594	1411.237793
1156.339844	841.422180
1155.245117	1187.675781
1154.149414	355.549072
1153.054688	656.091125
1151.958984	579.900635
1150.863281	330.316315
1149.767578	632.923767
1148.671875	13.937325
1147.575195	416.787048
1146.478516	160.592850
1145.381836	100.522232
1144.285156	186.316925
1143.187500	-28.679087
1142.089844	141.353271
1140.992188	40.308025
1139.894531	-35.655212
1138.795898	-29.661274
1137.697266	-110.160660
1136.598633	-279.364899
1135.499023	-243.793411
1134.400391	82.856445
1133.300781	152.413589
1132.201172	-209.982712
1131.100586	402.741791
1130.000977	92.682655
1128.900391	-294.499268
1127.799805	320.053986
1126.698242	-137.442780
1125.596680	-226.987137
1124.495117	85.217033
1123.393555	147.653320
1122.291992	561.680298
1121.189453	499.188446
1120.086914	1268.910522
1118.984375	1367.205200
1117.881836	1159.442627
1116.778320	1599.837402
1115.674805	1503.067627
1114.571289	1657.737793
1113.466797	1803.242188
1112.363281	1520.754395
1111.258789	1358.325439
1110.153320	1336.235352
1109.048828	1522.286987
1107.943359	1520.460571
1106.837891	1613.586792
1105.732422	680.141113
1104.625977	1015.208740
1103.520508	1155.737061
1102.414063	819.405273
1101.306641	548.684937
1100.200195	770.398560
1099.092773	603.596313
1097.985352	402.960266
1096.877930	662.790100
1095.769531	333.514435
1094.661133	460.041992
1093.552734	365.430145
1092.444336	444.439423
1091.335938	76.994347
1090.226563	428.644379
1089.117188	597.560120
1088.006836	185.083878
1086.897461	297.558319
1085.787109	619.337341
1084.676758	465.876770
1083.566406	643.300293
1082.455078	584.285828
1081.343750	756.969116
1080.232422	1158.942383
1079.121094	807.309937
1078.008789	482.737671
1076.896484	792.130920
1075.784180	982.203186
1074.671875	877.792786
1073.558594	616.100769
1072.445313	718.270813
1071.332031	651.922668
1070.217773	545.112549
1069.104492	842.250916
1067.990234	710.604004
1066.875977	507.151672
1065.760742	433.774170
1064.645508	393.978882
1063.530273	363.084656
1062.415039	394.867340
1061.299805	265.216095
1060.183594	171.366257
1059.067383	-352.561188
1057.951172	265.651001
1056.833984	189.476242
1055.716797	126.672424
1054.599609	506.855255
1053.482422	716.742004
1052.364258	501.454254
1051.247070	357.728821
1050.128906	144.646042
1049.009766	459.036285
1047.891602	58.101788
1046.772461	162.141144
1045.653320	254.854401
1044.533203	68.260963
1043.414063	178.591110
1042.293945	248.560776
1041.173828	307.225830
1040.052734	106.925667
1038.932617	-240.612579
1037.811523	-184.478363
1036.689453	-255.595215
1035.568359	-230.942413
1034.446289	-115.066994
1033.324219	165.505646
1032.202148	-202.393784
1031.079102	-102.594543
1029.957031	-452.715454
1028.833984	-199.570145
1027.709961	33.277351
1026.586914	-21.123142
1025.462891	189.062622
1024.338867	65.415695
1023.214844	41.739601
1022.089844	-37.655041
1020.964844	53.977268
1019.839844	-74.552071
1018.714844	-78.763649
1017.588867	110.090302
1016.462891	50.017525
1015.336914	-425.307190
1014.210938	202.509766
1013.083984	-173.096756
1011.957031	227.772217
1010.830078	654.928345
1009.702148	600.528809
1008.574219	1086.937988
1007.446289	1745.850342
1006.318359	3250.788574
1005.190430	4520.048828
1004.061523	5237.045898
1002.932617	3761.288818
1001.802734	2476.423096
1000.673828	1183.152954
999.543945	436.874115
998.414063	458.475739
997.283203	406.895355
996.153320	392.791626
995.022461	495.684540
993.891602	430.385773
992.759766	829.000427
991.628906	381.106354
990.497070	1011.152344
989.364258	521.094910
988.232422	669.180664
987.099609	585.248474
985.966797	935.931519
984.833984	668.518799
983.700195	681.181335
982.566406	687.056641
981.432617	644.262085
980.298828	460.243256
979.164063	994.561279
978.029297	356.315399
976.894531	945.154480
975.759766	405.985168
974.624023	470.169128
973.488281	430.700897
972.352539	604.557556
971.215820	351.299835
970.080078	401.589447
968.943359	368.093903
967.805664	791.778564
966.668945	392.977814
965.531250	745.811829
964.393555	757.753174
963.254883	1072.655029
962.117188	748.177246
960.978516	656.415833
959.839844	843.336182
958.700195	775.404541
957.561523	527.446106
956.421875	777.403687
955.281250	1138.926880
954.141602	1285.271362
953.000977	1405.074951
951.860352	1487.413452
950.719727	1278.144287
949.578125	1211.197998
948.436523	1067.486938
947.294922	728.821716
946.153320	974.680786
945.010742	482.685944
943.868164	640.672302
942.725586	614.688843
941.583008	632.331421
940.439453	603.889771
939.295898	398.262085
938.152344	203.532700
937.007813	17.487343
935.863281	471.509033
934.718750	411.932373
933.574219	465.822357
932.428711	379.827942
931.283203	-356.659485
930.137695	220.726166
928.992188	590.487671
927.845703	281.625458
926.699219	227.941620
925.552734	113.146210
924.405273	619.470093
923.257813	186.282120
922.110352	267.355042
920.962891	494.242828
919.814453	74.172447
918.666016	744.946838
917.517578	403.221771
916.369141	364.063110
915.219727	200.822891
914.070313	102.843521
912.920898	648.530945
911.770508	56.842659
910.621094	441.335480
909.470703	304.038086
908.319336	-9.241178
907.168945	-172.519394
906.017578	-33.935875
904.866211	-103.874130
903.713867	266.791534
902.562500	114.302078
901.410156	96.350327
900.256836	427.577057
899.104492	361.821014
897.951172	-174.400604
896.797852	345.208649
895.644531	246.977234
894.490234	-176.214905
893.335938	-196.321228
892.181641	8.811037
891.027344	348.096344
889.872070	208.864105
888.716797	106.504646
887.561523	-41.208107
886.405273	105.324974
885.249023	-40.107391
884.092773	132.385971
882.936523	-28.026419
881.779297	159.586899
880.622070	340.690277
879.464844	294.967926
878.307617	398.342285
877.149414	121.725594
875.991211	-232.390656
874.833008	-38.130856
873.673828	-234.406738
872.514648	-311.867706
871.355469	-18.282656
870.196289	-218.459610
869.036133	-13.227903
867.875977	493.708008
866.715820	311.090851
865.554688	40.333775
864.394531	342.678589
863.233398	533.025391
862.071289	521.058533
860.910156	653.440979
859.748047	514.788208
858.585938	479.590088
857.422852	590.768188
856.259766	824.593262
855.096680	454.463959
853.933594	626.212524
852.770508	207.214203
851.606445	656.340332
850.442383	132.626358
849.277344	584.033752
848.113281	438.717712
846.948242	261.445129
845.783203	-78.608910
844.617188	480.404236
843.451172	-225.879868
842.285156	352.604828
841.119141	13.619592
839.952148	-37.861420
838.785156	272.972076
837.618164	52.666321
836.451172	213.865051
835.283203	229.601471
834.115234	-287.416809
832.947266	-87.077538
831.778320	141.191879
830.609375	91.523933
829.440430	176.839188
828.271484	74.218224
827.101563	-53.785461
825.931641	186.076553
824.761719	438.888428
823.590820	155.692276
822.420898	530.617065
821.250000	303.541840
820.078125	407.656433
818.907227	520.529480
817.735352	531.189453
816.562500	377.845306
815.390625	783.560059
814.217773	155.331818
813.044922	284.327057
811.872070	2.253471
810.698242	-94.087975
809.524414	293.385986
808.350586	-273.054901
807.176758	-74.668297
806.001953	-18.723299
804.827148	-134.903793
803.651367	170.458801
802.476563	97.362160
801.300781	366.917206
800.125000	345.348572
798.948242	370.805634
797.772461	181.908493
796.595703	229.163773
795.417969	497.539368
794.241211	577.075378
793.063477	351.111267
791.885742	206.161911
790.707031	562.314453
789.529297	890.981506
788.350586	816.749756
787.170898	634.644348
785.992188	679.720581
784.812500	659.300232
783.632813	840.430542
782.452148	593.772949
781.272461	660.931335
780.091797	586.407898
778.911133	342.783569
777.729492	618.024597
776.547852	-24.988220
775.366211	51.783482
774.184570	80.080994
773.001953	30.323784
771.819336	-29.780684
770.636719	-115.030708
769.453125	-453.620117
768.269531	-339.787811
767.085938	-506.734955
765.902344	190.177017
764.717773	164.949509
763.533203	-273.767059
762.348633	-216.272095
761.163086	166.201340
759.977539	42.466900
758.791992	-152.767502
757.606445	-179.141739
756.419922	22.224321
755.233398	-303.157501
754.046875	22.638987
752.859375	295.724243
751.672852	410.854584
750.485352	475.485016
749.296875	163.439880
748.108398	606.960266
746.919922	248.874146
745.731445	669.138184
744.542969	250.322342
743.353516	292.083771
742.164063	344.358246
740.973633	507.974762
739.783203	64.454926
738.592773	-63.846371
737.402344	362.199249
736.211914	263.251404
735.020508	609.221069
733.829102	694.832947
732.636719	528.638611
731.444336	270.202789
730.251953	355.673645
729.059570	-20.105337
727.866211	107.159760
726.673828	412.376923
725.479492	170.646957
724.286133	-92.001617
723.091797	91.304543
721.897461	-194.446548
720.703125	-93.047012
719.507813	14.450056
718.312500	63.197655
717.117188	-70.150253
715.921875	-0.783180
714.725586	-61.198853
713.529297	340.073761
712.332031	314.799103
711.135742	-7.214533
709.938477	219.934448
708.740234	89.804520
707.542969	869.577148
706.344727	1467.252197
705.146484	2331.492432
703.948242	2990.740967
702.749023	3478.496094
701.549805	3267.453369
700.350586	2374.785156
699.150391	1774.064819
697.950195	1433.854004
696.750000	1014.475525
695.549805	978.252747
694.348633	617.109436
693.147461	555.669678
691.946289	-24.013809
690.744141	-75.202591
689.541992	110.574501
688.339844	256.619232
687.136719	227.833008
685.934570	140.760086
684.730469	502.399536
683.527344	415.090363
682.323242	34.899532
681.119141	178.057114
679.915039	136.350021
678.710938	121.613464
677.505859	5.200345
676.300781	424.034241
675.094727	96.108017
673.889648	133.324326
672.683594	-90.577637
671.476563	158.231766
670.270508	166.745987
669.063477	46.999466
667.856445	103.552887
666.648438	-83.985390
665.440430	22.781267
664.232422	98.788063
663.024414	86.171677
661.815430	86.382607
660.606445	-181.768051
659.397461	-91.605141
658.188477	201.646713
656.978516	319.735168
655.768555	-69.773735
654.557617	349.241699
653.346680	-98.413277
652.135742	-12.339750
650.924805	25.110397
649.712891	24.355366
648.501953	-319.811493
647.289063	-260.444153
646.077148	-53.430977
644.864258	60.014015
643.651367	-181.709274
642.438477	-502.135345
641.224609	-31.754313
640.010742	-167.419571
638.796875	302.143372
637.582031	608.773987
636.367188	386.358002
635.152344	544.858948
633.937500	469.045502
632.721680	453.337585
631.505859	876.140747
630.289063	1044.549561
629.073242	1380.158569
627.856445	1383.765015
626.639648	1341.271240
625.421875	1154.327026
624.204102	927.888123
622.986328	454.841461
621.768555	605.673645
620.549805	643.605530
619.331055	43.762333
618.111328	228.006149
616.892578	174.866699
