1721.000977	361.836975
1720.027344	168.492004
1719.052734	39.268982
1718.078125	9.695984
1717.104492	364.509369
1716.128906	-63.571087
1715.154297	182.529892
1714.178711	146.094391
1713.204102	-236.690155
1712.228516	-120.009087
1711.251953	6.484952
1710.276367	-115.836388
1709.299805	-97.603256
1708.324219	148.239883
1707.347656	-118.333771
1706.370117	-172.678192
1705.393555	-237.456284
1704.416016	-192.486740
1703.438477	-50.571476
1702.460938	78.270576
1701.483398	58.559155
1700.505859	15.649533
1699.527344	263.877838
1698.548828	92.781128
1697.570313	230.694031
1696.591797	-12.166325
1695.612305	-214.254868
1694.632813	-327.047028
1693.653320	-222.955566
1692.673828	-147.104568
1691.694336	66.377693
1690.713867	-256.059540
1689.734375	-68.349342
1688.753906	96.206604
1687.772461	-14.755747
1686.791992	37.416080
1685.810547	-142.436295
1684.830078	-85.297447
1683.848633	99.079788
1682.866211	105.025490
1681.884766	-265.863403
1680.902344	137.178925
1679.919922	-157.322052
1678.937500	69.896523
1677.955078	-66.797234
1676.971680	-320.497131
1675.989258	84.560577
1675.005859	268.206696
1674.022461	223.000732
1673.038086	-2.667512
1672.054688	-27.476511
1671.070313	-29.447655
1670.085938	227.641846
1669.101563	129.142776
1668.117188	249.026855
1667.131836	216.546356
1666.146484	146.036606
1665.161133	156.761841
1664.175781	-273.865387
1663.189453	-77.913582
1662.204102	118.026482
1661.217773	-167.782257
1660.231445	-47.919567
1659.245117	97.264709
1658.257813	176.514252
1657.270508	37.940170
1656.284180	160.336868
1655.295898	-51.563980
1654.308594	37.934216
1653.321289	-368.601074
1652.333008	-79.137405
1651.344727	-179.334106
1650.356445	236.516693
1649.367188	-98.818268
1648.378906	89.403130
1647.389648	178.971390
1646.400391	23.425674
1645.411133	-94.112473
1644.420898	89.010376
1643.431641	178.695480
1642.441406	-400.766327
1641.451172	-43.359997
1640.459961	616.782776
1639.469727	65.496147
1638.478516	243.563354
1637.487305	406.475586
1636.496094	650.068726
1635.504883	689.381714
1634.512695	106.052414
1633.520508	654.618530
1632.528320	386.607086
1631.536133	453.810822
1630.543945	573.928589
1629.550781	583.204041
1628.557617	572.385132
1627.564453	642.166870
1626.571289	966.142456
1625.578125	1357.959961
1624.583984	1394.933350
1623.589844	1492.294800
1622.595703	1614.809204
1621.601563	1609.104980
1620.606445	2141.285645
1619.611328	2112.906738
1618.616211	2157.440674
1617.621094	2330.109375
1616.625977	1746.829956
1615.629883	2110.378418
1614.633789	1464.680786
1613.637695	2034.014160
1612.641602	1627.061401
1611.645508	2005.540649
1610.648438	1628.899414
1609.651367	1395.392212
1608.654297	1914.162842
1607.657227	1640.660034
1606.659180	1976.253296
1605.662109	2442.068848
1604.664063	2546.959717
1603.666016	2736.996582
1602.666992	2431.162598
1601.668945	2533.587402
1600.669922	2258.022949
1599.670898	2017.641113
1598.671875	2092.629150
1597.671875	1977.477905
1596.672852	1994.984741
1595.672852	1817.453003
1594.672852	1512.534912
1593.671875	1235.229614
1592.671875	1535.318359
1591.670898	938.409607
1590.669922	1200.987549
1589.668945	784.250732
1588.667969	654.827759
1587.666016	897.378357
1586.664063	590.816101
1585.662109	623.742188
1584.660156	863.730347
1583.658203	604.827148
1582.655273	587.899536
1581.652344	398.982208
1580.649414	584.039612
1579.646484	193.399551
1578.642578	438.230072
1577.638672	139.960205
1576.634766	250.265457
1575.630859	-0.487277
1574.626953	159.627533
1573.622070	-178.100693
1572.618164	-90.130379
1571.613281	57.496536
1570.607422	292.104218
1569.602539	93.972275
1568.596680	-31.987766
1567.590820	264.695862
1566.584961	31.929302
1565.579102	114.833511
1564.572266	113.229675
1563.566406	17.303337
1562.559570	-361.670166
1561.551758	31.582626
1560.544922	-2.186457
1559.537109	122.860657
1558.530273	-513.762634
1557.521484	82.642502
1556.513672	-97.380531
1555.505859	-73.990662
1554.497070	-142.346680
1553.488281	-96.648941
1552.479492	25.868250
1551.470703	259.837830
1550.460938	-306.328461
1549.451172	-238.295944
1548.441406	20.369143
1547.431641	155.182587
1546.421875	126.625038
1545.411133	-35.539936
1544.400391	79.444107
1543.389648	-166.688232
1542.378906	188.168732
1541.367188	-334.752441
1540.355469	178.191284
1539.343750	-344.464661
1538.332031	-68.864548
1537.320313	-494.863525
1536.307617	-266.256134
1535.294922	-15.497135
1534.282227	-73.386986
1533.269531	142.727005
1532.256836	-40.963425
1531.243164	-251.717392
1530.229492	-89.919502
1529.215820	187.735321
1528.202148	-259.533783
1527.187500	316.318939
1526.172852	160.033768
1525.158203	119.642365
1524.143555	-102.987663
1523.127930	9.416213
1522.113281	-92.385048
1521.097656	-9.506914
1520.082031	238.267242
1519.065430	-308.883575
1518.049805	-132.433167
1517.033203	-118.394997
1516.016602	-119.087769
1515.000000	-31.229765
1513.982422	76.256714
1512.965820	-123.442390
1511.948242	320.714600
1510.930664	-149.141983
1509.913086	71.402405
1508.894531	149.433533
1507.875977	121.901894
1506.857422	420.870483
1505.838867	376.191376
1504.820313	603.908020
1503.800781	181.497162
1502.781250	365.065216
1501.761719	104.788521
1500.742188	-8.246515
1499.721680	292.980011
1498.702148	-52.753658
1497.681641	427.279266
1496.661133	189.493561
1495.639648	421.995239
1494.618164	465.921600
1493.597656	612.714355
1492.576172	519.628296
1491.553711	57.132774
1490.532227	-111.541733
1489.509766	272.609863
1488.487305	-186.951340
1487.464844	87.134567
1486.442383	45.860268
1485.418945	429.816772
1484.395508	659.742310
1483.372070	166.602173
1482.348633	42.482845
1481.324219	42.956024
1480.300781	314.473511
1479.276367	83.139282
1478.251953	10.562245
1477.226563	362.517517
1476.202148	119.288338
1475.176758	137.104233
1474.151367	328.066010
1473.125000	21.730265
1472.099609	120.145340
1471.073242	469.494385
1470.046875	336.444305
1469.020508	113.393982
1467.994141	445.652405
1466.966797	417.514862
1465.939453	323.730011
1464.912109	580.446655
1463.884766	97.540222
1462.856445	809.126526
1461.829102	535.627441
1460.800781	874.957947
1459.772461	766.944397
1458.743164	639.573853
1457.714844	1304.431763
1456.685547	1339.878906
1455.656250	1076.647461
1454.625977	1202.068848
1453.596680	975.516602
1452.566406	872.883423
1451.536133	962.061462
1450.505859	1179.851685
1449.474609	880.933472
1448.444336	536.160034
1447.413086	780.741272
1446.381836	889.533691
1445.350586	697.834351
1444.318359	867.279846
1443.286133	804.163940
1442.253906	508.631409
1441.221680	474.811310
1440.189453	898.633606
1439.156250	559.875793
1438.123047	354.428925
1437.089844	533.824402
1436.056641	510.023224
1435.022461	428.237000
1433.988281	332.047668
1432.954102	156.193619
1431.919922	608.862549
1430.885742	546.730347
1429.850586	144.043945
1428.815430	89.400604
1427.780273	-3.785567
1426.744141	134.881088
1425.708984	-288.816132
1424.672852	231.281204
1423.636719	-40.136440
1422.600586	-9.846343
1421.563477	341.231110
1420.527344	-168.527939
1419.490234	-121.167351
1418.452148	427.531891
1417.415039	60.433701
1416.376953	225.955612
1415.338867	367.388885
1414.300781	766.503113
1413.262695	423.985718
1412.224609	-86.803925
1411.185547	50.027031
1410.146484	237.398331
1409.107422	78.368530
1408.067383	10.846308
1407.027344	37.196468
1405.987305	-8.506838
1404.947266	212.662094
1403.907227	-68.406204
1402.866211	-133.087830
1401.826172	304.353607
1400.785156	513.525391
1399.743164	321.705078
1398.702148	226.081573
1397.660156	809.704102
1396.618164	462.202271
1395.576172	971.302368
1394.533203	880.656372
1393.491211	1128.233521
1392.448242	1258.283203
1391.405273	1477.031982
1390.361328	2254.061768
1389.318359	1931.204590
1388.274414	2648.065674
1387.230469	2964.773926
1386.186523	3319.719482
1385.141602	3454.343994
1384.097656	2811.221191
1383.052734	3867.210449
1382.007813	3602.354492
1380.961914	4055.145996
1379.916992	3797.673096
1378.871094	3659.886475
1377.825195	3558.081787
1376.778320	2990.400391
1375.732422	2298.820801
1374.685547	2465.075439
1373.638672	2058.197754
1372.591797	2372.597900
1371.543945	1787.003540
1370.497070	2177.829590
1369.449219	1836.031738
1368.400391	1742.520264
1367.352539	1921.021973
1366.303711	1198.172729
1365.255859	1701.062744
1364.206055	1743.763306
1363.157227	1276.589111
1362.108398	1393.365845
1361.058594	1302.915771
1360.008789	2053.193359
1358.958984	1691.354736
1357.908203	1313.050293
1356.857422	1858.351807
1355.806641	1665.891602
1354.755859	1528.290649
1353.705078	1631.021118
1352.653320	1160.706421
1351.601563	1598.773560
1350.549805	1589.885986
1349.498047	1310.172485
1348.445313	1315.705933
1347.393555	1354.577759
1346.340820	1205.871704
1345.287109	1204.466553
1344.234375	481.551056
1343.180664	798.431946
1342.126953	870.855774
1341.073242	827.072083
1340.019531	373.076691
1338.964844	497.868896
1337.910156	679.562073
1336.855469	505.722229
1335.799805	-13.959641
1334.745117	255.559280
1333.689453	169.716019
1332.633789	474.697784
1331.578125	232.703445
1330.521484	-44.653858
1329.464844	-255.569931
1328.408203	-57.021687
1327.351563	11.396741
1326.294922	94.028732
1325.237305	-78.699760
1324.179688	-433.320770
1323.122070	-196.869858
1322.064453	162.402634
1321.005859	-404.514618
1319.947266	-309.794495
1318.888672	-422.867096
1317.830078	21.333601
1316.770508	-275.781555
1315.710938	0.731439
1314.651367	-147.502792
1313.591797	-175.324463
1312.531250	-2.638932
1311.471680	-53.952976
1310.411133	-491.807312
1309.349609	159.395508
1308.289063	-372.464935
1307.227539	172.520218
1306.166016	17.810057
1305.104492	-186.232513
1304.042969	-295.967224
1302.980469	-269.107513
1301.917969	-119.846855
1300.855469	-62.353577
1299.792969	51.614132
1298.729492	-57.848324
1297.666016	58.495037
1296.602539	-107.242867
1295.539063	112.562576
1294.474609	-107.078934
1293.411133	-101.047218
1292.346680	-8.092010
1291.281250	366.626312
1290.216797	128.520615
1289.151367	240.259430
1288.085938	-65.691269
1287.020508	-181.437317
1285.955078	-13.275980
1284.888672	349.470886
1283.822266	496.413544
1282.755859	188.594650
1281.689453	466.826263
1280.622070	-9.478865
1279.554688	196.121353
1278.487305	293.946869
1277.419922	340.259033
1276.351563	295.279327
1275.283203	240.996521
1274.214844	285.054810
1273.146484	637.934265
1272.077148	490.157349
1271.008789	372.900726
1269.939453	332.869873
1268.869141	318.587982
1267.799805	309.040039
1266.729492	262.134949
1265.659180	37.763378
1264.588867	231.553879
1263.517578	103.072212
1262.447266	189.459167
1261.375977	173.139679
1260.304688	175.527664
1259.232422	525.517212
1258.161133	87.100266
1257.088867	651.545898
1256.016602	528.064697
1254.943359	358.039185
1253.871094	847.589905
1252.797852	854.693237
1251.724609	703.442444
1250.650391	1183.349121
1249.577148	987.920166
1248.502930	790.265076
1247.428711	911.547241
1246.354492	1330.617798
1245.279297	656.238647
1244.204102	624.053345
1243.128906	729.096619
1242.053711	815.524414
1240.977539	599.797791
1239.902344	351.676788
1238.826172	559.002136
1237.750000	390.007111
1236.672852	413.828796
1235.595703	518.923035
1234.518555	461.523743
1233.441406	378.646118
1232.364258	80.074883
1231.286133	352.240112
1230.208008	-13.414189
1229.129883	390.853699
1228.051758	261.832397
1226.972656	151.416916
1225.893555	265.820679
1224.814453	-254.515411
1223.734375	-12.668867
1222.655273	298.568542
1221.575195	355.034515
1220.495117	-255.053848
1219.415039	44.509964
1218.333984	-19.257681
1217.252930	118.243027
1216.171875	110.023277
1215.090820	-34.577641
1214.008789	-197.601883
1212.926758	20.753372
1211.844727	-195.317139
1210.762695	6.803213
1209.679688	-24.404230
1208.597656	41.396893
1207.513672	-289.871582
1206.430664	43.675903
1205.347656	-349.701935
1204.263672	212.093475
1203.179688	213.231903
1202.095703	209.767395
1201.010742	261.626709
1199.925781	-48.368141
1198.840820	61.149357
1197.755859	306.545746
1196.670898	307.699249
1195.584961	85.489830
1194.499023	-102.084877
1193.413086	-139.963074
1192.326172	-239.964005
1191.239258	157.023178
1190.152344	123.712601
1189.065430	315.783234
1187.978516	245.671814
1186.890625	-45.089306
1185.802734	243.399673
1184.714844	269.837219
1183.625977	91.806404
1182.538086	83.814529
1181.449219	241.126205
1180.360352	382.297394
1179.270508	562.403381
1178.180664	409.714966
1177.090820	631.016418
1176.000977	1049.455322
1174.911133	743.109131
1173.820313	537.744324
1172.729492	511.241089
1171.638672	425.160980
1170.547852	433.034424
1169.456055	459.206146
1168.364258	581.532776
1167.272461	534.368774
1166.179688	615.379272
1165.087891	797.043945
1163.995117	1175.361694
1162.902344	1478.005493
1161.808594	1592.956665
1160.715820	2014.229980
1159.622070	2115.258057
1158.528320	1503.174805
1157.433594	1446.555054
1156.339844	1437.921631
1155.245117	696.136414
1154.149414	548.311829
1153.054688	644.806396
1151.958984	369.196899
1150.863281	383.472717
1149.767578	598.468689
1148.671875	53.824390
1147.575195	-36.838448
1146.478516	-273.401550
1145.381836	210.360550
1144.285156	-64.959488
1143.187500	-25.806473
1142.089844	-255.483963
1140.992188	-59.250885
1139.894531	-190.995102
1138.795898	-479.798248
1137.697266	-440.807617
1136.598633	-117.477425
1135.499023	-80.963699
1134.400391	151.084976
1133.300781	-260.485992
1132.201172	105.508263
1131.100586	-242.346191
1130.000977	175.642105
1128.900391	-215.337982
1127.799805	161.457138
1126.698242	111.128929
1125.596680	38.069492
1124.495117	89.816643
1123.393555	184.595703
1122.291992	270.194489
1121.189453	1002.097107
1120.086914	1366.254272
1118.984375	1369.715698
1117.881836	1613.374512
1116.778320	1922.554443
1115.674805	1798.804077
1114.571289	2105.407471
1113.466797	2022.277832
1112.363281	1977.623657
1111.258789	1631.847046
1110.153320	2014.833374
1109.048828	1302.525635
1107.943359	1610.614746
1106.837891	1660.677246
1105.732422	1238.086670
1104.625977	1016.771545
1103.520508	951.429504
1102.414063	872.461731
1101.306641	773.097290
1100.200195	985.373840
1099.092773	856.500977
1097.985352	639.555420
1096.877930	634.770325
1095.769531	471.929108
1094.661133	318.089325
1093.552734	719.062134
1092.444336	549.260315
1091.335938	356.893463
1090.226563	227.611908
1089.117188	467.840698
1088.006836	543.382324
1086.897461	645.830994
1085.787109	565.714722
1084.676758	924.541016
1083.566406	826.175720
1082.455078	925.760742
1081.343750	1171.428833
1080.232422	832.049866
1079.121094	1140.372437
1078.008789	926.815674
1076.896484	976.231201
1075.784180	1131.133545
1074.671875	924.111206
1073.558594	1170.797729
1072.445313	718.810913
1071.332031	1063.981567
1070.217773	728.688965
1069.104492	328.358429
1067.990234	430.663666
1066.875977	57.230850
1065.760742	264.688934
1064.645508	675.965027
1063.530273	658.757263
1062.415039	76.634865
1061.299805	455.909180
1060.183594	82.150116
1059.067383	35.418228
1057.951172	24.399954
1056.833984	-197.210083
1055.716797	-123.413475
1054.599609	122.507515
1053.482422	222.758911
1052.364258	318.331879
1051.247070	-169.903458
1050.128906	59.563469
1049.009766	456.399323
1047.891602	23.873501
1046.772461	44.909912
1045.653320	374.023743
1044.533203	111.045326
1043.414063	147.225479
1042.293945	-53.387711
1041.173828	-361.180847
1040.052734	165.425995
1038.932617	-325.494995
1037.811523	158.181534
1036.689453	-60.854050
1035.568359	-217.513138
1034.446289	256.403198
1033.324219	92.724205
1032.202148	-48.769451
1031.079102	250.579498
1029.957031	-523.541321
1028.833984	187.276886
1027.709961	-322.005829
1026.586914	-130.314240
1025.462891	-439.408234
1024.338867	-108.012054
1023.214844	-210.512726
1022.089844	142.562607
1020.964844	-542.595703
1019.839844	-323.253540
1018.714844	-28.645477
1017.588867	-216.314667
1016.462891	182.140808
1015.336914	78.533348
1014.210938	-355.891052
1013.083984	-117.961037
1011.957031	594.440796
1010.830078	93.134789
1009.702148	279.272461
1008.574219	700.151428
1007.446289	1776.736694
1006.318359	3537.387695
1005.190430	4543.823730
1004.061523	5126.558594
1002.932617	4196.422363
1001.802734	2316.749268
1000.673828	1035.414673
999.543945	367.446075
998.414063	53.595951
997.283203	-101.043816
996.153320	-8.081513
995.022461	104.549049
993.891602	177.178894
992.759766	181.079346
991.628906	178.209671
990.497070	424.756348
989.364258	253.626007
988.232422	-144.971161
987.099609	268.728821
985.966797	324.573761
984.833984	294.189636
983.700195	415.831512
982.566406	365.250092
981.432617	279.258942
980.298828	188.742050
979.164063	532.235413
978.029297	375.271698
976.894531	372.422424
975.759766	415.673340
974.624023	766.978149
973.488281	459.788116
972.352539	691.784363
971.215820	509.854034
970.080078	466.473419
968.943359	585.688782
967.805664	876.181091
966.668945	702.599365
965.531250	427.836975
964.393555	517.807251
963.254883	721.803284
962.117188	787.240601
960.978516	630.718994
959.839844	805.621216
958.700195	394.298676
957.561523	805.898376
956.421875	800.355530
955.281250	1200.406372
954.141602	731.874451
953.000977	1412.124146
951.860352	1195.543213
950.719727	996.481567
949.578125	1612.309937
948.436523	1367.006104
947.294922	626.838196
946.153320	865.476746
945.010742	817.155701
943.868164	-1.470903
942.725586	543.099609
941.583008	275.889526
940.439453	163.937347
939.295898	803.987427
938.152344	324.605133
937.007813	-43.221836
935.863281	506.594910
934.718750	25.167782
933.574219	305.980255
932.428711	-181.897919
931.283203	-281.108459
930.137695	176.105667
928.992188	2.564124
927.845703	-144.815689
926.699219	-255.104874
925.552734	129.492844
924.405273	95.348091
923.257813	-65.207733
922.110352	397.352234
920.962891	230.187744
919.814453	-85.033661
918.666016	-304.351440
917.517578	523.351257
916.369141	221.257675
915.219727	158.570724
914.070313	230.754974
912.920898	18.021122
911.770508	-5.502060
910.621094	79.689072
909.470703	86.578880
908.319336	-119.469429
907.168945	50.379803
906.017578	2.978310
904.866211	-0.963130
903.713867	196.946320
902.562500	-19.660988
901.410156	93.602196
900.256836	52.810253
899.104492	-209.088272
897.951172	58.145767
896.797852	-205.745758
895.644531	18.116150
894.490234	114.068161
893.335938	-106.206558
892.181641	189.077255
891.027344	-69.963112
889.872070	184.149979
888.716797	-327.845886
887.561523	15.065059
886.405273	89.649750
885.249023	205.372131
884.092773	18.447144
882.936523	108.378830
881.779297	152.950119
880.622070	-437.582458
879.464844	-118.375069
878.307617	-177.119034
877.149414	21.168198
875.991211	77.020035
874.833008	538.670898
873.673828	1.283340
872.514648	-440.816650
871.355469	1.585730
870.196289	49.373260
869.036133	-374.802765
867.875977	93.531456
866.715820	85.653137
865.554688	-292.579041
864.394531	305.078125
863.233398	454.768036
862.071289	591.612000
860.910156	498.328735
859.748047	230.960892
858.585938	170.390976
857.422852	882.021484
856.259766	600.215027
855.096680	252.092087
853.933594	639.273254
852.770508	253.015701
851.606445	221.523346
850.442383	-7.318956
849.277344	268.661743
848.113281	259.265747
846.948242	230.749954
845.783203	-190.165817
844.617188	-108.769043
843.451172	197.979889
842.285156	-202.701462
841.119141	-482.935425
839.952148	-490.676971
838.785156	-58.981270
837.618164	-616.838135
836.451172	-26.374100
835.283203	26.643917
834.115234	178.343124
832.947266	244.616226
831.778320	-18.397011
830.609375	91.140633
829.440430	498.125488
828.271484	387.781952
827.101563	151.613556
825.931641	-118.383575
824.761719	581.959961
823.590820	303.941040
822.420898	348.790192
821.250000	600.947693
820.078125	264.118317
818.907227	309.710541
817.735352	417.396149
816.562500	762.039795
815.390625	750.681030
814.217773	55.223103
813.044922	82.920143
811.872070	44.811386
810.698242	94.324005
809.524414	-362.851501
808.350586	-144.504349
807.176758	250.712799
806.001953	-20.209925
804.827148	58.244652
803.651367	-52.425316
802.476563	-141.491501
801.300781	1.515690
800.125000	467.873718
798.948242	9.678777
797.772461	-99.522881
796.595703	250.458435
795.417969	619.637451
794.241211	602.445251
793.063477	547.291382
791.885742	698.298279
790.707031	425.082336
789.529297	903.263855
788.350586	511.854980
787.170898	852.428040
785.992188	777.589905
784.812500	762.357483
783.632813	897.819580
782.452148	972.007202
781.272461	853.673401
780.091797	581.035522
778.911133	27.192642
777.729492	-149.441132
776.547852	450.802948
775.366211	547.491333
774.184570	83.873924
773.001953	-38.892826
771.819336	-159.282028
770.636719	-273.075409
769.453125	-171.096817
768.269531	125.371155
767.085938	-289.855927
765.902344	-687.810303
764.717773	134.754776
763.533203	250.086777
762.348633	565.981323
761.163086	99.251587
759.977539	77.902184
758.791992	37.740124
757.606445	151.630951
756.419922	-166.443970
755.233398	449.186981
754.046875	241.002380
752.859375	245.741516
751.672852	374.830231
750.485352	226.100510
749.296875	443.734161
748.108398	741.319702
746.919922	205.851028
745.731445	326.880585
744.542969	330.191254
743.353516	554.288330
742.164063	305.497986
740.973633	306.911591
739.783203	16.402102
738.592773	28.494556
737.402344	210.694519
736.211914	460.023193
735.020508	629.509766
733.829102	463.253571
732.636719	557.194153
731.444336	185.548172
730.251953	476.618347
729.059570	283.352112
727.866211	-71.189575
726.673828	372.678833
725.479492	-425.801422
724.286133	116.332680
723.091797	-359.325958
721.897461	-409.880066
720.703125	-431.142914
719.507813	221.228683
718.312500	141.179565
717.117188	174.041595
715.921875	43.775803
714.725586	-285.058868
713.529297	-266.903229
712.332031	235.864685
711.135742	-579.609192
709.938477	269.508575
708.740234	533.598694
707.542969	714.023376
706.344727	1297.015259
705.146484	2455.452881
703.948242	3054.304443
702.749023	3821.698730
701.549805	3312.816406
700.350586	2972.928467
699.150391	1712.121460
697.950195	1228.894653
696.750000	983.270386
695.549805	475.345886
694.348633	-3.258356
693.147461	159.346039
691.946289	-6.929207
690.744141	201.280701
689.541992	249.217926
688.339844	22.648083
687.136719	93.426575
685.934570	407.341919
684.730469	544.483948
683.527344	386.608765
682.323242	127.070648
681.119141	214.446213
679.915039	216.726288
678.710938	293.793396
677.505859	578.386169
676.300781	472.979858
675.094727	241.237564
673.889648	677.379089
672.683594	-107.441727
671.476563	320.630127
670.270508	398.575500
669.063477	-16.267164
667.856445	428.769440
666.648438	-117.832123
665.440430	-125.675331
664.232422	69.650246
663.024414	163.900406
661.815430	415.721802
660.606445	198.473587
659.397461	320.889526
658.188477	148.220871
656.978516	-56.845387
655.768555	-207.471359
654.557617	-47.523441
653.346680	-105.812843
652.135742	133.992279
650.924805	157.792358
649.712891	-424.193268
648.501953	-117.863869
647.289063	-91.172195
646.077148	247.941132
644.864258	-302.548065
643.651367	-363.101318
642.438477	-273.988129
641.224609	-364.847382
640.010742	50.361130
638.796875	50.950695
637.582031	209.591980
636.367188	24.080904
635.152344	323.962799
633.937500	551.508911
632.721680	575.260376
631.505859	202.173279
630.289063	715.369629
629.073242	1333.326782
627.856445	1493.153198
626.639648	1337.008179
625.421875	1037.767456
624.204102	1558.583008
622.986328	749.822327
621.768555	254.329697
620.549805	223.881821
619.331055	90.068817
618.111328	-175.564056
616.892578	-97.194946
