1721.000977	88.228340
1720.027344	183.239044
1719.052734	33.548740
1718.078125	182.780746
1717.104492	66.472374
1716.128906	5.364599
1715.154297	-120.983742
1714.178711	72.021912
1713.204102	-223.111679
1712.228516	139.398239
1711.251953	-188.465637
1710.276367	207.790222
1709.299805	-262.682159
1708.324219	-208.907578
1707.347656	-104.829842
1706.370117	-551.893555
1705.393555	59.866306
1704.416016	212.669724
1703.438477	165.203506
1702.460938	303.778900
1701.483398	214.116257
1700.505859	134.122375
1699.527344	227.343719
1698.548828	-76.058151
1697.570313	417.195709
1696.591797	286.566833
1695.612305	-20.692966
1694.632813	-65.294815
1693.653320	-243.014160
1692.673828	-273.021851
1691.694336	28.311211
1690.713867	-168.280945
1689.734375	65.949326
1688.753906	44.765797
1687.772461	245.074890
1686.791992	70.412704
1685.810547	48.449455
1684.830078	-57.755890
1683.848633	24.339666
1682.866211	-158.673203
1681.884766	-102.400497
1680.902344	-76.884171
1679.919922	-10.791348
1678.937500	-11.005994
1677.955078	276.149811
1676.971680	-55.015789
1675.989258	36.052937
1675.005859	-94.221832
1674.022461	75.446999
1673.038086	125.517616
1672.054688	137.458084
1671.070313	141.711716
1670.085938	-26.760447
1669.101563	7.976585
1668.117188	45.236244
1667.131836	100.220062
1666.146484	33.395119
1665.161133	331.972015
1664.175781	191.625778
1663.189453	-123.654388
1662.204102	-78.663086
1661.217773	-56.495686
1660.231445	-384.035370
1659.245117	-52.546410
1658.257813	-70.783211
1657.270508	-276.368439
1656.284180	-231.046539
1655.295898	-46.493179
1654.308594	178.615570
1653.321289	16.504459
1652.333008	150.558563
1651.344727	299.828674
1650.356445	-49.120102
1649.367188	-33.731251
1648.378906	178.986740
1647.389648	116.175484
1646.400391	-214.381607
1645.411133	64.215355
1644.420898	6.803653
1643.431641	22.802179
1642.441406	31.290281
1641.451172	70.186470
1640.459961	250.476257
1639.469727	42.240833
1638.478516	353.880219
1637.487305	307.327362
1636.496094	230.644653
1635.504883	474.316162
1634.512695	158.346802
1633.520508	495.367676
1632.528320	625.745300
1631.536133	594.947693
1630.543945	254.473892
1629.550781	737.653137
1628.557617	757.498108
1627.564453	598.726379
1626.571289	1029.004639
1625.578125	1257.929199
1624.583984	1806.294189
1623.589844	1549.732544
1622.595703	1547.340088
1621.601563	1592.810669
1620.606445	1779.079346
1619.611328	1691.457642
1618.616211	2086.346191
1617.621094	1878.313599
1616.625977	2052.185791
1615.629883	1796.683472
1614.633789	1616.687744
1613.637695	1665.239746
1612.641602	2035.036499
1611.645508	1845.318115
1610.648438	1813.735229
1609.651367	1977.844116
1608.654297	2091.814697
1607.657227	1980.215088
1606.659180	2156.895264
1605.662109	2351.148682
1604.664063	2700.662109
1603.666016	2832.202637
1602.666992	2648.209961
1601.668945	2299.164551
1600.669922	2751.226807
1599.670898	2585.061279
1598.671875	2366.474365
1597.671875	1837.828613
1596.672852	1419.525757
1595.672852	1488.976440
1594.672852	1800.927246
1593.671875	1190.518433
1592.671875	1562.452026
1591.670898	1142.299194
1590.669922	897.197388
1589.668945	704.675720
1588.667969	1016.595581
1587.666016	889.062378
1586.664063	447.162476
1585.662109	531.944702
1584.660156	160.212067
1583.658203	397.208832
1582.655273	422.146301
1581.652344	65.661446
1580.649414	556.795593
1579.646484	382.387024
1578.642578	347.557373
1577.638672	422.357788
1576.634766	322.814056
1575.630859	238.260712
1574.626953	84.055740
1573.622070	128.996964
1572.618164	318.285522
1571.613281	194.006821
1570.607422	231.425323
1569.602539	358.390625
1568.596680	323.668030
1567.590820	-71.464600
1566.584961	134.983826
1565.579102	-83.530617
1564.572266	-267.205627
1563.566406	-252.086105
1562.559570	3.859398
1561.551758	480.606689
1560.544922	-236.685944
1559.537109	-62.842293
1558.530273	-161.954041
1557.521484	-30.408695
1556.513672	-263.448853
1555.505859	292.068146
1554.497070	-121.949348
1553.488281	-429.230896
1552.479492	244.855881
1551.470703	321.607544
1550.460938	-52.504829
1549.451172	-191.218491
1548.441406	16.735868
1547.431641	113.201836
1546.421875	6.687099
1545.411133	145.127823
1544.400391	-389.357574
1543.389648	-1.116760
1542.378906	132.264374
1541.367188	-132.473114
1540.355469	65.093987
1539.343750	-113.045853
1538.332031	-557.947144
1537.320313	-212.238510
1536.307617	4.868175
1535.294922	-96.637283
1534.282227	-193.164673
1533.269531	208.876221
1532.256836	16.075672
1531.243164	264.905670
1530.229492	-413.761017
1529.215820	49.583923
1528.202148	9.776995
1527.187500	36.509129
1526.172852	-99.424980
1525.158203	294.424561
1524.143555	-538.636902
1523.127930	327.964569
1522.113281	120.669266
1521.097656	319.624390
1520.082031	257.601288
1519.065430	353.064697
1518.049805	-26.306856
1517.033203	-93.158890
1516.016602	371.205780
1515.000000	78.108353
1513.982422	584.005981
1512.965820	214.815445
1511.948242	-196.018661
1510.930664	142.595398
1509.913086	-10.138247
1508.894531	119.561996
1507.875977	133.830795
1506.857422	194.743439
1505.838867	442.148682
1504.820313	495.641418
1503.800781	144.355011
1502.781250	602.545166
1501.761719	445.127045
1500.742188	307.406555
1499.721680	471.193054
1498.702148	218.402679
1497.681641	433.633453
1496.661133	107.492538
1495.639648	648.371460
1494.618164	-27.763296
1493.597656	104.222443
1492.576172	238.599075
1491.553711	152.711746
1490.532227	492.569702
1489.509766	570.596008
1488.487305	-43.372063
1487.464844	159.487045
1486.442383	-33.661335
1485.418945	335.324921
1484.395508	286.415710
1483.372070	276.651367
1482.348633	374.388641
1481.324219	188.875336
1480.300781	211.006378
1479.276367	-25.551929
1478.251953	260.205139
1477.226563	65.275612
1476.202148	-183.149185
1475.176758	-329.031403
1474.151367	17.676413
1473.125000	-181.730606
1472.099609	296.504700
1471.073242	219.057480
1470.046875	139.267761
1469.020508	110.714890
1467.994141	182.064102
1466.966797	209.599274
1465.939453	113.062454
1464.912109	622.525146
1463.884766	414.160339
1462.856445	385.912323
1461.829102	800.360901
1460.800781	594.698120
1459.772461	389.196869
1458.743164	531.344666
1457.714844	882.493958
1456.685547	1007.618774
1455.656250	1110.913330
1454.625977	1022.381226
1453.596680	802.901428
1452.566406	879.679016
1451.536133	757.517334
1450.505859	747.089111
1449.474609	331.644287
1448.444336	942.295349
1447.413086	624.134949
1446.381836	631.020386
1445.350586	734.925293
1444.318359	724.963196
1443.286133	749.006714
1442.253906	690.783264
1441.221680	114.477196
1440.189453	366.475983
1439.156250	654.733398
1438.123047	669.508301
1437.089844	391.621674
1436.056641	488.878845
1435.022461	39.605034
1433.988281	212.003891
1432.954102	217.634583
1431.919922	10.673508
1430.885742	62.441517
1429.850586	259.209564
1428.815430	390.774384
1427.780273	-30.594028
1426.744141	-72.679123
1425.708984	27.794584
1424.672852	340.662048
1423.636719	-304.350952
1422.600586	-116.779182
1421.563477	-172.792450
1420.527344	405.485107
1419.490234	-12.008986
1418.452148	-127.981178
1417.415039	-38.954762
1416.376953	-193.210403
1415.338867	1.949248
1414.300781	-2.741234
1413.262695	170.835495
1412.224609	-264.543060
1411.185547	-93.206001
1410.146484	-32.519115
1409.107422	85.982506
1408.067383	399.317719
1407.027344	226.921082
1405.987305	-128.000366
1404.947266	149.443954
1403.907227	-154.636597
1402.866211	-350.394623
1401.826172	-418.638367
1400.785156	279.268555
1399.743164	83.838081
1398.702148	-48.977089
1397.660156	864.686646
1396.618164	62.535847
1395.576172	856.050842
1394.533203	737.950806
1393.491211	1063.620850
1392.448242	1597.796631
1391.405273	2151.020020
1390.361328	1642.549927
1389.318359	2353.852051
1388.274414	2557.143799
1387.230469	2846.661377
1386.186523	2980.533691
1385.141602	3121.609375
1384.097656	3593.006104
1383.052734	3671.886475
1382.007813	3408.752930
1380.961914	3411.286133
1379.916992	3698.478027
1378.871094	3471.648193
1377.825195	3625.040771
1376.778320	3080.684326
1375.732422	2832.925293
1374.685547	2465.924316
1373.638672	2235.295410
1372.591797	2076.487305
1371.543945	2232.908203
1370.497070	2320.168945
1369.449219	2011.391968
1368.400391	1542.995117
1367.352539	1637.763672
1366.303711	1568.039917
1365.255859	1376.874390
1364.206055	1586.257935
1363.157227	1228.530151
1362.108398	1395.170654
1361.058594	1642.795654
1360.008789	2157.115479
1358.958984	2133.227051
1357.908203	1354.848389
1356.857422	1633.533325
1355.806641	1576.698608
1354.755859	1769.749756
1353.705078	1575.139038
1352.653320	1666.010742
1351.601563	1367.050903
1350.549805	1229.918701
1349.498047	1344.812256
1348.445313	777.876404
1347.393555	1125.744507
1346.340820	965.332275
1345.287109	721.951355
1344.234375	944.007996
1343.180664	928.711365
1342.126953	863.668213
1341.073242	843.795471
1340.019531	681.705505
1338.964844	884.887390
1337.910156	732.463257
1336.855469	663.127441
1335.799805	359.279419
1334.745117	271.234192
1333.689453	60.108391
1332.633789	642.437805
1331.578125	-105.977875
1330.521484	334.218262
1329.464844	40.671177
1328.408203	114.036018
1327.351563	-131.907059
1326.294922	206.461945
1325.237305	-221.363068
1324.179688	-88.690575
1323.122070	176.333771
1322.064453	460.201019
1321.005859	132.116333
1319.947266	75.841217
1318.888672	-67.726997
1317.830078	116.976997
1316.770508	-255.411804
1315.710938	351.750732
1314.651367	14.955713
1313.591797	-128.223785
1312.531250	148.468567
1311.471680	-46.459702
1310.411133	267.895844
1309.349609	212.127991
1308.289063	-133.384903
1307.227539	-16.992056
1306.166016	-13.663048
1305.104492	32.085403
1304.042969	-397.704803
1302.980469	57.707432
1301.917969	-30.632004
1300.855469	111.662529
1299.792969	-331.765503
1298.729492	31.633802
1297.666016	-98.832123
1296.602539	-67.023712
1295.539063	-115.102158
1294.474609	313.822449
1293.411133	171.767990
1292.346680	-160.453369
1291.281250	167.294174
1290.216797	65.329071
1289.151367	353.030121
1288.085938	25.825603
1287.020508	325.179352
1285.955078	-144.917450
1284.888672	508.464539
1283.822266	413.675385
1282.755859	461.928894
1281.689453	327.384369
1280.622070	389.709473
1279.554688	182.633072
1278.487305	331.638672
1277.419922	845.858154
1276.351563	484.334290
1275.283203	555.960083
1274.214844	669.679871
1273.146484	582.172485
1272.077148	139.180054
1271.008789	318.411041
1269.939453	254.417084
1268.869141	370.416077
1267.799805	699.038269
1266.729492	459.772919
1265.659180	706.466003
1264.588867	509.343170
1263.517578	419.693756
1262.447266	572.862732
1261.375977	655.937073
1260.304688	650.305847
1259.232422	621.336365
1258.161133	506.092346
1257.088867	838.578979
1256.016602	1091.653931
1254.943359	696.649475
1253.871094	667.676208
1252.797852	741.200378
1251.724609	1045.274902
1250.650391	1430.693115
1249.577148	1292.112427
1248.502930	1193.135986
1247.428711	710.215088
1246.354492	944.099121
1245.279297	705.651855
1244.204102	839.395020
1243.128906	466.191345
1242.053711	685.911316
1240.977539	986.848389
1239.902344	695.144409
1238.826172	670.687683
1237.750000	669.453125
1236.672852	665.867004
1235.595703	620.478638
1234.518555	445.111603
1233.441406	863.863159
1232.364258	639.763977
1231.286133	148.986481
1230.208008	272.943237
1229.129883	308.719757
1228.051758	471.952240
1226.972656	315.262329
1225.893555	-42.949055
1224.814453	-92.940155
1223.734375	308.660614
1222.655273	168.268951
1221.575195	171.425369
1220.495117	412.941010
1219.415039	-0.504773
1218.333984	400.502502
1217.252930	-156.221970
1216.171875	281.594879
1215.090820	231.390137
1214.008789	-232.566147
1212.926758	357.400604
1211.844727	-166.499023
1210.762695	314.578430
1209.679688	107.227081
1208.597656	146.995926
1207.513672	-106.464722
1206.430664	30.190290
1205.347656	-93.964394
1204.263672	-12.807302
1203.179688	317.359802
1202.095703	59.388168
1201.010742	403.153168
1199.925781	387.200745
1198.840820	461.085266
1197.755859	461.189362
1196.670898	463.567383
1195.584961	46.805576
1194.499023	-91.237511
1193.413086	157.430054
1192.326172	53.863197
1191.239258	-183.126358
1190.152344	-394.745880
1189.065430	253.762207
1187.978516	177.725784
1186.890625	-96.007347
1185.802734	-107.668304
1184.714844	149.457504
1183.625977	353.592865
1182.538086	431.303253
1181.449219	800.534363
1180.360352	547.465393
1179.270508	677.732971
1178.180664	463.727325
1177.090820	1155.924683
1176.000977	506.067139
1174.911133	296.716827
1173.820313	960.858093
1172.729492	934.775635
1171.638672	571.816895
1170.547852	912.313721
1169.456055	510.496368
1168.364258	468.341003
1167.272461	556.663879
1166.179688	683.808411
1165.087891	1101.504883
1163.995117	1008.752991
1162.902344	2146.638428
1161.808594	1863.789673
1160.715820	2079.476318
1159.622070	2125.854004
1158.528320	1909.352295
1157.433594	1592.357422
1156.339844	1396.549194
1155.245117	654.926880
1154.149414	708.185486
1153.054688	585.614258
1151.958984	453.911560
1150.863281	454.573456
1149.767578	487.127014
1148.671875	353.126587
1147.575195	353.661255
1146.478516	187.727173
1145.381836	500.476379
1144.285156	61.041340
1143.187500	182.198502
1142.089844	453.588623
1140.992188	-238.468307
1139.894531	-108.355484
1138.795898	14.804949
1137.697266	-0.951602
1136.598633	51.507290
1135.499023	-141.792206
1134.400391	-159.923172
1133.300781	-107.625893
1132.201172	235.568741
1131.100586	149.003159
1130.000977	-101.149414
1128.900391	178.038406
1127.799805	57.328819
1126.698242	-24.795309
1125.596680	735.287598
1124.495117	423.713867
1123.393555	302.830566
1122.291992	370.242737
1121.189453	392.190857
1120.086914	1266.695068
1118.984375	1560.375977
1117.881836	1579.615723
1116.778320	1963.607910
1115.674805	2114.017334
1114.571289	1573.456665
1113.466797	2052.115234
1112.363281	2030.163330
1111.258789	1831.585815
1110.153320	1897.795898
1109.048828	1436.764893
1107.943359	1577.559326
1106.837891	1483.031738
1105.732422	1695.978394
1104.625977	1076.885132
1103.520508	1678.418945
1102.414063	799.641846
1101.306641	623.713257
1100.200195	520.089539
1099.092773	743.828491
1097.985352	716.825928
1096.877930	326.397644
1095.769531	651.349243
1094.661133	100.779785
1093.552734	299.192505
1092.444336	574.110107
1091.335938	98.113892
1090.226563	447.169403
1089.117188	417.422821
1088.006836	423.644226
1086.897461	549.177795
1085.787109	620.521545
1084.676758	313.520905
1083.566406	364.472076
1082.455078	341.039368
1081.343750	875.498169
1080.232422	836.054688
1079.121094	767.313660
1078.008789	797.427429
1076.896484	616.151978
1075.784180	891.076477
1074.671875	954.594543
1073.558594	1213.405273
1072.445313	358.104614
1071.332031	868.230957
1070.217773	1043.545532
1069.104492	956.136475
1067.990234	707.101379
1066.875977	417.712494
1065.760742	594.836182
1064.645508	188.799606
1063.530273	181.883087
1062.415039	206.253784
1061.299805	288.774170
1060.183594	-65.697495
1059.067383	-3.521294
1057.951172	36.133965
1056.833984	33.118557
1055.716797	-90.861008
1054.599609	-85.094612
1053.482422	12.288006
1052.364258	-42.589725
1051.247070	204.354858
1050.128906	-121.263481
1049.009766	315.323761
1047.891602	-160.104950
1046.772461	287.248291
1045.653320	86.539932
1044.533203	-96.341492
1043.414063	75.758141
1042.293945	62.378323
1041.173828	19.886791
1040.052734	-78.500099
1038.932617	-486.983002
1037.811523	163.871490
1036.689453	-409.742310
1035.568359	146.948166
1034.446289	-112.409348
1033.324219	62.705902
1032.202148	-194.519257
1031.079102	51.541092
1029.957031	172.707306
1028.833984	-140.401031
1027.709961	-322.202759
1026.586914	36.658199
1025.462891	-22.999821
1024.338867	-111.663055
1023.214844	39.726543
1022.089844	-355.955750
1020.964844	-209.297363
1019.839844	-149.486313
1018.714844	-387.507446
1017.588867	-148.059967
1016.462891	-452.867645
1015.336914	228.006668
1014.210938	-219.050735
1013.083984	-215.602661
1011.957031	-37.032516
1010.830078	185.690643
1009.702148	361.589722
1008.574219	838.777771
1007.446289	1696.848267
1006.318359	3666.789307
1005.190430	4572.295898
1004.061523	5220.305176
1002.932617	4041.000488
1001.802734	2397.154297
1000.673828	1196.631958
999.543945	259.837463
998.414063	-192.154022
997.283203	185.359314
996.153320	42.923069
995.022461	-22.231071
993.891602	-56.539158
992.759766	229.438629
991.628906	84.354286
990.497070	259.462280
989.364258	334.953949
988.232422	189.524948
987.099609	57.245682
985.966797	216.196655
984.833984	132.245468
983.700195	341.554108
982.566406	314.664398
981.432617	307.498749
980.298828	267.143646
979.164063	784.210083
978.029297	192.654495
976.894531	70.438530
975.759766	388.605835
974.624023	246.298477
973.488281	225.004669
972.352539	285.018250
971.215820	430.664673
970.080078	648.740906
968.943359	384.928314
967.805664	629.001038
966.668945	371.662964
965.531250	226.380203
964.393555	768.782654
963.254883	1049.379150
962.117188	1055.229980
960.978516	140.921616
959.839844	576.979248
958.700195	705.438782
957.561523	818.392517
956.421875	931.153320
955.281250	953.808350
954.141602	1388.598999
953.000977	1332.001831
951.860352	1562.441162
950.719727	1790.477173
949.578125	903.220093
948.436523	1481.500732
947.294922	675.543640
946.153320	130.370285
945.010742	298.836639
943.868164	130.153091
942.725586	475.556030
941.583008	330.789795
940.439453	439.624390
939.295898	130.774521
938.152344	324.679932
937.007813	321.727875
935.863281	194.172363
934.718750	160.519730
933.574219	13.264616
932.428711	193.442688
931.283203	-137.261932
930.137695	25.278378
928.992188	-246.457199
927.845703	66.379539
926.699219	291.793427
925.552734	-58.501865
924.405273	-38.185379
923.257813	189.091660
922.110352	501.179840
920.962891	113.914108
919.814453	-99.036812
918.666016	-44.144184
917.517578	17.220076
916.369141	-75.976059
915.219727	215.889359
914.070313	-60.096104
912.920898	-242.472183
911.770508	3.484781
910.621094	5.899920
909.470703	-132.974106
908.319336	17.127869
907.168945	323.573242
906.017578	-214.885178
904.866211	182.629547
903.713867	204.431229
902.562500	-309.737732
901.410156	107.047653
900.256836	-463.283051
899.104492	116.024132
897.951172	359.015625
896.797852	-271.599640
895.644531	-178.095200
894.490234	-273.117645
893.335938	110.635704
892.181641	143.438202
891.027344	63.692123
889.872070	421.243439
888.716797	-242.738129
887.561523	-129.647110
886.405273	-51.184177
885.249023	31.636681
884.092773	-235.754822
882.936523	-105.229706
881.779297	829.179688
880.622070	-183.376846
879.464844	74.710167
878.307617	149.206406
877.149414	-253.400497
875.991211	-154.949371
874.833008	243.524704
873.673828	268.642487
872.514648	285.232788
871.355469	194.112137
870.196289	301.499298
869.036133	193.390503
867.875977	-162.366379
866.715820	-203.271332
865.554688	51.051117
864.394531	281.733002
863.233398	198.087845
862.071289	570.932373
860.910156	722.128296
859.748047	466.755402
858.585938	717.140930
857.422852	524.547852
856.259766	491.314636
855.096680	322.851288
853.933594	1012.083313
852.770508	450.760376
851.606445	422.556305
850.442383	44.515648
849.277344	-81.988289
848.113281	42.921707
846.948242	243.059158
845.783203	168.682571
844.617188	225.364990
843.451172	-191.698090
842.285156	-175.269119
841.119141	177.885437
839.952148	-238.250687
838.785156	98.032646
837.618164	42.402374
836.451172	-15.111364
835.283203	-89.520378
834.115234	-317.771912
832.947266	-83.453209
831.778320	232.275848
830.609375	-82.896103
829.440430	-55.521458
828.271484	209.402023
827.101563	160.218933
825.931641	359.202545
824.761719	519.886108
823.590820	257.809875
822.420898	638.910645
821.250000	467.114807
820.078125	415.170715
818.907227	875.685303
817.735352	679.125122
816.562500	440.242096
815.390625	436.328888
814.217773	530.739868
813.044922	218.264114
811.872070	204.539093
810.698242	-232.885773
809.524414	162.984589
808.350586	-365.247925
807.176758	-128.661240
806.001953	-287.822662
804.827148	59.819958
803.651367	211.828445
802.476563	215.168564
801.300781	429.288239
800.125000	209.878830
798.948242	636.975098
797.772461	309.794342
796.595703	492.895111
795.417969	278.984009
794.241211	664.276367
793.063477	964.718567
791.885742	511.811615
790.707031	793.571533
789.529297	791.199402
788.350586	307.615479
787.170898	515.779175
785.992188	732.596802
784.812500	684.618408
783.632813	922.979126
782.452148	489.906311
781.272461	811.296082
780.091797	597.047363
778.911133	410.657013
777.729492	396.020538
776.547852	104.427116
775.366211	424.583893
774.184570	404.299408
773.001953	-298.745483
771.819336	-35.138023
770.636719	-82.128723
769.453125	221.865738
768.269531	-40.231209
767.085938	67.599052
765.902344	69.999992
764.717773	110.582375
763.533203	-144.137863
762.348633	-282.509857
761.163086	663.647583
759.977539	-301.248230
758.791992	92.371231
757.606445	426.937592
756.419922	228.288345
755.233398	44.628880
754.046875	368.870972
752.859375	543.563110
751.672852	591.976135
750.485352	611.010193
749.296875	865.854309
748.108398	805.079834
746.919922	649.777588
745.731445	574.565918
744.542969	673.988770
743.353516	153.333038
742.164063	896.040344
740.973633	659.362610
739.783203	366.143463
738.592773	281.024475
737.402344	351.365784
736.211914	-56.874676
735.020508	504.652740
733.829102	726.053284
732.636719	865.559631
731.444336	338.132446
730.251953	381.241516
729.059570	-214.983124
727.866211	570.074280
726.673828	303.002289
725.479492	375.356964
724.286133	200.550110
723.091797	84.414009
721.897461	75.043045
720.703125	-723.291199
719.507813	206.809097
718.312500	-241.978958
717.117188	-155.277710
715.921875	-273.568573
714.725586	247.715057
713.529297	-180.033707
712.332031	395.142883
711.135742	42.598785
709.938477	677.840149
708.740234	746.922363
707.542969	809.630615
706.344727	1663.065552
705.146484	2238.541260
703.948242	3608.299072
702.749023	3359.181641
701.549805	3683.384277
700.350586	2529.625977
699.150391	2026.435059
697.950195	1517.141113
696.750000	1199.605835
695.549805	686.406128
694.348633	165.030090
693.147461	128.751572
691.946289	-49.072655
690.744141	549.047424
689.541992	221.322052
688.339844	448.868286
687.136719	597.256897
685.934570	277.931885
684.730469	571.664368
683.527344	204.670334
682.323242	583.418823
681.119141	974.451538
679.915039	-27.544622
678.710938	888.583435
677.505859	538.677307
676.300781	968.971008
675.094727	196.324661
673.889648	160.213379
672.683594	115.968880
671.476563	407.631958
670.270508	220.759613
669.063477	-121.158363
667.856445	67.489372
666.648438	72.059639
665.440430	410.206085
664.232422	419.510742
663.024414	189.213745
661.815430	323.493378
660.606445	555.377319
659.397461	700.838562
658.188477	-19.257126
656.978516	-15.138888
655.768555	210.697113
654.557617	-157.714447
653.346680	-176.197769
652.135742	-82.359192
650.924805	96.955399
649.712891	-61.276260
648.501953	64.222221
647.289063	-324.874268
646.077148	-110.506180
644.864258	-478.409149
643.651367	37.309052
642.438477	-222.641296
641.224609	34.043400
640.010742	176.852234
638.796875	364.505951
637.582031	747.358215
636.367188	294.256989
635.152344	590.258667
633.937500	914.946899
632.721680	727.541504
631.505859	797.498291
630.289063	964.448059
629.073242	1234.557617
627.856445	1622.323608
626.639648	1762.126587
625.421875	1512.616821
624.204102	1640.028076
622.986328	723.774597
621.768555	868.271484
620.549805	755.763184
619.331055	11.185846
618.111328	109.696022
616.892578	95.359192
