1721.000977	44.565937
1720.027344	36.125832
1719.052734	143.257919
1718.078125	-109.937431
1717.104492	110.522224
1716.128906	-106.112488
1715.154297	227.696426
1714.178711	-29.199341
1713.204102	-43.363205
1712.228516	54.379025
1711.251953	-2.466225
1710.276367	-65.180908
1709.299805	-41.555550
1708.324219	117.060684
1707.347656	8.677182
1706.370117	-164.317001
1705.393555	43.415981
1704.416016	20.195480
1703.438477	-29.170496
1702.460938	-160.897751
1701.483398	-75.773209
1700.505859	100.841209
1699.527344	-65.572815
1698.548828	163.678360
1697.570313	73.072388
1696.591797	-155.823929
1695.612305	181.855316
1694.632813	95.222656
1693.653320	-78.508690
1692.673828	132.848434
1691.694336	226.439560
1690.713867	-162.442612
1689.734375	-26.043518
1688.753906	-40.424015
1687.772461	57.105175
1686.791992	-115.785622
1685.810547	34.786945
1684.830078	-82.391815
1683.848633	21.875982
1682.866211	146.277145
1681.884766	-29.952320
1680.902344	162.830292
1679.919922	360.486877
1678.937500	-75.652641
1677.955078	192.965820
1676.971680	54.391037
1675.989258	32.777618
1675.005859	-205.036499
1674.022461	-79.335884
1673.038086	79.262283
1672.054688	-115.414604
1671.070313	-78.913467
1670.085938	112.458389
1669.101563	108.194824
1668.117188	241.000305
1667.131836	-230.381409
1666.146484	-24.024454
1665.161133	144.184784
1664.175781	-19.970459
1663.189453	295.242645
1662.204102	164.101547
1661.217773	-73.463554
1660.231445	33.783848
1659.245117	-107.317772
1658.257813	20.189760
1657.270508	-437.422729
1656.284180	29.533115
1655.295898	-154.397385
1654.308594	168.081238
1653.321289	120.976822
1652.333008	109.342194
1651.344727	-200.742905
1650.356445	306.292328
1649.367188	127.877235
1648.378906	-106.002388
1647.389648	-41.484501
1646.400391	-19.889040
1645.411133	69.978889
1644.420898	129.540344
1643.431641	-83.589615
1642.441406	51.865082
1641.451172	230.249359
1640.459961	249.601166
1639.469727	150.436768
1638.478516	220.395554
1637.487305	91.132195
1636.496094	19.998522
1635.504883	251.524033
1634.512695	175.469116
1633.520508	331.384125
1632.528320	94.227951
1631.536133	560.101929
1630.543945	491.894348
1629.550781	451.465271
1628.557617	705.690308
1627.564453	428.768127
1626.571289	413.758698
1625.578125	1015.258911
1624.583984	680.781189
1623.589844	824.360474
1622.595703	1106.246094
1621.601563	1508.751343
1620.606445	1456.203247
1619.611328	1335.892212
1618.616211	1524.719360
1617.621094	1294.050903
1616.625977	1362.389648
1615.629883	1553.769531
1614.633789	1709.986206
1613.637695	1110.757324
1612.641602	1201.876465
1611.645508	1563.953613
1610.648438	1514.573853
1609.651367	1339.883911
1608.654297	1443.611084
1607.657227	1835.607422
1606.659180	1550.825317
1605.662109	1536.830566
1604.664063	1775.878784
1603.666016	1809.501221
1602.666992	1973.343872
1601.668945	1694.061890
1600.669922	1852.938599
1599.670898	1571.358643
1598.671875	1497.593994
1597.671875	1538.943115
1596.672852	1187.693604
1595.672852	1259.164429
1594.672852	1255.642334
1593.671875	1242.138916
1592.671875	853.874939
1591.670898	793.054688
1590.669922	1022.021240
1589.668945	953.751892
1588.667969	813.133911
1587.666016	732.487854
1586.664063	439.769958
1585.662109	466.568909
1584.660156	485.893188
1583.658203	472.804108
1582.655273	335.046204
1581.652344	344.448822
1580.649414	348.877991
1579.646484	218.754501
1578.642578	165.914841
1577.638672	342.274323
1576.634766	110.146339
1575.630859	-129.345123
1574.626953	-70.001808
1573.622070	305.388031
1572.618164	31.196888
1571.613281	214.862976
1570.607422	77.580795
1569.602539	39.849789
1568.596680	69.248962
1567.590820	71.295250
1566.584961	53.464474
1565.579102	-143.255814
1564.572266	137.047714
1563.566406	337.774933
1562.559570	103.856689
1561.551758	-97.707535
1560.544922	336.238037
1559.537109	114.854858
1558.530273	59.806595
1557.521484	-54.788170
1556.513672	177.878799
1555.505859	140.182053
1554.497070	209.072403
1553.488281	-195.446609
1552.479492	-15.015902
1551.470703	93.489227
1550.460938	-75.482246
1549.451172	-199.815323
1548.441406	42.321835
1547.431641	91.276703
1546.421875	-102.323891
1545.411133	-234.009338
1544.400391	84.575737
1543.389648	-190.553101
1542.378906	-188.630249
1541.367188	-238.647873
1540.355469	-224.387192
1539.343750	163.003372
1538.332031	28.924326
1537.320313	-211.317596
1536.307617	-219.343292
1535.294922	338.044586
1534.282227	78.106041
1533.269531	-268.109924
1532.256836	113.727005
1531.243164	41.457005
1530.229492	62.937714
1529.215820	15.360844
1528.202148	-226.970551
1527.187500	-89.624390
1526.172852	-260.389435
1525.158203	-63.966496
1524.143555	28.908531
1523.127930	-92.539207
1522.113281	-44.022377
1521.097656	-91.553940
1520.082031	67.680916
1519.065430	-58.615967
1518.049805	-39.686565
1517.033203	230.106689
1516.016602	98.940002
1515.000000	9.628367
1513.982422	30.957745
1512.965820	253.824814
1511.948242	-100.839699
1510.930664	58.079857
1509.913086	-1.654157
1508.894531	159.627151
1507.875977	-170.163696
1506.857422	197.280624
1505.838867	51.687355
1504.820313	114.711487
1503.800781	-20.989662
1502.781250	86.168282
1501.761719	232.525879
1500.742188	121.431526
1499.721680	59.398106
1498.702148	-54.037373
1497.681641	324.995880
1496.661133	157.677856
1495.639648	63.892673
1494.618164	14.234369
1493.597656	116.394539
1492.576172	115.724701
1491.553711	-2.385615
1490.532227	75.287750
1489.509766	99.127716
1488.487305	-1.728824
1487.464844	-134.302582
1486.442383	148.713882
1485.418945	-103.545021
1484.395508	-57.610512
1483.372070	276.561188
1482.348633	97.773567
1481.324219	385.415100
1480.300781	140.824554
1479.276367	113.559326
1478.251953	149.775482
1477.226563	95.726868
1476.202148	151.503891
1475.176758	-99.978348
1474.151367	94.828651
1473.125000	-12.676629
1472.099609	-93.279076
1471.073242	11.340991
1470.046875	38.001427
1469.020508	-42.470863
1467.994141	349.493225
1466.966797	191.147827
1465.939453	203.277435
1464.912109	122.972588
1463.884766	327.382416
1462.856445	363.901886
1461.829102	237.532257
1460.800781	451.621338
1459.772461	675.382996
1458.743164	566.136108
1457.714844	656.233154
1456.685547	566.559387
1455.656250	753.838135
1454.625977	596.269409
1453.596680	567.494202
1452.566406	713.517273
1451.536133	738.194580
1450.505859	534.856812
1449.474609	649.389587
1448.444336	494.757599
1447.413086	611.776672
1446.381836	435.486023
1445.350586	758.569641
1444.318359	463.683105
1443.286133	457.252014
1442.253906	739.093323
1441.221680	635.853882
1440.189453	469.768494
1439.156250	175.510483
1438.123047	210.540314
1437.089844	-170.526398
1436.056641	-38.570126
1435.022461	221.543518
1433.988281	29.464159
1432.954102	156.614014
1431.919922	97.669189
1430.885742	21.893648
1429.850586	98.390762
1428.815430	191.819565
1427.780273	-28.653673
1426.744141	115.564796
1425.708984	136.692535
1424.672852	-25.546043
1423.636719	169.423706
1422.600586	99.029694
1421.563477	4.594444
1420.527344	47.711742
1419.490234	-290.028198
1418.452148	-20.220770
1417.415039	-61.296047
1416.376953	-266.124420
1415.338867	6.096644
1414.300781	-468.242188
1413.262695	76.081818
1412.224609	-133.171585
1411.185547	-48.689133
1410.146484	-31.551517
1409.107422	16.913116
1408.067383	-78.893944
1407.027344	-83.227463
1405.987305	11.062906
1404.947266	83.744652
1403.907227	41.114548
1402.866211	-15.861404
1401.826172	237.105240
1400.785156	141.811844
1399.743164	116.233047
1398.702148	292.369781
1397.660156	394.082214
1396.618164	299.067963
1395.576172	410.453766
1394.533203	670.534119
1393.491211	820.277954
1392.448242	833.360596
1391.405273	1392.959595
1390.361328	1370.076782
1389.318359	1114.889404
1388.274414	1873.038208
1387.230469	1878.981567
1386.186523	1794.000488
1385.141602	1891.024780
1384.097656	2375.768311
1383.052734	2094.699951
1382.007813	2562.551758
1380.961914	2420.380127
1379.916992	2122.916504
1378.871094	2004.921265
1377.825195	1908.541870
1376.778320	1625.862549
1375.732422	1665.893188
1374.685547	1533.976685
1373.638672	1170.529907
1372.591797	1241.823730
1371.543945	1298.806152
1370.497070	973.990051
1369.449219	1021.568726
1368.400391	735.201965
1367.352539	1202.667969
1366.303711	1233.621216
1365.255859	966.628784
1364.206055	1312.321411
1363.157227	859.649231
1362.108398	900.378906
1361.058594	802.980164
1360.008789	903.325989
1358.958984	1196.525146
1357.908203	842.180420
1356.857422	1221.025879
1355.806641	1035.853882
1354.755859	1086.310303
1353.705078	986.955261
1352.653320	433.524353
1351.601563	940.636230
1350.549805	946.077393
1349.498047	421.655762
1348.445313	622.093750
1347.393555	691.856934
1346.340820	669.009766
1345.287109	489.504944
1344.234375	578.354614
1343.180664	527.178284
1342.126953	570.968933
1341.073242	261.327545
1340.019531	623.032776
1338.964844	564.918579
1337.910156	231.876404
1336.855469	164.464111
1335.799805	343.543213
1334.745117	385.183777
1333.689453	50.228569
1332.633789	-99.839462
1331.578125	209.490753
1330.521484	414.563293
1329.464844	-104.576523
1328.408203	-84.011360
1327.351563	14.635084
1326.294922	297.737183
1325.237305	51.098137
1324.179688	-280.510284
1323.122070	-4.541897
1322.064453	-21.669168
1321.005859	-41.133671
1319.947266	-192.829819
1318.888672	-186.223068
1317.830078	-153.622665
1316.770508	25.319828
1315.710938	-213.485428
1314.651367	-183.199219
1313.591797	26.369280
1312.531250	-108.456818
1311.471680	30.311157
1310.411133	-87.912315
1309.349609	109.735527
1308.289063	-27.266550
1307.227539	3.060541
1306.166016	35.749832
1305.104492	26.056610
1304.042969	56.406086
1302.980469	126.764221
1301.917969	-0.562592
1300.855469	147.448532
1299.792969	-111.517387
1298.729492	179.925613
1297.666016	40.994038
1296.602539	38.474464
1295.539063	-48.635578
1294.474609	111.007027
1293.411133	-340.170227
1292.346680	-164.070435
1291.281250	162.235672
1290.216797	-89.088181
1289.151367	316.879272
1288.085938	143.079041
1287.020508	250.889587
1285.955078	210.892456
1284.888672	234.229797
1283.822266	325.555481
1282.755859	241.046829
1281.689453	299.537384
1280.622070	104.958435
1279.554688	-5.200243
1278.487305	329.666443
1277.419922	111.810020
1276.351563	395.007568
1275.283203	207.660995
1274.214844	6.359749
1273.146484	366.609344
1272.077148	336.100952
1271.008789	125.560562
1269.939453	169.935364
1268.869141	370.891083
1267.799805	525.030579
1266.729492	-143.296478
1265.659180	181.399658
1264.588867	244.399963
1263.517578	377.409424
1262.447266	94.864876
1261.375977	272.192230
1260.304688	55.117611
1259.232422	428.322601
1258.161133	229.968689
1257.088867	749.870483
1256.016602	563.179932
1254.943359	395.207581
1253.871094	746.954712
1252.797852	951.767273
1251.724609	562.543335
1250.650391	730.036865
1249.577148	911.432678
1248.502930	806.434326
1247.428711	685.191711
1246.354492	601.224304
1245.279297	531.243042
1244.204102	703.153931
1243.128906	679.675476
1242.053711	602.741211
1240.977539	458.429382
1239.902344	509.366333
1238.826172	460.380646
1237.750000	532.184814
1236.672852	473.911865
1235.595703	445.840729
1234.518555	410.815125
1233.441406	426.854492
1232.364258	257.281036
1231.286133	489.046204
1230.208008	347.346893
1229.129883	194.112778
1228.051758	80.349678
1226.972656	175.196533
1225.893555	93.908897
1224.814453	320.740662
1223.734375	135.225327
1222.655273	3.049764
1221.575195	414.927490
1220.495117	222.559402
1219.415039	-25.261564
1218.333984	-41.646378
1217.252930	196.389038
1216.171875	226.204086
1215.090820	283.744080
1214.008789	188.696930
1212.926758	-54.203327
1211.844727	81.892982
1210.762695	231.784729
1209.679688	157.595322
1208.597656	71.900337
1207.513672	-173.049179
1206.430664	133.675507
1205.347656	-392.665436
1204.263672	-242.903671
1203.179688	137.415634
1202.095703	65.638237
1201.010742	358.110229
1199.925781	18.952469
1198.840820	64.747009
1197.755859	94.392365
1196.670898	-207.638748
1195.584961	63.824036
1194.499023	47.389793
1193.413086	49.374992
1192.326172	16.832811
1191.239258	90.130135
1190.152344	34.585377
1189.065430	-32.434204
1187.978516	38.520668
1186.890625	118.628189
1185.802734	127.458336
1184.714844	-13.063055
1183.625977	16.455107
1182.538086	266.435883
1181.449219	249.952423
1180.360352	710.949646
1179.270508	492.398804
1178.180664	386.375580
1177.090820	243.694534
1176.000977	784.545166
1174.911133	417.116882
1173.820313	588.584045
1172.729492	443.678650
1171.638672	349.246399
1170.547852	467.916229
1169.456055	258.987427
1168.364258	338.684143
1167.272461	164.215378
1166.179688	459.050323
1165.087891	467.703674
1163.995117	830.973206
1162.902344	1260.415039
1161.808594	685.701599
1160.715820	1444.224365
1159.622070	1070.880737
1158.528320	942.236633
1157.433594	1117.530762
1156.339844	947.812805
1155.245117	999.695068
1154.149414	613.138428
1153.054688	687.897522
1151.958984	630.235168
1150.863281	346.695496
1149.767578	88.374176
1148.671875	254.398026
1147.575195	422.617065
1146.478516	-6.549484
1145.381836	521.773254
1144.285156	202.151489
1143.187500	-21.650698
1142.089844	-329.634033
1140.992188	-79.556557
1139.894531	-116.463348
1138.795898	-153.367767
1137.697266	-17.301809
1136.598633	-188.459076
1135.499023	-198.046295
1134.400391	-162.142929
1133.300781	-87.615326
1132.201172	11.879429
1131.100586	-134.134949
1130.000977	53.928024
1128.900391	-162.466003
1127.799805	118.615692
1126.698242	-45.490726
1125.596680	262.657196
1124.495117	-219.173279
1123.393555	23.056519
1122.291992	144.932159
1121.189453	491.278046
1120.086914	758.095154
1118.984375	965.836182
1117.881836	917.350403
1116.778320	868.868347
1115.674805	1096.797241
1114.571289	1034.683350
1113.466797	1158.271240
1112.363281	1161.803101
1111.258789	950.277893
1110.153320	1021.704590
1109.048828	973.177551
1107.943359	981.203064
1106.837891	851.254700
1105.732422	662.564270
1104.625977	715.807556
1103.520508	775.797485
1102.414063	399.655457
1101.306641	620.027344
1100.200195	122.095306
1099.092773	602.054871
1097.985352	386.485046
1096.877930	606.582520
1095.769531	361.725830
1094.661133	471.136658
1093.552734	442.896393
1092.444336	218.467194
1091.335938	-75.770744
1090.226563	6.492722
1089.117188	289.244843
1088.006836	254.178528
1086.897461	180.817932
1085.787109	224.553406
1084.676758	333.530457
1083.566406	462.685852
1082.455078	440.972046
1081.343750	626.224121
1080.232422	552.685303
1079.121094	584.843201
1078.008789	500.033020
1076.896484	554.591675
1075.784180	505.713715
1074.671875	632.074097
1073.558594	394.431732
1072.445313	51.307251
1071.332031	332.486938
1070.217773	400.239349
1069.104492	236.770935
1067.990234	340.332458
1066.875977	271.077515
1065.760742	85.178810
1064.645508	65.245056
1063.530273	314.285126
1062.415039	36.477859
1061.299805	119.505959
1060.183594	137.475525
1059.067383	-144.731125
1057.951172	18.740570
1056.833984	260.434113
1055.716797	-53.104065
1054.599609	148.115402
1053.482422	-140.750198
1052.364258	93.830772
1051.247070	-22.815069
1050.128906	14.786509
1049.009766	166.298553
1047.891602	427.190521
1046.772461	180.746948
1045.653320	171.122070
1044.533203	284.253418
1043.414063	57.923389
1042.293945	-114.804619
1041.173828	169.962143
1040.052734	73.006721
1038.932617	49.650959
1037.811523	-38.442474
1036.689453	-200.147644
1035.568359	-281.593567
1034.446289	165.093079
1033.324219	16.613981
1032.202148	-22.719183
1031.079102	84.870422
1029.957031	14.225048
1028.833984	-69.825455
1027.709961	-9.262534
1026.586914	242.559174
1025.462891	11.459439
1024.338867	154.023285
1023.214844	-146.031296
1022.089844	198.630753
1020.964844	-321.491272
1019.839844	-274.851227
1018.714844	-32.820885
1017.588867	237.879898
1016.462891	70.944115
1015.336914	79.376938
1014.210938	338.523438
1013.083984	11.651856
1011.957031	-184.267181
1010.830078	58.970825
1009.702148	497.135895
1008.574219	622.427490
1007.446289	1467.915283
1006.318359	2002.698486
1005.190430	3130.881836
1004.061523	3206.366455
1002.932617	2362.746094
1001.802734	1284.738281
1000.673828	749.423035
999.543945	362.514099
998.414063	263.301483
997.283203	-121.302673
996.153320	199.616592
995.022461	159.915009
993.891602	277.072479
992.759766	299.049713
991.628906	254.653046
990.497070	495.112701
989.364258	558.688110
988.232422	1182.943848
987.099609	767.152832
985.966797	980.403076
984.833984	893.401550
983.700195	1179.116455
982.566406	1219.815674
981.432617	1172.208496
980.298828	1120.119019
979.164063	1056.925415
978.029297	868.079712
976.894531	467.757935
975.759766	604.882141
974.624023	369.734619
973.488281	515.422119
972.352539	282.413696
971.215820	60.409512
970.080078	179.389175
968.943359	254.221359
967.805664	518.007874
966.668945	443.062897
965.531250	666.940308
964.393555	345.706696
963.254883	826.325684
962.117188	399.604279
960.978516	139.847946
959.839844	264.287811
958.700195	531.225159
957.561523	725.557678
956.421875	823.174316
955.281250	453.493805
954.141602	715.410278
953.000977	1130.562500
951.860352	979.981262
950.719727	1041.931152
949.578125	608.662598
948.436523	525.942810
947.294922	548.284790
946.153320	485.160400
945.010742	87.107018
943.868164	98.347443
942.725586	452.972839
941.583008	11.232600
940.439453	254.035187
939.295898	35.375256
938.152344	-89.271095
937.007813	205.606110
935.863281	80.829956
934.718750	78.357117
933.574219	69.273224
932.428711	191.101898
931.283203	-88.786530
930.137695	-34.739925
928.992188	-227.299438
927.845703	-107.939499
926.699219	294.794556
925.552734	171.883102
924.405273	319.234619
923.257813	-219.946060
922.110352	49.339191
920.962891	390.332703
919.814453	3.796437
918.666016	296.652344
917.517578	201.902588
916.369141	65.816986
915.219727	90.739632
914.070313	-25.758881
912.920898	79.575737
911.770508	119.597412
910.621094	-170.789108
909.470703	-161.192719
908.319336	-169.015289
907.168945	-161.631210
906.017578	177.969818
904.866211	22.403681
903.713867	229.368240
902.562500	19.596678
901.410156	33.366978
900.256836	-167.618927
899.104492	-6.346591
897.951172	-200.717560
896.797852	370.149872
895.644531	177.967422
894.490234	-137.617432
893.335938	231.423477
892.181641	35.112545
891.027344	42.425312
889.872070	15.114873
888.716797	-53.271069
887.561523	16.870039
886.405273	253.551224
885.249023	172.269363
884.092773	108.363373
882.936523	-253.759445
881.779297	65.035278
880.622070	-87.257660
879.464844	285.452667
878.307617	-2.760405
877.149414	33.054165
875.991211	-129.669540
874.833008	337.884033
873.673828	-70.667877
872.514648	-99.328842
871.355469	-58.894634
870.196289	-117.577049
869.036133	287.264893
867.875977	211.439819
866.715820	103.421463
865.554688	-64.783714
864.394531	113.908424
863.233398	249.539078
862.071289	331.381042
860.910156	628.498352
859.748047	409.213928
858.585938	306.294678
857.422852	536.843262
856.259766	326.655548
855.096680	402.564545
853.933594	332.428528
852.770508	288.228851
851.606445	76.621422
850.442383	84.286186
849.277344	-176.306351
848.113281	-0.895555
846.948242	71.552597
845.783203	229.924500
844.617188	28.001575
843.451172	-34.291061
842.285156	295.937744
841.119141	83.868195
839.952148	377.780060
838.785156	133.951294
837.618164	-265.967407
836.451172	180.338699
835.283203	-0.711559
834.115234	139.555435
832.947266	292.764801
831.778320	108.028961
830.609375	41.192806
829.440430	-10.468375
828.271484	389.179993
827.101563	222.383545
825.931641	-25.361422
824.761719	423.677124
823.590820	402.768494
822.420898	584.933289
821.250000	71.192940
820.078125	432.998444
818.907227	359.503937
817.735352	540.108582
816.562500	377.403625
815.390625	330.129913
814.217773	570.876709
813.044922	-23.825216
811.872070	651.995361
810.698242	187.893723
809.524414	-188.467407
808.350586	80.771614
807.176758	179.765244
806.001953	178.863907
804.827148	78.145264
803.651367	205.303604
802.476563	2.928368
801.300781	79.404396
800.125000	260.212463
798.948242	120.181862
797.772461	150.415848
796.595703	699.194641
795.417969	370.705231
794.241211	507.610077
793.063477	336.805237
791.885742	176.884720
790.707031	382.203461
789.529297	233.332275
788.350586	460.126984
787.170898	245.933853
785.992188	322.468781
784.812500	456.369415
783.632813	656.075378
782.452148	531.730835
781.272461	316.551910
780.091797	467.966034
778.911133	445.886230
777.729492	335.085693
776.547852	247.777649
775.366211	317.218689
774.184570	242.964050
773.001953	124.491928
771.819336	-196.717880
770.636719	-52.659363
769.453125	-233.930511
768.269531	96.248459
767.085938	-61.464489
765.902344	-233.755280
764.717773	-201.069611
763.533203	-62.751747
762.348633	-133.271179
761.163086	-68.638138
759.977539	-122.031563
758.791992	-128.909592
757.606445	-15.527340
756.419922	-249.848312
755.233398	87.033684
754.046875	-121.752052
752.859375	116.117989
751.672852	284.464447
750.485352	391.750336
749.296875	267.546082
748.108398	450.645569
746.919922	196.165802
745.731445	80.653389
744.542969	95.588501
743.353516	121.056015
742.164063	426.044464
740.973633	43.855469
739.783203	-100.776527
738.592773	294.384216
737.402344	139.264740
736.211914	257.092926
735.020508	337.072479
733.829102	163.125168
732.636719	387.774963
731.444336	473.873352
730.251953	417.321930
729.059570	226.596527
727.866211	115.539383
726.673828	12.856578
725.479492	-60.523556
724.286133	-22.954350
723.091797	-194.848404
721.897461	47.695194
720.703125	70.301147
719.507813	80.243309
718.312500	-125.363976
717.117188	-84.229683
715.921875	-137.310669
714.725586	-150.778198
713.529297	222.219315
712.332031	-2.596701
711.135742	177.758789
709.938477	351.618927
708.740234	389.547211
707.542969	210.238983
706.344727	1103.418091
705.146484	1674.737305
703.948242	2072.507813
702.749023	2203.010498
701.549805	2272.827393
700.350586	1806.790161
699.150391	1280.369995
697.950195	739.437439
696.750000	592.221863
695.549805	13.874902
694.348633	309.951080
693.147461	366.362427
691.946289	264.432068
690.744141	91.639488
689.541992	135.049240
688.339844	253.118942
687.136719	206.733856
685.934570	563.397339
684.730469	304.691254
683.527344	434.412720
682.323242	256.548035
681.119141	456.513306
679.915039	79.167763
678.710938	295.416412
677.505859	268.683044
676.300781	117.393539
675.094727	1.326988
673.889648	96.719986
672.683594	519.500183
671.476563	152.443680
670.270508	23.792597
669.063477	75.380074
667.856445	-26.309069
666.648438	103.939705
665.440430	-16.296347
664.232422	20.852352
663.024414	10.475503
661.815430	329.080505
660.606445	70.711151
659.397461	17.297535
658.188477	-17.302822
656.978516	4.121651
655.768555	-3.137042
654.557617	-103.056709
653.346680	156.698929
652.135742	-130.398285
650.924805	41.250401
649.712891	-34.362949
648.501953	-222.913940
647.289063	-190.157486
646.077148	-148.579697
644.864258	-166.172958
643.651367	-28.491138
642.438477	-77.638855
641.224609	-233.080978
640.010742	9.911788
638.796875	206.359680
637.582031	166.977951
636.367188	198.654358
635.152344	381.661621
633.937500	57.689457
632.721680	82.738083
631.505859	662.248657
630.289063	391.917694
629.073242	840.500610
627.856445	756.310730
626.639648	938.883972
625.421875	1065.715332
624.204102	736.566101
622.986328	142.767929
621.768555	107.556458
620.549805	261.358948
619.331055	142.612183
618.111328	28.513573
616.892578	-218.231918
