1721.000977	163.568512
1720.027344	268.126984
1719.052734	75.272240
1718.078125	43.622665
1717.104492	85.905365
1716.128906	291.804443
1715.154297	117.686844
1714.178711	20.103453
1713.204102	-198.295044
1712.228516	-1.868960
1711.251953	-90.302872
1710.276367	156.532837
1709.299805	218.519943
1708.324219	67.670998
1707.347656	-29.675667
1706.370117	49.316113
1705.393555	-227.653580
1704.416016	-41.718422
1703.438477	-147.685287
1702.460938	78.618591
1701.483398	59.174057
1700.505859	-39.698692
1699.527344	127.058556
1698.548828	-120.354645
1697.570313	148.212540
1696.591797	-130.050461
1695.612305	-237.265488
1694.632813	58.818604
1693.653320	-196.668610
1692.673828	-25.974899
1691.694336	-26.389486
1690.713867	-230.981979
1689.734375	171.447311
1688.753906	-260.178589
1687.772461	-151.252121
1686.791992	-29.652378
1685.810547	40.864552
1684.830078	113.889702
1683.848633	-80.622826
1682.866211	33.042427
1681.884766	-49.379829
1680.902344	364.587006
1679.919922	-46.224319
1678.937500	-115.894379
1677.955078	-147.369293
1676.971680	111.110664
1675.989258	188.975739
1675.005859	180.359253
1674.022461	90.430275
1673.038086	33.580490
1672.054688	-13.026705
1671.070313	-237.424606
1670.085938	185.949326
1669.101563	-43.398064
1668.117188	108.201996
1667.131836	3.405892
1666.146484	35.734150
1665.161133	-28.311037
1664.175781	-145.546021
1663.189453	107.565987
1662.204102	175.558411
1661.217773	-131.624252
1660.231445	212.742264
1659.245117	19.827143
1658.257813	93.041748
1657.270508	-26.210632
1656.284180	-66.823997
1655.295898	100.209053
1654.308594	64.755402
1653.321289	312.831421
1652.333008	176.246582
1651.344727	-152.475845
1650.356445	83.019691
1649.367188	207.200851
1648.378906	40.679268
1647.389648	71.427193
1646.400391	243.746292
1645.411133	145.714355
1644.420898	163.966919
1643.431641	2.985565
1642.441406	155.215546
1641.451172	-8.114481
1640.459961	232.496277
1639.469727	23.924995
1638.478516	-161.816299
1637.487305	426.949738
1636.496094	-20.945826
1635.504883	489.503906
1634.512695	298.998993
1633.520508	136.353073
1632.528320	366.910736
1631.536133	751.100525
1630.543945	560.923218
1629.550781	738.506897
1628.557617	404.990662
1627.564453	489.504242
1626.571289	775.356873
1625.578125	812.051147
1624.583984	999.685974
1623.589844	1119.384521
1622.595703	1420.120117
1621.601563	1620.213623
1620.606445	1501.039429
1619.611328	1552.831787
1618.616211	1752.872681
1617.621094	1500.734741
1616.625977	1761.049438
1615.629883	1601.963013
1614.633789	1485.652588
1613.637695	1457.265503
1612.641602	1584.493530
1611.645508	1458.317749
1610.648438	1683.347290
1609.651367	1609.900146
1608.654297	1629.271729
1607.657227	1666.204834
1606.659180	2079.041260
1605.662109	1990.630493
1604.664063	1919.794312
1603.666016	1781.383667
1602.666992	2083.730469
1601.668945	1940.370117
1600.669922	1742.001099
1599.670898	1971.642456
1598.671875	1725.839844
1597.671875	1527.658081
1596.672852	1439.625977
1595.672852	1419.130371
1594.672852	1286.158936
1593.671875	1130.737427
1592.671875	1237.777588
1591.670898	995.004333
1590.669922	772.317322
1589.668945	1051.662842
1588.667969	591.879761
1587.666016	531.652405
1586.664063	551.312134
1585.662109	488.625732
1584.660156	787.676208
1583.658203	11.660059
1582.655273	604.898499
1581.652344	327.820679
1580.649414	474.578186
1579.646484	429.389038
1578.642578	424.055084
1577.638672	353.950867
1576.634766	361.073792
1575.630859	400.552155
1574.626953	467.389313
1573.622070	-95.507294
1572.618164	299.844635
1571.613281	314.368042
1570.607422	-116.367149
1569.602539	179.219009
1568.596680	59.448063
1567.590820	310.087372
1566.584961	-40.804787
1565.579102	343.896271
1564.572266	-59.069687
1563.566406	248.457611
1562.559570	193.290085
1561.551758	-50.564671
1560.544922	55.659203
1559.537109	60.062733
1558.530273	-124.088165
1557.521484	34.092541
1556.513672	293.894470
1555.505859	15.528343
1554.497070	-183.427948
1553.488281	-161.735870
1552.479492	-26.082882
1551.470703	305.212769
1550.460938	51.795441
1549.451172	-15.803218
1548.441406	-239.364304
1547.431641	-42.043900
1546.421875	85.888687
1545.411133	-179.673996
1544.400391	-69.129875
1543.389648	127.917801
1542.378906	-179.559967
1541.367188	-172.973251
1540.355469	-45.290222
1539.343750	20.550045
1538.332031	-224.946213
1537.320313	-196.167236
1536.307617	37.543365
1535.294922	-301.676971
1534.282227	-243.325821
1533.269531	-377.515991
1532.256836	149.633911
1531.243164	274.417084
1530.229492	36.568741
1529.215820	45.409714
1528.202148	150.393723
1527.187500	53.183212
1526.172852	-191.851807
1525.158203	105.261917
1524.143555	224.886368
1523.127930	-229.401855
1522.113281	25.665915
1521.097656	132.894623
1520.082031	99.787132
1519.065430	108.506065
1518.049805	23.751709
1517.033203	-137.235306
1516.016602	324.022461
1515.000000	133.541412
1513.982422	262.683472
1512.965820	-151.343277
1511.948242	154.727310
1510.930664	20.943003
1509.913086	385.806549
1508.894531	367.433929
1507.875977	-78.099762
1506.857422	239.923080
1505.838867	106.282547
1504.820313	-5.208032
1503.800781	96.749100
1502.781250	306.582458
1501.761719	-13.277391
1500.742188	88.654709
1499.721680	148.875870
1498.702148	155.197174
1497.681641	141.914719
1496.661133	160.497955
1495.639648	445.992889
1494.618164	36.066193
1493.597656	145.284775
1492.576172	256.905945
1491.553711	96.891617
1490.532227	269.677399
1489.509766	70.643852
1488.487305	-42.700752
1487.464844	-6.843870
1486.442383	231.889175
1485.418945	-62.187721
1484.395508	137.402328
1483.372070	107.330078
1482.348633	1.594377
1481.324219	220.646011
1480.300781	34.437458
1479.276367	-83.343391
1478.251953	47.842567
1477.226563	110.680641
1476.202148	24.765541
1475.176758	151.053040
1474.151367	262.695343
1473.125000	232.934509
1472.099609	27.784842
1471.073242	266.171173
1470.046875	226.800171
1469.020508	270.291748
1467.994141	133.623154
1466.966797	379.232056
1465.939453	556.629578
1464.912109	295.996124
1463.884766	242.307022
1462.856445	371.087921
1461.829102	244.541504
1460.800781	305.284882
1459.772461	866.781982
1458.743164	482.709106
1457.714844	507.057434
1456.685547	599.444519
1455.656250	798.705139
1454.625977	776.947327
1453.596680	1095.140381
1452.566406	529.751831
1451.536133	561.606384
1450.505859	336.331604
1449.474609	552.645081
1448.444336	562.804565
1447.413086	706.350342
1446.381836	435.376373
1445.350586	620.195557
1444.318359	737.131348
1443.286133	587.597717
1442.253906	598.036499
1441.221680	383.330963
1440.189453	435.079163
1439.156250	237.540253
1438.123047	49.825138
1437.089844	118.705681
1436.056641	463.367767
1435.022461	63.068867
1433.988281	327.911713
1432.954102	234.935654
1431.919922	105.805099
1430.885742	-86.030457
1429.850586	263.397614
1428.815430	298.752228
1427.780273	70.945732
1426.744141	178.862930
1425.708984	-70.421280
1424.672852	-177.170685
1423.636719	285.587738
1422.600586	39.026085
1421.563477	-24.093647
1420.527344	84.083939
1419.490234	-359.772675
1418.452148	126.918839
1417.415039	90.595482
1416.376953	-244.390335
1415.338867	-213.064255
1414.300781	-188.910599
1413.262695	198.840210
1412.224609	-260.792236
1411.185547	-3.029768
1410.146484	4.460945
1409.107422	-117.884567
1408.067383	115.813644
1407.027344	135.478470
1405.987305	-56.349136
1404.947266	-41.333271
1403.907227	36.217392
1402.866211	82.556129
1401.826172	1.650828
1400.785156	-43.146149
1399.743164	39.374271
1398.702148	249.156082
1397.660156	269.311798
1396.618164	267.929504
1395.576172	552.071533
1394.533203	680.253296
1393.491211	391.242310
1392.448242	1221.936890
1391.405273	1491.494873
1390.361328	1171.508301
1389.318359	1544.107178
1388.274414	1792.043945
1387.230469	1829.200806
1386.186523	2244.690674
1385.141602	2458.982910
1384.097656	2386.075928
1383.052734	2693.683350
1382.007813	2730.910156
1380.961914	2713.158936
1379.916992	2274.654541
1378.871094	2053.933350
1377.825195	2196.660156
1376.778320	1622.499878
1375.732422	2083.125732
1374.685547	1862.863892
1373.638672	1788.425781
1372.591797	1241.349976
1371.543945	1604.006714
1370.497070	1443.935669
1369.449219	988.118042
1368.400391	1021.563232
1367.352539	1357.955200
1366.303711	1133.902222
1365.255859	778.896606
1364.206055	1038.999878
1363.157227	882.051941
1362.108398	1113.556030
1361.058594	1437.898560
1360.008789	1083.465698
1358.958984	1055.415283
1357.908203	1096.452148
1356.857422	847.184937
1355.806641	1133.423828
1354.755859	1324.439697
1353.705078	1084.954834
1352.653320	840.859802
1351.601563	979.659607
1350.549805	780.951233
1349.498047	487.330017
1348.445313	856.702393
1347.393555	900.570251
1346.340820	775.854614
1345.287109	646.480835
1344.234375	154.050186
1343.180664	307.368652
1342.126953	382.372253
1341.073242	455.015564
1340.019531	288.139862
1338.964844	149.825867
1337.910156	146.739899
1336.855469	643.789612
1335.799805	408.458221
1334.745117	111.685898
1333.689453	430.900635
1332.633789	82.229416
1331.578125	-41.334148
1330.521484	95.560570
1329.464844	125.944748
1328.408203	175.284622
1327.351563	-23.734800
1326.294922	30.424990
1325.237305	-26.539440
1324.179688	-128.356903
1323.122070	140.968124
1322.064453	-71.822678
1321.005859	117.115837
1319.947266	-86.066399
1318.888672	-69.516411
1317.830078	-133.207397
1316.770508	-536.739319
1315.710938	-272.222168
1314.651367	-59.689720
1313.591797	122.117310
1312.531250	-73.461456
1311.471680	-363.227905
1310.411133	-117.738564
1309.349609	-39.663734
1308.289063	-51.121922
1307.227539	-79.044403
1306.166016	97.981949
1305.104492	-33.510147
1304.042969	-270.857147
1302.980469	-166.791306
1301.917969	-159.225830
1300.855469	-90.463898
1299.792969	58.269382
1298.729492	-119.928062
1297.666016	-18.231218
1296.602539	19.976639
1295.539063	293.210663
1294.474609	-432.253326
1293.411133	52.430149
1292.346680	-167.665329
1291.281250	-134.057709
1290.216797	5.211670
1289.151367	74.021225
1288.085938	121.703568
1287.020508	183.463348
1285.955078	99.796265
1284.888672	-16.654438
1283.822266	178.789474
1282.755859	282.750671
1281.689453	159.369339
1280.622070	-43.609547
1279.554688	254.808563
1278.487305	454.754150
1277.419922	-75.902039
1276.351563	327.717834
1275.283203	188.200058
1274.214844	137.677094
1273.146484	-90.601410
1272.077148	172.398788
1271.008789	-44.061729
1269.939453	522.769470
1268.869141	336.728119
1267.799805	309.697723
1266.729492	460.249176
1265.659180	171.615143
1264.588867	-11.790608
1263.517578	446.962830
1262.447266	-11.840788
1261.375977	297.379486
1260.304688	151.487045
1259.232422	19.660965
1258.161133	137.466141
1257.088867	348.495361
1256.016602	636.373718
1254.943359	392.725739
1253.871094	279.696198
1252.797852	602.376099
1251.724609	517.316345
1250.650391	972.553528
1249.577148	654.654297
1248.502930	788.465637
1247.428711	547.557922
1246.354492	532.448425
1245.279297	729.029419
1244.204102	748.785278
1243.128906	187.262650
1242.053711	818.521851
1240.977539	538.457214
1239.902344	472.304962
1238.826172	192.459351
1237.750000	217.002304
1236.672852	466.775421
1235.595703	533.044189
1234.518555	323.091675
1233.441406	222.302460
1232.364258	448.690063
1231.286133	-88.140182
1230.208008	277.362366
1229.129883	341.310791
1228.051758	48.269455
1226.972656	-38.388680
1225.893555	361.560791
1224.814453	140.533737
1223.734375	162.776276
1222.655273	180.393448
1221.575195	-26.544275
1220.495117	69.804649
1219.415039	311.891266
1218.333984	-63.803905
1217.252930	-87.769424
1216.171875	179.641052
1215.090820	190.323898
1214.008789	180.199158
1212.926758	495.912964
1211.844727	236.219116
1210.762695	-23.351255
1209.679688	-141.942520
1208.597656	-246.615906
1207.513672	-51.173367
1206.430664	-70.428413
1205.347656	7.236316
1204.263672	-268.069580
1203.179688	-192.700043
1202.095703	23.292065
1201.010742	188.473404
1199.925781	226.823959
1198.840820	-161.117310
1197.755859	-9.813431
1196.670898	65.421028
1195.584961	-6.753494
1194.499023	-7.523062
1193.413086	187.354370
1192.326172	96.797104
1191.239258	123.617065
1190.152344	-123.289398
1189.065430	53.052177
1187.978516	144.249084
1186.890625	191.729385
1185.802734	115.094048
1184.714844	27.006952
1183.625977	-86.312775
1182.538086	0.229386
1181.449219	123.466339
1180.360352	320.108337
1179.270508	422.562012
1178.180664	362.059082
1177.090820	365.816162
1176.000977	367.282257
1174.911133	446.711121
1173.820313	526.097229
1172.729492	385.418427
1171.638672	423.539673
1170.547852	493.716614
1169.456055	696.705505
1168.364258	462.218445
1167.272461	333.151642
1166.179688	318.583679
1165.087891	919.618469
1163.995117	1007.880127
1162.902344	1006.893127
1161.808594	1067.646118
1160.715820	1363.875977
1159.622070	1205.071777
1158.528320	1023.480713
1157.433594	1129.859131
1156.339844	829.574463
1155.245117	693.850403
1154.149414	724.862427
1153.054688	233.093246
1151.958984	570.020447
1150.863281	525.727051
1149.767578	422.134552
1148.671875	252.439865
1147.575195	347.322998
1146.478516	175.423538
1145.381836	140.352448
1144.285156	251.130814
1143.187500	-11.789897
1142.089844	142.229858
1140.992188	50.230698
1139.894531	-246.643280
1138.795898	-293.014862
1137.697266	38.398018
1136.598633	-160.475372
1135.499023	-122.703194
1134.400391	-194.115341
1133.300781	-379.197327
1132.201172	-141.395584
1131.100586	141.735352
1130.000977	49.826492
1128.900391	-466.863556
1127.799805	-49.888725
1126.698242	-284.797729
1125.596680	-51.968670
1124.495117	151.238510
1123.393555	186.420898
1122.291992	276.021332
1121.189453	676.287842
1120.086914	813.314880
1118.984375	952.531677
1117.881836	1170.998169
1116.778320	840.946533
1115.674805	1303.975342
1114.571289	1524.414063
1113.466797	1060.828857
1112.363281	916.669373
1111.258789	992.105713
1110.153320	1013.166626
1109.048828	1120.178467
1107.943359	1034.838867
1106.837891	1236.722778
1105.732422	773.755310
1104.625977	760.801331
1103.520508	594.152405
1102.414063	786.802551
1101.306641	696.956116
1100.200195	539.375427
1099.092773	521.820068
1097.985352	621.628845
1096.877930	247.402512
1095.769531	344.900299
1094.661133	-22.402279
1093.552734	165.261581
1092.444336	260.354004
1091.335938	35.241337
1090.226563	285.758820
1089.117188	128.262909
1088.006836	313.227417
1086.897461	70.128067
1085.787109	299.981567
1084.676758	390.105438
1083.566406	329.340607
1082.455078	669.113892
1081.343750	356.236969
1080.232422	821.726563
1079.121094	931.644348
1078.008789	724.446167
1076.896484	1009.564941
1075.784180	588.851440
1074.671875	410.933655
1073.558594	498.101288
1072.445313	396.531555
1071.332031	362.313416
1070.217773	471.716949
1069.104492	105.240295
1067.990234	472.574860
1066.875977	36.605026
1065.760742	506.835052
1064.645508	-108.448181
1063.530273	141.797363
1062.415039	-89.993660
1061.299805	171.216934
1060.183594	273.187073
1059.067383	171.233124
1057.951172	111.807312
1056.833984	92.632278
1055.716797	15.208123
1054.599609	38.449982
1053.482422	75.036652
1052.364258	77.977692
1051.247070	-100.268204
1050.128906	92.604034
1049.009766	77.441032
1047.891602	138.201843
1046.772461	-178.716995
1045.653320	74.011314
1044.533203	272.944794
1043.414063	121.201118
1042.293945	-204.663391
1041.173828	118.941956
1040.052734	187.965591
1038.932617	140.898788
1037.811523	-13.280764
1036.689453	-89.445129
1035.568359	-194.624115
1034.446289	-114.877480
1033.324219	-422.930420
1032.202148	-133.943878
1031.079102	-70.114372
1029.957031	167.280960
1028.833984	-180.976471
1027.709961	-190.891479
1026.586914	39.423317
1025.462891	231.715759
1024.338867	10.167526
1023.214844	197.754532
1022.089844	-79.452621
1020.964844	-12.137263
1019.839844	-158.257004
1018.714844	102.128960
1017.588867	-37.483219
1016.462891	-121.614380
1015.336914	-212.462326
1014.210938	-150.218979
1013.083984	-17.107172
1011.957031	366.534271
1010.830078	117.788864
1009.702148	465.541046
1008.574219	544.784241
1007.446289	1095.994751
1006.318359	2174.246338
1005.190430	3293.997559
1004.061523	3307.882568
1002.932617	2739.274414
1001.802734	1404.803223
1000.673828	754.789673
999.543945	850.705322
998.414063	63.733974
997.283203	-15.189737
996.153320	126.968704
995.022461	264.527832
993.891602	426.234436
992.759766	377.817780
991.628906	607.709656
990.497070	585.571777
989.364258	1009.415710
988.232422	702.179565
987.099609	805.532593
985.966797	1288.310181
984.833984	1183.881592
983.700195	1304.380005
982.566406	1060.840454
981.432617	852.587280
980.298828	818.468445
979.164063	1053.113037
978.029297	657.404175
976.894531	741.984741
975.759766	319.898071
974.624023	527.601257
973.488281	785.737549
972.352539	645.313293
971.215820	229.806854
970.080078	-16.211567
968.943359	237.001343
967.805664	316.283905
966.668945	571.306396
965.531250	705.223938
964.393555	494.016724
963.254883	421.190125
962.117188	554.762878
960.978516	442.243225
959.839844	228.703491
958.700195	535.301331
957.561523	696.862854
956.421875	386.595001
955.281250	613.703735
954.141602	888.871155
953.000977	940.206177
951.860352	719.658997
950.719727	1114.853882
949.578125	764.932434
948.436523	765.517212
947.294922	630.259705
946.153320	670.118347
945.010742	569.787659
943.868164	775.769165
942.725586	592.175659
941.583008	395.467621
940.439453	214.066040
939.295898	187.892792
938.152344	343.070587
937.007813	-21.973780
935.863281	305.615448
934.718750	344.679840
933.574219	449.172363
932.428711	138.742401
931.283203	201.623032
930.137695	212.046600
928.992188	6.429107
927.845703	-7.228479
926.699219	317.063080
925.552734	-49.942253
924.405273	110.623741
923.257813	5.215329
922.110352	217.887405
920.962891	140.731964
919.814453	-56.212811
918.666016	236.741989
917.517578	57.204098
916.369141	443.498108
915.219727	-90.704926
914.070313	103.959885
912.920898	76.702003
911.770508	-313.655151
910.621094	-93.061607
909.470703	73.066551
908.319336	4.446694
907.168945	103.109367
906.017578	-43.687607
904.866211	52.733524
903.713867	-126.573135
902.562500	4.532440
901.410156	85.661720
900.256836	-89.209869
899.104492	-75.317291
897.951172	129.349518
896.797852	184.370789
895.644531	31.343100
894.490234	155.703690
893.335938	-155.348068
892.181641	-145.735046
891.027344	-99.296165
889.872070	-20.400602
888.716797	23.865826
887.561523	-70.320099
886.405273	263.834717
885.249023	-120.081810
884.092773	69.156006
882.936523	303.744507
881.779297	-64.663574
880.622070	68.386726
879.464844	4.871122
878.307617	364.704742
877.149414	-57.143040
875.991211	11.249379
874.833008	-84.329796
873.673828	260.319489
872.514648	-152.223175
871.355469	-64.191017
870.196289	67.000999
869.036133	245.619629
867.875977	-278.287048
866.715820	189.203903
865.554688	158.984482
864.394531	266.715363
863.233398	210.849472
862.071289	544.694702
860.910156	219.999130
859.748047	467.841095
858.585938	668.355835
857.422852	780.707336
856.259766	441.632080
855.096680	504.781403
853.933594	497.107361
852.770508	371.397888
851.606445	357.559692
850.442383	298.758240
849.277344	-15.384763
848.113281	355.493195
846.948242	419.453125
845.783203	45.847469
844.617188	324.618561
843.451172	148.782501
842.285156	46.072281
841.119141	10.009850
839.952148	-169.469849
838.785156	154.773575
837.618164	-45.757576
836.451172	154.419403
835.283203	136.282791
834.115234	-95.727005
832.947266	-154.119644
831.778320	82.919388
830.609375	82.595474
829.440430	120.945671
828.271484	-65.032112
827.101563	294.297302
825.931641	298.904053
824.761719	278.055420
823.590820	-287.273376
822.420898	775.073425
821.250000	551.861206
820.078125	407.904327
818.907227	353.845520
817.735352	445.072113
816.562500	406.327850
815.390625	523.472961
814.217773	389.184509
813.044922	218.918335
811.872070	136.303986
810.698242	62.434895
809.524414	189.019897
808.350586	-208.100739
807.176758	21.077200
806.001953	-139.165054
804.827148	-126.764275
803.651367	85.806976
802.476563	-129.033417
801.300781	117.863129
800.125000	90.597801
798.948242	437.624084
797.772461	-103.544296
796.595703	75.933594
795.417969	285.252838
794.241211	484.066406
793.063477	226.540146
791.885742	442.640411
790.707031	546.371887
789.529297	953.624023
788.350586	692.766602
787.170898	374.966553
785.992188	725.303345
784.812500	696.276428
783.632813	434.365631
782.452148	628.232300
781.272461	239.747025
780.091797	262.421722
778.911133	278.911011
777.729492	79.684784
776.547852	185.428375
775.366211	160.135071
774.184570	-87.049637
773.001953	154.496643
771.819336	-47.850510
770.636719	295.343140
769.453125	-318.659424
768.269531	-78.768509
767.085938	-204.214340
765.902344	-124.637436
764.717773	-66.071609
763.533203	-283.869598
762.348633	78.827698
761.163086	6.920084
759.977539	6.882211
758.791992	-159.610703
757.606445	165.268784
756.419922	110.748535
755.233398	-61.631252
754.046875	105.327660
752.859375	-47.810989
751.672852	108.732208
750.485352	40.050556
749.296875	470.260101
748.108398	340.669464
746.919922	-7.558824
745.731445	212.272858
744.542969	89.346397
743.353516	302.865997
742.164063	516.331055
740.973633	109.926125
739.783203	224.697250
738.592773	160.939316
737.402344	99.337769
736.211914	218.312424
735.020508	87.508759
733.829102	464.519287
732.636719	310.661285
731.444336	481.925690
730.251953	380.540802
729.059570	186.961472
727.866211	498.497131
726.673828	-88.946251
725.479492	-284.455627
724.286133	-142.752945
723.091797	13.493794
721.897461	0.072634
720.703125	-84.549576
719.507813	230.405457
718.312500	-237.133286
717.117188	-330.206482
715.921875	-46.995338
714.725586	-27.365940
713.529297	69.486404
712.332031	-40.636288
711.135742	149.967270
709.938477	492.812653
708.740234	438.723206
707.542969	641.272400
706.344727	1202.518799
705.146484	1279.382324
703.948242	2156.988281
702.749023	2489.811523
701.549805	2282.405762
700.350586	1826.936157
699.150391	1286.116577
697.950195	1005.814331
696.750000	475.574768
695.549805	420.197235
694.348633	350.126953
693.147461	48.928738
691.946289	14.063447
690.744141	172.531982
689.541992	337.021973
688.339844	380.694916
687.136719	324.420166
685.934570	162.047363
684.730469	537.755554
683.527344	333.587250
682.323242	501.136475
681.119141	327.970764
679.915039	163.068405
678.710938	270.006134
677.505859	266.817871
676.300781	547.719055
675.094727	114.991074
673.889648	453.684021
672.683594	45.916321
671.476563	106.636719
670.270508	304.031097
669.063477	87.021286
667.856445	0.567811
666.648438	183.298538
665.440430	506.711365
664.232422	147.101364
663.024414	23.573311
661.815430	-116.376808
660.606445	432.456787
659.397461	162.440506
658.188477	-220.991455
656.978516	594.467346
655.768555	75.121582
654.557617	-144.261887
653.346680	181.862701
652.135742	-53.422337
650.924805	27.509907
649.712891	-219.339676
648.501953	15.004754
647.289063	-117.468399
646.077148	-393.750885
644.864258	-168.436859
643.651367	65.570618
642.438477	1.294324
641.224609	-25.221020
640.010742	-104.568741
638.796875	55.729649
637.582031	490.563416
636.367188	211.899124
635.152344	271.745850
633.937500	565.013428
632.721680	470.502655
631.505859	383.335815
630.289063	544.094421
629.073242	1032.814209
627.856445	994.610291
626.639648	1019.483765
625.421875	1121.856567
624.204102	587.241638
622.986328	481.531830
621.768555	586.982544
620.549805	-46.387558
619.331055	65.067596
618.111328	194.982513
616.892578	-1.034765
