1721.000977	161.645874
1720.027344	31.788874
1719.052734	182.277618
1718.078125	211.373032
1717.104492	34.529617
1716.128906	16.074806
1715.154297	-136.365036
1714.178711	-81.726875
1713.204102	36.366608
1712.228516	-130.634888
1711.251953	45.175098
1710.276367	10.335456
1709.299805	74.858841
1708.324219	213.122757
1707.347656	-22.914249
1706.370117	-8.501056
1705.393555	-9.876350
1704.416016	26.691179
1703.438477	-72.726402
1702.460938	47.439423
1701.483398	126.276123
1700.505859	-61.115704
1699.527344	-113.332993
1698.548828	41.117386
1697.570313	251.396973
1696.591797	-46.966042
1695.612305	244.371643
1694.632813	142.156342
1693.653320	-133.839066
1692.673828	143.816071
1691.694336	-61.092598
1690.713867	-54.424412
1689.734375	-93.855675
1688.753906	-125.832680
1687.772461	-237.025101
1686.791992	179.267639
1685.810547	72.813843
1684.830078	126.772934
1683.848633	282.433350
1682.866211	160.287811
1681.884766	35.534565
1680.902344	287.442719
1679.919922	200.636459
1678.937500	322.412323
1677.955078	-120.730469
1676.971680	74.611526
1675.989258	165.542175
1675.005859	-46.209480
1674.022461	-107.977432
1673.038086	203.773163
1672.054688	83.407402
1671.070313	250.068787
1670.085938	226.125717
1669.101563	19.317297
1668.117188	-118.902763
1667.131836	148.983109
1666.146484	-40.055870
1665.161133	148.986145
1664.175781	23.380371
1663.189453	-36.280334
1662.204102	170.316818
1661.217773	224.685699
1660.231445	-101.154663
1659.245117	267.431305
1658.257813	-108.993774
1657.270508	132.756638
1656.284180	-23.160383
1655.295898	26.023418
1654.308594	181.520477
1653.321289	276.214996
1652.333008	21.674625
1651.344727	32.866318
1650.356445	56.705612
1649.367188	-71.201057
1648.378906	5.755794
1647.389648	254.549194
1646.400391	-14.807679
1645.411133	29.254463
1644.420898	85.919769
1643.431641	-130.161942
1642.441406	355.788727
1641.451172	142.272690
1640.459961	-25.727354
1639.469727	-1.843331
1638.478516	461.008728
1637.487305	293.092987
1636.496094	82.390167
1635.504883	408.834015
1634.512695	251.145340
1633.520508	272.478546
1632.528320	354.290710
1631.536133	501.585693
1630.543945	774.771606
1629.550781	511.469543
1628.557617	301.165558
1627.564453	594.386780
1626.571289	827.101807
1625.578125	1014.447083
1624.583984	696.088379
1623.589844	1122.318359
1622.595703	1088.234131
1621.601563	1184.903931
1620.606445	1756.567627
1619.611328	1370.588013
1618.616211	1401.837524
1617.621094	1508.440918
1616.625977	1235.801758
1615.629883	1397.639038
1614.633789	1466.537598
1613.637695	1073.622070
1612.641602	1571.659424
1611.645508	1678.139526
1610.648438	1631.566162
1609.651367	1344.284058
1608.654297	1408.130615
1607.657227	1504.542847
1606.659180	1593.385986
1605.662109	1617.070679
1604.664063	1690.833740
1603.666016	1934.879150
1602.666992	1753.129028
1601.668945	1746.722168
1600.669922	1552.581421
1599.670898	1561.221191
1598.671875	1607.389038
1597.671875	1408.387939
1596.672852	1354.538574
1595.672852	1283.193237
1594.672852	1136.886108
1593.671875	1008.115479
1592.671875	1074.322998
1591.670898	848.189331
1590.669922	964.338562
1589.668945	958.075012
1588.667969	714.630676
1587.666016	606.060852
1586.664063	430.153534
1585.662109	523.789307
1584.660156	472.698425
1583.658203	493.954895
1582.655273	363.074951
1581.652344	426.704071
1580.649414	393.096039
1579.646484	496.559296
1578.642578	273.576965
1577.638672	212.595444
1576.634766	311.022827
1575.630859	294.872711
1574.626953	171.682205
1573.622070	220.252930
1572.618164	241.446442
1571.613281	138.219589
1570.607422	154.404465
1569.602539	66.155632
1568.596680	114.664398
1567.590820	-85.421562
1566.584961	273.741608
1565.579102	197.935349
1564.572266	-61.684975
1563.566406	250.052826
1562.559570	338.158600
1561.551758	172.986160
1560.544922	-141.024765
1559.537109	68.682716
1558.530273	419.737823
1557.521484	371.247284
1556.513672	-36.801258
1555.505859	73.529076
1554.497070	87.116585
1553.488281	-50.484634
1552.479492	-59.174587
1551.470703	103.078400
1550.460938	369.275787
1549.451172	41.043968
1548.441406	-244.958405
1547.431641	6.302347
1546.421875	14.932191
1545.411133	16.124149
1544.400391	-76.682884
1543.389648	-251.058701
1542.378906	-44.561321
1541.367188	112.392998
1540.355469	91.331047
1539.343750	156.776840
1538.332031	-180.509247
1537.320313	-95.255119
1536.307617	-158.220627
1535.294922	-161.892670
1534.282227	150.422729
1533.269531	573.677429
1532.256836	19.639624
1531.243164	-312.143707
1530.229492	-54.290371
1529.215820	6.196374
1528.202148	81.463722
1527.187500	-67.607262
1526.172852	340.349915
1525.158203	38.560555
1524.143555	-137.451172
1523.127930	-128.677109
1522.113281	-58.311058
1521.097656	164.658707
1520.082031	55.284069
1519.065430	-115.559486
1518.049805	240.201614
1517.033203	-31.410900
1516.016602	19.271946
1515.000000	-116.903389
1513.982422	231.245377
1512.965820	104.967278
1511.948242	89.323448
1510.930664	17.211220
1509.913086	70.418457
1508.894531	96.606140
1507.875977	76.165634
1506.857422	-5.597623
1505.838867	-62.755157
1504.820313	22.449635
1503.800781	-154.835754
1502.781250	504.275940
1501.761719	86.742462
1500.742188	12.621198
1499.721680	92.958229
1498.702148	31.192860
1497.681641	158.113861
1496.661133	91.522278
1495.639648	296.802246
1494.618164	-85.561737
1493.597656	12.063139
1492.576172	219.800034
1491.553711	177.905624
1490.532227	133.640686
1489.509766	13.605238
1488.487305	-94.111069
1487.464844	-167.509552
1486.442383	64.691666
1485.418945	223.515823
1484.395508	-79.435936
1483.372070	-32.914978
1482.348633	123.528503
1481.324219	-8.168015
1480.300781	-188.565216
1479.276367	119.260139
1478.251953	46.358021
1477.226563	-28.915945
1476.202148	181.273544
1475.176758	213.400909
1474.151367	123.668213
1473.125000	202.196869
1472.099609	132.108780
1471.073242	196.091690
1470.046875	70.103203
1469.020508	-109.356247
1467.994141	242.120010
1466.966797	179.647827
1465.939453	195.141556
1464.912109	135.251953
1463.884766	82.745026
1462.856445	173.809082
1461.829102	376.767761
1460.800781	351.147827
1459.772461	182.183441
1458.743164	433.764313
1457.714844	376.740906
1456.685547	599.144226
1455.656250	493.639893
1454.625977	521.777893
1453.596680	465.011627
1452.566406	374.335541
1451.536133	65.363998
1450.505859	494.120667
1449.474609	406.093323
1448.444336	359.406464
1447.413086	337.031677
1446.381836	583.797852
1445.350586	530.005859
1444.318359	478.708191
1443.286133	425.071350
1442.253906	417.538757
1441.221680	141.290115
1440.189453	363.936768
1439.156250	-16.148201
1438.123047	133.953262
1437.089844	281.633698
1436.056641	95.508316
1435.022461	-30.028124
1433.988281	151.621780
1432.954102	287.325134
1431.919922	84.679466
1430.885742	140.729599
1429.850586	-317.760284
1428.815430	158.722809
1427.780273	-183.540009
1426.744141	145.553467
1425.708984	-80.576698
1424.672852	277.440186
1423.636719	114.220253
1422.600586	105.513252
1421.563477	-146.720886
1420.527344	126.860962
1419.490234	-113.092545
1418.452148	-46.810017
1417.415039	70.121559
1416.376953	-77.949593
1415.338867	36.638870
1414.300781	-243.685638
1413.262695	-18.243807
1412.224609	-214.071136
1411.185547	-41.568512
1410.146484	-47.124760
1409.107422	-50.216824
1408.067383	2.055321
1407.027344	42.341721
1405.987305	-181.770172
1404.947266	202.346176
1403.907227	64.914886
1402.866211	23.685879
1401.826172	78.618965
1400.785156	111.958557
1399.743164	195.745377
1398.702148	128.341187
1397.660156	411.385254
1396.618164	274.478119
1395.576172	399.154419
1394.533203	413.496429
1393.491211	902.660278
1392.448242	905.006409
1391.405273	847.482727
1390.361328	1496.917847
1389.318359	1329.187988
1388.274414	1607.081787
1387.230469	1865.748169
1386.186523	1944.784180
1385.141602	2150.692383
1384.097656	2303.916748
1383.052734	2397.297607
1382.007813	1952.449707
1380.961914	2340.116699
1379.916992	1943.384399
1378.871094	2063.229980
1377.825195	2204.575195
1376.778320	1726.993286
1375.732422	1813.488159
1374.685547	1517.810547
1373.638672	1329.760986
1372.591797	1096.471558
1371.543945	1042.338013
1370.497070	1174.424316
1369.449219	934.268921
1368.400391	1030.595703
1367.352539	1110.234131
1366.303711	949.037231
1365.255859	1071.644653
1364.206055	967.788696
1363.157227	1049.890137
1362.108398	855.632019
1361.058594	671.010071
1360.008789	960.394531
1358.958984	1085.405762
1357.908203	698.612000
1356.857422	1102.121582
1355.806641	1148.589966
1354.755859	952.428772
1353.705078	796.812988
1352.653320	819.617737
1351.601563	1063.527222
1350.549805	774.964722
1349.498047	671.902222
1348.445313	875.369080
1347.393555	1064.533203
1346.340820	740.694214
1345.287109	559.463013
1344.234375	527.884094
1343.180664	418.017242
1342.126953	419.737885
1341.073242	487.898956
1340.019531	399.525269
1338.964844	474.808563
1337.910156	353.317688
1336.855469	198.719971
1335.799805	129.504181
1334.745117	403.861053
1333.689453	277.823334
1332.633789	90.285973
1331.578125	89.885078
1330.521484	-76.200989
1329.464844	-104.940674
1328.408203	57.991657
1327.351563	130.982193
1326.294922	116.452301
1325.237305	78.287491
1324.179688	-130.051071
1323.122070	-104.306068
1322.064453	-215.608826
1321.005859	-31.558123
1319.947266	-55.421333
1318.888672	-150.107117
1317.830078	-79.477264
1316.770508	-122.175346
1315.710938	66.421852
1314.651367	-257.029846
1313.591797	-195.845322
1312.531250	-80.443436
1311.471680	51.430359
1310.411133	-200.994858
1309.349609	-12.590529
1308.289063	67.358795
1307.227539	67.176048
1306.166016	-1.302707
1305.104492	59.765949
1304.042969	-175.819473
1302.980469	268.918823
1301.917969	92.223145
1300.855469	-11.455618
1299.792969	-49.225170
1298.729492	94.097450
1297.666016	-167.036453
1296.602539	70.283012
1295.539063	-94.370155
1294.474609	316.704651
1293.411133	-216.734299
1292.346680	-108.777702
1291.281250	229.242249
1290.216797	-90.199425
1289.151367	-1.115194
1288.085938	127.823204
1287.020508	122.982803
1285.955078	29.015818
1284.888672	258.699188
1283.822266	5.312400
1282.755859	288.816254
1281.689453	251.140350
1280.622070	23.692574
1279.554688	292.947723
1278.487305	194.401794
1277.419922	65.459045
1276.351563	315.800873
1275.283203	-47.160400
1274.214844	191.399384
1273.146484	67.247787
1272.077148	308.011627
1271.008789	244.689255
1269.939453	342.702271
1268.869141	-50.181698
1267.799805	127.307205
1266.729492	290.696075
1265.659180	383.940216
1264.588867	206.246735
1263.517578	105.674141
1262.447266	383.310699
1261.375977	380.767548
1260.304688	235.894577
1259.232422	130.738647
1258.161133	130.589142
1257.088867	461.543671
1256.016602	281.815338
1254.943359	556.650330
1253.871094	90.369278
1252.797852	607.421387
1251.724609	718.971008
1250.650391	541.711609
1249.577148	399.461761
1248.502930	443.483398
1247.428711	664.354858
1246.354492	766.474731
1245.279297	584.757385
1244.204102	561.267395
1243.128906	602.895691
1242.053711	711.923706
1240.977539	281.711090
1239.902344	367.537323
1238.826172	615.939880
1237.750000	469.401306
1236.672852	601.574402
1235.595703	111.519806
1234.518555	134.638214
1233.441406	306.265808
1232.364258	213.344299
1231.286133	69.434631
1230.208008	127.349457
1229.129883	479.694519
1228.051758	243.126358
1226.972656	83.139603
1225.893555	286.996063
1224.814453	136.354263
1223.734375	94.632706
1222.655273	73.784279
1221.575195	143.229752
1220.495117	13.615640
1219.415039	52.985203
1218.333984	-71.910934
1217.252930	175.634262
1216.171875	34.605442
1215.090820	101.715805
1214.008789	-122.426544
1212.926758	30.209570
1211.844727	41.860767
1210.762695	35.041004
1209.679688	-73.377869
1208.597656	-10.875002
1207.513672	-26.884203
1206.430664	-86.711349
1205.347656	111.917770
1204.263672	-162.419846
1203.179688	-74.538918
1202.095703	193.166306
1201.010742	283.259186
1199.925781	80.628090
1198.840820	-110.375191
1197.755859	-6.400796
1196.670898	-144.294189
1195.584961	81.711205
1194.499023	-86.041306
1193.413086	73.137939
1192.326172	151.714783
1191.239258	20.917221
1190.152344	-204.110031
1189.065430	145.889084
1187.978516	-166.395813
1186.890625	61.645752
1185.802734	303.393951
1184.714844	48.772739
1183.625977	113.572327
1182.538086	-253.386795
1181.449219	89.315414
1180.360352	43.935940
1179.270508	186.784546
1178.180664	272.225525
1177.090820	291.124268
1176.000977	745.803040
1174.911133	248.699463
1173.820313	460.215149
1172.729492	339.317749
1171.638672	99.337418
1170.547852	576.563171
1169.456055	487.842072
1168.364258	447.272461
1167.272461	459.399261
1166.179688	434.909302
1165.087891	842.975647
1163.995117	786.423279
1162.902344	1045.582886
1161.808594	828.961426
1160.715820	1012.585510
1159.622070	1223.572998
1158.528320	977.406799
1157.433594	898.162476
1156.339844	684.202087
1155.245117	712.440674
1154.149414	573.993286
1153.054688	415.089020
1151.958984	619.160583
1150.863281	398.741241
1149.767578	258.283966
1148.671875	279.846985
1147.575195	103.025581
1146.478516	265.991547
1145.381836	189.576630
1144.285156	215.759018
1143.187500	221.436646
1142.089844	140.574173
1140.992188	-165.684219
1139.894531	-116.616287
1138.795898	-83.493996
1137.697266	-120.919235
1136.598633	73.759903
1135.499023	211.492157
1134.400391	-69.269791
1133.300781	-299.876068
1132.201172	-193.936508
1131.100586	-369.848145
1130.000977	40.556423
1128.900391	-135.305344
1127.799805	220.372604
1126.698242	394.245972
1125.596680	168.503555
1124.495117	128.982590
1123.393555	221.098419
1122.291992	410.729309
1121.189453	532.234070
1120.086914	538.043518
1118.984375	659.477234
1117.881836	1046.053955
1116.778320	1051.753784
1115.674805	989.485657
1114.571289	872.887573
1113.466797	1157.166016
1112.363281	920.591064
1111.258789	862.935913
1110.153320	1074.601929
1109.048828	865.347717
1107.943359	771.539856
1106.837891	845.124512
1105.732422	541.085144
1104.625977	492.604645
1103.520508	627.206970
1102.414063	402.477600
1101.306641	464.724060
1100.200195	402.724213
1099.092773	361.059509
1097.985352	558.689636
1096.877930	485.386963
1095.769531	461.740479
1094.661133	323.036011
1093.552734	423.454071
1092.444336	149.493591
1091.335938	243.106552
1090.226563	115.772469
1089.117188	301.695068
1088.006836	-73.458694
1086.897461	150.669098
1085.787109	262.075562
1084.676758	328.378540
1083.566406	257.322876
1082.455078	231.274612
1081.343750	493.187500
1080.232422	469.288849
1079.121094	488.094940
1078.008789	367.459991
1076.896484	642.460815
1075.784180	751.002441
1074.671875	475.255432
1073.558594	493.853119
1072.445313	550.583374
1071.332031	456.812012
1070.217773	540.373535
1069.104492	127.876335
1067.990234	413.326447
1066.875977	317.246246
1065.760742	523.928894
1064.645508	304.443665
1063.530273	-42.773228
1062.415039	44.915512
1061.299805	65.291748
1060.183594	47.511738
1059.067383	213.342224
1057.951172	206.621704
1056.833984	244.615677
1055.716797	0.518720
1054.599609	371.833405
1053.482422	80.714630
1052.364258	275.013641
1051.247070	-40.677341
1050.128906	-90.256058
1049.009766	110.447853
1047.891602	96.474228
1046.772461	477.870300
1045.653320	271.577209
1044.533203	5.002508
1043.414063	457.383759
1042.293945	99.220871
1041.173828	-89.255661
1040.052734	317.968872
1038.932617	15.607179
1037.811523	-32.474094
1036.689453	59.836857
1035.568359	29.430918
1034.446289	-119.169411
1033.324219	84.245384
1032.202148	-155.804428
1031.079102	323.494232
1029.957031	-123.750168
1028.833984	259.421692
1027.709961	-49.823578
1026.586914	-0.785262
1025.462891	257.231934
1024.338867	248.153046
1023.214844	101.121536
1022.089844	105.215614
1020.964844	-97.487030
1019.839844	30.877815
1018.714844	-65.288528
1017.588867	335.976685
1016.462891	-51.314884
1015.336914	271.855377
1014.210938	184.170151
1013.083984	231.763763
1011.957031	64.037041
1010.830078	406.405151
1009.702148	324.965118
1008.574219	593.725525
1007.446289	1345.433594
1006.318359	2482.256836
1005.190430	3077.883545
1004.061523	3132.676270
1002.932617	2671.368896
1001.802734	1725.302124
1000.673828	761.853027
999.543945	396.195923
998.414063	338.108002
997.283203	295.400513
996.153320	358.752228
995.022461	472.791870
993.891602	312.574554
992.759766	508.085052
991.628906	517.809753
990.497070	496.474365
989.364258	978.517822
988.232422	1480.098999
987.099609	1290.421875
985.966797	1451.593018
984.833984	1363.253174
983.700195	1409.372925
982.566406	1422.270386
981.432617	1571.734741
980.298828	1489.555054
979.164063	1217.750732
978.029297	923.913757
976.894531	784.282776
975.759766	1043.207520
974.624023	898.953247
973.488281	486.083344
972.352539	676.293518
971.215820	740.866333
970.080078	734.907837
968.943359	711.224976
967.805664	557.690979
966.668945	498.645142
965.531250	593.335266
964.393555	538.450928
963.254883	468.083008
962.117188	904.972046
960.978516	788.207092
959.839844	596.740112
958.700195	708.104980
957.561523	836.871460
956.421875	884.284241
955.281250	863.559082
954.141602	884.406921
953.000977	1095.841675
951.860352	833.665894
950.719727	1206.947266
949.578125	1126.463623
948.436523	649.488586
947.294922	706.910461
946.153320	354.828339
945.010742	711.922363
943.868164	313.833832
942.725586	311.798828
941.583008	460.582794
940.439453	167.482880
939.295898	455.943695
938.152344	149.683914
937.007813	474.969452
935.863281	502.905396
934.718750	314.513367
933.574219	344.490723
932.428711	422.384613
931.283203	222.970505
930.137695	274.516266
928.992188	-99.450371
927.845703	-74.188995
926.699219	214.843887
925.552734	438.275757
924.405273	290.987640
923.257813	178.572220
922.110352	438.690247
920.962891	463.395172
919.814453	387.849304
918.666016	146.827332
917.517578	136.585876
916.369141	237.284042
915.219727	355.279541
914.070313	-107.566734
912.920898	367.005951
911.770508	141.257751
910.621094	-36.584347
909.470703	-123.120186
908.319336	111.881828
907.168945	1.410602
906.017578	188.460098
904.866211	6.325254
903.713867	-186.606628
902.562500	228.173080
901.410156	200.148697
900.256836	-194.449860
899.104492	-118.275970
897.951172	270.049316
896.797852	205.186417
895.644531	99.189583
894.490234	19.239412
893.335938	179.773697
892.181641	236.307693
891.027344	43.864513
889.872070	308.236298
888.716797	61.810047
887.561523	-9.221174
886.405273	-123.457603
885.249023	352.770905
884.092773	242.919174
882.936523	64.000656
881.779297	300.116547
880.622070	209.946625
879.464844	102.600044
878.307617	204.840286
877.149414	-200.278061
875.991211	122.280037
874.833008	349.813202
873.673828	-93.674500
872.514648	62.771629
871.355469	206.295929
870.196289	-61.947502
869.036133	-157.546097
867.875977	20.683018
866.715820	183.850937
865.554688	-16.988892
864.394531	333.684845
863.233398	68.541901
862.071289	313.763916
860.910156	429.891022
859.748047	148.050568
858.585938	331.082672
857.422852	458.238678
856.259766	346.823273
855.096680	420.455109
853.933594	197.637527
852.770508	232.889526
851.606445	263.964844
850.442383	303.770874
849.277344	481.108429
848.113281	145.532043
846.948242	175.077713
845.783203	294.886444
844.617188	-59.240589
843.451172	43.743469
842.285156	73.960632
841.119141	-232.180023
839.952148	-147.988251
838.785156	37.046768
837.618164	-159.086044
836.451172	152.590485
835.283203	72.507202
834.115234	-62.993988
832.947266	94.940765
831.778320	148.160614
830.609375	26.162895
829.440430	169.596161
828.271484	291.792450
827.101563	441.917633
825.931641	376.350830
824.761719	315.302704
823.590820	436.044861
822.420898	371.173615
821.250000	500.820435
820.078125	613.545776
818.907227	312.458130
817.735352	346.680084
816.562500	594.396667
815.390625	722.812500
814.217773	719.205383
813.044922	31.628756
811.872070	414.342865
810.698242	-50.827099
809.524414	131.960541
808.350586	18.893322
807.176758	191.389114
806.001953	361.898407
804.827148	134.624817
803.651367	-77.424438
802.476563	302.152710
801.300781	241.595734
800.125000	289.718262
798.948242	297.654663
797.772461	61.445477
796.595703	550.008911
795.417969	526.683838
794.241211	284.876373
793.063477	393.689026
791.885742	638.505249
790.707031	380.510437
789.529297	625.643799
788.350586	497.577026
787.170898	471.558014
785.992188	583.559570
784.812500	307.843842
783.632813	827.075012
782.452148	431.073486
781.272461	768.276794
780.091797	243.693848
778.911133	312.300110
777.729492	512.279175
776.547852	303.955444
775.366211	85.330620
774.184570	93.283112
773.001953	-217.892227
771.819336	-95.387825
770.636719	-44.642105
769.453125	-71.950157
768.269531	29.766193
767.085938	-14.150682
765.902344	-114.921074
764.717773	75.808220
763.533203	114.616249
762.348633	-91.233337
761.163086	0.569569
759.977539	-0.359635
758.791992	-190.953033
757.606445	181.484146
756.419922	-175.371048
755.233398	-135.851318
754.046875	-201.600220
752.859375	139.217377
751.672852	-27.499697
750.485352	321.654053
749.296875	262.407837
748.108398	377.869293
746.919922	550.105164
745.731445	95.574852
744.542969	206.866379
743.353516	406.404266
742.164063	317.936188
740.973633	279.933380
739.783203	132.703918
738.592773	277.437225
737.402344	151.226974
736.211914	153.084778
735.020508	219.954239
733.829102	332.899261
732.636719	363.925873
731.444336	556.346069
730.251953	107.036781
729.059570	429.226471
727.866211	36.567471
726.673828	88.161400
725.479492	95.635071
724.286133	-194.376221
723.091797	91.377396
721.897461	-75.251869
720.703125	-187.529053
719.507813	141.541962
718.312500	-29.596052
717.117188	-150.623642
715.921875	-62.693859
714.725586	60.554886
713.529297	440.595978
712.332031	197.699341
711.135742	29.920944
709.938477	400.777618
708.740234	691.924072
707.542969	638.343872
706.344727	960.180908
705.146484	1582.065918
703.948242	2138.780762
702.749023	2196.643311
701.549805	2295.948730
700.350586	1659.251221
699.150391	1408.114136
697.950195	1415.187622
696.750000	868.019897
695.549805	522.859009
694.348633	15.252137
693.147461	371.376129
691.946289	-40.694923
690.744141	248.247803
689.541992	497.315430
688.339844	371.777679
687.136719	709.649780
685.934570	284.426239
684.730469	447.208801
683.527344	431.075745
682.323242	323.379791
681.119141	398.274567
679.915039	263.309540
678.710938	101.273605
677.505859	148.723831
676.300781	322.558990
675.094727	201.703613
673.889648	8.245372
672.683594	-19.377634
671.476563	52.417755
670.270508	366.553680
669.063477	40.454605
667.856445	226.025314
666.648438	-41.887917
665.440430	83.663933
664.232422	-92.896599
663.024414	82.454323
661.815430	309.570068
660.606445	-46.402191
659.397461	-52.593235
658.188477	259.776245
656.978516	-39.388958
655.768555	93.706360
654.557617	66.001198
653.346680	46.988014
652.135742	-157.347748
650.924805	-175.309341
649.712891	46.674320
648.501953	19.559551
647.289063	-39.859306
646.077148	29.343204
644.864258	-135.688980
643.651367	-11.217950
642.438477	-85.731407
641.224609	-93.265144
640.010742	-25.552782
638.796875	683.677185
637.582031	45.460114
636.367188	131.282440
635.152344	313.148468
633.937500	50.063965
632.721680	304.948334
631.505859	438.069580
630.289063	739.476807
629.073242	754.944824
627.856445	626.591797
626.639648	718.209778
625.421875	651.906494
624.204102	647.594788
622.986328	471.354187
621.768555	273.253265
620.549805	73.992798
619.331055	50.100159
618.111328	101.146629
616.892578	-164.428970
