1721.000977	16.035723
1720.027344	56.445881
1719.052734	168.582138
1718.078125	128.401093
1717.104492	-76.782646
1716.128906	-249.380981
1715.154297	26.052959
1714.178711	110.893791
1713.204102	138.600418
1712.228516	109.212601
1711.251953	7.420424
1710.276367	17.756573
1709.299805	-64.728111
1708.324219	31.490055
1707.347656	-205.694458
1706.370117	-100.368706
1705.393555	255.198944
1704.416016	-37.139561
1703.438477	-68.918213
1702.460938	6.288193
1701.483398	-154.170074
1700.505859	-77.224724
1699.527344	22.297356
1698.548828	77.987808
1697.570313	-12.288211
1696.591797	249.624832
1695.612305	-9.816627
1694.632813	103.315804
1693.653320	-41.663998
1692.673828	-140.893906
1691.694336	111.786438
1690.713867	68.220062
1689.734375	325.437897
1688.753906	-187.710861
1687.772461	-142.545013
1686.791992	108.917053
1685.810547	-47.614632
1684.830078	60.770817
1683.848633	51.793674
1682.866211	-46.449120
1681.884766	61.509262
1680.902344	54.754375
1679.919922	9.746921
1678.937500	-185.440994
1677.955078	-60.063850
1676.971680	212.703690
1675.989258	-56.309929
1675.005859	-63.403061
1674.022461	-12.060328
1673.038086	425.501068
1672.054688	-0.989341
1671.070313	14.674460
1670.085938	55.729237
1669.101563	145.015015
1668.117188	114.955475
1667.131836	270.187073
1666.146484	377.158234
1665.161133	-198.378143
1664.175781	-43.101040
1663.189453	-19.755819
1662.204102	330.727417
1661.217773	100.564133
1660.231445	68.234161
1659.245117	-98.335312
1658.257813	125.343842
1657.270508	65.299438
1656.284180	91.463120
1655.295898	125.224419
1654.308594	-129.510376
1653.321289	-376.482544
1652.333008	82.637093
1651.344727	179.880600
1650.356445	36.880447
1649.367188	65.938164
1648.378906	-152.677994
1647.389648	5.465463
1646.400391	284.920898
1645.411133	114.605179
1644.420898	285.430847
1643.431641	-51.343262
1642.441406	81.728279
1641.451172	48.208466
1640.459961	80.380814
1639.469727	-46.332932
1638.478516	283.706238
1637.487305	104.169884
1636.496094	141.665207
1635.504883	48.115692
1634.512695	63.052837
1633.520508	25.139690
1632.528320	435.830750
1631.536133	405.566742
1630.543945	667.557861
1629.550781	282.327820
1628.557617	536.810364
1627.564453	667.924561
1626.571289	836.804077
1625.578125	738.983032
1624.583984	1111.655273
1623.589844	1124.597412
1622.595703	1507.232300
1621.601563	1241.171875
1620.606445	1314.580811
1619.611328	1222.172852
1618.616211	1690.130249
1617.621094	1560.129395
1616.625977	1400.110352
1615.629883	1559.067871
1614.633789	1504.643066
1613.637695	1317.281860
1612.641602	1308.209106
1611.645508	1703.097290
1610.648438	1375.492310
1609.651367	1441.780884
1608.654297	1395.267944
1607.657227	1612.018677
1606.659180	1620.698120
1605.662109	1737.180176
1604.664063	1715.857544
1603.666016	1867.397949
1602.666992	1883.681396
1601.668945	1624.632446
1600.669922	1821.247559
1599.670898	1702.510620
1598.671875	1598.869141
1597.671875	1352.705811
1596.672852	1491.827393
1595.672852	1328.361572
1594.672852	1197.491333
1593.671875	1021.695190
1592.671875	1053.416138
1591.670898	737.872498
1590.669922	854.588684
1589.668945	856.409058
1588.667969	528.685913
1587.666016	530.593079
1586.664063	415.221680
1585.662109	626.773499
1584.660156	758.426941
1583.658203	308.922974
1582.655273	300.955383
1581.652344	245.636612
1580.649414	280.082703
1579.646484	297.077667
1578.642578	438.628021
1577.638672	64.504387
1576.634766	268.319031
1575.630859	98.568947
1574.626953	75.768806
1573.622070	232.157730
1572.618164	224.274155
1571.613281	101.937225
1570.607422	143.792587
1569.602539	14.064264
1568.596680	-11.209716
1567.590820	-150.815155
1566.584961	263.831177
1565.579102	-79.523369
1564.572266	-117.205711
1563.566406	-70.415565
1562.559570	-152.790390
1561.551758	-202.881546
1560.544922	176.459000
1559.537109	-168.997925
1558.530273	-77.635490
1557.521484	78.133591
1556.513672	-440.706573
1555.505859	-198.142761
1554.497070	269.875427
1553.488281	-166.935501
1552.479492	-70.823891
1551.470703	59.918995
1550.460938	-119.027443
1549.451172	175.071014
1548.441406	48.145847
1547.431641	-26.754276
1546.421875	-128.856018
1545.411133	-70.118500
1544.400391	-95.524139
1543.389648	143.706329
1542.378906	95.990875
1541.367188	68.042381
1540.355469	-90.902725
1539.343750	-111.406860
1538.332031	-94.854668
1537.320313	158.810623
1536.307617	-51.942101
1535.294922	-40.399727
1534.282227	-105.397972
1533.269531	91.231377
1532.256836	127.383118
1531.243164	-68.407349
1530.229492	21.987289
1529.215820	6.297840
1528.202148	229.755127
1527.187500	115.398560
1526.172852	316.523499
1525.158203	-127.975082
1524.143555	-67.307693
1523.127930	-63.335224
1522.113281	130.245590
1521.097656	84.927414
1520.082031	300.519379
1519.065430	127.197800
1518.049805	44.994492
1517.033203	-64.252075
1516.016602	92.136429
1515.000000	-51.501514
1513.982422	63.008598
1512.965820	-149.377594
1511.948242	-344.493347
1510.930664	89.367050
1509.913086	373.221863
1508.894531	212.483948
1507.875977	280.136414
1506.857422	102.310768
1505.838867	-1.816437
1504.820313	112.468407
1503.800781	-23.513468
1502.781250	164.295181
1501.761719	111.740845
1500.742188	54.314499
1499.721680	67.978119
1498.702148	358.560150
1497.681641	303.577515
1496.661133	189.845200
1495.639648	107.991318
1494.618164	187.772247
1493.597656	10.532189
1492.576172	342.399628
1491.553711	20.836405
1490.532227	-51.038342
1489.509766	-71.523682
1488.487305	587.789001
1487.464844	-4.845575
1486.442383	28.501181
1485.418945	140.033813
1484.395508	31.656931
1483.372070	-101.077858
1482.348633	32.457245
1481.324219	209.890747
1480.300781	6.483782
1479.276367	59.428123
1478.251953	200.219971
1477.226563	238.499695
1476.202148	125.592583
1475.176758	102.968033
1474.151367	29.186544
1473.125000	23.697210
1472.099609	-67.034355
1471.073242	-260.040436
1470.046875	36.684616
1469.020508	138.487305
1467.994141	379.071503
1466.966797	71.837761
1465.939453	331.857880
1464.912109	433.640472
1463.884766	311.598389
1462.856445	330.700653
1461.829102	352.286926
1460.800781	303.378479
1459.772461	412.531189
1458.743164	852.173279
1457.714844	701.268921
1456.685547	625.759766
1455.656250	1043.349854
1454.625977	491.949890
1453.596680	547.762024
1452.566406	999.200867
1451.536133	640.005371
1450.505859	356.219147
1449.474609	700.811768
1448.444336	487.558929
1447.413086	875.719482
1446.381836	599.576965
1445.350586	558.684753
1444.318359	428.192322
1443.286133	554.593994
1442.253906	785.140259
1441.221680	407.853210
1440.189453	270.454010
1439.156250	307.422455
1438.123047	375.891205
1437.089844	-126.594368
1436.056641	297.624420
1435.022461	1.027513
1433.988281	190.602768
1432.954102	-83.973640
1431.919922	57.318237
1430.885742	205.857697
1429.850586	-5.576236
1428.815430	239.626953
1427.780273	-307.258972
1426.744141	-129.591537
1425.708984	-75.023773
1424.672852	39.894989
1423.636719	12.477959
1422.600586	199.819168
1421.563477	85.664856
1420.527344	169.353424
1419.490234	-151.935318
1418.452148	-383.865051
1417.415039	-49.357574
1416.376953	-20.900711
1415.338867	26.876696
1414.300781	238.445496
1413.262695	57.555847
1412.224609	-53.389801
1411.185547	49.943241
1410.146484	-118.582108
1409.107422	-234.051682
1408.067383	133.980652
1407.027344	100.373703
1405.987305	124.541557
1404.947266	167.990097
1403.907227	62.504475
1402.866211	317.476471
1401.826172	-157.762177
1400.785156	68.462730
1399.743164	292.239227
1398.702148	460.789276
1397.660156	341.338196
1396.618164	104.435310
1395.576172	390.641083
1394.533203	808.683655
1393.491211	972.458069
1392.448242	922.856201
1391.405273	1148.968140
1390.361328	1267.201782
1389.318359	1584.308960
1388.274414	1740.852173
1387.230469	2340.413330
1386.186523	2379.536865
1385.141602	2356.459229
1384.097656	2702.017822
1383.052734	2595.263428
1382.007813	2313.992676
1380.961914	2343.803467
1379.916992	2443.020508
1378.871094	2585.275635
1377.825195	2314.044434
1376.778320	1832.694702
1375.732422	1850.943237
1374.685547	1623.209473
1373.638672	1720.410034
1372.591797	1540.675537
1371.543945	1446.996948
1370.497070	1320.022095
1369.449219	1364.940308
1368.400391	994.812134
1367.352539	1042.282715
1366.303711	968.173035
1365.255859	972.837036
1364.206055	872.659790
1363.157227	1013.270996
1362.108398	829.870911
1361.058594	941.949280
1360.008789	1363.615234
1358.958984	1149.463867
1357.908203	828.334778
1356.857422	916.729431
1355.806641	717.243042
1354.755859	974.627075
1353.705078	1091.634888
1352.653320	878.123779
1351.601563	890.596863
1350.549805	981.547791
1349.498047	861.028748
1348.445313	690.709717
1347.393555	499.149597
1346.340820	856.267029
1345.287109	441.657318
1344.234375	286.019684
1343.180664	334.577728
1342.126953	463.834076
1341.073242	265.725677
1340.019531	603.740234
1338.964844	322.780548
1337.910156	167.632233
1336.855469	313.599426
1335.799805	307.883850
1334.745117	39.258045
1333.689453	19.481634
1332.633789	16.334118
1331.578125	261.820770
1330.521484	50.399426
1329.464844	89.960777
1328.408203	233.650726
1327.351563	60.343674
1326.294922	66.890602
1325.237305	-9.293404
1324.179688	172.266098
1323.122070	-149.626785
1322.064453	114.664078
1321.005859	140.262909
1319.947266	12.364711
1318.888672	26.242315
1317.830078	-106.225952
1316.770508	63.515957
1315.710938	117.586685
1314.651367	-57.188179
1313.591797	-73.813118
1312.531250	110.051270
1311.471680	-26.785286
1310.411133	-486.489044
1309.349609	-111.667938
1308.289063	-50.356148
1307.227539	286.575165
1306.166016	15.736548
1305.104492	-436.271027
1304.042969	-264.184418
1302.980469	42.009899
1301.917969	-110.776863
1300.855469	171.778961
1299.792969	-37.368107
1298.729492	115.750725
1297.666016	-163.785507
1296.602539	-146.992981
1295.539063	-228.887817
1294.474609	323.664886
1293.411133	234.702362
1292.346680	218.600479
1291.281250	80.417381
1290.216797	256.901093
1289.151367	299.538971
1288.085938	234.237991
1287.020508	-182.922287
1285.955078	89.708069
1284.888672	252.014236
1283.822266	566.660889
1282.755859	487.399567
1281.689453	138.686783
1280.622070	73.638336
1279.554688	449.018433
1278.487305	355.861786
1277.419922	66.080093
1276.351563	342.939606
1275.283203	27.565790
1274.214844	383.901611
1273.146484	10.202494
1272.077148	181.633270
1271.008789	294.554474
1269.939453	110.520851
1268.869141	510.914825
1267.799805	44.182819
1266.729492	229.496826
1265.659180	384.378723
1264.588867	504.173798
1263.517578	588.898621
1262.447266	241.759262
1261.375977	331.195465
1260.304688	79.941948
1259.232422	253.364944
1258.161133	485.037567
1257.088867	364.516937
1256.016602	302.338470
1254.943359	249.511124
1253.871094	529.943848
1252.797852	609.900879
1251.724609	796.974243
1250.650391	732.466003
1249.577148	1038.183350
1248.502930	901.507996
1247.428711	811.444031
1246.354492	521.334839
1245.279297	524.443481
1244.204102	906.633484
1243.128906	493.472809
1242.053711	998.719116
1240.977539	801.865967
1239.902344	672.493835
1238.826172	443.285461
1237.750000	669.405029
1236.672852	340.449585
1235.595703	234.511124
1234.518555	595.153870
1233.441406	296.611938
1232.364258	297.486786
1231.286133	108.158707
1230.208008	241.256744
1229.129883	520.364685
1228.051758	351.984314
1226.972656	107.195274
1225.893555	20.071856
1224.814453	278.139282
1223.734375	-221.223953
1222.655273	178.027374
1221.575195	0.683675
1220.495117	-40.028431
1219.415039	419.080353
1218.333984	163.142502
1217.252930	335.202972
1216.171875	-158.773560
1215.090820	161.244049
1214.008789	-29.695702
1212.926758	225.442368
1211.844727	101.576088
1210.762695	51.677975
1209.679688	75.693069
1208.597656	-292.790619
1207.513672	112.150261
1206.430664	-265.417694
1205.347656	42.440830
1204.263672	-39.686504
1203.179688	16.598705
1202.095703	222.729919
1201.010742	126.777252
1199.925781	-130.466385
1198.840820	-168.694489
1197.755859	-36.432560
1196.670898	217.838776
1195.584961	-0.060342
1194.499023	-79.735458
1193.413086	-143.264832
1192.326172	-156.150589
1191.239258	265.792725
1190.152344	124.010269
1189.065430	14.486292
1187.978516	162.509720
1186.890625	126.566704
1185.802734	-12.776464
1184.714844	243.126556
1183.625977	-34.019321
1182.538086	70.195915
1181.449219	151.393204
1180.360352	317.486450
1179.270508	146.123947
1178.180664	344.252777
1177.090820	622.583679
1176.000977	627.856812
1174.911133	257.067993
1173.820313	750.709290
1172.729492	600.073425
1171.638672	270.763794
1170.547852	567.034058
1169.456055	611.208313
1168.364258	561.469849
1167.272461	161.459167
1166.179688	338.429932
1165.087891	405.477600
1163.995117	836.262146
1162.902344	1083.855591
1161.808594	1139.224487
1160.715820	1608.409546
1159.622070	1405.316895
1158.528320	1414.848633
1157.433594	871.418396
1156.339844	1123.192017
1155.245117	783.317749
1154.149414	587.428040
1153.054688	508.051910
1151.958984	499.444916
1150.863281	360.770813
1149.767578	461.685547
1148.671875	53.925129
1147.575195	540.206055
1146.478516	326.363922
1145.381836	153.634689
1144.285156	550.664551
1143.187500	-50.384823
1142.089844	462.646423
1140.992188	85.033318
1139.894531	-28.324158
1138.795898	-278.225220
1137.697266	-129.775742
1136.598633	-1.882344
1135.499023	50.864662
1134.400391	-112.468651
1133.300781	19.830093
1132.201172	54.307373
1131.100586	-45.343971
1130.000977	79.985138
1128.900391	-299.075073
1127.799805	-80.669518
1126.698242	-5.437456
1125.596680	-159.543350
1124.495117	-14.007215
1123.393555	263.055206
1122.291992	36.338722
1121.189453	512.809448
1120.086914	780.425964
1118.984375	1061.504150
1117.881836	986.580566
1116.778320	1303.691528
1115.674805	1303.455811
1114.571289	947.580017
1113.466797	1121.738892
1112.363281	1270.897339
1111.258789	1035.153687
1110.153320	1335.819824
1109.048828	1050.337280
1107.943359	1131.394165
1106.837891	1078.956909
1105.732422	703.190979
1104.625977	824.864807
1103.520508	1091.101685
1102.414063	365.267059
1101.306641	735.321350
1100.200195	350.856567
1099.092773	451.984314
1097.985352	162.493454
1096.877930	717.195801
1095.769531	238.156418
1094.661133	205.970886
1093.552734	324.876770
1092.444336	256.533539
1091.335938	483.508759
1090.226563	142.353745
1089.117188	31.156303
1088.006836	133.985214
1086.897461	543.058105
1085.787109	517.284668
1084.676758	471.219696
1083.566406	472.397522
1082.455078	412.761749
1081.343750	436.353516
1080.232422	725.308777
1079.121094	789.204834
1078.008789	556.235168
1076.896484	651.503479
1075.784180	638.809814
1074.671875	585.627991
1073.558594	548.135559
1072.445313	685.778320
1071.332031	807.588684
1070.217773	632.970581
1069.104492	247.426071
1067.990234	247.918274
1066.875977	48.703651
1065.760742	416.926331
1064.645508	188.491257
1063.530273	119.260902
1062.415039	-35.162006
1061.299805	245.124069
1060.183594	281.028656
1059.067383	169.033096
1057.951172	25.677629
1056.833984	74.840385
1055.716797	206.731384
1054.599609	-17.296644
1053.482422	-225.629257
1052.364258	-67.130699
1051.247070	317.091156
1050.128906	184.622986
1049.009766	409.758820
1047.891602	78.307076
1046.772461	178.112000
1045.653320	-72.881516
1044.533203	-53.635712
1043.414063	16.888796
1042.293945	-19.846994
1041.173828	32.625496
1040.052734	187.615326
1038.932617	-61.267330
1037.811523	-6.833380
1036.689453	-148.716507
1035.568359	74.965355
1034.446289	-46.974049
1033.324219	-111.009010
1032.202148	-150.593292
1031.079102	34.679394
1029.957031	-165.394135
1028.833984	-147.321014
1027.709961	-131.576630
1026.586914	131.063980
1025.462891	-6.922295
1024.338867	164.203766
1023.214844	-189.581802
1022.089844	-272.097717
1020.964844	-174.641663
1019.839844	-423.948456
1018.714844	33.200172
1017.588867	174.661087
1016.462891	56.174068
1015.336914	-191.108917
1014.210938	76.546089
1013.083984	88.794579
1011.957031	107.603271
1010.830078	290.438629
1009.702148	204.774338
1008.574219	648.905518
1007.446289	1196.911987
1006.318359	2540.094238
1005.190430	3100.524658
1004.061523	3698.248291
1002.932617	3068.821045
1001.802734	2171.690674
1000.673828	1011.494080
999.543945	35.388947
998.414063	325.120483
997.283203	437.661804
996.153320	244.898544
995.022461	301.944977
993.891602	383.183411
992.759766	70.918823
991.628906	306.637177
990.497070	179.887741
989.364258	415.256409
988.232422	632.772644
987.099609	605.067383
985.966797	1162.088135
984.833984	862.706421
983.700195	1317.744263
982.566406	958.717957
981.432617	1091.436523
980.298828	904.374817
979.164063	856.130493
978.029297	915.778564
976.894531	697.753296
975.759766	484.143005
974.624023	440.060699
973.488281	620.439392
972.352539	485.934052
971.215820	399.792267
970.080078	698.573608
968.943359	458.297913
967.805664	257.606506
966.668945	494.387543
965.531250	267.232880
964.393555	576.226807
963.254883	417.073761
962.117188	550.023926
960.978516	478.614136
959.839844	499.354858
958.700195	498.042206
957.561523	411.091095
956.421875	646.563416
955.281250	870.868347
954.141602	792.417419
953.000977	1014.242981
951.860352	854.537842
950.719727	1060.764160
949.578125	938.204468
948.436523	478.342743
947.294922	568.235107
946.153320	384.373383
945.010742	268.362061
943.868164	388.664154
942.725586	419.156250
941.583008	202.422043
940.439453	158.460648
939.295898	212.838821
938.152344	15.786889
937.007813	137.788300
935.863281	231.281174
934.718750	-234.459167
933.574219	-112.633896
932.428711	85.480705
931.283203	34.643341
930.137695	-11.850969
928.992188	-115.084137
927.845703	97.937164
926.699219	-275.760559
925.552734	-274.339142
924.405273	69.231873
923.257813	116.256531
922.110352	280.877747
920.962891	29.381062
919.814453	252.675934
918.666016	253.787323
917.517578	152.578979
916.369141	164.561157
915.219727	328.795807
914.070313	-46.471294
912.920898	37.262417
911.770508	-102.993759
910.621094	93.731735
909.470703	140.410095
908.319336	-32.377872
907.168945	-144.242599
906.017578	-240.865112
904.866211	140.201736
903.713867	-69.301971
902.562500	-128.941818
901.410156	-119.125114
900.256836	29.514330
899.104492	-82.100876
897.951172	172.747208
896.797852	-8.168139
895.644531	244.443100
894.490234	-51.174656
893.335938	-422.427856
892.181641	98.735245
891.027344	141.229752
889.872070	88.495613
888.716797	-7.440138
887.561523	154.183289
886.405273	144.895935
885.249023	-110.853462
884.092773	65.985008
882.936523	162.828400
881.779297	-32.050762
880.622070	2.249156
879.464844	-209.636002
878.307617	10.562410
877.149414	34.253914
875.991211	58.023460
874.833008	64.604530
873.673828	92.836578
872.514648	198.800400
871.355469	9.377871
870.196289	52.986042
869.036133	163.488144
867.875977	140.437195
866.715820	-22.534954
865.554688	191.614883
864.394531	-130.421310
863.233398	176.467331
862.071289	289.600403
860.910156	572.825439
859.748047	410.679657
858.585938	496.101807
857.422852	413.866150
856.259766	484.454163
855.096680	544.403625
853.933594	374.525787
852.770508	269.331085
851.606445	245.938004
850.442383	20.846695
849.277344	255.453186
848.113281	13.601855
846.948242	-82.066093
845.783203	0.550317
844.617188	379.281097
843.451172	234.750305
842.285156	34.714005
841.119141	-117.899879
839.952148	-304.569550
838.785156	46.777447
837.618164	66.135231
836.451172	117.786934
835.283203	-254.327271
834.115234	-195.850693
832.947266	215.878510
831.778320	19.980469
830.609375	-19.489592
829.440430	163.645569
828.271484	272.063110
827.101563	175.410889
825.931641	508.532196
824.761719	670.775818
823.590820	303.410950
822.420898	378.468903
821.250000	410.979126
820.078125	381.771088
818.907227	333.577850
817.735352	360.273468
816.562500	207.980057
815.390625	260.687134
814.217773	347.675781
813.044922	168.399643
811.872070	296.265076
810.698242	102.573395
809.524414	-5.628820
808.350586	-188.103516
807.176758	251.367722
806.001953	-83.933037
804.827148	-80.522888
803.651367	240.075668
802.476563	173.624466
801.300781	434.875946
800.125000	171.093155
798.948242	451.749878
797.772461	358.484985
796.595703	165.606506
795.417969	501.879120
794.241211	799.971558
793.063477	569.493225
791.885742	886.912231
790.707031	487.140076
789.529297	866.332031
788.350586	539.242859
787.170898	216.730103
785.992188	519.947571
784.812500	640.920227
783.632813	310.672546
782.452148	417.159363
781.272461	684.735962
780.091797	486.506012
778.911133	470.594604
777.729492	370.186951
776.547852	574.692749
775.366211	449.241180
774.184570	357.836273
773.001953	143.983643
771.819336	-35.802616
770.636719	-369.651642
769.453125	-50.288254
768.269531	-231.609283
767.085938	-146.603592
765.902344	-46.732788
764.717773	53.207924
763.533203	106.781784
762.348633	-217.254410
761.163086	-125.457626
759.977539	-77.898048
758.791992	-49.241058
757.606445	-1.534931
756.419922	-61.258598
755.233398	-148.264191
754.046875	-209.877609
752.859375	52.933868
751.672852	189.349564
750.485352	302.600616
749.296875	605.259399
748.108398	686.890991
746.919922	421.434662
745.731445	467.388336
744.542969	536.472473
743.353516	437.379791
742.164063	447.631927
740.973633	447.374695
739.783203	285.379669
738.592773	188.554688
737.402344	179.948273
736.211914	251.097229
735.020508	263.424622
733.829102	323.971588
732.636719	357.184662
731.444336	388.245728
730.251953	123.621422
729.059570	7.891727
727.866211	200.214172
726.673828	249.908493
725.479492	-87.994125
724.286133	80.959953
723.091797	-313.431702
721.897461	-25.364992
720.703125	-118.388115
719.507813	-123.593140
718.312500	21.695747
717.117188	135.442642
715.921875	157.033722
714.725586	165.951538
713.529297	22.201242
712.332031	-19.238245
711.135742	22.765705
709.938477	402.897827
708.740234	419.455719
707.542969	544.401672
706.344727	1021.803589
705.146484	1767.950684
703.948242	2311.290527
702.749023	2595.659668
701.549805	2469.059814
700.350586	2171.467041
699.150391	1325.847778
697.950195	1078.373413
696.750000	851.697510
695.549805	400.107178
694.348633	44.347599
693.147461	192.284317
691.946289	469.026489
690.744141	160.949783
689.541992	485.144714
688.339844	247.659958
687.136719	228.447296
685.934570	78.213188
684.730469	405.832550
683.527344	261.670074
682.323242	275.328918
681.119141	276.456635
679.915039	302.436005
678.710938	544.193665
677.505859	474.578796
676.300781	355.196320
675.094727	287.713959
673.889648	77.223724
672.683594	117.680450
671.476563	-117.454994
670.270508	316.819092
669.063477	162.703857
667.856445	228.300995
666.648438	217.400940
665.440430	16.248732
664.232422	320.329071
663.024414	165.194550
661.815430	-150.943451
660.606445	-63.396648
659.397461	251.857391
658.188477	-36.219654
656.978516	-112.986420
655.768555	192.931244
654.557617	-54.359753
653.346680	-18.106913
652.135742	154.965881
650.924805	29.293089
649.712891	-48.179871
648.501953	-199.163971
647.289063	-404.974915
646.077148	-53.107468
644.864258	-292.165039
643.651367	-6.642643
642.438477	182.926544
641.224609	-77.649727
640.010742	538.385437
638.796875	129.944641
637.582031	492.933197
636.367188	338.508514
635.152344	449.010254
633.937500	375.886566
632.721680	423.751587
631.505859	598.763367
630.289063	907.119995
629.073242	1153.546997
627.856445	1325.901611
626.639648	1050.467407
625.421875	900.683044
624.204102	1034.637573
622.986328	343.800079
621.768555	632.772766
620.549805	263.741364
619.331055	-48.891304
618.111328	146.171875
616.892578	67.489868
