1721.000977	40.450317
1720.027344	-115.053085
1719.052734	221.627777
1718.078125	-71.126312
1717.104492	-54.001099
1716.128906	329.243317
1715.154297	219.419540
1714.178711	124.453117
1713.204102	67.442528
1712.228516	94.500885
1711.251953	18.567333
1710.276367	124.078079
1709.299805	26.773886
1708.324219	13.596157
1707.347656	23.053984
1706.370117	-172.634521
1705.393555	-89.672180
1704.416016	-60.819759
1703.438477	0.952469
1702.460938	82.855301
1701.483398	-180.721405
1700.505859	41.225872
1699.527344	178.477371
1698.548828	205.566208
1697.570313	372.927795
1696.591797	151.792862
1695.612305	145.044113
1694.632813	71.741745
1693.653320	18.725298
1692.673828	128.906052
1691.694336	-72.373550
1690.713867	70.660561
1689.734375	35.007980
1688.753906	73.195190
1687.772461	-82.491196
1686.791992	-141.327667
1685.810547	-85.560066
1684.830078	46.565800
1683.848633	211.678024
1682.866211	-326.219910
1681.884766	-54.250603
1680.902344	164.099350
1679.919922	107.466347
1678.937500	193.333038
1677.955078	90.894615
1676.971680	-123.434486
1675.989258	5.640180
1675.005859	81.261795
1674.022461	-64.280838
1673.038086	-34.407425
1672.054688	5.654656
1671.070313	12.687256
1670.085938	146.736771
1669.101563	34.459637
1668.117188	94.899704
1667.131836	114.731651
1666.146484	-27.807869
1665.161133	60.638760
1664.175781	-41.143337
1663.189453	-175.812195
1662.204102	-26.371965
1661.217773	-54.400536
1660.231445	57.042236
1659.245117	120.356682
1658.257813	-158.318008
1657.270508	19.113804
1656.284180	204.152588
1655.295898	-43.792446
1654.308594	-71.322601
1653.321289	-27.906765
1652.333008	78.804688
1651.344727	3.405061
1650.356445	-8.658887
1649.367188	-33.301357
1648.378906	55.922291
1647.389648	-178.366669
1646.400391	-33.417740
1645.411133	-83.000595
1644.420898	-79.454391
1643.431641	52.979584
1642.441406	-77.180626
1641.451172	-53.219627
1640.459961	28.841713
1639.469727	52.915417
1638.478516	16.488571
1637.487305	-9.762151
1636.496094	67.463127
1635.504883	89.257195
1634.512695	106.055237
1633.520508	170.798996
1632.528320	165.029312
1631.536133	454.075073
1630.543945	176.359833
1629.550781	143.071793
1628.557617	127.482155
1627.564453	414.012421
1626.571289	446.306641
1625.578125	770.507935
1624.583984	558.808533
1623.589844	611.327820
1622.595703	759.428467
1621.601563	827.071777
1620.606445	970.127014
1619.611328	791.519653
1618.616211	1125.558838
1617.621094	836.563049
1616.625977	914.386292
1615.629883	1090.129150
1614.633789	879.254272
1613.637695	1017.363342
1612.641602	924.601318
1611.645508	1233.308228
1610.648438	882.254028
1609.651367	1022.881348
1608.654297	759.831177
1607.657227	1133.599854
1606.659180	1133.819824
1605.662109	1056.405029
1604.664063	1482.548584
1603.666016	1277.398071
1602.666992	1290.189697
1601.668945	1488.264771
1600.669922	1295.802246
1599.670898	1378.703491
1598.671875	1293.957275
1597.671875	1136.708862
1596.672852	1279.651367
1595.672852	1162.499023
1594.672852	1082.901245
1593.671875	938.351196
1592.671875	723.914001
1591.670898	846.822571
1590.669922	627.496033
1589.668945	830.288452
1588.667969	249.041306
1587.666016	686.456055
1586.664063	457.352112
1585.662109	522.763489
1584.660156	435.974152
1583.658203	341.733887
1582.655273	282.423920
1581.652344	484.898071
1580.649414	365.747070
1579.646484	284.015808
1578.642578	157.450806
1577.638672	125.581810
1576.634766	175.897141
1575.630859	231.157608
1574.626953	109.635735
1573.622070	144.934662
1572.618164	127.958885
1571.613281	250.278824
1570.607422	337.695465
1569.602539	370.360504
1568.596680	313.477234
1567.590820	0.568020
1566.584961	194.749390
1565.579102	68.305893
1564.572266	-25.824177
1563.566406	-35.482906
1562.559570	213.071106
1561.551758	223.158630
1560.544922	163.730743
1559.537109	-399.460388
1558.530273	191.246384
1557.521484	-59.232498
1556.513672	-61.621727
1555.505859	-116.103958
1554.497070	-36.738838
1553.488281	208.620667
1552.479492	5.352286
1551.470703	-36.828308
1550.460938	42.335674
1549.451172	5.052986
1548.441406	-146.129578
1547.431641	145.803574
1546.421875	44.096561
1545.411133	-109.565079
1544.400391	-77.659843
1543.389648	35.822083
1542.378906	104.719673
1541.367188	79.608131
1540.355469	-123.479134
1539.343750	41.691433
1538.332031	-40.295982
1537.320313	-95.103287
1536.307617	-31.385696
1535.294922	12.527120
1534.282227	-12.723928
1533.269531	-50.328964
1532.256836	181.014099
1531.243164	-39.233738
1530.229492	-99.093338
1529.215820	43.255020
1528.202148	84.438698
1527.187500	-140.640854
1526.172852	-25.561964
1525.158203	-58.385704
1524.143555	4.852278
1523.127930	-101.903587
1522.113281	-95.358032
1521.097656	49.013054
1520.082031	-87.280579
1519.065430	-26.689026
1518.049805	68.314590
1517.033203	77.157669
1516.016602	34.337360
1515.000000	109.533974
1513.982422	282.997650
1512.965820	-15.482901
1511.948242	187.387894
1510.930664	19.212753
1509.913086	199.858566
1508.894531	-149.999741
1507.875977	219.607834
1506.857422	242.958359
1505.838867	18.432407
1504.820313	58.969185
1503.800781	16.064947
1502.781250	171.820587
1501.761719	123.990761
1500.742188	-90.522430
1499.721680	99.435493
1498.702148	32.029510
1497.681641	25.880333
1496.661133	120.154335
1495.639648	-42.755711
1494.618164	95.544121
1493.597656	-42.806187
1492.576172	-7.353836
1491.553711	209.130478
1490.532227	63.492352
1489.509766	201.609436
1488.487305	151.388306
1487.464844	20.516258
1486.442383	9.468685
1485.418945	198.797623
1484.395508	19.136192
1483.372070	42.294727
1482.348633	55.682194
1481.324219	-92.085838
1480.300781	126.390701
1479.276367	-13.991789
1478.251953	-39.621780
1477.226563	-138.429565
1476.202148	131.119583
1475.176758	-79.829811
1474.151367	170.101288
1473.125000	25.058828
1472.099609	-34.603321
1471.073242	34.894272
1470.046875	123.865112
1469.020508	229.861679
1467.994141	294.438354
1466.966797	290.830017
1465.939453	255.603027
1464.912109	-35.089626
1463.884766	75.774208
1462.856445	317.944153
1461.829102	231.753983
1460.800781	143.178848
1459.772461	380.384491
1458.743164	131.454590
1457.714844	453.648438
1456.685547	569.236328
1455.656250	582.794922
1454.625977	171.432404
1453.596680	318.643158
1452.566406	392.991608
1451.536133	336.298431
1450.505859	187.464539
1449.474609	453.486847
1448.444336	435.703186
1447.413086	274.895935
1446.381836	300.838715
1445.350586	418.894287
1444.318359	347.923950
1443.286133	260.058624
1442.253906	271.563324
1441.221680	84.535202
1440.189453	282.549835
1439.156250	260.244049
1438.123047	196.841263
1437.089844	70.595718
1436.056641	-28.954109
1435.022461	48.103088
1433.988281	137.252243
1432.954102	4.003448
1431.919922	-141.237732
1430.885742	32.572941
1429.850586	20.318600
1428.815430	256.880402
1427.780273	-54.773628
1426.744141	29.668432
1425.708984	-25.873564
1424.672852	-341.993744
1423.636719	215.460220
1422.600586	111.773720
1421.563477	10.570313
1420.527344	17.961765
1419.490234	114.572052
1418.452148	-3.331960
1417.415039	13.802587
1416.376953	139.368439
1415.338867	-110.820343
1414.300781	19.614229
1413.262695	-124.431290
1412.224609	92.682800
1411.185547	32.982731
1410.146484	-175.826126
1409.107422	-69.384407
1408.067383	-275.607178
1407.027344	167.506683
1405.987305	-293.418884
1404.947266	-66.720764
1403.907227	63.802128
1402.866211	86.190926
1401.826172	-66.719780
1400.785156	-8.211907
1399.743164	-14.523716
1398.702148	44.027744
1397.660156	-46.207409
1396.618164	168.351456
1395.576172	334.880951
1394.533203	86.461548
1393.491211	576.718079
1392.448242	469.871094
1391.405273	562.041077
1390.361328	575.122986
1389.318359	830.218872
1388.274414	922.357239
1387.230469	1062.390747
1386.186523	1008.469482
1385.141602	1205.937866
1384.097656	1329.180664
1383.052734	1193.990479
1382.007813	1295.717651
1380.961914	1215.665649
1379.916992	1114.172119
1378.871094	1215.951782
1377.825195	1078.714111
1376.778320	1118.391724
1375.732422	966.972107
1374.685547	923.127441
1373.638672	595.160767
1372.591797	584.909668
1371.543945	667.783447
1370.497070	621.792603
1369.449219	470.863525
1368.400391	704.083801
1367.352539	581.887573
1366.303711	462.152557
1365.255859	592.822571
1364.206055	539.929321
1363.157227	408.461792
1362.108398	400.966125
1361.058594	643.594055
1360.008789	476.554382
1358.958984	800.071411
1357.908203	730.714905
1356.857422	773.269836
1355.806641	635.007141
1354.755859	439.739075
1353.705078	353.988556
1352.653320	539.358765
1351.601563	475.066071
1350.549805	434.594421
1349.498047	215.947342
1348.445313	237.362808
1347.393555	192.297165
1346.340820	242.256165
1345.287109	213.864441
1344.234375	465.609467
1343.180664	81.254906
1342.126953	532.263000
1341.073242	264.342377
1340.019531	81.937843
1338.964844	86.945847
1337.910156	433.342194
1336.855469	87.540543
1335.799805	260.843628
1334.745117	-11.286983
1333.689453	-22.744314
1332.633789	193.155319
1331.578125	44.381226
1330.521484	-40.406296
1329.464844	-47.044128
1328.408203	100.129433
1327.351563	93.500679
1326.294922	-123.588989
1325.237305	51.926113
1324.179688	229.745148
1323.122070	-102.998497
1322.064453	126.794388
1321.005859	-139.610214
1319.947266	90.116669
1318.888672	45.835979
1317.830078	-57.431179
1316.770508	49.425007
1315.710938	9.938539
1314.651367	-3.564785
1313.591797	174.016235
1312.531250	77.961418
1311.471680	-51.041889
1310.411133	69.890556
1309.349609	-42.546223
1308.289063	-46.528248
1307.227539	-123.532494
1306.166016	133.953461
1305.104492	-91.383224
1304.042969	-59.999878
1302.980469	-99.239555
1301.917969	26.271444
1300.855469	-12.951543
1299.792969	-186.221313
1298.729492	-241.830063
1297.666016	-116.366989
1296.602539	-7.404644
1295.539063	-60.642509
1294.474609	-97.405907
1293.411133	213.527313
1292.346680	87.487251
1291.281250	121.172935
1290.216797	-65.816597
1289.151367	-39.141380
1288.085938	-10.123087
1287.020508	110.384552
1285.955078	-31.854990
1284.888672	165.995224
1283.822266	-41.837666
1282.755859	120.780930
1281.689453	184.905518
1280.622070	349.750061
1279.554688	254.512375
1278.487305	224.897415
1277.419922	66.518288
1276.351563	102.507011
1275.283203	178.268433
1274.214844	-31.467110
1273.146484	58.337383
1272.077148	80.272949
1271.008789	188.729462
1269.939453	89.062950
1268.869141	132.019455
1267.799805	107.195831
1266.729492	-4.061558
1265.659180	113.642365
1264.588867	98.186447
1263.517578	108.417702
1262.447266	-58.752579
1261.375977	89.207596
1260.304688	328.105438
1259.232422	-223.913177
1258.161133	362.461456
1257.088867	239.726257
1256.016602	84.409142
1254.943359	173.884552
1253.871094	274.981720
1252.797852	250.226898
1251.724609	265.081604
1250.650391	531.426208
1249.577148	297.105560
1248.502930	637.819763
1247.428711	424.522552
1246.354492	150.831161
1245.279297	479.725647
1244.204102	457.311981
1243.128906	109.392982
1242.053711	586.867188
1240.977539	425.001740
1239.902344	325.955841
1238.826172	396.535370
1237.750000	237.154892
1236.672852	289.148071
1235.595703	53.251762
1234.518555	267.745361
1233.441406	264.017609
1232.364258	160.537415
1231.286133	110.449036
1230.208008	162.424835
1229.129883	89.183685
1228.051758	57.704216
1226.972656	58.681545
1225.893555	-5.211989
1224.814453	97.713196
1223.734375	-44.894627
1222.655273	58.004341
1221.575195	-130.818863
1220.495117	-220.035690
1219.415039	-133.349136
1218.333984	-79.087395
1217.252930	56.107327
1216.171875	-146.356613
1215.090820	-36.623604
1214.008789	-30.947613
1212.926758	57.921726
1211.844727	38.174015
1210.762695	-127.075378
1209.679688	-5.896769
1208.597656	-81.004539
1207.513672	42.429142
1206.430664	-14.184988
1205.347656	0.760487
1204.263672	-35.046898
1203.179688	122.895073
1202.095703	11.002561
1201.010742	2.900621
1199.925781	-81.246452
1198.840820	-87.004944
1197.755859	-35.155972
1196.670898	-121.513863
1195.584961	59.280876
1194.499023	-54.672005
1193.413086	59.299488
1192.326172	-107.515434
1191.239258	-212.130356
1190.152344	-77.472885
1189.065430	167.517593
1187.978516	198.591202
1186.890625	114.724686
1185.802734	79.166092
1184.714844	43.634258
1183.625977	-125.108887
1182.538086	181.631775
1181.449219	10.659348
1180.360352	305.772552
1179.270508	318.467743
1178.180664	260.039734
1177.090820	15.830318
1176.000977	257.966522
1174.911133	133.126068
1173.820313	336.174500
1172.729492	316.820587
1171.638672	343.316223
1170.547852	230.059906
1169.456055	169.542145
1168.364258	376.989197
1167.272461	392.039703
1166.179688	299.508453
1165.087891	403.839966
1163.995117	247.308380
1162.902344	459.132019
1161.808594	570.242920
1160.715820	752.198669
1159.622070	746.634827
1158.528320	704.519653
1157.433594	657.857422
1156.339844	417.061096
1155.245117	569.199890
1154.149414	483.808807
1153.054688	537.722717
1151.958984	527.713867
1150.863281	426.445709
1149.767578	247.666061
1148.671875	422.503693
1147.575195	414.841705
1146.478516	395.792694
1145.381836	527.194275
1144.285156	189.118439
1143.187500	304.571472
1142.089844	71.482193
1140.992188	68.510452
1139.894531	161.167694
1138.795898	212.815628
1137.697266	-111.048676
1136.598633	27.109625
1135.499023	-48.617313
1134.400391	57.637917
1133.300781	-140.830673
1132.201172	-2.770237
1131.100586	92.044174
1130.000977	143.655640
1128.900391	-93.257065
1127.799805	-132.470459
1126.698242	-94.466637
1125.596680	75.192650
1124.495117	-150.139542
1123.393555	78.456261
1122.291992	209.401428
1121.189453	217.807587
1120.086914	441.630493
1118.984375	599.607910
1117.881836	539.920898
1116.778320	582.228027
1115.674805	798.965332
1114.571289	573.913513
1113.466797	729.401001
1112.363281	730.864990
1111.258789	415.423706
1110.153320	715.658569
1109.048828	246.498886
1107.943359	512.695740
1106.837891	554.878479
1105.732422	556.335571
1104.625977	327.207642
1103.520508	258.639038
1102.414063	219.458664
1101.306641	101.218605
1100.200195	184.027893
1099.092773	190.014282
1097.985352	220.816925
1096.877930	276.419403
1095.769531	-49.359901
1094.661133	10.756766
1093.552734	179.090897
1092.444336	187.235458
1091.335938	51.076382
1090.226563	142.599869
1089.117188	119.140335
1088.006836	174.517929
1086.897461	63.179729
1085.787109	159.038284
1084.676758	394.414368
1083.566406	96.209488
1082.455078	124.411621
1081.343750	298.814209
1080.232422	263.926178
1079.121094	330.225128
1078.008789	335.755585
1076.896484	368.229065
1075.784180	304.025452
1074.671875	504.942749
1073.558594	433.931580
1072.445313	326.986694
1071.332031	359.265381
1070.217773	297.210388
1069.104492	66.833771
1067.990234	370.535675
1066.875977	225.410507
1065.760742	163.291550
1064.645508	47.347507
1063.530273	243.016907
1062.415039	241.330048
1061.299805	212.713730
1060.183594	130.296005
1059.067383	52.353130
1057.951172	88.599022
1056.833984	-264.754425
1055.716797	-152.452286
1054.599609	322.254486
1053.482422	-125.015923
1052.364258	273.321350
1051.247070	125.810616
1050.128906	313.657562
1049.009766	188.439301
1047.891602	94.516800
1046.772461	-3.890803
1045.653320	-131.348557
1044.533203	417.827698
1043.414063	113.843109
1042.293945	189.393005
1041.173828	50.613712
1040.052734	262.115021
1038.932617	-220.249084
1037.811523	62.456604
1036.689453	99.713539
1035.568359	188.163101
1034.446289	-95.667923
1033.324219	264.474396
1032.202148	120.960304
1031.079102	-142.823349
1029.957031	-34.717045
1028.833984	-26.903448
1027.709961	-150.479187
1026.586914	21.868021
1025.462891	51.689564
1024.338867	-94.269867
1023.214844	53.266384
1022.089844	-39.428505
1020.964844	70.091553
1019.839844	-76.041283
1018.714844	51.061054
1017.588867	98.064140
1016.462891	-17.122734
1015.336914	-59.076313
1014.210938	-89.990494
1013.083984	156.391937
1011.957031	211.796982
1010.830078	3.161679
1009.702148	169.280212
1008.574219	237.697220
1007.446289	492.183746
1006.318359	1271.645752
1005.190430	1614.233154
1004.061523	1898.985962
1002.932617	1512.558838
1001.802734	993.384277
1000.673828	644.803223
999.543945	280.798340
998.414063	390.325165
997.283203	-75.379135
996.153320	301.589539
995.022461	472.680176
993.891602	404.887848
992.759766	418.799103
991.628906	927.521851
990.497070	925.674561
989.364258	1314.610596
988.232422	1645.889648
987.099609	1645.821167
985.966797	1577.256348
984.833984	1797.666138
983.700195	2024.498169
982.566406	1849.773804
981.432617	1913.165283
980.298828	1764.829102
979.164063	1594.429565
978.029297	1069.293091
976.894531	932.006165
975.759766	825.530151
974.624023	791.669861
973.488281	627.867371
972.352539	453.053070
971.215820	509.258118
970.080078	409.181580
968.943359	403.631439
967.805664	439.768463
966.668945	260.393646
965.531250	674.402710
964.393555	349.873352
963.254883	308.784058
962.117188	188.582962
960.978516	551.415405
959.839844	347.636963
958.700195	229.464203
957.561523	488.689667
956.421875	256.323669
955.281250	359.543030
954.141602	243.388763
953.000977	528.382690
951.860352	477.849823
950.719727	633.246460
949.578125	446.750183
948.436523	534.051392
947.294922	270.903473
946.153320	222.354797
945.010742	243.799637
943.868164	114.192467
942.725586	343.368866
941.583008	174.322723
940.439453	-7.829077
939.295898	310.684692
938.152344	124.117752
937.007813	118.946442
935.863281	209.856262
934.718750	-5.096199
933.574219	42.046085
932.428711	180.806366
931.283203	120.848946
930.137695	316.191498
928.992188	46.728748
927.845703	-220.473053
926.699219	22.686203
925.552734	198.120850
924.405273	251.383591
923.257813	-129.042511
922.110352	379.557770
920.962891	203.983688
919.814453	89.436485
918.666016	188.286133
917.517578	52.007774
916.369141	-62.452732
915.219727	164.689987
914.070313	-21.539646
912.920898	101.107071
911.770508	-100.248428
910.621094	-12.407479
909.470703	81.909286
908.319336	-204.018021
907.168945	-81.438004
906.017578	-100.061333
904.866211	-270.629059
903.713867	6.025507
902.562500	-8.195916
901.410156	157.677933
900.256836	158.646133
899.104492	94.604431
897.951172	-25.751051
896.797852	-61.475834
895.644531	-10.459529
894.490234	159.728714
893.335938	-18.845634
892.181641	95.062653
891.027344	118.042557
889.872070	156.210709
888.716797	-30.633146
887.561523	-228.146103
886.405273	-18.859739
885.249023	51.998192
884.092773	21.282339
882.936523	-104.447571
881.779297	-11.787237
880.622070	85.234520
879.464844	-3.461226
878.307617	-9.963186
877.149414	20.322710
875.991211	35.582172
874.833008	-28.912188
873.673828	113.836296
872.514648	170.343124
871.355469	114.796906
870.196289	-253.229034
869.036133	-75.640015
867.875977	67.506767
866.715820	72.819756
865.554688	-171.615875
864.394531	219.475998
863.233398	128.241333
862.071289	215.829880
860.910156	36.677090
859.748047	27.704987
858.585938	132.882614
857.422852	251.051666
856.259766	395.114471
855.096680	279.173309
853.933594	215.017960
852.770508	271.361938
851.606445	226.877487
850.442383	201.903564
849.277344	164.216141
848.113281	133.161377
846.948242	256.792694
845.783203	277.557617
844.617188	0.328211
843.451172	115.844582
842.285156	109.280724
841.119141	60.031261
839.952148	21.697136
838.785156	264.230469
837.618164	7.760061
836.451172	-2.130282
835.283203	337.145111
834.115234	-164.745758
832.947266	25.001354
831.778320	-82.533447
830.609375	41.188160
829.440430	319.020996
828.271484	261.266998
827.101563	325.571106
825.931641	71.644379
824.761719	174.829575
823.590820	305.935852
822.420898	223.646240
821.250000	126.654419
820.078125	437.594238
818.907227	183.102448
817.735352	490.033600
816.562500	272.324005
815.390625	419.577728
814.217773	436.921539
813.044922	126.223656
811.872070	67.335327
810.698242	198.293060
809.524414	129.182877
808.350586	-20.605227
807.176758	176.908447
806.001953	-80.954254
804.827148	289.258667
803.651367	-76.597641
802.476563	13.093204
801.300781	328.353088
800.125000	-115.302773
798.948242	366.027771
797.772461	-53.652119
796.595703	168.650940
795.417969	172.277145
794.241211	139.997757
793.063477	354.189545
791.885742	69.689758
790.707031	190.806961
789.529297	396.912109
788.350586	195.872879
787.170898	236.844803
785.992188	133.810791
784.812500	408.267853
783.632813	553.508179
782.452148	408.611786
781.272461	-5.037812
780.091797	151.269791
778.911133	76.905716
777.729492	-33.253254
776.547852	15.485684
775.366211	41.072990
774.184570	-115.107414
773.001953	-15.223811
771.819336	-25.189930
770.636719	155.186295
769.453125	-80.665894
768.269531	-24.770365
767.085938	-243.357361
765.902344	197.049789
764.717773	88.483620
763.533203	-239.438095
762.348633	-113.469559
761.163086	-76.080406
759.977539	85.793800
758.791992	-22.238253
757.606445	-307.237946
756.419922	59.176392
755.233398	-35.978424
754.046875	43.788651
752.859375	258.337494
751.672852	205.397598
750.485352	411.422211
749.296875	217.495758
748.108398	252.999527
746.919922	507.248199
745.731445	212.464569
744.542969	178.511993
743.353516	60.464451
742.164063	95.847473
740.973633	387.500458
739.783203	-184.377258
738.592773	205.788284
737.402344	-19.479654
736.211914	189.789368
735.020508	92.481201
733.829102	305.639038
732.636719	592.011780
731.444336	402.094025
730.251953	201.662811
729.059570	166.790253
727.866211	238.674194
726.673828	180.480972
725.479492	-43.307167
724.286133	93.034592
723.091797	32.347069
721.897461	383.856598
720.703125	-68.555573
719.507813	-23.012243
718.312500	235.657104
717.117188	-18.335764
715.921875	300.420288
714.725586	165.241943
713.529297	6.916322
712.332031	80.328491
711.135742	220.305054
709.938477	547.907776
708.740234	447.128723
707.542969	104.026962
706.344727	612.199158
705.146484	1084.398560
703.948242	1262.021606
702.749023	1497.668945
701.549805	1416.050781
700.350586	1113.263794
699.150391	1016.624268
697.950195	905.162781
696.750000	695.578979
695.549805	377.528290
694.348633	479.851440
693.147461	207.210983
691.946289	467.086304
690.744141	560.125854
689.541992	388.703888
688.339844	468.674805
687.136719	392.415070
685.934570	372.034515
684.730469	343.074371
683.527344	417.731110
682.323242	294.793396
681.119141	454.041046
679.915039	550.695618
678.710938	39.003052
677.505859	344.808228
676.300781	135.823441
675.094727	98.860252
673.889648	497.141541
672.683594	146.754456
671.476563	74.072342
670.270508	506.832336
669.063477	143.853180
667.856445	145.425125
666.648438	175.901108
665.440430	63.486610
664.232422	2.833237
663.024414	-246.064056
661.815430	107.087448
660.606445	-15.496413
659.397461	-38.698486
658.188477	-222.991638
656.978516	-2.021102
655.768555	103.340309
654.557617	76.687973
653.346680	168.023911
652.135742	36.666351
650.924805	-125.226486
649.712891	-296.957764
648.501953	103.308815
647.289063	-28.244984
646.077148	-128.235901
644.864258	-23.467768
643.651367	-204.553268
642.438477	134.450378
641.224609	-10.012216
640.010742	-112.336182
638.796875	-116.886688
637.582031	-73.063568
636.367188	25.352375
635.152344	133.132111
633.937500	91.957962
632.721680	243.423431
631.505859	305.792419
630.289063	299.786987
629.073242	270.748688
627.856445	222.926102
626.639648	300.218018
625.421875	486.230682
624.204102	286.170837
622.986328	57.601860
621.768555	139.280731
620.549805	-113.107635
619.331055	-98.201561
618.111328	77.332039
616.892578	69.027695
