1721.000977	-18.676907
1720.027344	223.058578
1719.052734	39.239841
1718.078125	421.516937
1717.104492	263.962860
1716.128906	-189.455734
1715.154297	235.941376
1714.178711	-47.304775
1713.204102	194.184906
1712.228516	278.426575
1711.251953	13.392315
1710.276367	62.814869
1709.299805	-285.478546
1708.324219	220.910019
1707.347656	-8.294410
1706.370117	-48.662678
1705.393555	-261.031799
1704.416016	-105.512886
1703.438477	97.990189
1702.460938	-16.215788
1701.483398	-243.367737
1700.505859	-69.576408
1699.527344	221.221497
1698.548828	61.763638
1697.570313	47.575863
1696.591797	-79.371353
1695.612305	204.457657
1694.632813	-30.444611
1693.653320	535.908020
1692.673828	-169.163055
1691.694336	-85.840851
1690.713867	-69.182121
1689.734375	212.480270
1688.753906	67.929985
1687.772461	-234.878342
1686.791992	-224.236847
1685.810547	-32.905720
1684.830078	-206.124680
1683.848633	122.318954
1682.866211	60.799328
1681.884766	-64.456993
1680.902344	-136.368515
1679.919922	-208.369125
1678.937500	45.253746
1677.955078	-65.117805
1676.971680	-223.893250
1675.989258	24.230633
1675.005859	43.329773
1674.022461	-29.143036
1673.038086	111.805305
1672.054688	-151.302475
1671.070313	116.556969
1670.085938	-9.383611
1669.101563	118.635269
1668.117188	195.820023
1667.131836	298.315948
1666.146484	131.782242
1665.161133	183.520035
1664.175781	179.449371
1663.189453	167.759369
1662.204102	204.313095
1661.217773	103.959213
1660.231445	-323.266083
1659.245117	-301.758636
1658.257813	-57.306923
1657.270508	-68.729172
1656.284180	132.663681
1655.295898	30.137890
1654.308594	-36.808014
1653.321289	-177.055328
1652.333008	-352.633667
1651.344727	215.674072
1650.356445	166.692719
1649.367188	89.956772
1648.378906	101.851463
1647.389648	131.480301
1646.400391	421.469177
1645.411133	-66.762238
1644.420898	155.079926
1643.431641	-168.562317
1642.441406	71.059258
1641.451172	298.047821
1640.459961	363.466614
1639.469727	204.398865
1638.478516	386.044220
1637.487305	154.040100
1636.496094	292.935699
1635.504883	5.764511
1634.512695	457.365112
1633.520508	586.276306
1632.528320	382.623169
1631.536133	408.397644
1630.543945	645.822205
1629.550781	782.483582
1628.557617	848.689026
1627.564453	650.658875
1626.571289	978.771484
1625.578125	1412.514404
1624.583984	1353.089844
1623.589844	1085.036499
1622.595703	1936.127197
1621.601563	1801.478149
1620.606445	2192.252441
1619.611328	1635.582153
1618.616211	1772.649902
1617.621094	2145.860840
1616.625977	1584.780029
1615.629883	2151.340576
1614.633789	1927.009888
1613.637695	1579.872437
1612.641602	1817.610474
1611.645508	1761.808838
1610.648438	1708.584351
1609.651367	2417.786377
1608.654297	1627.499390
1607.657227	1785.112671
1606.659180	2240.930908
1605.662109	2245.653076
1604.664063	2280.476074
1603.666016	2515.709473
1602.666992	2355.251709
1601.668945	2372.703613
1600.669922	2385.172852
1599.670898	2079.890381
1598.671875	2014.979858
1597.671875	1920.109741
1596.672852	1902.891724
1595.672852	1520.660645
1594.672852	1781.096436
1593.671875	1061.723389
1592.671875	1299.758179
1591.670898	1100.528198
1590.669922	966.365784
1589.668945	759.890503
1588.667969	660.905579
1587.666016	654.334229
1586.664063	834.984924
1585.662109	394.317291
1584.660156	477.740112
1583.658203	301.783295
1582.655273	230.639832
1581.652344	226.875900
1580.649414	375.189453
1579.646484	144.696411
1578.642578	370.238464
1577.638672	224.573090
1576.634766	646.812378
1575.630859	0.740332
1574.626953	37.054989
1573.622070	65.891342
1572.618164	211.718292
1571.613281	265.432007
1570.607422	-121.128563
1569.602539	89.349037
1568.596680	61.050369
1567.590820	-437.009430
1566.584961	270.473419
1565.579102	-172.720795
1564.572266	-96.550262
1563.566406	-99.843361
1562.559570	-83.281151
1561.551758	17.674706
1560.544922	88.844177
1559.537109	-224.668381
1558.530273	82.246002
1557.521484	225.281601
1556.513672	-30.983761
1555.505859	-217.699280
1554.497070	-67.221031
1553.488281	-28.322954
1552.479492	-157.927475
1551.470703	17.253960
1550.460938	-223.771240
1549.451172	18.199564
1548.441406	86.771408
1547.431641	-275.380310
1546.421875	199.103394
1545.411133	-237.156509
1544.400391	-101.793312
1543.389648	-203.908844
1542.378906	40.203651
1541.367188	-143.494827
1540.355469	16.452312
1539.343750	-308.005890
1538.332031	-293.846130
1537.320313	21.665854
1536.307617	-238.387650
1535.294922	-216.854691
1534.282227	41.655315
1533.269531	105.091576
1532.256836	106.817383
1531.243164	27.110575
1530.229492	-138.880783
1529.215820	220.448883
1528.202148	227.076218
1527.187500	226.287048
1526.172852	223.041977
1525.158203	25.157583
1524.143555	120.501244
1523.127930	-161.023849
1522.113281	42.675060
1521.097656	-386.408295
1520.082031	95.362434
1519.065430	-557.488281
1518.049805	-16.820898
1517.033203	-133.141449
1516.016602	94.885658
1515.000000	131.049850
1513.982422	169.637512
1512.965820	134.518524
1511.948242	-45.570629
1510.930664	-19.220184
1509.913086	-12.515613
1508.894531	107.126541
1507.875977	35.241032
1506.857422	147.484619
1505.838867	60.920315
1504.820313	-128.634933
1503.800781	-26.222467
1502.781250	36.926781
1501.761719	377.133698
1500.742188	97.000420
1499.721680	123.345161
1498.702148	306.545044
1497.681641	-44.412472
1496.661133	454.725922
1495.639648	439.387970
1494.618164	277.182404
1493.597656	384.346832
1492.576172	486.568207
1491.553711	-96.347992
1490.532227	571.060852
1489.509766	98.478104
1488.487305	-46.222046
1487.464844	192.980652
1486.442383	89.922813
1485.418945	495.192780
1484.395508	57.434196
1483.372070	272.069641
1482.348633	7.990428
1481.324219	330.011658
1480.300781	70.974144
1479.276367	-122.051247
1478.251953	-58.757042
1477.226563	565.609497
1476.202148	60.506065
1475.176758	516.394470
1474.151367	574.730530
1473.125000	350.313965
1472.099609	55.379452
1471.073242	40.772045
1470.046875	325.826172
1469.020508	376.999634
1467.994141	128.699356
1466.966797	41.194229
1465.939453	620.634888
1464.912109	404.178314
1463.884766	46.750961
1462.856445	604.036011
1461.829102	657.778687
1460.800781	402.743103
1459.772461	930.567810
1458.743164	850.631470
1457.714844	1072.085083
1456.685547	926.658020
1455.656250	834.769897
1454.625977	757.518311
1453.596680	1049.378052
1452.566406	717.363953
1451.536133	943.668884
1450.505859	808.437988
1449.474609	1105.046509
1448.444336	705.613098
1447.413086	779.164978
1446.381836	830.925842
1445.350586	475.568115
1444.318359	723.725159
1443.286133	363.784424
1442.253906	723.387146
1441.221680	395.194092
1440.189453	183.404968
1439.156250	552.649475
1438.123047	643.502319
1437.089844	231.143631
1436.056641	317.312225
1435.022461	255.958374
1433.988281	455.824341
1432.954102	525.133301
1431.919922	65.186424
1430.885742	-73.129044
1429.850586	80.965569
1428.815430	326.841034
1427.780273	77.650108
1426.744141	202.820129
1425.708984	-79.900696
1424.672852	337.380981
1423.636719	356.453461
1422.600586	496.192139
1421.563477	288.637878
1420.527344	122.252983
1419.490234	78.927559
1418.452148	-149.912064
1417.415039	-58.085377
1416.376953	9.661457
1415.338867	-52.614429
1414.300781	-324.299500
1413.262695	-68.537994
1412.224609	71.646851
1411.185547	-19.207283
1410.146484	145.089096
1409.107422	88.079163
1408.067383	670.871094
1407.027344	-112.256035
1405.987305	-173.786453
1404.947266	106.072975
1403.907227	-41.837780
1402.866211	199.558563
1401.826172	246.389145
1400.785156	216.410004
1399.743164	400.176178
1398.702148	339.122864
1397.660156	378.940155
1396.618164	644.351501
1395.576172	945.704590
1394.533203	1011.952209
1393.491211	1603.380249
1392.448242	1547.343750
1391.405273	1218.174927
1390.361328	1888.436279
1389.318359	1988.323242
1388.274414	2495.406006
1387.230469	2786.825195
1386.186523	2884.260742
1385.141602	3357.520996
1384.097656	3581.781250
1383.052734	3408.815674
1382.007813	3441.725342
1380.961914	3749.714111
1379.916992	3567.483398
1378.871094	3629.225830
1377.825195	3069.593018
1376.778320	2364.492432
1375.732422	2751.589355
1374.685547	2324.081299
1373.638672	2223.986572
1372.591797	2157.437500
1371.543945	1692.338013
1370.497070	1893.364624
1369.449219	1824.742676
1368.400391	1384.069824
1367.352539	1244.182373
1366.303711	1342.856812
1365.255859	1746.718384
1364.206055	1738.112183
1363.157227	1505.606567
1362.108398	1420.980347
1361.058594	1484.118164
1360.008789	1542.541260
1358.958984	1377.206299
1357.908203	1538.103516
1356.857422	1525.273315
1355.806641	1472.070923
1354.755859	883.726196
1353.705078	1546.688110
1352.653320	1381.951294
1351.601563	1683.293945
1350.549805	1126.567261
1349.498047	867.180847
1348.445313	843.153137
1347.393555	890.473633
1346.340820	633.863037
1345.287109	766.782043
1344.234375	693.215820
1343.180664	814.326965
1342.126953	522.611633
1341.073242	359.182678
1340.019531	784.055237
1338.964844	544.873230
1337.910156	820.284912
1336.855469	341.946014
1335.799805	190.867874
1334.745117	151.276520
1333.689453	52.534889
1332.633789	365.939301
1331.578125	122.895538
1330.521484	329.735443
1329.464844	-7.748718
1328.408203	102.145630
1327.351563	-22.132799
1326.294922	90.200623
1325.237305	202.528854
1324.179688	-205.207764
1323.122070	-19.482435
1322.064453	-53.533981
1321.005859	-179.666702
1319.947266	62.770409
1318.888672	-63.219299
1317.830078	-455.878571
1316.770508	-156.741913
1315.710938	-261.217194
1314.651367	-153.250305
1313.591797	-389.669922
1312.531250	-67.025940
1311.471680	-79.263115
1310.411133	52.331802
1309.349609	200.410751
1308.289063	162.337296
1307.227539	-141.882065
1306.166016	-52.593197
1305.104492	-471.917755
1304.042969	-281.266510
1302.980469	-130.681030
1301.917969	-17.761398
1300.855469	-144.820648
1299.792969	276.277344
1298.729492	-321.047913
1297.666016	-297.361481
1296.602539	165.929825
1295.539063	3.926965
1294.474609	448.229340
1293.411133	-40.207241
1292.346680	2.383023
1291.281250	-67.722961
1290.216797	197.957703
1289.151367	22.300432
1288.085938	-284.646973
1287.020508	337.614899
1285.955078	-93.504341
1284.888672	87.645866
1283.822266	-96.992355
1282.755859	133.377319
1281.689453	-25.339432
1280.622070	165.144867
1279.554688	311.072937
1278.487305	344.561401
1277.419922	364.015991
1276.351563	317.943054
1275.283203	379.581268
1274.214844	504.402740
1273.146484	404.617859
1272.077148	234.733139
1271.008789	188.897949
1269.939453	-62.631824
1268.869141	172.139450
1267.799805	273.649994
1266.729492	342.425415
1265.659180	345.797791
1264.588867	423.922852
1263.517578	149.475388
1262.447266	222.998734
1261.375977	163.479797
1260.304688	649.996582
1259.232422	681.427246
1258.161133	456.334229
1257.088867	644.072021
1256.016602	435.437256
1254.943359	345.776825
1253.871094	687.282043
1252.797852	660.553589
1251.724609	1020.505188
1250.650391	1124.151855
1249.577148	1379.122192
1248.502930	1252.247559
1247.428711	971.859497
1246.354492	984.770020
1245.279297	846.486572
1244.204102	924.563171
1243.128906	686.409546
1242.053711	738.950928
1240.977539	842.608826
1239.902344	641.859070
1238.826172	582.908447
1237.750000	935.092224
1236.672852	390.816406
1235.595703	385.388916
1234.518555	20.219330
1233.441406	557.908752
1232.364258	575.691040
1231.286133	164.358963
1230.208008	207.743790
1229.129883	281.262939
1228.051758	396.482361
1226.972656	180.253510
1225.893555	374.231720
1224.814453	104.846207
1223.734375	261.710205
1222.655273	98.994141
1221.575195	109.968018
1220.495117	551.423828
1219.415039	217.536804
1218.333984	263.189850
1217.252930	426.784271
1216.171875	-172.766403
1215.090820	409.310760
1214.008789	-132.191162
1212.926758	109.922028
1211.844727	81.630302
1210.762695	210.417511
1209.679688	135.920517
1208.597656	-81.671104
1207.513672	-8.348033
1206.430664	159.578583
1205.347656	-127.102028
1204.263672	-120.710007
1203.179688	49.425312
1202.095703	-15.700514
1201.010742	585.401001
1199.925781	287.396576
1198.840820	60.945820
1197.755859	532.622437
1196.670898	-46.175709
1195.584961	-97.417122
1194.499023	445.322662
1193.413086	253.586075
1192.326172	282.826447
1191.239258	-95.164536
1190.152344	-10.668731
1189.065430	342.844574
1187.978516	-11.941597
1186.890625	198.871399
1185.802734	356.723633
1184.714844	100.930916
1183.625977	653.805969
1182.538086	313.065369
1181.449219	208.948380
1180.360352	361.969269
1179.270508	404.737549
1178.180664	426.818268
1177.090820	545.230408
1176.000977	833.293579
1174.911133	735.987671
1173.820313	790.004211
1172.729492	752.302795
1171.638672	980.410034
1170.547852	353.864502
1169.456055	389.513855
1168.364258	711.376221
1167.272461	838.470581
1166.179688	1086.789063
1165.087891	913.919434
1163.995117	1214.690552
1162.902344	1693.730103
1161.808594	1808.901123
1160.715820	2141.213623
1159.622070	2055.027100
1158.528320	1717.461792
1157.433594	1629.056396
1156.339844	1504.129517
1155.245117	867.634460
1154.149414	662.937805
1153.054688	483.424500
1151.958984	735.309631
1150.863281	615.119324
1149.767578	369.477753
1148.671875	463.751465
1147.575195	391.483032
1146.478516	200.659546
1145.381836	87.385689
1144.285156	49.324772
1143.187500	412.210724
1142.089844	442.343140
1140.992188	249.256393
1139.894531	-116.815903
1138.795898	97.664719
1137.697266	-313.814545
1136.598633	257.745483
1135.499023	-165.054321
1134.400391	-151.047089
1133.300781	28.879850
1132.201172	-82.286186
1131.100586	379.254761
1130.000977	-16.052923
1128.900391	-413.514771
1127.799805	40.837090
1126.698242	-127.232704
1125.596680	-127.283569
1124.495117	-63.835911
1123.393555	764.226563
1122.291992	380.426422
1121.189453	915.313232
1120.086914	1261.698853
1118.984375	1471.847900
1117.881836	1593.451050
1116.778320	1896.213867
1115.674805	2022.069336
1114.571289	2016.438477
1113.466797	1541.972168
1112.363281	1622.361938
1111.258789	1501.183716
1110.153320	1377.725586
1109.048828	1546.136353
1107.943359	1737.011353
1106.837891	1256.068970
1105.732422	1358.613037
1104.625977	959.200195
1103.520508	840.151672
1102.414063	935.722290
1101.306641	965.657043
1100.200195	742.570435
1099.092773	697.877197
1097.985352	560.573547
1096.877930	782.111572
1095.769531	301.707733
1094.661133	777.956055
1093.552734	473.539124
1092.444336	523.198181
1091.335938	288.701721
1090.226563	4.629144
1089.117188	522.809143
1088.006836	418.863892
1086.897461	632.479614
1085.787109	397.776611
1084.676758	453.521362
1083.566406	428.119080
1082.455078	949.461182
1081.343750	903.521362
1080.232422	954.228394
1079.121094	1216.213989
1078.008789	1199.181885
1076.896484	482.992706
1075.784180	796.297852
1074.671875	1125.092529
1073.558594	658.439270
1072.445313	735.378906
1071.332031	841.375305
1070.217773	852.924561
1069.104492	758.902649
1067.990234	501.013550
1066.875977	362.028839
1065.760742	110.850571
1064.645508	323.824707
1063.530273	404.333130
1062.415039	480.214783
1061.299805	38.347717
1060.183594	577.770203
1059.067383	344.141266
1057.951172	298.596710
1056.833984	414.131653
1055.716797	-59.141556
1054.599609	-281.696381
1053.482422	457.724152
1052.364258	210.302322
1051.247070	166.385849
1050.128906	41.871342
1049.009766	350.894440
1047.891602	139.006577
1046.772461	259.963196
1045.653320	-92.790382
1044.533203	231.118988
1043.414063	59.134125
1042.293945	-72.736275
1041.173828	342.070709
1040.052734	134.072433
1038.932617	367.716461
1037.811523	-168.270462
1036.689453	-162.369766
1035.568359	233.503510
1034.446289	613.454407
1033.324219	23.894369
1032.202148	147.287643
1031.079102	-132.618576
1029.957031	39.480461
1028.833984	-338.482941
1027.709961	-309.154083
1026.586914	71.600616
1025.462891	-179.732437
1024.338867	35.958355
1023.214844	166.922607
1022.089844	-211.397873
1020.964844	-256.305176
1019.839844	78.633987
1018.714844	64.509155
1017.588867	-196.292877
1016.462891	115.770081
1015.336914	185.572800
1014.210938	164.208862
1013.083984	38.408474
1011.957031	58.944817
1010.830078	478.559967
1009.702148	640.605042
1008.574219	1172.662109
1007.446289	1764.184448
1006.318359	2915.921875
1005.190430	4505.651855
1004.061523	4863.002441
1002.932617	3820.544922
1001.802734	2472.883301
1000.673828	1349.270508
999.543945	675.227295
998.414063	-118.115837
997.283203	181.415527
996.153320	341.371643
995.022461	529.839417
993.891602	313.582428
992.759766	218.806152
991.628906	-138.953812
990.497070	444.259796
989.364258	792.962769
988.232422	468.000092
987.099609	454.265961
985.966797	241.782837
984.833984	768.383423
983.700195	835.772583
982.566406	790.527954
981.432617	438.697021
980.298828	516.737732
979.164063	819.378113
978.029297	844.129883
976.894531	668.286865
975.759766	567.272034
974.624023	512.387268
973.488281	450.797272
972.352539	637.796082
971.215820	670.541016
970.080078	406.201172
968.943359	119.843979
967.805664	620.622742
966.668945	292.336060
965.531250	753.047119
964.393555	374.077881
963.254883	658.557983
962.117188	630.950989
960.978516	706.413208
959.839844	513.911743
958.700195	352.087677
957.561523	626.901611
956.421875	519.751587
955.281250	927.920227
954.141602	1256.880371
953.000977	1598.717285
951.860352	1208.265991
950.719727	1304.336792
949.578125	1150.504395
948.436523	1432.486938
947.294922	1109.895752
946.153320	612.225098
945.010742	699.045471
943.868164	470.637970
942.725586	323.188324
941.583008	339.761261
940.439453	559.579529
939.295898	549.666931
938.152344	286.146759
937.007813	322.007446
935.863281	248.550369
934.718750	336.676361
933.574219	94.966011
932.428711	436.169373
931.283203	-65.341507
930.137695	-119.345337
928.992188	-42.491856
927.845703	-172.960678
926.699219	-233.641174
925.552734	119.871689
924.405273	174.542877
923.257813	-32.348850
922.110352	-45.292858
920.962891	523.276184
919.814453	198.710007
918.666016	359.748566
917.517578	122.363518
916.369141	117.905502
915.219727	176.484146
914.070313	-12.945602
912.920898	89.088066
911.770508	-241.609818
910.621094	64.711510
909.470703	-55.063583
908.319336	-127.021744
907.168945	72.579994
906.017578	-255.623840
904.866211	150.146103
903.713867	-249.570480
902.562500	435.957611
901.410156	40.720592
900.256836	-5.129695
899.104492	-7.541835
897.951172	120.123062
896.797852	156.722473
895.644531	-136.060562
894.490234	-66.885185
893.335938	-119.007263
892.181641	264.205505
891.027344	51.901058
889.872070	266.123627
888.716797	-268.449219
887.561523	235.764053
886.405273	246.608673
885.249023	-239.870758
884.092773	32.805759
882.936523	84.946342
881.779297	141.431656
880.622070	29.446655
879.464844	-140.731796
878.307617	-49.447937
877.149414	-61.781727
875.991211	98.662392
874.833008	-204.846573
873.673828	-39.970360
872.514648	10.608165
871.355469	153.993912
870.196289	-228.641800
869.036133	-115.253349
867.875977	32.675152
866.715820	234.510269
865.554688	332.958069
864.394531	386.280304
863.233398	489.198456
862.071289	316.661377
860.910156	396.137024
859.748047	387.476440
858.585938	779.042053
857.422852	757.653748
856.259766	863.267517
855.096680	622.917480
853.933594	277.528412
852.770508	385.782928
851.606445	461.899994
850.442383	-224.204605
849.277344	230.188354
848.113281	218.773819
846.948242	310.514771
845.783203	235.041138
844.617188	665.966980
843.451172	131.863235
842.285156	294.970551
841.119141	-103.400185
839.952148	-276.411743
838.785156	62.892578
837.618164	145.190659
836.451172	120.570518
835.283203	380.885376
834.115234	3.411269
832.947266	234.064102
831.778320	216.607559
830.609375	-251.956528
829.440430	-5.853111
828.271484	550.345093
827.101563	140.335815
825.931641	491.486969
824.761719	338.479492
823.590820	414.280945
822.420898	693.147339
821.250000	572.840698
820.078125	653.428833
818.907227	883.584412
817.735352	580.468628
816.562500	593.375671
815.390625	828.285278
814.217773	792.527527
813.044922	488.439819
811.872070	318.963837
810.698242	-159.142944
809.524414	-146.915009
808.350586	242.440414
807.176758	212.426956
806.001953	-164.306870
804.827148	178.605515
803.651367	-129.441116
802.476563	235.007980
801.300781	16.840561
800.125000	379.378998
798.948242	227.588669
797.772461	86.719170
796.595703	515.475708
795.417969	515.189453
794.241211	324.010773
793.063477	738.169128
791.885742	473.148804
790.707031	700.743652
789.529297	1066.344360
788.350586	782.943054
787.170898	538.033936
785.992188	668.686035
784.812500	757.067810
783.632813	1104.118408
782.452148	472.444641
781.272461	643.984619
780.091797	362.474182
778.911133	398.823944
777.729492	437.441589
776.547852	336.561401
775.366211	83.586052
774.184570	36.050934
773.001953	119.789627
771.819336	180.398636
770.636719	-116.047966
769.453125	-196.685257
768.269531	-120.808128
767.085938	-171.542023
765.902344	-300.242981
764.717773	96.891548
763.533203	-466.317139
762.348633	-387.686249
761.163086	-197.174942
759.977539	-8.747684
758.791992	42.653046
757.606445	-308.501282
756.419922	-43.993984
755.233398	13.994934
754.046875	48.878155
752.859375	199.657547
751.672852	49.360207
750.485352	-56.590740
749.296875	382.647064
748.108398	981.650635
746.919922	560.207275
745.731445	469.198242
744.542969	361.461578
743.353516	52.011070
742.164063	297.556152
740.973633	349.712219
739.783203	116.192505
738.592773	19.311756
737.402344	661.540955
736.211914	48.222210
735.020508	8.107883
733.829102	580.653503
732.636719	464.900574
731.444336	164.648483
730.251953	292.227997
729.059570	-139.936295
727.866211	576.463074
726.673828	10.288554
725.479492	298.937531
724.286133	-147.625595
723.091797	54.996906
721.897461	192.586044
720.703125	99.864357
719.507813	-143.512070
718.312500	-31.253714
717.117188	-61.313141
715.921875	94.642479
714.725586	-221.933105
713.529297	-66.167076
712.332031	56.015888
711.135742	-39.154598
709.938477	302.064850
708.740234	469.754852
707.542969	683.208984
706.344727	1981.554321
705.146484	1983.670288
703.948242	2903.413086
702.749023	3522.360596
701.549805	3298.710693
700.350586	2610.304932
699.150391	1538.738647
697.950195	1623.801025
696.750000	952.722229
695.549805	764.975403
694.348633	183.802475
693.147461	27.425179
691.946289	-101.876694
690.744141	82.953293
689.541992	55.529877
688.339844	231.861740
687.136719	177.343613
685.934570	515.648987
684.730469	37.214458
683.527344	230.001923
682.323242	298.111572
681.119141	457.594238
679.915039	-47.198883
678.710938	79.225075
677.505859	373.741852
676.300781	280.328400
675.094727	637.109192
673.889648	94.052399
672.683594	218.885941
671.476563	180.137909
670.270508	541.514038
669.063477	1.915390
667.856445	-19.422634
666.648438	276.326996
665.440430	-63.183521
664.232422	131.758331
663.024414	-113.660675
661.815430	79.984329
660.606445	-178.851883
659.397461	160.452591
658.188477	359.615234
656.978516	-83.378922
655.768555	222.380234
654.557617	278.777527
653.346680	-320.754059
652.135742	-64.490395
650.924805	320.486267
649.712891	16.994429
648.501953	61.219139
647.289063	-318.404358
646.077148	-78.126648
644.864258	-106.841362
643.651367	22.351542
642.438477	-199.545822
641.224609	-197.443527
640.010742	-53.806957
638.796875	655.515442
637.582031	618.888306
636.367188	355.574799
635.152344	470.763367
633.937500	528.165405
632.721680	593.754822
631.505859	731.353516
630.289063	945.149414
629.073242	1596.860229
627.856445	1311.766479
626.639648	1775.057617
625.421875	1314.648438
624.204102	1378.803345
622.986328	895.772095
621.768555	397.601868
620.549805	-121.679581
619.331055	455.981781
618.111328	-76.605682
616.892578	483.389526
