1721.000977	21.336449
1720.027344	-60.766205
1719.052734	-9.351738
1718.078125	-140.715271
1717.104492	30.121264
1716.128906	-66.393738
1715.154297	-4.401322
1714.178711	121.155174
1713.204102	-20.376320
1712.228516	40.133888
1711.251953	164.226624
1710.276367	111.112175
1709.299805	126.757790
1708.324219	-108.902092
1707.347656	0.754373
1706.370117	48.582005
1705.393555	6.506132
1704.416016	28.080582
1703.438477	39.114353
1702.460938	57.528759
1701.483398	-100.750458
1700.505859	37.297665
1699.527344	72.807480
1698.548828	46.746326
1697.570313	-56.160038
1696.591797	-36.634544
1695.612305	8.212492
1694.632813	17.115267
1693.653320	-50.732353
1692.673828	52.269371
1691.694336	-117.926697
1690.713867	-68.827072
1689.734375	59.195152
1688.753906	176.829865
1687.772461	-11.627068
1686.791992	-85.401581
1685.810547	90.472900
1684.830078	82.765289
1683.848633	80.062294
1682.866211	-32.232304
1681.884766	194.102097
1680.902344	-32.845150
1679.919922	22.752705
1678.937500	-61.667282
1677.955078	31.987917
1676.971680	89.948746
1675.989258	-83.536980
1675.005859	76.070213
1674.022461	-33.847576
1673.038086	72.270142
1672.054688	-121.469307
1671.070313	-119.542084
1670.085938	-10.943895
1669.101563	-135.996887
1668.117188	-136.592773
1667.131836	27.792582
1666.146484	50.016140
1665.161133	-97.739174
1664.175781	-50.092369
1663.189453	83.773003
1662.204102	-43.538979
1661.217773	1.600450
1660.231445	-181.350388
1659.245117	-95.590446
1658.257813	58.559387
1657.270508	-30.474371
1656.284180	-18.122961
1655.295898	57.535378
1654.308594	42.091785
1653.321289	-21.385576
1652.333008	-69.621429
1651.344727	82.060646
1650.356445	26.331562
1649.367188	-16.693743
1648.378906	-39.413418
1647.389648	-24.169935
1646.400391	-59.423450
1645.411133	-21.339499
1644.420898	29.398766
1643.431641	-18.313917
1642.441406	77.959366
1641.451172	118.706947
1640.459961	114.047318
1639.469727	31.229885
1638.478516	109.953430
1637.487305	-5.525706
1636.496094	17.798069
1635.504883	-26.910534
1634.512695	6.584088
1633.520508	193.853210
1632.528320	-14.503088
1631.536133	150.121063
1630.543945	98.120552
1629.550781	124.242706
1628.557617	-58.560883
1627.564453	272.250031
1626.571289	381.511566
1625.578125	229.104691
1624.583984	179.932068
1623.589844	432.626465
1622.595703	398.607788
1621.601563	477.774506
1620.606445	448.862305
1619.611328	538.109131
1618.616211	763.028503
1617.621094	781.920105
1616.625977	630.070984
1615.629883	767.053772
1614.633789	969.283875
1613.637695	917.976807
1612.641602	881.780884
1611.645508	1088.977051
1610.648438	1025.223145
1609.651367	831.126648
1608.654297	727.397156
1607.657227	886.933899
1606.659180	963.717957
1605.662109	1048.021606
1604.664063	1209.959839
1603.666016	1259.150513
1602.666992	1200.657959
1601.668945	1239.856567
1600.669922	1279.047241
1599.670898	1320.741211
1598.671875	1239.841675
1597.671875	1416.621704
1596.672852	1335.764526
1595.672852	1184.933228
1594.672852	1151.668457
1593.671875	1260.876343
1592.671875	1152.665771
1591.670898	897.101196
1590.669922	813.992859
1589.668945	705.952881
1588.667969	438.175323
1587.666016	599.840027
1586.664063	521.859680
1585.662109	541.222290
1584.660156	351.030334
1583.658203	370.418427
1582.655273	272.589905
1581.652344	326.872498
1580.649414	575.542480
1579.646484	226.028503
1578.642578	369.951965
1577.638672	187.496048
1576.634766	286.524078
1575.630859	425.338806
1574.626953	399.786896
1573.622070	95.473206
1572.618164	196.882568
1571.613281	231.053741
1570.607422	265.186981
1569.602539	227.185226
1568.596680	251.328430
1567.590820	168.559845
1566.584961	167.820099
1565.579102	62.706093
1564.572266	153.853989
1563.566406	9.010703
1562.559570	-33.995953
1561.551758	203.515915
1560.544922	36.340252
1559.537109	199.247208
1558.530273	220.655853
1557.521484	55.972134
1556.513672	82.302605
1555.505859	76.363617
1554.497070	100.139046
1553.488281	-7.478123
1552.479492	3.863185
1551.470703	12.695715
1550.460938	-144.463455
1549.451172	-11.852997
1548.441406	-69.964539
1547.431641	116.974998
1546.421875	-42.662685
1545.411133	62.472504
1544.400391	-144.157715
1543.389648	25.198332
1542.378906	-8.307301
1541.367188	-150.617493
1540.355469	-253.351425
1539.343750	103.558098
1538.332031	-125.249474
1537.320313	18.991312
1536.307617	101.390266
1535.294922	-3.926419
1534.282227	-94.418831
1533.269531	-73.844864
1532.256836	-13.831562
1531.243164	-87.103119
1530.229492	-59.251884
1529.215820	111.579536
1528.202148	-134.349091
1527.187500	-67.176056
1526.172852	-17.313866
1525.158203	-142.439224
1524.143555	-193.643860
1523.127930	38.354782
1522.113281	-27.704475
1521.097656	-101.165764
1520.082031	27.197351
1519.065430	-110.299400
1518.049805	113.896530
1517.033203	-18.703651
1516.016602	-67.667305
1515.000000	-60.091877
1513.982422	-153.346268
1512.965820	-30.308281
1511.948242	-138.335037
1510.930664	244.975021
1509.913086	82.841911
1508.894531	82.802925
1507.875977	50.818352
1506.857422	53.181450
1505.838867	-27.921921
1504.820313	-18.240459
1503.800781	89.515030
1502.781250	211.912430
1501.761719	79.227463
1500.742188	-46.074650
1499.721680	-102.736984
1498.702148	186.114410
1497.681641	48.527214
1496.661133	18.744268
1495.639648	-52.694324
1494.618164	216.187729
1493.597656	100.639305
1492.576172	82.994034
1491.553711	256.167358
1490.532227	84.335297
1489.509766	73.958420
1488.487305	-61.143089
1487.464844	14.035135
1486.442383	-130.817978
1485.418945	227.752609
1484.395508	97.520309
1483.372070	72.355698
1482.348633	120.444809
1481.324219	97.675255
1480.300781	-15.411337
1479.276367	32.595520
1478.251953	-9.717190
1477.226563	113.844757
1476.202148	47.107273
1475.176758	-51.330761
1474.151367	50.169456
1473.125000	32.163437
1472.099609	143.319962
1471.073242	88.725136
1470.046875	112.088120
1469.020508	203.617432
1467.994141	251.267654
1466.966797	-15.160612
1465.939453	56.816238
1464.912109	-39.148956
1463.884766	246.867157
1462.856445	99.789169
1461.829102	327.269379
1460.800781	141.316635
1459.772461	307.891113
1458.743164	158.442795
1457.714844	108.680611
1456.685547	287.263794
1455.656250	140.320480
1454.625977	202.242020
1453.596680	295.702240
1452.566406	250.757782
1451.536133	164.573898
1450.505859	245.822922
1449.474609	103.865944
1448.444336	46.855240
1447.413086	16.522263
1446.381836	424.950226
1445.350586	74.637581
1444.318359	310.828247
1443.286133	-44.172905
1442.253906	167.718521
1441.221680	118.000992
1440.189453	75.566559
1439.156250	173.522369
1438.123047	77.843170
1437.089844	158.821350
1436.056641	24.484655
1435.022461	30.459791
1433.988281	-96.548080
1432.954102	-47.033703
1431.919922	53.216202
1430.885742	-3.634907
1429.850586	-7.323604
1428.815430	-39.990501
1427.780273	180.911636
1426.744141	-13.540295
1425.708984	-2.724647
1424.672852	63.583344
1423.636719	-113.815605
1422.600586	-78.860634
1421.563477	88.716606
1420.527344	-201.881348
1419.490234	-285.044891
1418.452148	-47.630096
1417.415039	-125.958000
1416.376953	27.017601
1415.338867	61.914658
1414.300781	-204.205032
1413.262695	-82.585381
1412.224609	-57.291534
1411.185547	-284.697693
1410.146484	-293.049255
1409.107422	32.976238
1408.067383	-1.887927
1407.027344	-231.490768
1405.987305	2.979435
1404.947266	-183.243713
1403.907227	-42.577980
1402.866211	-122.996109
1401.826172	-40.027657
1400.785156	-14.729599
1399.743164	185.821121
1398.702148	45.457157
1397.660156	166.735840
1396.618164	-83.921562
1395.576172	308.423553
1394.533203	182.566116
1393.491211	289.372742
1392.448242	84.486816
1391.405273	131.361740
1390.361328	132.687973
1389.318359	177.161072
1388.274414	338.983124
1387.230469	84.067406
1386.186523	260.229401
1385.141602	216.098083
1384.097656	286.882507
1383.052734	235.612045
1382.007813	330.297516
1380.961914	75.765167
1379.916992	160.905518
1378.871094	470.728577
1377.825195	438.648285
1376.778320	227.364120
1375.732422	169.096405
1374.685547	239.836746
1373.638672	-40.481438
1372.591797	273.828369
1371.543945	89.117943
1370.497070	138.389725
1369.449219	135.150085
1368.400391	129.527939
1367.352539	381.507996
1366.303711	139.800812
1365.255859	-20.723232
1364.206055	71.454491
1363.157227	170.765427
1362.108398	7.982349
1361.058594	121.570473
1360.008789	49.375027
1358.958984	62.934990
1357.908203	112.195122
1356.857422	313.756439
1355.806641	224.965515
1354.755859	-30.290039
1353.705078	14.241639
1352.653320	68.266106
1351.601563	100.883286
1350.549805	181.034485
1349.498047	-85.767731
1348.445313	-53.112656
1347.393555	176.693604
1346.340820	9.826095
1345.287109	-202.078568
1344.234375	25.262299
1343.180664	88.756218
1342.126953	145.116226
1341.073242	-14.402940
1340.019531	91.781593
1338.964844	72.250557
1337.910156	24.290140
1336.855469	109.087700
1335.799805	18.498425
1334.745117	-10.434596
1333.689453	-51.199070
1332.633789	47.779198
1331.578125	-210.773392
1330.521484	-114.161743
1329.464844	-102.776558
1328.408203	171.238449
1327.351563	175.478806
1326.294922	-21.295874
1325.237305	63.382996
1324.179688	27.472292
1323.122070	-36.774246
1322.064453	-37.186871
1321.005859	118.318306
1319.947266	-196.255035
1318.888672	18.267750
1317.830078	-97.817619
1316.770508	253.496613
1315.710938	161.013901
1314.651367	-13.999342
1313.591797	-141.752258
1312.531250	18.260983
1311.471680	-5.686661
1310.411133	-142.778610
1309.349609	153.834595
1308.289063	-42.126896
1307.227539	-9.497808
1306.166016	164.438278
1305.104492	-198.576614
1304.042969	71.859695
1302.980469	7.944550
1301.917969	61.723446
1300.855469	254.293869
1299.792969	-11.891230
1298.729492	-162.734039
1297.666016	-59.581703
1296.602539	-5.832816
1295.539063	-20.257074
1294.474609	-53.478313
1293.411133	16.690119
1292.346680	-119.855721
1291.281250	100.561775
1290.216797	133.090149
1289.151367	-134.827621
1288.085938	277.877289
1287.020508	120.316032
1285.955078	40.228722
1284.888672	138.390045
1283.822266	-138.610703
1282.755859	-103.734619
1281.689453	-134.490616
1280.622070	-87.921356
1279.554688	80.437447
1278.487305	145.678406
1277.419922	304.551422
1276.351563	4.521667
1275.283203	-44.948551
1274.214844	24.939465
1273.146484	76.083054
1272.077148	59.367382
1271.008789	2.918256
1269.939453	9.606716
1268.869141	107.440483
1267.799805	116.441818
1266.729492	-5.405884
1265.659180	36.309818
1264.588867	42.977497
1263.517578	-11.073286
1262.447266	39.954102
1261.375977	23.269688
1260.304688	78.924568
1259.232422	251.182907
1258.161133	54.878426
1257.088867	266.706543
1256.016602	49.493725
1254.943359	37.470013
1253.871094	-46.776051
1252.797852	60.040867
1251.724609	136.530426
1250.650391	31.337732
1249.577148	35.625511
1248.502930	235.425232
1247.428711	72.099503
1246.354492	141.508591
1245.279297	-79.889854
1244.204102	212.771606
1243.128906	296.042755
1242.053711	265.369781
1240.977539	83.634201
1239.902344	296.995758
1238.826172	317.438171
1237.750000	163.677505
1236.672852	33.192955
1235.595703	90.809952
1234.518555	108.943504
1233.441406	122.425606
1232.364258	-61.300415
1231.286133	221.264160
1230.208008	-83.004440
1229.129883	-104.283989
1228.051758	85.379601
1226.972656	-74.989540
1225.893555	-84.688049
1224.814453	-41.104626
1223.734375	78.873756
1222.655273	-46.627441
1221.575195	191.357101
1220.495117	116.789536
1219.415039	-38.733486
1218.333984	-191.885040
1217.252930	62.094837
1216.171875	-37.830963
1215.090820	121.213516
1214.008789	-54.969204
1212.926758	140.968735
1211.844727	-88.282249
1210.762695	40.588379
1209.679688	-130.819962
1208.597656	-158.998123
1207.513672	-34.839222
1206.430664	-129.965790
1205.347656	-91.230530
1204.263672	-167.862152
1203.179688	-41.511848
1202.095703	-390.202087
1201.010742	-169.356873
1199.925781	-40.800251
1198.840820	-45.946304
1197.755859	-276.856567
1196.670898	17.464081
1195.584961	-107.447403
1194.499023	-172.449295
1193.413086	-44.083584
1192.326172	109.526535
1191.239258	69.811859
1190.152344	-135.497177
1189.065430	24.923639
1187.978516	272.639709
1186.890625	-45.226982
1185.802734	131.139053
1184.714844	45.498531
1183.625977	102.303513
1182.538086	407.121521
1181.449219	144.663300
1180.360352	428.662292
1179.270508	437.117462
1178.180664	438.683105
1177.090820	286.545746
1176.000977	86.308830
1174.911133	285.143250
1173.820313	158.341858
1172.729492	286.006256
1171.638672	63.012348
1170.547852	183.763428
1169.456055	150.985962
1168.364258	232.718994
1167.272461	101.493736
1166.179688	128.252472
1165.087891	-41.800697
1163.995117	10.138792
1162.902344	66.627548
1161.808594	81.913521
1160.715820	193.228119
1159.622070	240.475540
1158.528320	52.303173
1157.433594	142.957993
1156.339844	420.896973
1155.245117	504.570160
1154.149414	718.343750
1153.054688	728.855286
1151.958984	775.865356
1150.863281	932.379883
1149.767578	728.369263
1148.671875	930.431152
1147.575195	856.473633
1146.478516	912.490723
1145.381836	872.749817
1144.285156	586.912903
1143.187500	818.356873
1142.089844	587.306091
1140.992188	757.151184
1139.894531	628.659424
1138.795898	381.847321
1137.697266	157.896362
1136.598633	259.397217
1135.499023	244.826279
1134.400391	114.280029
1133.300781	-264.056152
1132.201172	89.737503
1131.100586	75.182274
1130.000977	24.281853
1128.900391	-319.658264
1127.799805	147.352936
1126.698242	-162.424988
1125.596680	61.411057
1124.495117	-21.261206
1123.393555	-44.906841
1122.291992	-54.939163
1121.189453	-67.252914
1120.086914	-36.485062
1118.984375	186.961807
1117.881836	228.973206
1116.778320	-66.699173
1115.674805	235.862396
1114.571289	-80.085518
1113.466797	161.170685
1112.363281	200.816299
1111.258789	81.976051
1110.153320	359.199432
1109.048828	120.440323
1107.943359	67.252106
1106.837891	208.566132
1105.732422	-50.393246
1104.625977	176.747635
1103.520508	58.006134
1102.414063	-6.478492
1101.306641	245.298309
1100.200195	137.862717
1099.092773	-1.159732
1097.985352	311.355682
1096.877930	-10.485864
1095.769531	78.463615
1094.661133	-65.003151
1093.552734	109.593979
1092.444336	175.860138
1091.335938	142.885788
1090.226563	182.023972
1089.117188	101.698296
1088.006836	172.324265
1086.897461	269.936981
1085.787109	185.078751
1084.676758	19.188801
1083.566406	105.450386
1082.455078	306.413696
1081.343750	37.047321
1080.232422	210.901672
1079.121094	200.253708
1078.008789	169.343033
1076.896484	273.294525
1075.784180	114.242577
1074.671875	161.946564
1073.558594	155.683121
1072.445313	50.586964
1071.332031	107.173309
1070.217773	46.972672
1069.104492	-111.961876
1067.990234	56.727901
1066.875977	-79.764641
1065.760742	50.655376
1064.645508	-121.713188
1063.530273	75.857780
1062.415039	-13.563719
1061.299805	18.025827
1060.183594	197.418488
1059.067383	-30.926634
1057.951172	148.339676
1056.833984	78.989922
1055.716797	34.264481
1054.599609	-122.356537
1053.482422	94.673370
1052.364258	45.400047
1051.247070	-41.886505
1050.128906	230.767090
1049.009766	203.743210
1047.891602	176.712860
1046.772461	98.266006
1045.653320	332.529968
1044.533203	131.185257
1043.414063	-99.114548
1042.293945	-59.269867
1041.173828	-61.875919
1040.052734	64.876610
1038.932617	57.711830
1037.811523	63.885414
1036.689453	-92.747559
1035.568359	-108.904213
1034.446289	33.128010
1033.324219	-188.115036
1032.202148	67.403442
1031.079102	-9.073767
1029.957031	-5.384616
1028.833984	111.780899
1027.709961	-29.317795
1026.586914	34.323349
1025.462891	-24.462376
1024.338867	-152.205261
1023.214844	122.528053
1022.089844	76.972366
1020.964844	-230.857590
1019.839844	-236.395615
1018.714844	-186.432907
1017.588867	98.878525
1016.462891	-299.885895
1015.336914	11.881134
1014.210938	-231.400650
1013.083984	-39.707527
1011.957031	-172.038132
1010.830078	-222.285156
1009.702148	-35.294067
1008.574219	38.504959
1007.446289	-18.540483
1006.318359	254.571487
1005.190430	130.958023
1004.061523	399.386841
1002.932617	264.629150
1001.802734	326.917480
1000.673828	347.091431
999.543945	298.602386
998.414063	376.200287
997.283203	573.150818
996.153320	455.965668
995.022461	730.105896
993.891602	1057.126221
992.759766	1266.821533
991.628906	1684.069336
990.497070	2313.125000
989.364258	2787.254639
988.232422	3537.116699
987.099609	4127.654297
985.966797	4433.200195
984.833984	4314.951660
983.700195	4238.613281
982.566406	4065.235352
981.432617	3902.920898
980.298828	3551.071045
979.164063	3078.120850
978.029297	2292.477783
976.894531	1923.485352
975.759766	1594.263428
974.624023	1251.932983
973.488281	1026.387451
972.352539	888.939636
971.215820	720.700867
970.080078	618.508667
968.943359	406.352570
967.805664	418.518127
966.668945	388.890076
965.531250	227.362091
964.393555	305.374878
963.254883	238.320862
962.117188	463.376038
960.978516	143.742538
959.839844	265.464813
958.700195	319.050476
957.561523	137.814468
956.421875	145.277222
955.281250	233.845688
954.141602	129.399414
953.000977	127.993980
951.860352	-13.704816
950.719727	155.784317
949.578125	88.562813
948.436523	211.896179
947.294922	221.285324
946.153320	127.758522
945.010742	176.503159
943.868164	279.907928
942.725586	186.358627
941.583008	31.592556
940.439453	108.652641
939.295898	102.587883
938.152344	17.827085
937.007813	-1.368032
935.863281	191.344574
934.718750	110.938721
933.574219	-161.602020
932.428711	-182.976807
931.283203	79.390892
930.137695	132.144897
928.992188	97.604797
927.845703	-45.992912
926.699219	-392.323578
925.552734	-130.245255
924.405273	24.896585
923.257813	-55.376080
922.110352	276.147095
920.962891	141.406952
919.814453	50.274948
918.666016	-21.217134
917.517578	-70.901840
916.369141	-231.535522
915.219727	-98.391121
914.070313	-34.899723
912.920898	146.002686
911.770508	-86.249695
910.621094	-16.239389
909.470703	47.226696
908.319336	-71.826347
907.168945	-277.670593
906.017578	165.885300
904.866211	181.564499
903.713867	166.862061
902.562500	225.988159
901.410156	207.001617
900.256836	92.605392
899.104492	-2.176050
897.951172	137.259323
896.797852	12.224412
895.644531	186.340073
894.490234	57.086124
893.335938	25.408184
892.181641	260.145905
891.027344	-13.958743
889.872070	-49.802662
888.716797	-42.299751
887.561523	-71.530258
886.405273	-102.867500
885.249023	192.403412
884.092773	83.297958
882.936523	103.991760
881.779297	247.902756
880.622070	-7.883266
879.464844	228.994888
878.307617	226.122986
877.149414	106.723938
875.991211	168.764130
874.833008	-125.223358
873.673828	137.623215
872.514648	305.514191
871.355469	313.826385
870.196289	397.670959
869.036133	100.027138
867.875977	80.597145
866.715820	246.546814
865.554688	403.880981
864.394531	244.677368
863.233398	208.348251
862.071289	225.930756
860.910156	497.541168
859.748047	358.178131
858.585938	455.586121
857.422852	299.282227
856.259766	375.348572
855.096680	356.906006
853.933594	469.665100
852.770508	612.555237
851.606445	259.296906
850.442383	26.569473
849.277344	337.238159
848.113281	420.356445
846.948242	278.215912
845.783203	419.458191
844.617188	316.218384
843.451172	236.735580
842.285156	579.770935
841.119141	421.196930
839.952148	247.813049
838.785156	554.547241
837.618164	220.816849
836.451172	429.160156
835.283203	292.834076
834.115234	310.812805
832.947266	228.339752
831.778320	477.644592
830.609375	299.175751
829.440430	478.047577
828.271484	860.079346
827.101563	528.151550
825.931641	549.116272
824.761719	538.163818
823.590820	572.204102
822.420898	484.656067
821.250000	670.557617
820.078125	766.862854
818.907227	270.032745
817.735352	588.555115
816.562500	621.249084
815.390625	630.623596
814.217773	550.590820
813.044922	400.405243
811.872070	365.508575
810.698242	445.815491
809.524414	398.435425
808.350586	449.181000
807.176758	285.024963
806.001953	446.743591
804.827148	195.711182
803.651367	225.766693
802.476563	247.452713
801.300781	139.558517
800.125000	146.664719
798.948242	11.505009
797.772461	72.058228
796.595703	151.846848
795.417969	53.327744
794.241211	1.722908
793.063477	226.270233
791.885742	119.752090
790.707031	-77.820038
789.529297	100.350784
788.350586	49.510960
787.170898	145.148132
785.992188	35.245808
784.812500	281.607544
783.632813	102.076920
782.452148	179.101318
781.272461	-55.112377
780.091797	-221.324356
778.911133	84.765236
777.729492	9.873503
776.547852	-149.491089
775.366211	-181.720825
774.184570	20.955984
773.001953	128.512482
771.819336	-36.565044
770.636719	28.932415
769.453125	60.708595
768.269531	-93.309319
767.085938	-215.457413
765.902344	-303.649994
764.717773	-161.587433
763.533203	-118.673286
762.348633	36.158482
761.163086	131.955627
759.977539	-291.006165
758.791992	-36.830894
757.606445	-35.638332
756.419922	-205.062210
755.233398	17.598415
754.046875	-39.922775
752.859375	90.107750
751.672852	-194.628922
750.485352	9.225662
749.296875	-235.206085
748.108398	-39.696545
746.919922	31.686975
745.731445	29.502138
744.542969	258.669861
743.353516	346.957214
742.164063	212.501556
740.973633	134.900101
739.783203	343.073303
738.592773	-30.520811
737.402344	108.413628
736.211914	-8.755199
735.020508	176.374863
733.829102	350.970184
732.636719	76.640030
731.444336	207.218735
730.251953	100.853897
729.059570	57.456833
727.866211	-23.608997
726.673828	241.083572
725.479492	304.595367
724.286133	181.719833
723.091797	134.296356
721.897461	248.083313
720.703125	22.824522
719.507813	-250.432297
718.312500	91.397659
717.117188	-129.445389
715.921875	191.302383
714.725586	110.595421
713.529297	17.393997
712.332031	-188.575653
711.135742	92.216270
709.938477	65.913445
708.740234	121.044258
707.542969	209.541382
706.344727	187.400650
705.146484	48.442924
703.948242	186.947449
702.749023	87.673294
701.549805	153.135422
700.350586	187.305206
699.150391	-3.582880
697.950195	251.432266
696.750000	231.408844
695.549805	130.192459
694.348633	74.831345
693.147461	136.057404
691.946289	220.154816
690.744141	141.969803
689.541992	273.899445
688.339844	488.959564
687.136719	485.675415
685.934570	426.311279
684.730469	620.509155
683.527344	276.636414
682.323242	319.266571
681.119141	496.895508
679.915039	462.770935
678.710938	447.416504
677.505859	297.287811
676.300781	211.628876
675.094727	352.162292
673.889648	243.938110
672.683594	98.578552
671.476563	94.347778
670.270508	121.344177
669.063477	-50.359894
667.856445	264.853088
666.648438	-28.587212
665.440430	-44.311863
664.232422	6.414500
663.024414	75.980469
661.815430	-127.254227
660.606445	-79.892380
659.397461	-112.882408
658.188477	110.767708
656.978516	-39.368317
655.768555	-220.052231
654.557617	19.038591
653.346680	-146.301193
652.135742	-110.857208
650.924805	55.076324
649.712891	56.361500
648.501953	-16.091436
647.289063	-40.489052
646.077148	-80.774483
644.864258	98.125992
643.651367	205.481155
642.438477	140.410599
641.224609	191.496902
640.010742	-16.152218
638.796875	22.163708
637.582031	197.223633
636.367188	15.019230
635.152344	-174.351334
633.937500	-140.438538
632.721680	75.535210
631.505859	-5.600151
630.289063	249.577423
629.073242	-14.091084
627.856445	130.514801
626.639648	19.649433
625.421875	91.013115
624.204102	-218.045654
622.986328	-102.535362
621.768555	65.865891
620.549805	-92.347885
619.331055	40.529999
618.111328	218.306244
616.892578	231.851608
