1721.000977	75.446579
1720.027344	167.316238
1719.052734	446.180054
1718.078125	197.776352
1717.104492	166.417160
1716.128906	-89.174644
1715.154297	3.057446
1714.178711	-74.969505
1713.204102	-125.696777
1712.228516	4.602859
1711.251953	-250.362656
1710.276367	308.529968
1709.299805	-140.111847
1708.324219	-15.763360
1707.347656	30.970573
1706.370117	227.959122
1705.393555	298.843597
1704.416016	253.900681
1703.438477	-37.184685
1702.460938	-131.816574
1701.483398	125.869583
1700.505859	17.385866
1699.527344	-32.805401
1698.548828	-390.063873
1697.570313	103.061417
1696.591797	-155.338791
1695.612305	-59.127407
1694.632813	97.939995
1693.653320	-87.450485
1692.673828	107.144295
1691.694336	229.901108
1690.713867	-106.884140
1689.734375	-22.963509
1688.753906	132.026337
1687.772461	-210.444382
1686.791992	-38.104778
1685.810547	228.198181
1684.830078	-5.112731
1683.848633	18.726820
1682.866211	-141.007172
1681.884766	-74.177864
1680.902344	122.273399
1679.919922	-96.324989
1678.937500	-12.140182
1677.955078	-195.207016
1676.971680	214.306885
1675.989258	-182.502655
1675.005859	-91.104500
1674.022461	58.663261
1673.038086	289.611481
1672.054688	70.736801
1671.070313	-104.927704
1670.085938	-189.104523
1669.101563	272.679169
1668.117188	-126.354179
1667.131836	172.744492
1666.146484	80.926956
1665.161133	199.750488
1664.175781	-46.724056
1663.189453	72.091759
1662.204102	-75.301643
1661.217773	317.324829
1660.231445	294.178589
1659.245117	177.334503
1658.257813	123.891541
1657.270508	-127.033806
1656.284180	136.311127
1655.295898	-278.996582
1654.308594	128.656265
1653.321289	-174.941071
1652.333008	22.614025
1651.344727	-171.942810
1650.356445	73.742310
1649.367188	225.809906
1648.378906	274.278046
1647.389648	21.987926
1646.400391	308.165894
1645.411133	101.625740
1644.420898	175.617004
1643.431641	-50.828606
1642.441406	10.720141
1641.451172	218.757751
1640.459961	250.092102
1639.469727	56.952702
1638.478516	265.095245
1637.487305	379.915649
1636.496094	512.437256
1635.504883	415.558441
1634.512695	6.196320
1633.520508	453.991974
1632.528320	435.542572
1631.536133	460.019440
1630.543945	645.773499
1629.550781	675.378235
1628.557617	730.239319
1627.564453	775.101868
1626.571289	1187.453247
1625.578125	1121.671387
1624.583984	1035.841553
1623.589844	1443.079346
1622.595703	1792.395508
1621.601563	1802.265137
1620.606445	2030.848145
1619.611328	1925.200806
1618.616211	1902.587524
1617.621094	1972.998901
1616.625977	2005.785156
1615.629883	2113.926514
1614.633789	1895.760132
1613.637695	1788.186646
1612.641602	1904.048340
1611.645508	1784.113159
1610.648438	1794.689697
1609.651367	1802.817749
1608.654297	1700.694946
1607.657227	2059.897705
1606.659180	2178.391113
1605.662109	2489.853271
1604.664063	1919.438721
1603.666016	2408.729980
1602.666992	2319.415039
1601.668945	2523.132324
1600.669922	2108.552734
1599.670898	2364.847900
1598.671875	1842.989136
1597.671875	1599.020264
1596.672852	2050.465576
1595.672852	2016.668945
1594.672852	1712.950073
1593.671875	1026.978394
1592.671875	1016.027893
1591.670898	1217.438721
1590.669922	1104.089233
1589.668945	568.794556
1588.667969	1167.248413
1587.666016	941.722046
1586.664063	536.636780
1585.662109	610.807617
1584.660156	318.272339
1583.658203	537.166260
1582.655273	47.800159
1581.652344	483.571716
1580.649414	183.897736
1579.646484	340.401947
1578.642578	13.485278
1577.638672	219.787567
1576.634766	0.159308
1575.630859	94.368958
1574.626953	240.829559
1573.622070	593.786072
1572.618164	262.355042
1571.613281	67.871254
1570.607422	64.970589
1569.602539	188.941467
1568.596680	86.591545
1567.590820	-100.220490
1566.584961	-105.526627
1565.579102	100.379486
1564.572266	176.997253
1563.566406	42.513462
1562.559570	-99.388733
1561.551758	51.692543
1560.544922	-229.134079
1559.537109	115.482780
1558.530273	-247.102158
1557.521484	82.466743
1556.513672	201.137802
1555.505859	-168.694595
1554.497070	-416.928894
1553.488281	-77.671036
1552.479492	50.828781
1551.470703	-70.937431
1550.460938	258.104767
1549.451172	-136.076324
1548.441406	-49.781506
1547.431641	-69.956131
1546.421875	-228.709579
1545.411133	245.985977
1544.400391	-234.377609
1543.389648	-249.569763
1542.378906	-141.117676
1541.367188	-163.762894
1540.355469	-161.681427
1539.343750	-43.451187
1538.332031	-14.208632
1537.320313	-125.769875
1536.307617	-158.282410
1535.294922	-32.758194
1534.282227	-35.642147
1533.269531	-100.222923
1532.256836	484.183502
1531.243164	-81.292786
1530.229492	26.820683
1529.215820	307.512695
1528.202148	-84.966187
1527.187500	-188.907578
1526.172852	20.180521
1525.158203	120.783119
1524.143555	248.447708
1523.127930	144.535233
1522.113281	144.126602
1521.097656	-70.474869
1520.082031	-43.765465
1519.065430	-383.739502
1518.049805	19.468897
1517.033203	-91.586609
1516.016602	122.031242
1515.000000	210.186523
1513.982422	305.666412
1512.965820	182.426407
1511.948242	-61.170837
1510.930664	321.792297
1509.913086	41.469067
1508.894531	387.428101
1507.875977	16.387758
1506.857422	254.255203
1505.838867	-11.023314
1504.820313	18.252335
1503.800781	69.592468
1502.781250	260.730927
1501.761719	-222.468018
1500.742188	292.297333
1499.721680	446.564850
1498.702148	162.210999
1497.681641	164.615280
1496.661133	296.866791
1495.639648	105.823891
1494.618164	228.282654
1493.597656	152.484192
1492.576172	135.460892
1491.553711	-96.856400
1490.532227	551.642334
1489.509766	160.442963
1488.487305	-120.514313
1487.464844	185.419968
1486.442383	-80.667252
1485.418945	-46.057652
1484.395508	-158.002609
1483.372070	284.623871
1482.348633	209.385269
1481.324219	82.925934
1480.300781	-89.782005
1479.276367	357.510162
1478.251953	209.296722
1477.226563	-19.332394
1476.202148	215.629562
1475.176758	196.916138
1474.151367	341.611237
1473.125000	403.402618
1472.099609	-92.805046
1471.073242	61.753540
1470.046875	201.697113
1469.020508	387.913300
1467.994141	62.785759
1466.966797	339.123810
1465.939453	225.991135
1464.912109	268.708923
1463.884766	209.293610
1462.856445	755.585999
1461.829102	472.504700
1460.800781	583.453186
1459.772461	332.240784
1458.743164	759.212341
1457.714844	702.590576
1456.685547	1046.853760
1455.656250	1308.470825
1454.625977	1249.505859
1453.596680	639.590820
1452.566406	906.177429
1451.536133	1243.101318
1450.505859	701.707092
1449.474609	543.840210
1448.444336	960.885681
1447.413086	924.413086
1446.381836	575.335876
1445.350586	798.439697
1444.318359	927.008118
1443.286133	500.848724
1442.253906	1116.407349
1441.221680	564.641541
1440.189453	553.063538
1439.156250	732.761841
1438.123047	508.344299
1437.089844	117.166847
1436.056641	594.624451
1435.022461	346.423065
1433.988281	52.478798
1432.954102	167.276337
1431.919922	419.870697
1430.885742	145.691940
1429.850586	487.719849
1428.815430	245.190216
1427.780273	-282.088104
1426.744141	28.669672
1425.708984	-155.409882
1424.672852	-119.741806
1423.636719	75.241150
1422.600586	-60.242115
1421.563477	79.335747
1420.527344	-410.352875
1419.490234	582.789612
1418.452148	216.259674
1417.415039	-265.665497
1416.376953	146.463806
1415.338867	144.233383
1414.300781	101.154961
1413.262695	-21.263636
1412.224609	-92.987282
1411.185547	-70.757370
1410.146484	336.515259
1409.107422	-235.333572
1408.067383	-275.365295
1407.027344	88.661224
1405.987305	-189.230713
1404.947266	40.212635
1403.907227	-40.329201
1402.866211	210.766312
1401.826172	500.300507
1400.785156	475.194489
1399.743164	270.104523
1398.702148	329.257141
1397.660156	532.441101
1396.618164	375.728485
1395.576172	893.239990
1394.533203	746.270813
1393.491211	1225.296143
1392.448242	1061.715332
1391.405273	1729.970703
1390.361328	2036.174194
1389.318359	2272.878418
1388.274414	2545.475342
1387.230469	2889.883789
1386.186523	2930.173340
1385.141602	3418.128174
1384.097656	3690.593018
1383.052734	3491.652344
1382.007813	4158.840820
1380.961914	3594.119141
1379.916992	3562.959961
1378.871094	3400.397461
1377.825195	3051.560059
1376.778320	2829.584229
1375.732422	2837.156738
1374.685547	2484.116943
1373.638672	2386.831787
1372.591797	1931.538330
1371.543945	2120.998779
1370.497070	1721.007935
1369.449219	1671.992432
1368.400391	1556.264160
1367.352539	1421.602417
1366.303711	1933.242310
1365.255859	1448.275269
1364.206055	1666.664673
1363.157227	1503.785522
1362.108398	1705.563843
1361.058594	1602.426270
1360.008789	1430.351318
1358.958984	1594.119385
1357.908203	1698.368164
1356.857422	1321.915649
1355.806641	1621.421387
1354.755859	1947.036987
1353.705078	1882.542847
1352.653320	1570.838501
1351.601563	1380.577881
1350.549805	1385.361450
1349.498047	1285.653564
1348.445313	1100.510254
1347.393555	1259.937988
1346.340820	1065.514771
1345.287109	669.411987
1344.234375	850.369934
1343.180664	561.404602
1342.126953	609.543945
1341.073242	1200.943359
1340.019531	516.211548
1338.964844	559.752747
1337.910156	195.586914
1336.855469	239.295242
1335.799805	287.762817
1334.745117	118.330368
1333.689453	486.671265
1332.633789	-191.765259
1331.578125	122.137154
1330.521484	106.927933
1329.464844	311.864716
1328.408203	242.309982
1327.351563	-40.061314
1326.294922	-232.386719
1325.237305	-155.050095
1324.179688	-84.790184
1323.122070	-189.404678
1322.064453	372.418121
1321.005859	-107.795280
1319.947266	-23.260408
1318.888672	-82.763214
1317.830078	-38.316204
1316.770508	29.740137
1315.710938	64.776047
1314.651367	-228.111603
1313.591797	118.412331
1312.531250	356.327911
1311.471680	-134.366333
1310.411133	-18.998507
1309.349609	-33.284096
1308.289063	308.290802
1307.227539	34.882755
1306.166016	147.892822
1305.104492	15.996044
1304.042969	-148.769241
1302.980469	74.921181
1301.917969	-428.594238
1300.855469	143.324432
1299.792969	37.598324
1298.729492	-79.827049
1297.666016	101.429588
1296.602539	71.078484
1295.539063	61.919724
1294.474609	-450.038513
1293.411133	-191.224731
1292.346680	311.749237
1291.281250	-66.023407
1290.216797	617.516907
1289.151367	120.196068
1288.085938	-13.167373
1287.020508	181.996246
1285.955078	266.862091
1284.888672	218.028549
1283.822266	340.392181
1282.755859	-38.895325
1281.689453	90.544388
1280.622070	632.298157
1279.554688	747.504517
1278.487305	340.424774
1277.419922	572.757446
1276.351563	563.874756
1275.283203	267.145660
1274.214844	298.147766
1273.146484	593.505554
1272.077148	612.751404
1271.008789	176.029968
1269.939453	284.226868
1268.869141	495.224548
1267.799805	308.890106
1266.729492	160.019547
1265.659180	1057.681030
1264.588867	224.487198
1263.517578	482.017761
1262.447266	531.705994
1261.375977	378.332581
1260.304688	533.028015
1259.232422	321.411011
1258.161133	410.770233
1257.088867	688.960754
1256.016602	729.253662
1254.943359	361.642822
1253.871094	269.186249
1252.797852	717.254822
1251.724609	1004.424316
1250.650391	1265.840942
1249.577148	1066.191650
1248.502930	517.468506
1247.428711	1183.770630
1246.354492	919.128967
1245.279297	1068.646973
1244.204102	904.150146
1243.128906	837.380493
1242.053711	756.700989
1240.977539	894.511902
1239.902344	644.242126
1238.826172	517.196655
1237.750000	847.759644
1236.672852	660.347168
1235.595703	373.191071
1234.518555	668.748108
1233.441406	592.892944
1232.364258	572.754333
1231.286133	258.037445
1230.208008	395.665466
1229.129883	347.759247
1228.051758	-119.681465
1226.972656	342.376709
1225.893555	-196.693787
1224.814453	304.563782
1223.734375	131.647751
1222.655273	86.170204
1221.575195	311.542023
1220.495117	226.690262
1219.415039	-13.158758
1218.333984	244.462067
1217.252930	67.151611
1216.171875	-6.027825
1215.090820	244.486038
1214.008789	106.570473
1212.926758	347.691559
1211.844727	-2.740810
1210.762695	92.773193
1209.679688	-245.916473
1208.597656	-25.717419
1207.513672	69.705879
1206.430664	190.486206
1205.347656	-30.264711
1204.263672	-20.259396
1203.179688	81.987671
1202.095703	458.570038
1201.010742	-47.931854
1199.925781	291.615967
1198.840820	612.576538
1197.755859	106.363670
1196.670898	454.852173
1195.584961	153.813934
1194.499023	-170.121078
1193.413086	-70.406227
1192.326172	-35.187557
1191.239258	149.547684
1190.152344	274.396881
1189.065430	77.234810
1187.978516	110.065086
1186.890625	73.901817
1185.802734	416.937408
1184.714844	389.898132
1183.625977	413.387939
1182.538086	390.940277
1181.449219	272.044525
1180.360352	410.299316
1179.270508	626.499939
1178.180664	503.006775
1177.090820	730.542053
1176.000977	788.250061
1174.911133	859.677246
1173.820313	979.193176
1172.729492	883.197205
1171.638672	640.575623
1170.547852	666.097595
1169.456055	867.949036
1168.364258	1085.728394
1167.272461	934.794739
1166.179688	994.482300
1165.087891	1157.129028
1163.995117	1376.868896
1162.902344	1555.327515
1161.808594	1486.686768
1160.715820	2300.632568
1159.622070	2135.817871
1158.528320	1751.665527
1157.433594	1509.318115
1156.339844	1066.047485
1155.245117	940.401123
1154.149414	814.776978
1153.054688	842.153687
1151.958984	684.617981
1150.863281	191.701752
1149.767578	296.693573
1148.671875	312.663177
1147.575195	29.870279
1146.478516	32.155495
1145.381836	102.799446
1144.285156	54.887436
1143.187500	341.866638
1142.089844	31.917469
1140.992188	15.847850
1139.894531	-134.569458
1138.795898	10.948532
1137.697266	-307.870880
1136.598633	-130.579193
1135.499023	-319.639587
1134.400391	41.723614
1133.300781	-272.403534
1132.201172	166.003174
1131.100586	-309.453217
1130.000977	-214.399216
1128.900391	328.083038
1127.799805	-94.954948
1126.698242	-41.015640
1125.596680	-68.863907
1124.495117	227.823608
1123.393555	179.428833
1122.291992	287.552460
1121.189453	878.680054
1120.086914	1176.980347
1118.984375	1391.225952
1117.881836	1331.072144
1116.778320	1948.445801
1115.674805	2221.128906
1114.571289	1680.483887
1113.466797	2082.077881
1112.363281	1749.906372
1111.258789	1766.401611
1110.153320	1893.718628
1109.048828	1817.309814
1107.943359	1444.545044
1106.837891	1711.901733
1105.732422	828.230408
1104.625977	1479.762085
1103.520508	1265.386963
1102.414063	886.087463
1101.306641	818.628113
1100.200195	1076.367920
1099.092773	448.797119
1097.985352	762.803528
1096.877930	379.206390
1095.769531	769.658081
1094.661133	539.492065
1093.552734	309.355560
1092.444336	816.614502
1091.335938	710.373291
1090.226563	166.838593
1089.117188	326.531616
1088.006836	222.479309
1086.897461	469.780212
1085.787109	651.575378
1084.676758	698.128357
1083.566406	625.285522
1082.455078	1081.214111
1081.343750	585.166138
1080.232422	786.554382
1079.121094	1311.600220
1078.008789	1240.501831
1076.896484	796.206787
1075.784180	1118.358398
1074.671875	1103.252075
1073.558594	1027.394409
1072.445313	931.268433
1071.332031	401.751678
1070.217773	646.807495
1069.104492	539.321655
1067.990234	586.589233
1066.875977	454.273163
1065.760742	508.051422
1064.645508	698.473816
1063.530273	734.031128
1062.415039	121.749550
1061.299805	603.112061
1060.183594	745.854858
1059.067383	93.332840
1057.951172	421.759521
1056.833984	-67.211243
1055.716797	171.334335
1054.599609	427.559021
1053.482422	90.699883
1052.364258	40.152592
1051.247070	367.434448
1050.128906	144.463028
1049.009766	258.959442
1047.891602	-113.855240
1046.772461	380.201569
1045.653320	324.439117
1044.533203	438.271942
1043.414063	74.160248
1042.293945	230.153076
1041.173828	-58.146969
1040.052734	267.084534
1038.932617	-16.898428
1037.811523	510.846954
1036.689453	-353.059570
1035.568359	-251.504013
1034.446289	83.850433
1033.324219	-289.611542
1032.202148	109.917641
1031.079102	-412.894562
1029.957031	4.008476
1028.833984	171.247681
1027.709961	-62.353958
1026.586914	-295.973511
1025.462891	329.013336
1024.338867	75.078217
1023.214844	-301.178131
1022.089844	-303.971741
1020.964844	-100.217316
1019.839844	12.186023
1018.714844	-113.309341
1017.588867	63.130913
1016.462891	-42.661156
1015.336914	-326.158844
1014.210938	118.301338
1013.083984	25.393156
1011.957031	222.992249
1010.830078	382.633270
1009.702148	260.411621
1008.574219	816.468994
1007.446289	1775.504272
1006.318359	3533.888184
1005.190430	4318.745117
1004.061523	5021.107910
1002.932617	4197.263672
1001.802734	2428.271484
1000.673828	976.464844
999.543945	494.381134
998.414063	160.589249
997.283203	-98.031219
996.153320	63.486851
995.022461	275.594055
993.891602	129.363907
992.759766	13.956923
991.628906	167.997635
990.497070	615.564697
989.364258	523.904114
988.232422	158.371704
987.099609	468.268219
985.966797	219.531662
984.833984	116.361664
983.700195	595.394653
982.566406	979.217590
981.432617	249.272430
980.298828	606.227783
979.164063	810.770508
978.029297	270.347656
976.894531	223.440475
975.759766	491.323212
974.624023	228.268402
973.488281	262.352692
972.352539	481.131744
971.215820	728.237305
970.080078	620.936157
968.943359	412.338501
967.805664	726.964661
966.668945	907.226868
965.531250	300.441742
964.393555	489.187256
963.254883	449.211975
962.117188	767.120605
960.978516	724.611938
959.839844	561.245117
958.700195	485.576996
957.561523	464.682190
956.421875	1020.579163
955.281250	1709.843506
954.141602	1199.277344
953.000977	1554.699341
951.860352	1909.829834
950.719727	1421.061646
949.578125	1298.205078
948.436523	1179.660767
947.294922	1030.391846
946.153320	651.205200
945.010742	576.274475
943.868164	796.664856
942.725586	666.812317
941.583008	477.856079
940.439453	374.129852
939.295898	180.707138
938.152344	297.637451
937.007813	499.602142
935.863281	128.995453
934.718750	-280.847809
933.574219	427.422852
932.428711	209.601990
931.283203	-246.114853
930.137695	577.021362
928.992188	341.607513
927.845703	219.609985
926.699219	-124.826042
925.552734	-275.146606
924.405273	548.786682
923.257813	104.037193
922.110352	498.190369
920.962891	582.812012
919.814453	-1.213272
918.666016	203.084457
917.517578	-75.963104
916.369141	-187.371933
915.219727	203.762085
914.070313	181.413177
912.920898	228.624100
911.770508	-72.099373
910.621094	53.336224
909.470703	422.048126
908.319336	314.747223
907.168945	-7.527591
906.017578	-410.037842
904.866211	-113.293327
903.713867	252.739365
902.562500	110.841377
901.410156	-39.697819
900.256836	-129.452209
899.104492	15.081999
897.951172	-50.770374
896.797852	19.988808
895.644531	374.621521
894.490234	68.294479
893.335938	11.236197
892.181641	6.216564
891.027344	-5.256260
889.872070	320.961243
888.716797	337.624847
887.561523	27.641190
886.405273	-381.666290
885.249023	-118.178650
884.092773	-129.317383
882.936523	-94.992203
881.779297	23.647982
880.622070	200.651520
879.464844	295.573517
878.307617	62.297180
877.149414	-328.408020
875.991211	107.869133
874.833008	239.769684
873.673828	335.012573
872.514648	-130.495209
871.355469	66.375633
870.196289	-249.855072
869.036133	136.852356
867.875977	94.666107
866.715820	28.934111
865.554688	170.126022
864.394531	175.752533
863.233398	362.346558
862.071289	114.174271
860.910156	303.155579
859.748047	707.324158
858.585938	218.815628
857.422852	433.881653
856.259766	403.919220
855.096680	500.967224
853.933594	563.763794
852.770508	403.273529
851.606445	462.111969
850.442383	110.944458
849.277344	567.375122
848.113281	336.940704
846.948242	231.260040
845.783203	-45.807201
844.617188	132.175552
843.451172	381.051880
842.285156	162.641281
841.119141	-291.229095
839.952148	-466.106628
838.785156	10.632456
837.618164	11.861946
836.451172	-314.325714
835.283203	-70.657097
834.115234	111.060654
832.947266	-165.017807
831.778320	-68.485901
830.609375	-145.011093
829.440430	-95.087463
828.271484	433.962646
827.101563	140.073547
825.931641	-27.349251
824.761719	450.769958
823.590820	72.377602
822.420898	100.178955
821.250000	572.272400
820.078125	617.491699
818.907227	481.583313
817.735352	975.349792
816.562500	91.237709
815.390625	163.163727
814.217773	241.692963
813.044922	-54.687107
811.872070	303.539185
810.698242	-9.251030
809.524414	125.659012
808.350586	-18.188093
807.176758	212.992264
806.001953	284.679077
804.827148	286.364929
803.651367	124.486008
802.476563	31.022474
801.300781	165.374924
800.125000	257.405487
798.948242	538.800598
797.772461	505.838715
796.595703	745.062256
795.417969	534.125977
794.241211	822.572144
793.063477	574.002563
791.885742	444.655518
790.707031	582.963867
789.529297	935.733215
788.350586	380.777222
787.170898	610.882263
785.992188	682.121643
784.812500	617.899719
783.632813	1234.119995
782.452148	610.946167
781.272461	1112.941406
780.091797	335.940521
778.911133	82.404388
777.729492	377.352051
776.547852	441.716217
775.366211	341.238007
774.184570	33.720871
773.001953	-30.312178
771.819336	-153.324265
770.636719	72.616508
769.453125	97.876900
768.269531	-68.956367
767.085938	-220.768234
765.902344	-15.514081
764.717773	-42.436569
763.533203	-71.321167
762.348633	271.306030
761.163086	-94.914841
759.977539	114.913597
758.791992	-147.551498
757.606445	-251.688248
756.419922	-39.559696
755.233398	3.996350
754.046875	51.828064
752.859375	-113.010460
751.672852	551.889526
750.485352	475.553741
749.296875	407.716858
748.108398	358.887939
746.919922	350.090576
745.731445	785.074890
744.542969	456.641785
743.353516	609.743774
742.164063	310.944275
740.973633	367.355927
739.783203	364.917145
738.592773	135.655426
737.402344	349.488983
736.211914	374.273590
735.020508	191.239334
733.829102	322.957672
732.636719	509.092438
731.444336	145.633347
730.251953	432.229645
729.059570	316.159698
727.866211	172.814148
726.673828	-35.491058
725.479492	-300.363281
724.286133	192.870605
723.091797	-116.106277
721.897461	-303.645966
720.703125	6.836143
719.507813	168.497482
718.312500	-257.801849
717.117188	-21.132551
715.921875	-186.115738
714.725586	-127.522598
713.529297	-140.151276
712.332031	191.786270
711.135742	193.417282
709.938477	224.126053
708.740234	703.508728
707.542969	664.901917
706.344727	1310.585327
705.146484	2195.722412
703.948242	3228.380859
702.749023	3540.989014
701.549805	3715.712891
700.350586	2750.141602
699.150391	1930.740723
697.950195	1278.253052
696.750000	1023.750793
695.549805	575.600159
694.348633	69.250381
693.147461	316.448181
691.946289	630.019714
690.744141	358.791992
689.541992	270.640259
688.339844	14.050274
687.136719	428.969604
685.934570	116.273598
684.730469	254.572083
683.527344	166.399567
682.323242	153.040802
681.119141	347.368591
679.915039	408.823456
678.710938	540.898132
677.505859	521.556030
676.300781	203.664368
675.094727	358.924591
673.889648	421.026947
672.683594	29.372555
671.476563	118.957664
670.270508	-110.245567
669.063477	-104.938042
667.856445	331.505890
666.648438	-283.590942
665.440430	89.428391
664.232422	-147.681396
663.024414	182.789917
661.815430	11.098421
660.606445	42.835052
659.397461	-13.594732
658.188477	340.060974
656.978516	-37.104149
655.768555	-39.216877
654.557617	0.992057
653.346680	186.810760
652.135742	-111.454742
650.924805	-119.377998
649.712891	14.342760
648.501953	108.147820
647.289063	211.663956
646.077148	-283.327026
644.864258	-139.372757
643.651367	-317.274445
642.438477	197.091904
641.224609	-351.814514
640.010742	259.142853
638.796875	435.530457
637.582031	204.560364
636.367188	79.104179
635.152344	550.984253
633.937500	498.785431
632.721680	408.419647
631.505859	1100.426147
630.289063	1116.990234
629.073242	1506.815552
627.856445	1657.576782
626.639648	1696.942139
625.421875	1619.049072
624.204102	1606.865112
622.986328	798.392029
621.768555	721.239197
620.549805	579.078857
619.331055	-36.085789
618.111328	406.216400
616.892578	140.066742
