1721.000977	201.454803
1720.027344	33.180027
1719.052734	-92.127022
1718.078125	317.635925
1717.104492	259.191772
1716.128906	-38.926655
1715.154297	133.825470
1714.178711	-40.657524
1713.204102	186.378555
1712.228516	230.387756
1711.251953	-346.578339
1710.276367	-122.388641
1709.299805	118.772873
1708.324219	-478.200134
1707.347656	-131.098785
1706.370117	56.420006
1705.393555	322.536133
1704.416016	45.486019
1703.438477	-139.983749
1702.460938	-80.469757
1701.483398	198.348358
1700.505859	-139.526474
1699.527344	2.675020
1698.548828	-98.392548
1697.570313	359.599030
1696.591797	-46.296432
1695.612305	183.384308
1694.632813	-0.991126
1693.653320	447.386322
1692.673828	-79.589211
1691.694336	-75.950195
1690.713867	-195.071075
1689.734375	88.598511
1688.753906	-206.940018
1687.772461	30.191216
1686.791992	-10.755153
1685.810547	139.215012
1684.830078	36.771576
1683.848633	87.012154
1682.866211	226.190369
1681.884766	232.834320
1680.902344	-43.230499
1679.919922	-57.132107
1678.937500	-185.607224
1677.955078	-176.717361
1676.971680	-89.078377
1675.989258	209.592896
1675.005859	307.211700
1674.022461	132.791565
1673.038086	212.527069
1672.054688	-27.870886
1671.070313	-158.969482
1670.085938	154.465591
1669.101563	-507.272308
1668.117188	-242.073868
1667.131836	109.315544
1666.146484	34.280720
1665.161133	-88.874924
1664.175781	242.136017
1663.189453	27.773985
1662.204102	-54.532749
1661.217773	-235.635376
1660.231445	353.906860
1659.245117	-100.702431
1658.257813	227.757736
1657.270508	-317.675507
1656.284180	223.647552
1655.295898	428.029816
1654.308594	490.717499
1653.321289	-122.237610
1652.333008	-152.900681
1651.344727	-489.541565
1650.356445	71.947113
1649.367188	195.812408
1648.378906	195.905075
1647.389648	163.221100
1646.400391	24.527905
1645.411133	88.142761
1644.420898	245.277206
1643.431641	-1.575818
1642.441406	223.931656
1641.451172	315.674835
1640.459961	21.298733
1639.469727	47.681236
1638.478516	462.662994
1637.487305	443.746979
1636.496094	263.565399
1635.504883	423.957367
1634.512695	158.353104
1633.520508	308.824799
1632.528320	257.769806
1631.536133	305.104980
1630.543945	453.286072
1629.550781	760.126221
1628.557617	822.743408
1627.564453	1021.374329
1626.571289	1131.947144
1625.578125	1270.264771
1624.583984	1318.035156
1623.589844	1282.898804
1622.595703	1499.330322
1621.601563	1577.503540
1620.606445	1653.200928
1619.611328	2043.073853
1618.616211	2118.839111
1617.621094	1956.037476
1616.625977	1918.963745
1615.629883	1982.392944
1614.633789	1877.698364
1613.637695	1926.229248
1612.641602	1545.745361
1611.645508	1880.486450
1610.648438	1863.985840
1609.651367	1764.819214
1608.654297	1841.269653
1607.657227	1992.959839
1606.659180	2297.493652
1605.662109	2689.703613
1604.664063	2417.944092
1603.666016	2449.407959
1602.666992	2350.683350
1601.668945	2474.903320
1600.669922	2493.973633
1599.670898	2312.895020
1598.671875	2066.900146
1597.671875	1705.960205
1596.672852	1907.953857
1595.672852	1317.268066
1594.672852	1271.833252
1593.671875	1256.422241
1592.671875	1076.174561
1591.670898	878.524963
1590.669922	953.243408
1589.668945	805.718506
1588.667969	835.553955
1587.666016	613.265259
1586.664063	593.247437
1585.662109	640.635254
1584.660156	862.653687
1583.658203	321.418091
1582.655273	528.468018
1581.652344	124.659203
1580.649414	316.751801
1579.646484	496.322388
1578.642578	-136.409592
1577.638672	247.439011
1576.634766	180.378525
1575.630859	-265.100220
1574.626953	213.173294
1573.622070	126.254860
1572.618164	-32.740311
1571.613281	34.695217
1570.607422	77.204910
1569.602539	-34.439766
1568.596680	293.995453
1567.590820	-245.211548
1566.584961	65.746841
1565.579102	155.440063
1564.572266	9.072905
1563.566406	-184.387802
1562.559570	-407.597900
1561.551758	-44.854908
1560.544922	-86.809174
1559.537109	-61.776436
1558.530273	-96.270287
1557.521484	-212.670090
1556.513672	-9.077926
1555.505859	-90.706459
1554.497070	63.157555
1553.488281	-305.988892
1552.479492	-3.478076
1551.470703	-325.396210
1550.460938	-404.482971
1549.451172	-94.756836
1548.441406	-243.190567
1547.431641	-193.542038
1546.421875	78.809784
1545.411133	68.941940
1544.400391	-69.558449
1543.389648	266.851685
1542.378906	-94.182983
1541.367188	-15.057899
1540.355469	76.388405
1539.343750	138.140564
1538.332031	-54.609741
1537.320313	-309.037964
1536.307617	-22.554888
1535.294922	-106.553635
1534.282227	364.903748
1533.269531	-2.967462
1532.256836	-7.963611
1531.243164	-42.592922
1530.229492	-22.943708
1529.215820	13.957282
1528.202148	50.841145
1527.187500	-5.983738
1526.172852	45.652191
1525.158203	190.894180
1524.143555	-107.323441
1523.127930	64.960251
1522.113281	-77.967201
1521.097656	42.549713
1520.082031	143.332947
1519.065430	44.730324
1518.049805	-41.490231
1517.033203	-71.122131
1516.016602	211.586243
1515.000000	-174.571182
1513.982422	169.488022
1512.965820	-71.472267
1511.948242	-255.831039
1510.930664	-177.242966
1509.913086	-20.074198
1508.894531	105.093903
1507.875977	-76.655098
1506.857422	46.054882
1505.838867	163.826508
1504.820313	185.883545
1503.800781	190.754242
1502.781250	82.834557
1501.761719	141.719376
1500.742188	-64.148727
1499.721680	60.942295
1498.702148	78.220291
1497.681641	335.577026
1496.661133	88.294983
1495.639648	267.215332
1494.618164	431.401672
1493.597656	336.120636
1492.576172	407.299622
1491.553711	165.272018
1490.532227	-201.344452
1489.509766	80.327187
1488.487305	-83.110664
1487.464844	32.257271
1486.442383	267.389221
1485.418945	201.861267
1484.395508	-154.322037
1483.372070	249.348312
1482.348633	-13.798378
1481.324219	-164.498260
1480.300781	9.607390
1479.276367	-60.392361
1478.251953	177.139420
1477.226563	253.584030
1476.202148	105.694145
1475.176758	133.465607
1474.151367	114.964729
1473.125000	101.377739
1472.099609	143.933289
1471.073242	281.526184
1470.046875	-68.058815
1469.020508	-159.277664
1467.994141	-2.035567
1466.966797	320.717407
1465.939453	120.121078
1464.912109	513.410889
1463.884766	505.193298
1462.856445	387.565369
1461.829102	226.316574
1460.800781	274.272797
1459.772461	769.534363
1458.743164	997.311768
1457.714844	632.245361
1456.685547	1158.899902
1455.656250	1248.246460
1454.625977	1383.738037
1453.596680	856.533630
1452.566406	1373.272949
1451.536133	899.817139
1450.505859	647.416992
1449.474609	1156.815063
1448.444336	613.630188
1447.413086	722.936584
1446.381836	900.157288
1445.350586	898.046875
1444.318359	571.317078
1443.286133	537.933472
1442.253906	831.623291
1441.221680	677.305115
1440.189453	419.042053
1439.156250	773.323486
1438.123047	338.653442
1437.089844	-100.580711
1436.056641	316.754303
1435.022461	-223.699493
1433.988281	365.311554
1432.954102	-121.548035
1431.919922	158.026794
1430.885742	-36.022118
1429.850586	-26.989841
1428.815430	61.841476
1427.780273	-93.160660
1426.744141	321.736298
1425.708984	-219.255951
1424.672852	-175.949936
1423.636719	140.074677
1422.600586	123.181389
1421.563477	176.306290
1420.527344	-52.574512
1419.490234	193.614166
1418.452148	-126.607697
1417.415039	-94.764717
1416.376953	-106.222534
1415.338867	125.688141
1414.300781	-37.321739
1413.262695	-12.369352
1412.224609	-201.560196
1411.185547	-106.617470
1410.146484	-107.860840
1409.107422	-130.649765
1408.067383	-18.672047
1407.027344	28.435871
1405.987305	-25.345697
1404.947266	98.854164
1403.907227	-370.421783
1402.866211	167.189880
1401.826172	-111.952293
1400.785156	-13.879035
1399.743164	201.870636
1398.702148	297.631134
1397.660156	383.829376
1396.618164	417.300232
1395.576172	-7.316002
1394.533203	705.122131
1393.491211	1558.846191
1392.448242	1093.772583
1391.405273	1616.465698
1390.361328	1942.512939
1389.318359	1899.598145
1388.274414	2453.185059
1387.230469	2970.708740
1386.186523	2868.009033
1385.141602	3679.813721
1384.097656	3579.587158
1383.052734	3936.473145
1382.007813	3515.852295
1380.961914	4083.226318
1379.916992	3452.515625
1378.871094	3704.282959
1377.825195	3353.728516
1376.778320	2886.303467
1375.732422	3126.353271
1374.685547	2905.378906
1373.638672	2230.857422
1372.591797	2308.788086
1371.543945	2241.142334
1370.497070	1954.072632
1369.449219	1776.944580
1368.400391	1514.081909
1367.352539	1511.398560
1366.303711	1437.248413
1365.255859	1680.291504
1364.206055	1844.620361
1363.157227	1611.035156
1362.108398	1594.425537
1361.058594	1758.908203
1360.008789	1768.611084
1358.958984	2040.279297
1357.908203	1650.154663
1356.857422	1607.728271
1355.806641	1741.463745
1354.755859	1692.047852
1353.705078	1616.565552
1352.653320	1115.548218
1351.601563	1698.853271
1350.549805	1357.417358
1349.498047	1757.591187
1348.445313	1107.566406
1347.393555	1149.097290
1346.340820	988.810547
1345.287109	947.350037
1344.234375	502.461761
1343.180664	537.198608
1342.126953	711.964294
1341.073242	564.109497
1340.019531	444.840118
1338.964844	678.961853
1337.910156	687.835144
1336.855469	571.146545
1335.799805	760.225281
1334.745117	565.507507
1333.689453	119.844215
1332.633789	245.130737
1331.578125	-13.126145
1330.521484	114.590630
1329.464844	10.387101
1328.408203	19.844292
1327.351563	102.679947
1326.294922	81.471184
1325.237305	114.684578
1324.179688	15.550878
1323.122070	150.487061
1322.064453	-281.691498
1321.005859	122.638306
1319.947266	-177.011780
1318.888672	35.935398
1317.830078	-275.282867
1316.770508	-69.426132
1315.710938	-175.115601
1314.651367	-54.223354
1313.591797	-110.258148
1312.531250	-293.600433
1311.471680	-264.605469
1310.411133	-263.892426
1309.349609	78.572945
1308.289063	-363.697571
1307.227539	190.723892
1306.166016	-190.096710
1305.104492	-384.695465
1304.042969	-190.733459
1302.980469	-100.407097
1301.917969	-407.783417
1300.855469	-16.246073
1299.792969	184.618073
1298.729492	-37.898952
1297.666016	-95.708015
1296.602539	135.658768
1295.539063	235.341187
1294.474609	248.049377
1293.411133	-143.256592
1292.346680	-116.335266
1291.281250	98.422020
1290.216797	-81.270920
1289.151367	295.374481
1288.085938	204.908051
1287.020508	123.879852
1285.955078	193.015640
1284.888672	184.740753
1283.822266	117.866714
1282.755859	259.650604
1281.689453	392.017456
1280.622070	573.521667
1279.554688	295.834015
1278.487305	484.332764
1277.419922	401.150055
1276.351563	481.859863
1275.283203	452.547058
1274.214844	331.996155
1273.146484	443.108856
1272.077148	142.521790
1271.008789	302.745026
1269.939453	180.009506
1268.869141	489.728729
1267.799805	345.983002
1266.729492	650.866699
1265.659180	154.429443
1264.588867	674.080872
1263.517578	546.746826
1262.447266	501.187286
1261.375977	499.977203
1260.304688	123.107635
1259.232422	259.602203
1258.161133	456.689575
1257.088867	628.022949
1256.016602	929.831665
1254.943359	483.330841
1253.871094	992.424866
1252.797852	981.755371
1251.724609	1092.208008
1250.650391	1114.099365
1249.577148	1634.228394
1248.502930	1148.553345
1247.428711	1247.205933
1246.354492	1322.544922
1245.279297	762.793579
1244.204102	884.692932
1243.128906	1073.961426
1242.053711	593.653381
1240.977539	608.570007
1239.902344	563.072754
1238.826172	410.713715
1237.750000	757.765198
1236.672852	728.469910
1235.595703	522.740845
1234.518555	946.097290
1233.441406	626.687378
1232.364258	764.456177
1231.286133	447.517609
1230.208008	485.515076
1229.129883	458.565552
1228.051758	403.805573
1226.972656	191.458359
1225.893555	148.331497
1224.814453	223.354477
1223.734375	-35.175213
1222.655273	-80.571922
1221.575195	202.747879
1220.495117	60.080044
1219.415039	171.994705
1218.333984	-40.042606
1217.252930	76.431938
1216.171875	-244.195099
1215.090820	260.642517
1214.008789	51.023647
1212.926758	-121.541016
1211.844727	-250.145355
1210.762695	335.026886
1209.679688	391.085815
1208.597656	456.353790
1207.513672	-406.381592
1206.430664	-414.853516
1205.347656	-35.713531
1204.263672	-127.347702
1203.179688	39.344585
1202.095703	279.734314
1201.010742	-296.064545
1199.925781	370.626740
1198.840820	18.546341
1197.755859	-43.126175
1196.670898	395.007507
1195.584961	220.405106
1194.499023	15.936779
1193.413086	311.004730
1192.326172	-8.495784
1191.239258	49.438160
1190.152344	215.439255
1189.065430	100.792534
1187.978516	331.056458
1186.890625	158.926971
1185.802734	258.032074
1184.714844	465.070801
1183.625977	102.305557
1182.538086	231.168182
1181.449219	-5.132879
1180.360352	624.085022
1179.270508	605.783447
1178.180664	894.945740
1177.090820	961.439026
1176.000977	647.161499
1174.911133	555.429443
1173.820313	793.829224
1172.729492	800.609985
1171.638672	369.697235
1170.547852	623.961914
1169.456055	651.322449
1168.364258	497.742767
1167.272461	815.843689
1166.179688	728.625671
1165.087891	723.825317
1163.995117	1272.670288
1162.902344	1464.417603
1161.808594	1914.461914
1160.715820	1769.837036
1159.622070	2288.149170
1158.528320	1732.081177
1157.433594	1768.004395
1156.339844	1150.573364
1155.245117	1236.812500
1154.149414	804.651123
1153.054688	183.200928
1151.958984	846.947144
1150.863281	444.755951
1149.767578	489.861298
1148.671875	357.016724
1147.575195	9.843423
1146.478516	-84.143974
1145.381836	-137.086533
1144.285156	-44.187855
1143.187500	317.462280
1142.089844	-2.129362
1140.992188	429.888306
1139.894531	-474.762543
1138.795898	-370.683594
1137.697266	-259.852386
1136.598633	67.046921
1135.499023	-152.177231
1134.400391	158.571426
1133.300781	-67.460823
1132.201172	49.830490
1131.100586	21.566164
1130.000977	209.155060
1128.900391	-652.898926
1127.799805	418.153229
1126.698242	-225.669388
1125.596680	365.722107
1124.495117	-44.098774
1123.393555	331.343811
1122.291992	436.611664
1121.189453	766.321350
1120.086914	1059.561768
1118.984375	1257.414185
1117.881836	1733.924683
1116.778320	1813.600220
1115.674805	2176.393311
1114.571289	1823.216797
1113.466797	1723.769287
1112.363281	2335.245361
1111.258789	1456.975708
1110.153320	2038.693970
1109.048828	1565.778442
1107.943359	1466.243408
1106.837891	1599.639038
1105.732422	1043.315796
1104.625977	1176.624023
1103.520508	991.176575
1102.414063	884.823486
1101.306641	1024.672974
1100.200195	897.924133
1099.092773	1073.719482
1097.985352	806.917969
1096.877930	549.205872
1095.769531	138.093307
1094.661133	385.833679
1093.552734	216.148575
1092.444336	589.908020
1091.335938	52.653843
1090.226563	683.079407
1089.117188	247.297714
1088.006836	131.533173
1086.897461	477.509216
1085.787109	402.140686
1084.676758	533.857056
1083.566406	804.993164
1082.455078	886.886475
1081.343750	1290.392334
1080.232422	847.888428
1079.121094	857.522156
1078.008789	871.548523
1076.896484	811.311523
1075.784180	951.028687
1074.671875	1016.452698
1073.558594	818.928284
1072.445313	652.850281
1071.332031	904.377686
1070.217773	616.940918
1069.104492	628.050354
1067.990234	728.790710
1066.875977	232.693848
1065.760742	494.752502
1064.645508	388.869751
1063.530273	502.630341
1062.415039	237.470520
1061.299805	200.885117
1060.183594	135.073486
1059.067383	-98.787453
1057.951172	135.347961
1056.833984	24.495199
1055.716797	-153.563065
1054.599609	64.425842
1053.482422	210.613022
1052.364258	164.255875
1051.247070	258.703064
1050.128906	69.048653
1049.009766	-234.650269
1047.891602	219.240707
1046.772461	190.217438
1045.653320	379.981354
1044.533203	-165.175629
1043.414063	350.307495
1042.293945	-279.660126
1041.173828	-349.329712
1040.052734	85.117622
1038.932617	115.521011
1037.811523	268.421753
1036.689453	-64.943253
1035.568359	-148.613205
1034.446289	84.065956
1033.324219	98.152290
1032.202148	-157.429443
1031.079102	-121.310196
1029.957031	-203.324936
1028.833984	135.261475
1027.709961	-338.782684
1026.586914	-296.522186
1025.462891	-69.808395
1024.338867	185.577896
1023.214844	-686.614197
1022.089844	206.491547
1020.964844	-372.244690
1019.839844	-426.472137
1018.714844	-145.375183
1017.588867	264.242371
1016.462891	247.198257
1015.336914	-238.398804
1014.210938	-113.572929
1013.083984	483.664673
1011.957031	-195.129410
1010.830078	368.286499
1009.702148	283.775848
1008.574219	669.145752
1007.446289	1750.145752
1006.318359	3393.345703
1005.190430	4472.924805
1004.061523	4947.160156
1002.932617	4103.453613
1001.802734	2135.292969
1000.673828	1298.939697
999.543945	183.967392
998.414063	206.516647
997.283203	-78.577271
996.153320	41.010674
995.022461	-131.474686
993.891602	171.189819
992.759766	197.303970
991.628906	243.158783
990.497070	-91.111084
989.364258	168.634796
988.232422	-73.049995
987.099609	371.671753
985.966797	257.707947
984.833984	417.226868
983.700195	477.222992
982.566406	499.550049
981.432617	667.228027
980.298828	378.382477
979.164063	748.421631
978.029297	681.887390
976.894531	271.592926
975.759766	11.089696
974.624023	391.246674
973.488281	509.122040
972.352539	606.990112
971.215820	500.004791
970.080078	388.552338
968.943359	600.263916
967.805664	637.999634
966.668945	365.646545
965.531250	574.554077
964.393555	822.770081
963.254883	943.291748
962.117188	727.616638
960.978516	549.202942
959.839844	871.239746
958.700195	431.395935
957.561523	649.912354
956.421875	819.902771
955.281250	1298.892090
954.141602	1545.133423
953.000977	1565.306763
951.860352	1659.859985
950.719727	1616.197266
949.578125	1471.628052
948.436523	1484.698486
947.294922	948.031616
946.153320	319.547638
945.010742	625.766663
943.868164	321.235352
942.725586	454.264679
941.583008	269.981995
940.439453	313.063599
939.295898	178.935654
938.152344	322.350708
937.007813	15.426403
935.863281	-18.371628
934.718750	4.533543
933.574219	88.484535
932.428711	-76.604118
931.283203	249.389908
930.137695	555.508606
928.992188	-137.776230
927.845703	-130.710266
926.699219	-372.311371
925.552734	27.079922
924.405273	-27.168737
923.257813	182.210266
922.110352	252.001480
920.962891	249.825455
919.814453	-164.000809
918.666016	428.126556
917.517578	299.480621
916.369141	-214.317932
915.219727	183.622269
914.070313	118.045975
912.920898	32.894398
911.770508	-430.569946
910.621094	-170.013229
909.470703	-281.226532
908.319336	-18.756819
907.168945	74.186935
906.017578	223.505157
904.866211	301.103149
903.713867	491.501617
902.562500	17.804098
901.410156	284.118286
900.256836	474.374146
899.104492	220.030670
897.951172	-209.819809
896.797852	-166.924210
895.644531	-0.504874
894.490234	-206.802383
893.335938	-140.051941
892.181641	43.641346
891.027344	-158.077591
889.872070	-15.527164
888.716797	72.908867
887.561523	-54.995621
886.405273	169.765442
885.249023	-213.180145
884.092773	93.804810
882.936523	-131.013580
881.779297	-87.710930
880.622070	68.000443
879.464844	139.488235
878.307617	-78.340843
877.149414	34.324711
875.991211	69.334724
874.833008	346.131073
873.673828	271.205231
872.514648	-60.253433
871.355469	-255.580460
870.196289	-118.669922
869.036133	-300.733063
867.875977	-12.795934
866.715820	104.938736
865.554688	442.439728
864.394531	624.903381
863.233398	331.598999
862.071289	236.582016
860.910156	615.231384
859.748047	412.942200
858.585938	370.085571
857.422852	551.041260
856.259766	719.187744
855.096680	779.958618
853.933594	-117.556343
852.770508	51.177891
851.606445	522.858093
850.442383	595.088196
849.277344	40.537891
848.113281	349.359253
846.948242	106.700554
845.783203	121.817131
844.617188	375.211151
843.451172	-53.237549
842.285156	91.169479
841.119141	-445.884949
839.952148	-3.155981
838.785156	73.235069
837.618164	-443.498016
836.451172	-131.008759
835.283203	140.870087
834.115234	-107.269173
832.947266	117.884521
831.778320	234.041718
830.609375	91.582855
829.440430	99.131149
828.271484	301.485504
827.101563	-70.994606
825.931641	-96.859795
824.761719	447.985352
823.590820	328.529572
822.420898	66.339287
821.250000	235.777039
820.078125	213.282227
818.907227	453.563995
817.735352	484.900024
816.562500	876.940247
815.390625	689.063782
814.217773	637.967407
813.044922	205.639343
811.872070	91.298615
810.698242	141.310043
809.524414	125.543633
808.350586	-390.364136
807.176758	118.273849
806.001953	-26.513142
804.827148	103.549553
803.651367	148.710114
802.476563	102.676750
801.300781	-185.502655
800.125000	513.175476
798.948242	265.943939
797.772461	350.602234
796.595703	577.812683
795.417969	265.675598
794.241211	692.929932
793.063477	502.442108
791.885742	471.486267
790.707031	650.858215
789.529297	1135.907715
788.350586	562.596130
787.170898	678.940308
785.992188	528.374268
784.812500	749.008423
783.632813	990.969849
782.452148	1216.085693
781.272461	676.748718
780.091797	472.437408
778.911133	382.765564
777.729492	373.763794
776.547852	582.927917
775.366211	318.327423
774.184570	-121.487946
773.001953	115.731216
771.819336	179.686478
770.636719	95.849022
769.453125	54.487850
768.269531	116.834831
767.085938	130.747452
765.902344	-473.854401
764.717773	156.923294
763.533203	-117.852760
762.348633	-56.860722
761.163086	286.910706
759.977539	-331.058533
758.791992	-82.001549
757.606445	-77.471924
756.419922	-201.399719
755.233398	-76.524521
754.046875	-238.099350
752.859375	101.727028
751.672852	460.438263
750.485352	741.169556
749.296875	569.351501
748.108398	795.349182
746.919922	808.842773
745.731445	391.254944
744.542969	632.015930
743.353516	666.684326
742.164063	640.429504
740.973633	118.345367
739.783203	405.249725
738.592773	-97.602684
737.402344	455.875000
736.211914	240.828278
735.020508	-51.785255
733.829102	637.629944
732.636719	437.305115
731.444336	534.836121
730.251953	378.599640
729.059570	-414.824341
727.866211	198.229675
726.673828	-370.699493
725.479492	-61.783344
724.286133	75.209732
723.091797	-51.730476
721.897461	47.372910
720.703125	-217.765396
719.507813	-1.673571
718.312500	-319.139130
717.117188	68.182671
715.921875	302.609680
714.725586	-12.884832
713.529297	66.628456
712.332031	-248.856796
711.135742	-27.486698
709.938477	425.466400
708.740234	761.190491
707.542969	610.354187
706.344727	1500.753052
705.146484	2371.868164
703.948242	3394.741699
702.749023	3705.981689
701.549805	3643.837158
700.350586	2343.622314
699.150391	1931.623413
697.950195	1796.830566
696.750000	972.674255
695.549805	648.609436
694.348633	241.390778
693.147461	-246.815384
691.946289	-120.964874
690.744141	185.809814
689.541992	163.866089
688.339844	-1.494236
687.136719	55.705837
685.934570	187.794373
684.730469	176.532700
683.527344	188.265167
682.323242	212.594315
681.119141	243.313065
679.915039	124.764977
678.710938	265.920380
677.505859	249.578720
676.300781	463.789368
675.094727	188.793610
673.889648	-460.972992
672.683594	102.594467
671.476563	17.682196
670.270508	130.136337
669.063477	-7.570004
667.856445	-20.374624
666.648438	155.864990
665.440430	-89.554398
664.232422	-25.765301
663.024414	55.340687
661.815430	126.930878
660.606445	-135.591751
659.397461	2.018623
658.188477	91.022507
656.978516	129.457977
655.768555	235.202042
654.557617	148.039719
653.346680	-338.311127
652.135742	91.602409
650.924805	-236.681274
649.712891	128.118576
648.501953	-250.260162
647.289063	-263.586304
646.077148	-565.705994
644.864258	-358.466949
643.651367	-386.161682
642.438477	-96.278198
641.224609	132.052094
640.010742	218.658356
638.796875	180.250046
637.582031	494.669891
636.367188	455.865051
635.152344	473.696869
633.937500	690.219299
632.721680	776.427490
631.505859	563.948364
630.289063	762.404053
629.073242	1381.869385
627.856445	2272.321777
626.639648	1817.091919
625.421875	1945.789185
624.204102	1760.914551
622.986328	1211.584351
621.768555	1223.812256
620.549805	730.610168
619.331055	630.937134
618.111328	553.649597
616.892578	271.246216
