1721.000977	7.706603
1720.027344	-265.648743
1719.052734	66.138313
1718.078125	160.010162
1717.104492	67.488701
1716.128906	-244.609985
1715.154297	195.752014
1714.178711	129.385956
1713.204102	35.986061
1712.228516	33.477840
1711.251953	65.488731
1710.276367	14.238714
1709.299805	181.998688
1708.324219	2.848385
1707.347656	140.035614
1706.370117	125.035538
1705.393555	-226.215424
1704.416016	-230.428909
1703.438477	86.660698
1702.460938	175.077957
1701.483398	-87.720123
1700.505859	-131.439743
1699.527344	-9.878244
1698.548828	21.406937
1697.570313	74.907616
1696.591797	234.930954
1695.612305	-182.940582
1694.632813	289.701477
1693.653320	-47.629585
1692.673828	-127.675362
1691.694336	256.093140
1690.713867	-126.147652
1689.734375	-29.249844
1688.753906	-177.705246
1687.772461	-367.392059
1686.791992	79.779373
1685.810547	-164.267960
1684.830078	88.225609
1683.848633	-52.066189
1682.866211	-297.105194
1681.884766	147.657288
1680.902344	115.855637
1679.919922	-38.395527
1678.937500	448.364044
1677.955078	153.648636
1676.971680	176.711090
1675.989258	563.212585
1675.005859	-143.930344
1674.022461	376.755951
1673.038086	30.404005
1672.054688	105.846046
1671.070313	336.026123
1670.085938	141.826584
1669.101563	432.580597
1668.117188	311.824036
1667.131836	175.749985
1666.146484	105.622078
1665.161133	142.002014
1664.175781	467.470551
1663.189453	356.503967
1662.204102	633.507446
1661.217773	142.203812
1660.231445	-105.614380
1659.245117	-175.973969
1658.257813	62.720226
1657.270508	400.087769
1656.284180	147.310333
1655.295898	-285.195007
1654.308594	368.464874
1653.321289	181.649017
1652.333008	-194.869659
1651.344727	324.323120
1650.356445	322.314606
1649.367188	479.619110
1648.378906	257.718536
1647.389648	260.878387
1646.400391	150.370590
1645.411133	267.355194
1644.420898	293.380737
1643.431641	36.634064
1642.441406	282.501251
1641.451172	78.979225
1640.459961	529.279968
1639.469727	368.838806
1638.478516	546.568909
1637.487305	368.653595
1636.496094	521.250854
1635.504883	729.338928
1634.512695	521.461182
1633.520508	550.655273
1632.528320	509.375397
1631.536133	692.407715
1630.543945	1114.729492
1629.550781	1108.841064
1628.557617	899.114502
1627.564453	1084.757446
1626.571289	1227.625366
1625.578125	1398.206909
1624.583984	1319.732544
1623.589844	1696.600708
1622.595703	1620.791748
1621.601563	2158.512207
1620.606445	1876.688232
1619.611328	2155.447754
1618.616211	2371.372314
1617.621094	2645.066650
1616.625977	2017.162842
1615.629883	1916.848633
1614.633789	1613.329346
1613.637695	1686.486938
1612.641602	2324.277344
1611.645508	2287.043213
1610.648438	2350.198975
1609.651367	1741.355713
1608.654297	1905.046997
1607.657227	2146.455566
1606.659180	2603.331543
1605.662109	2240.807129
1604.664063	2261.747559
1603.666016	2297.782959
1602.666992	2912.261475
1601.668945	2380.001465
1600.669922	2331.068604
1599.670898	2277.221191
1598.671875	2263.492432
1597.671875	2219.789795
1596.672852	1991.134155
1595.672852	1940.134644
1594.672852	1521.740234
1593.671875	1168.534424
1592.671875	1275.338013
1591.670898	1556.999023
1590.669922	1014.349060
1589.668945	996.394348
1588.667969	826.199768
1587.666016	843.310242
1586.664063	563.482605
1585.662109	560.778015
1584.660156	840.007446
1583.658203	425.817810
1582.655273	141.480942
1581.652344	420.726227
1580.649414	954.130371
1579.646484	131.715408
1578.642578	268.862823
1577.638672	92.133827
1576.634766	376.242004
1575.630859	670.221191
1574.626953	428.902100
1573.622070	-158.263062
1572.618164	103.391998
1571.613281	153.479874
1570.607422	153.796417
1569.602539	290.941376
1568.596680	30.230854
1567.590820	-168.203796
1566.584961	46.011387
1565.579102	61.391037
1564.572266	-32.549610
1563.566406	-225.742325
1562.559570	95.137436
1561.551758	-53.336891
1560.544922	-99.929222
1559.537109	228.193100
1558.530273	-185.597198
1557.521484	-207.337524
1556.513672	-8.300486
1555.505859	-0.255500
1554.497070	40.000851
1553.488281	347.924133
1552.479492	308.826294
1551.470703	373.804474
1550.460938	74.644356
1549.451172	164.406998
1548.441406	-124.658005
1547.431641	165.632553
1546.421875	99.442368
1545.411133	105.018387
1544.400391	-60.089993
1543.389648	202.753677
1542.378906	-98.282822
1541.367188	352.332825
1540.355469	-546.756226
1539.343750	66.879616
1538.332031	-117.744110
1537.320313	-223.232925
1536.307617	-254.612793
1535.294922	-93.385048
1534.282227	178.872223
1533.269531	278.264587
1532.256836	212.299942
1531.243164	136.476044
1530.229492	-10.829505
1529.215820	414.035828
1528.202148	54.724648
1527.187500	75.145027
1526.172852	-54.758980
1525.158203	-155.030045
1524.143555	-262.636566
1523.127930	-183.041336
1522.113281	-142.833298
1521.097656	86.901588
1520.082031	87.654213
1519.065430	-123.233284
1518.049805	74.411728
1517.033203	156.351257
1516.016602	407.959015
1515.000000	-124.842606
1513.982422	-69.933830
1512.965820	-19.911770
1511.948242	-100.150719
1510.930664	148.847977
1509.913086	4.784173
1508.894531	-65.558052
1507.875977	-202.133224
1506.857422	122.821068
1505.838867	477.110229
1504.820313	235.070969
1503.800781	-129.520248
1502.781250	72.589005
1501.761719	122.614357
1500.742188	-35.720753
1499.721680	122.172905
1498.702148	356.017761
1497.681641	268.831390
1496.661133	-46.075386
1495.639648	415.433777
1494.618164	286.732147
1493.597656	-8.303270
1492.576172	240.087769
1491.553711	148.277405
1490.532227	10.092844
1489.509766	-27.748295
1488.487305	523.755920
1487.464844	97.188438
1486.442383	357.655609
1485.418945	371.212311
1484.395508	282.192291
1483.372070	-173.141754
1482.348633	158.117294
1481.324219	176.731552
1480.300781	349.195251
1479.276367	-388.722168
1478.251953	288.941681
1477.226563	149.097580
1476.202148	336.215820
1475.176758	1.441376
1474.151367	100.818375
1473.125000	129.488327
1472.099609	-87.903191
1471.073242	201.601746
1470.046875	162.187668
1469.020508	244.617172
1467.994141	27.574762
1466.966797	-267.243011
1465.939453	591.766052
1464.912109	253.270798
1463.884766	603.463501
1462.856445	566.806580
1461.829102	542.412964
1460.800781	702.843445
1459.772461	481.637238
1458.743164	280.007111
1457.714844	1186.506714
1456.685547	1298.310669
1455.656250	1247.410889
1454.625977	791.071411
1453.596680	805.985718
1452.566406	939.864136
1451.536133	1115.010986
1450.505859	625.399475
1449.474609	904.953979
1448.444336	1094.761841
1447.413086	1012.987244
1446.381836	412.570618
1445.350586	1140.583008
1444.318359	799.784790
1443.286133	410.756927
1442.253906	658.953064
1441.221680	614.123840
1440.189453	303.086243
1439.156250	263.327759
1438.123047	555.190308
1437.089844	101.834679
1436.056641	700.968384
1435.022461	482.489319
1433.988281	104.614105
1432.954102	495.690857
1431.919922	-75.209679
1430.885742	233.752838
1429.850586	98.136841
1428.815430	172.795074
1427.780273	39.833397
1426.744141	196.701126
1425.708984	208.786026
1424.672852	259.541077
1423.636719	-174.591690
1422.600586	235.813812
1421.563477	178.242432
1420.527344	178.674683
1419.490234	-160.728607
1418.452148	-27.533287
1417.415039	216.556900
1416.376953	205.242401
1415.338867	80.819824
1414.300781	-110.886444
1413.262695	-1.473911
1412.224609	146.491150
1411.185547	-107.427483
1410.146484	100.804489
1409.107422	-128.758179
1408.067383	334.479767
1407.027344	345.567932
1405.987305	-188.954605
1404.947266	144.486389
1403.907227	-452.058319
1402.866211	-8.032138
1401.826172	-15.641988
1400.785156	-47.192570
1399.743164	346.296814
1398.702148	506.895905
1397.660156	485.105286
1396.618164	573.785828
1395.576172	789.656189
1394.533203	1022.293091
1393.491211	1362.843384
1392.448242	1120.777344
1391.405273	1909.513794
1390.361328	2338.547852
1389.318359	2158.986328
1388.274414	2631.077637
1387.230469	3004.869141
1386.186523	2964.395508
1385.141602	3438.652588
1384.097656	3508.366943
1383.052734	3743.213623
1382.007813	3612.048340
1380.961914	3387.737549
1379.916992	3386.003906
1378.871094	3592.319580
1377.825195	3349.297607
1376.778320	2767.129150
1375.732422	2703.739014
1374.685547	2556.850098
1373.638672	2180.856445
1372.591797	2282.612793
1371.543945	2229.236572
1370.497070	1837.104858
1369.449219	1953.421997
1368.400391	1356.500122
1367.352539	1620.903076
1366.303711	1785.113037
1365.255859	1665.666016
1364.206055	1350.874146
1363.157227	1887.014038
1362.108398	1405.723145
1361.058594	1560.662842
1360.008789	1363.174561
1358.958984	1825.347656
1357.908203	909.163940
1356.857422	1785.464600
1355.806641	1826.327271
1354.755859	1793.505127
1353.705078	1484.888062
1352.653320	1516.489746
1351.601563	1234.353882
1350.549805	1449.151733
1349.498047	929.675720
1348.445313	1379.779175
1347.393555	1024.573486
1346.340820	797.817200
1345.287109	685.169983
1344.234375	513.320679
1343.180664	737.915039
1342.126953	585.230774
1341.073242	795.618591
1340.019531	835.226257
1338.964844	694.665710
1337.910156	739.136169
1336.855469	653.300842
1335.799805	186.049377
1334.745117	-261.969971
1333.689453	341.893921
1332.633789	322.765533
1331.578125	114.304230
1330.521484	142.681198
1329.464844	38.583237
1328.408203	41.056423
1327.351563	-39.196903
1326.294922	-195.040802
1325.237305	-114.327248
1324.179688	49.145855
1323.122070	56.619892
1322.064453	-35.097324
1321.005859	154.396393
1319.947266	-400.142456
1318.888672	70.461128
1317.830078	318.987610
1316.770508	-251.601990
1315.710938	124.409515
1314.651367	195.951065
1313.591797	-17.903940
1312.531250	-17.026274
1311.471680	-379.188354
1310.411133	267.767456
1309.349609	-47.096878
1308.289063	5.813035
1307.227539	-153.286179
1306.166016	-107.361389
1305.104492	-0.194606
1304.042969	-163.763153
1302.980469	-4.773282
1301.917969	-99.957664
1300.855469	-260.934235
1299.792969	119.202477
1298.729492	-140.456665
1297.666016	-42.585934
1296.602539	-15.236847
1295.539063	-30.167953
1294.474609	361.418793
1293.411133	254.870483
1292.346680	458.408997
1291.281250	-40.204567
1290.216797	536.646179
1289.151367	228.413849
1288.085938	-81.994125
1287.020508	107.472328
1285.955078	327.382843
1284.888672	265.809296
1283.822266	-241.165222
1282.755859	168.618774
1281.689453	690.738708
1280.622070	476.950287
1279.554688	450.680206
1278.487305	-34.576157
1277.419922	250.747025
1276.351563	449.339142
1275.283203	165.743942
1274.214844	214.566299
1273.146484	333.571198
1272.077148	405.760742
1271.008789	377.398499
1269.939453	330.360352
1268.869141	33.251266
1267.799805	318.182373
1266.729492	528.232849
1265.659180	612.079041
1264.588867	210.161758
1263.517578	560.233398
1262.447266	93.182159
1261.375977	398.821899
1260.304688	149.024185
1259.232422	398.553192
1258.161133	139.570404
1257.088867	493.956299
1256.016602	458.883179
1254.943359	419.166107
1253.871094	645.138306
1252.797852	696.285889
1251.724609	877.863098
1250.650391	1098.942993
1249.577148	1231.483521
1248.502930	1201.029785
1247.428711	919.265503
1246.354492	874.955933
1245.279297	893.467102
1244.204102	1381.760254
1243.128906	1053.733276
1242.053711	537.565552
1240.977539	786.248230
1239.902344	521.332703
1238.826172	309.958221
1237.750000	716.484192
1236.672852	426.214478
1235.595703	646.817139
1234.518555	533.100281
1233.441406	484.415222
1232.364258	354.558350
1231.286133	136.610901
1230.208008	593.588562
1229.129883	616.819092
1228.051758	505.595093
1226.972656	468.575958
1225.893555	341.210907
1224.814453	-131.242554
1223.734375	70.441383
1222.655273	147.016983
1221.575195	401.795715
1220.495117	290.789276
1219.415039	649.555908
1218.333984	1.829357
1217.252930	203.215042
1216.171875	251.896225
1215.090820	358.352997
1214.008789	538.713745
1212.926758	37.298588
1211.844727	-182.041153
1210.762695	-54.805843
1209.679688	257.101593
1208.597656	266.427399
1207.513672	-282.880219
1206.430664	-28.828772
1205.347656	-300.953949
1204.263672	395.872620
1203.179688	280.580505
1202.095703	-139.018173
1201.010742	430.497986
1199.925781	142.398315
1198.840820	52.584854
1197.755859	483.443970
1196.670898	197.811218
1195.584961	444.205658
1194.499023	128.756027
1193.413086	165.594742
1192.326172	-108.255249
1191.239258	50.526173
1190.152344	292.036285
1189.065430	176.989594
1187.978516	96.471634
1186.890625	29.759254
1185.802734	29.715504
1184.714844	31.957186
1183.625977	-156.481064
1182.538086	116.775635
1181.449219	373.820374
1180.360352	476.934113
1179.270508	295.393677
1178.180664	703.620667
1177.090820	902.892029
1176.000977	797.027588
1174.911133	876.929382
1173.820313	615.190430
1172.729492	695.056580
1171.638672	550.308716
1170.547852	437.680664
1169.456055	444.183563
1168.364258	512.496765
1167.272461	953.940125
1166.179688	598.610596
1165.087891	943.691711
1163.995117	1277.151245
1162.902344	1919.246826
1161.808594	1893.243286
1160.715820	2011.288940
1159.622070	2275.550781
1158.528320	1803.774536
1157.433594	1862.268066
1156.339844	1219.425903
1155.245117	1248.285889
1154.149414	866.097473
1153.054688	726.052063
1151.958984	186.621094
1150.863281	176.788635
1149.767578	680.233765
1148.671875	515.147217
1147.575195	331.856201
1146.478516	267.168945
1145.381836	-276.169128
1144.285156	135.517151
1143.187500	91.320366
1142.089844	279.447296
1140.992188	187.358154
1139.894531	256.923340
1138.795898	260.407257
1137.697266	-193.569275
1136.598633	123.922691
1135.499023	-134.274429
1134.400391	-121.750084
1133.300781	-0.142980
1132.201172	21.355289
1131.100586	-125.385666
1130.000977	27.837816
1128.900391	37.828209
1127.799805	-68.059166
1126.698242	-203.470474
1125.596680	-229.894119
1124.495117	18.274521
1123.393555	132.413467
1122.291992	169.318695
1121.189453	569.046997
1120.086914	1428.875610
1118.984375	1261.276367
1117.881836	1664.881104
1116.778320	2374.164307
1115.674805	1714.673096
1114.571289	2233.261963
1113.466797	1868.373657
1112.363281	1965.470947
1111.258789	1937.964233
1110.153320	1627.524414
1109.048828	1545.692017
1107.943359	1276.076660
1106.837891	2105.619873
1105.732422	1630.129639
1104.625977	1199.989746
1103.520508	1084.127930
1102.414063	968.247253
1101.306641	816.193970
1100.200195	847.091431
1099.092773	469.204681
1097.985352	739.307739
1096.877930	422.419067
1095.769531	606.512085
1094.661133	429.505524
1093.552734	94.624809
1092.444336	391.196899
1091.335938	281.767517
1090.226563	505.872406
1089.117188	425.590576
1088.006836	435.371704
1086.897461	674.820740
1085.787109	794.716980
1084.676758	495.725586
1083.566406	628.946960
1082.455078	807.017944
1081.343750	825.181946
1080.232422	901.734680
1079.121094	845.483582
1078.008789	874.584656
1076.896484	1101.395020
1075.784180	878.542175
1074.671875	1033.161743
1073.558594	551.901794
1072.445313	823.096008
1071.332031	999.770569
1070.217773	509.553711
1069.104492	620.939209
1067.990234	768.051758
1066.875977	735.538086
1065.760742	429.303467
1064.645508	463.920532
1063.530273	419.954498
1062.415039	510.372925
1061.299805	477.405060
1060.183594	90.369827
1059.067383	399.945770
1057.951172	286.057495
1056.833984	176.570526
1055.716797	490.030884
1054.599609	4.382730
1053.482422	-42.675865
1052.364258	648.247620
1051.247070	-103.568993
1050.128906	-10.109091
1049.009766	362.567291
1047.891602	-324.257416
1046.772461	157.542130
1045.653320	51.548046
1044.533203	-356.011810
1043.414063	236.712173
1042.293945	282.153229
1041.173828	258.261108
1040.052734	684.915649
1038.932617	-46.423275
1037.811523	-121.932587
1036.689453	23.163774
1035.568359	190.365463
1034.446289	89.909012
1033.324219	-46.290123
1032.202148	325.314056
1031.079102	-22.747047
1029.957031	-217.140533
1028.833984	-22.052748
1027.709961	41.476093
1026.586914	-41.997726
1025.462891	12.319302
1024.338867	-164.832077
1023.214844	-17.417429
1022.089844	78.633011
1020.964844	-256.673950
1019.839844	-49.815559
1018.714844	-56.460350
1017.588867	-7.749881
1016.462891	271.713837
1015.336914	-39.608765
1014.210938	-366.483826
1013.083984	380.591309
1011.957031	206.515198
1010.830078	591.287476
1009.702148	793.875305
1008.574219	1175.787109
1007.446289	1776.796143
1006.318359	3520.792725
1005.190430	5073.307617
1004.061523	5032.413574
1002.932617	4209.693359
1001.802734	2552.528076
1000.673828	1121.745972
999.543945	280.068939
998.414063	272.686768
997.283203	-60.020290
996.153320	23.027033
995.022461	79.327560
993.891602	148.704300
992.759766	105.166168
991.628906	154.305267
990.497070	497.014160
989.364258	720.140442
988.232422	503.663879
987.099609	582.890442
985.966797	423.585693
984.833984	242.136932
983.700195	422.341461
982.566406	778.734924
981.432617	832.751587
980.298828	721.263245
979.164063	803.582581
978.029297	764.531067
976.894531	383.910309
975.759766	368.893097
974.624023	47.659054
973.488281	556.303772
972.352539	228.269638
971.215820	617.501770
970.080078	584.078186
968.943359	348.165192
967.805664	325.474701
966.668945	518.097229
965.531250	684.097046
964.393555	803.731262
963.254883	600.229614
962.117188	563.617371
960.978516	667.387878
959.839844	689.751892
958.700195	935.810181
957.561523	380.756989
956.421875	521.206177
955.281250	869.795959
954.141602	1386.959595
953.000977	1899.349731
951.860352	1267.314819
950.719727	1525.075806
949.578125	956.678345
948.436523	1017.010620
947.294922	1007.133484
946.153320	364.471161
945.010742	892.909058
943.868164	701.085938
942.725586	647.070679
941.583008	785.447754
940.439453	383.528503
939.295898	217.799713
938.152344	25.822706
937.007813	78.549294
935.863281	109.318253
934.718750	115.960587
933.574219	-117.688759
932.428711	166.064209
931.283203	-28.386580
930.137695	69.583046
928.992188	202.335587
927.845703	232.420547
926.699219	288.595520
925.552734	144.105988
924.405273	34.470238
923.257813	262.590698
922.110352	340.228577
920.962891	115.028000
919.814453	-99.258278
918.666016	485.506836
917.517578	42.612141
916.369141	370.221405
915.219727	36.243805
914.070313	376.664307
912.920898	-122.482002
911.770508	72.081284
910.621094	49.211243
909.470703	358.792938
908.319336	-83.517273
907.168945	191.184586
906.017578	394.065033
904.866211	-206.433578
903.713867	35.500702
902.562500	136.310944
901.410156	-290.140747
900.256836	250.989777
899.104492	106.665001
897.951172	-113.475334
896.797852	106.530693
895.644531	-113.437637
894.490234	-112.302216
893.335938	124.976944
892.181641	2.716671
891.027344	-370.574768
889.872070	24.743576
888.716797	-289.858795
887.561523	77.263130
886.405273	271.219330
885.249023	188.361938
884.092773	155.347733
882.936523	161.341278
881.779297	80.956848
880.622070	-42.504524
879.464844	54.512375
878.307617	-131.308334
877.149414	65.183151
875.991211	-163.528931
874.833008	91.376251
873.673828	26.947247
872.514648	42.484352
871.355469	-209.258057
870.196289	293.845428
869.036133	-194.691269
867.875977	90.779167
866.715820	-67.551460
865.554688	69.409203
864.394531	27.754936
863.233398	-82.642311
862.071289	233.347076
860.910156	534.319763
859.748047	686.851685
858.585938	448.010620
857.422852	570.721863
856.259766	663.466797
855.096680	582.249329
853.933594	688.225708
852.770508	164.852829
851.606445	56.458874
850.442383	386.410889
849.277344	188.236588
848.113281	183.578979
846.948242	-265.096008
845.783203	202.772949
844.617188	308.132050
843.451172	-120.305595
842.285156	-35.900105
841.119141	95.855507
839.952148	182.767319
838.785156	-162.898026
837.618164	-317.520538
836.451172	350.496277
835.283203	-161.236328
834.115234	-190.870911
832.947266	-218.096481
831.778320	-159.492783
830.609375	-145.572754
829.440430	535.806335
828.271484	494.501862
827.101563	-309.608307
825.931641	94.309074
824.761719	-67.849808
823.590820	265.863464
822.420898	110.693321
821.250000	363.632782
820.078125	151.406311
818.907227	389.834625
817.735352	660.423523
816.562500	818.100159
815.390625	613.484131
814.217773	27.609602
813.044922	105.176865
811.872070	27.432079
810.698242	5.383427
809.524414	-95.176292
808.350586	194.283783
807.176758	153.903732
806.001953	-373.604767
804.827148	-36.634193
803.651367	145.144485
802.476563	29.359283
801.300781	81.883980
800.125000	132.535416
798.948242	143.045212
797.772461	83.714546
796.595703	606.773865
795.417969	577.616211
794.241211	678.286804
793.063477	679.388184
791.885742	731.691223
790.707031	701.463013
789.529297	1153.094116
788.350586	713.945618
787.170898	845.655457
785.992188	998.760559
784.812500	878.618958
783.632813	926.174683
782.452148	891.315979
781.272461	505.128296
780.091797	9.232320
778.911133	714.125061
777.729492	356.421539
776.547852	272.063202
775.366211	257.763428
774.184570	101.969742
773.001953	-26.073992
771.819336	-128.494141
770.636719	-8.761683
769.453125	696.386719
768.269531	-87.938042
767.085938	175.831558
765.902344	-71.350372
764.717773	-60.724495
763.533203	171.646896
762.348633	43.233036
761.163086	518.332214
759.977539	42.162449
758.791992	186.239471
757.606445	-184.003281
756.419922	-349.541168
755.233398	100.342911
754.046875	400.539032
752.859375	380.544342
751.672852	-20.469395
750.485352	692.328430
749.296875	556.702637
748.108398	827.263733
746.919922	744.330811
745.731445	406.996399
744.542969	414.653717
743.353516	359.244690
742.164063	673.734741
740.973633	27.866543
739.783203	-128.281403
738.592773	732.047180
737.402344	582.034302
736.211914	165.455734
735.020508	321.921112
733.829102	434.184814
732.636719	487.579010
731.444336	501.018463
730.251953	558.376709
729.059570	502.418091
727.866211	308.048889
726.673828	132.511337
725.479492	44.882332
724.286133	30.458059
723.091797	355.048523
721.897461	162.319992
720.703125	-72.337288
719.507813	71.612183
718.312500	-146.543243
717.117188	-36.479057
715.921875	282.402985
714.725586	-145.271332
713.529297	363.217682
712.332031	-133.656265
711.135742	259.265747
709.938477	326.008301
708.740234	480.151642
707.542969	1053.517090
706.344727	1805.813110
705.146484	2782.806396
703.948242	3477.517334
702.749023	3671.179443
701.549805	3983.323486
700.350586	2775.658691
699.150391	2028.799194
697.950195	1992.414673
696.750000	854.017578
695.549805	900.695129
694.348633	543.223267
693.147461	508.260315
691.946289	131.817780
690.744141	545.790894
689.541992	293.802155
688.339844	729.936218
687.136719	242.641495
685.934570	389.248047
684.730469	577.106934
683.527344	311.837067
682.323242	455.620331
681.119141	275.256226
679.915039	47.075855
678.710938	302.411682
677.505859	630.103638
676.300781	526.066711
675.094727	475.897583
673.889648	214.219452
672.683594	464.606995
671.476563	625.730042
670.270508	312.341919
669.063477	-164.508652
667.856445	723.648376
666.648438	439.633179
665.440430	197.283020
664.232422	484.994049
663.024414	294.859863
661.815430	40.940247
660.606445	-115.372459
659.397461	127.752708
658.188477	-5.030596
656.978516	-40.194672
655.768555	175.134415
654.557617	-189.489838
653.346680	18.670631
652.135742	-321.744354
650.924805	-118.428032
649.712891	-205.355896
648.501953	-68.554031
647.289063	209.377701
646.077148	-37.598709
644.864258	-97.812813
643.651367	-39.314659
642.438477	189.409317
641.224609	-175.953079
640.010742	123.521301
638.796875	136.162231
637.582031	294.579498
636.367188	372.396423
635.152344	478.834167
633.937500	566.669006
632.721680	849.944641
631.505859	592.542542
630.289063	907.094116
629.073242	1279.514771
627.856445	1646.242432
626.639648	1210.397339
625.421875	1018.046570
624.204102	909.012512
622.986328	678.128479
621.768555	188.155426
620.549805	28.326872
619.331055	73.435196
618.111328	-8.657884
616.892578	-193.133759
