1721.000977	54.339882
1720.027344	-159.339188
1719.052734	-117.235870
1718.078125	0.483285
1717.104492	-83.230080
1716.128906	-178.396011
1715.154297	68.885216
1714.178711	2.157479
1713.204102	39.448833
1712.228516	-111.396408
1711.251953	133.930527
1710.276367	-70.076843
1709.299805	132.271515
1708.324219	82.728241
1707.347656	96.353333
1706.370117	81.004860
1705.393555	116.072891
1704.416016	112.007675
1703.438477	22.832603
1702.460938	99.249603
1701.483398	26.705635
1700.505859	-2.957846
1699.527344	-86.863029
1698.548828	-109.954987
1697.570313	172.998428
1696.591797	8.379754
1695.612305	116.585564
1694.632813	221.756195
1693.653320	147.796021
1692.673828	32.648518
1691.694336	47.307156
1690.713867	-14.922558
1689.734375	208.208923
1688.753906	-10.186752
1687.772461	5.751017
1686.791992	-136.585175
1685.810547	-110.933182
1684.830078	6.220215
1683.848633	23.764730
1682.866211	-86.233307
1681.884766	42.995338
1680.902344	85.448700
1679.919922	-7.144639
1678.937500	70.659576
1677.955078	-136.609055
1676.971680	37.615330
1675.989258	-111.256577
1675.005859	70.358246
1674.022461	188.288193
1673.038086	-52.229412
1672.054688	-185.955429
1671.070313	165.524719
1670.085938	1.266151
1669.101563	-211.181808
1668.117188	58.813683
1667.131836	102.787872
1666.146484	233.038284
1665.161133	20.744335
1664.175781	16.568432
1663.189453	146.826538
1662.204102	31.140957
1661.217773	37.216270
1660.231445	10.394367
1659.245117	-168.394684
1658.257813	215.361862
1657.270508	-62.061726
1656.284180	-101.236488
1655.295898	-208.709793
1654.308594	56.063610
1653.321289	1.930977
1652.333008	122.480873
1651.344727	25.513672
1650.356445	90.549507
1649.367188	79.778023
1648.378906	-77.509209
1647.389648	-12.214881
1646.400391	25.356129
1645.411133	52.907356
1644.420898	-179.646576
1643.431641	-159.431305
1642.441406	-2.783111
1641.451172	-85.918571
1640.459961	32.989697
1639.469727	116.641563
1638.478516	-77.166252
1637.487305	115.137596
1636.496094	52.761833
1635.504883	5.647443
1634.512695	-258.143097
1633.520508	118.430237
1632.528320	157.307068
1631.536133	7.331166
1630.543945	220.212418
1629.550781	-37.802204
1628.557617	-131.961914
1627.564453	-130.332520
1626.571289	105.437996
1625.578125	278.306091
1624.583984	119.133003
1623.589844	246.831665
1622.595703	346.910004
1621.601563	261.003876
1620.606445	559.765625
1619.611328	436.319336
1618.616211	772.776306
1617.621094	840.406860
1616.625977	687.090576
1615.629883	729.748657
1614.633789	958.226135
1613.637695	589.358643
1612.641602	770.239563
1611.645508	1033.902588
1610.648438	810.920410
1609.651367	1041.984253
1608.654297	751.528320
1607.657227	1077.880981
1606.659180	1023.217834
1605.662109	1036.293945
1604.664063	876.557190
1603.666016	1127.677979
1602.666992	1386.242920
1601.668945	1296.773315
1600.669922	1465.175537
1599.670898	1268.193848
1598.671875	1339.035767
1597.671875	1302.312500
1596.672852	1200.626221
1595.672852	1269.025146
1594.672852	1069.942871
1593.671875	1070.901001
1592.671875	1319.270996
1591.670898	905.512573
1590.669922	771.690125
1589.668945	755.308105
1588.667969	728.959961
1587.666016	602.777832
1586.664063	566.499023
1585.662109	565.174927
1584.660156	491.512360
1583.658203	440.329407
1582.655273	449.003601
1581.652344	178.452972
1580.649414	271.916595
1579.646484	210.832855
1578.642578	60.063828
1577.638672	278.005127
1576.634766	199.485901
1575.630859	342.584259
1574.626953	124.649956
1573.622070	-26.023170
1572.618164	171.722672
1571.613281	190.232971
1570.607422	61.952286
1569.602539	264.450714
1568.596680	133.670441
1567.590820	92.404099
1566.584961	180.355240
1565.579102	89.342682
1564.572266	144.889984
1563.566406	220.260193
1562.559570	181.329056
1561.551758	23.203600
1560.544922	26.451824
1559.537109	255.468994
1558.530273	99.801865
1557.521484	-53.382496
1556.513672	71.224174
1555.505859	89.118309
1554.497070	64.806992
1553.488281	-118.158325
1552.479492	102.804466
1551.470703	130.390808
1550.460938	95.984741
1549.451172	76.402702
1548.441406	-5.116764
1547.431641	54.439327
1546.421875	-7.344698
1545.411133	-27.103336
1544.400391	-14.748239
1543.389648	-338.808228
1542.378906	116.113678
1541.367188	9.594897
1540.355469	-91.990723
1539.343750	55.997097
1538.332031	-166.725143
1537.320313	-181.920380
1536.307617	-44.064003
1535.294922	-93.969215
1534.282227	85.664619
1533.269531	-114.908684
1532.256836	-157.533936
1531.243164	19.351549
1530.229492	-85.069908
1529.215820	-83.469154
1528.202148	-20.288496
1527.187500	-105.099106
1526.172852	-286.040588
1525.158203	25.812067
1524.143555	4.924866
1523.127930	-131.775360
1522.113281	71.338943
1521.097656	165.980560
1520.082031	53.779888
1519.065430	-240.535522
1518.049805	21.244400
1517.033203	-95.950043
1516.016602	74.579247
1515.000000	-143.488541
1513.982422	80.938286
1512.965820	74.213974
1511.948242	57.599541
1510.930664	53.224102
1509.913086	19.326548
1508.894531	49.225052
1507.875977	29.961029
1506.857422	-163.616226
1505.838867	-13.596818
1504.820313	70.067795
1503.800781	50.610737
1502.781250	173.359863
1501.761719	23.846212
1500.742188	43.499279
1499.721680	16.519884
1498.702148	-0.675813
1497.681641	55.575733
1496.661133	48.079243
1495.639648	211.950516
1494.618164	-82.122826
1493.597656	101.223747
1492.576172	-141.385544
1491.553711	105.410492
1490.532227	-137.170639
1489.509766	-184.039001
1488.487305	47.832146
1487.464844	-57.796509
1486.442383	81.004707
1485.418945	7.103364
1484.395508	-81.456085
1483.372070	52.271667
1482.348633	0.313958
1481.324219	-117.587677
1480.300781	157.562195
1479.276367	61.589390
1478.251953	219.397903
1477.226563	157.543671
1476.202148	139.609177
1475.176758	46.052948
1474.151367	-35.295193
1473.125000	-72.769005
1472.099609	111.530510
1471.073242	108.114517
1470.046875	126.605858
1469.020508	279.021149
1467.994141	-2.052732
1466.966797	-110.196640
1465.939453	183.277710
1464.912109	114.048050
1463.884766	217.567474
1462.856445	89.949394
1461.829102	28.047985
1460.800781	17.207249
1459.772461	334.513916
1458.743164	347.886047
1457.714844	232.486389
1456.685547	143.837631
1455.656250	137.797943
1454.625977	134.172089
1453.596680	82.005585
1452.566406	369.646301
1451.536133	247.064636
1450.505859	177.909927
1449.474609	133.026947
1448.444336	352.513794
1447.413086	91.832634
1446.381836	-3.898737
1445.350586	147.614426
1444.318359	15.561631
1443.286133	181.539124
1442.253906	265.105286
1441.221680	-33.948116
1440.189453	83.537834
1439.156250	256.638397
1438.123047	86.046387
1437.089844	80.057388
1436.056641	-109.753693
1435.022461	172.096603
1433.988281	21.043161
1432.954102	56.202801
1431.919922	144.531219
1430.885742	-122.361626
1429.850586	-75.085960
1428.815430	-192.053802
1427.780273	-81.967705
1426.744141	11.174389
1425.708984	-204.650558
1424.672852	-68.048332
1423.636719	-64.185989
1422.600586	-69.954659
1421.563477	-126.361031
1420.527344	-175.476318
1419.490234	-53.408077
1418.452148	-116.965408
1417.415039	-84.076180
1416.376953	-29.511908
1415.338867	-131.507385
1414.300781	-245.477310
1413.262695	-137.880341
1412.224609	-328.780640
1411.185547	-2.185778
1410.146484	-111.195969
1409.107422	-184.053146
1408.067383	5.274212
1407.027344	218.590042
1405.987305	-274.925781
1404.947266	36.948635
1403.907227	-122.260208
1402.866211	14.108216
1401.826172	11.145436
1400.785156	-95.063980
1399.743164	36.471375
1398.702148	177.590820
1397.660156	174.671082
1396.618164	80.602493
1395.576172	-27.792625
1394.533203	22.160036
1393.491211	338.284760
1392.448242	112.501480
1391.405273	61.803818
1390.361328	150.123962
1389.318359	149.802505
1388.274414	362.669708
1387.230469	213.868408
1386.186523	-1.880766
1385.141602	342.597626
1384.097656	146.108627
1383.052734	373.218048
1382.007813	212.726791
1380.961914	179.073013
1379.916992	21.132784
1378.871094	286.409607
1377.825195	126.160210
1376.778320	118.924423
1375.732422	147.564346
1374.685547	202.477234
1373.638672	202.464554
1372.591797	118.911812
1371.543945	130.886230
1370.497070	-76.667412
1369.449219	202.620026
1368.400391	-71.633537
1367.352539	0.084840
1366.303711	-18.828218
1365.255859	155.399841
1364.206055	81.672913
1363.157227	103.327599
1362.108398	-129.924255
1361.058594	-51.040630
1360.008789	-34.087700
1358.958984	301.911682
1357.908203	-78.710403
1356.857422	-106.936226
1355.806641	69.490623
1354.755859	153.085342
1353.705078	39.262524
1352.653320	-67.374153
1351.601563	78.042473
1350.549805	254.309799
1349.498047	-173.049194
1348.445313	72.111206
1347.393555	-53.342632
1346.340820	58.729836
1345.287109	42.549858
1344.234375	135.591110
1343.180664	152.651428
1342.126953	29.728653
1341.073242	51.572262
1340.019531	68.673958
1338.964844	-30.418087
1337.910156	-117.603600
1336.855469	46.487999
1335.799805	49.373684
1334.745117	90.184998
1333.689453	-32.456684
1332.633789	10.725572
1331.578125	-130.771683
1330.521484	239.064697
1329.464844	47.884621
1328.408203	81.561623
1327.351563	-218.304230
1326.294922	106.317795
1325.237305	92.673317
1324.179688	10.483494
1323.122070	200.128693
1322.064453	89.601547
1321.005859	-39.785862
1319.947266	-58.107334
1318.888672	143.191330
1317.830078	101.231697
1316.770508	-257.011047
1315.710938	-117.168335
1314.651367	-149.619553
1313.591797	155.254959
1312.531250	-28.188770
1311.471680	-152.598846
1310.411133	163.846725
1309.349609	-26.570278
1308.289063	-106.151314
1307.227539	101.689316
1306.166016	137.501831
1305.104492	29.654955
1304.042969	-148.777557
1302.980469	37.675678
1301.917969	-72.461472
1300.855469	302.096710
1299.792969	208.400574
1298.729492	39.472328
1297.666016	-94.123138
1296.602539	-37.266087
1295.539063	61.860477
1294.474609	90.434029
1293.411133	29.730331
1292.346680	-23.922617
1291.281250	-11.826941
1290.216797	148.161346
1289.151367	143.762802
1288.085938	-114.073784
1287.020508	-57.438557
1285.955078	102.363472
1284.888672	-9.951121
1283.822266	95.810646
1282.755859	35.088924
1281.689453	-77.176140
1280.622070	63.624630
1279.554688	47.404972
1278.487305	5.416592
1277.419922	-17.835859
1276.351563	202.353470
1275.283203	181.368118
1274.214844	-99.353653
1273.146484	29.428207
1272.077148	48.197872
1271.008789	20.188572
1269.939453	45.935276
1268.869141	1.522769
1267.799805	190.810318
1266.729492	-70.926865
1265.659180	141.607971
1264.588867	-127.042297
1263.517578	55.014717
1262.447266	255.661865
1261.375977	197.142090
1260.304688	126.965126
1259.232422	-125.166039
1258.161133	-157.960266
1257.088867	42.406410
1256.016602	200.706528
1254.943359	55.913536
1253.871094	153.520874
1252.797852	195.144455
1251.724609	-117.306396
1250.650391	66.361519
1249.577148	152.161270
1248.502930	221.600342
1247.428711	195.576416
1246.354492	60.196968
1245.279297	99.307549
1244.204102	145.361572
1243.128906	191.376678
1242.053711	304.770935
1240.977539	222.860611
1239.902344	129.365051
1238.826172	12.651056
1237.750000	202.551041
1236.672852	181.031647
1235.595703	64.321815
1234.518555	286.519348
1233.441406	199.974045
1232.364258	-46.630356
1231.286133	142.913040
1230.208008	128.286377
1229.129883	97.421471
1228.051758	226.496292
1226.972656	-31.530342
1225.893555	-29.956690
1224.814453	-227.614563
1223.734375	40.292782
1222.655273	108.953812
1221.575195	-3.005016
1220.495117	-43.180737
1219.415039	62.423000
1218.333984	1.391998
1217.252930	-85.068008
1216.171875	-176.124695
1215.090820	21.827658
1214.008789	-203.306763
1212.926758	-12.402259
1211.844727	-207.419479
1210.762695	-175.996780
1209.679688	63.225063
1208.597656	66.846840
1207.513672	-158.089462
1206.430664	-87.527542
1205.347656	-178.514404
1204.263672	-158.757172
1203.179688	-127.487534
1202.095703	-338.341858
1201.010742	-284.021454
1199.925781	-56.879021
1198.840820	-21.093954
1197.755859	-165.021362
1196.670898	-129.242966
1195.584961	-24.417038
1194.499023	64.242340
1193.413086	7.848789
1192.326172	-108.365356
1191.239258	-35.879795
1190.152344	105.571442
1189.065430	10.094167
1187.978516	-2.574963
1186.890625	168.634293
1185.802734	188.087921
1184.714844	131.710083
1183.625977	206.278061
1182.538086	136.136734
1181.449219	346.133301
1180.360352	168.082932
1179.270508	256.327362
1178.180664	316.994263
1177.090820	409.751923
1176.000977	268.528381
1174.911133	164.054413
1173.820313	332.423737
1172.729492	7.939726
1171.638672	68.569496
1170.547852	42.118008
1169.456055	-55.338593
1168.364258	309.823364
1167.272461	178.012314
1166.179688	-52.174068
1165.087891	-39.670494
1163.995117	-70.651108
1162.902344	184.312347
1161.808594	290.505035
1160.715820	158.878876
1159.622070	372.474579
1158.528320	633.970398
1157.433594	280.710052
1156.339844	548.973450
1155.245117	718.903015
1154.149414	459.477448
1153.054688	629.361328
1151.958984	771.773193
1150.863281	893.592407
1149.767578	951.483032
1148.671875	1089.183594
1147.575195	1126.483154
1146.478516	833.200256
1145.381836	822.686646
1144.285156	960.303711
1143.187500	899.643250
1142.089844	690.963196
1140.992188	600.796936
1139.894531	410.501862
1138.795898	263.535034
1137.697266	123.468781
1136.598633	179.137115
1135.499023	187.008789
1134.400391	-78.009972
1133.300781	211.866013
1132.201172	-103.048851
1131.100586	-63.291664
1130.000977	246.856140
1128.900391	-72.392471
1127.799805	92.265076
1126.698242	120.604195
1125.596680	-218.826508
1124.495117	-92.825966
1123.393555	69.431831
1122.291992	-97.328651
1121.189453	-62.158199
1120.086914	-22.461435
1118.984375	150.978241
1117.881836	109.021942
1116.778320	123.728256
1115.674805	183.743240
1114.571289	440.795135
1113.466797	11.565605
1112.363281	101.008926
1111.258789	7.058907
1110.153320	37.607853
1109.048828	88.520126
1107.943359	103.210014
1106.837891	151.815567
1105.732422	-95.788589
1104.625977	183.401398
1103.520508	19.523170
1102.414063	156.217590
1101.306641	53.386600
1100.200195	287.124817
1099.092773	116.573051
1097.985352	230.533279
1096.877930	-57.295780
1095.769531	22.792788
1094.661133	233.684845
1093.552734	-24.649429
1092.444336	98.209358
1091.335938	40.655201
1090.226563	80.029709
1089.117188	225.288971
1088.006836	140.673035
1086.897461	132.678574
1085.787109	462.452240
1084.676758	-36.434723
1083.566406	-80.432137
1082.455078	-97.425041
1081.343750	223.056229
1080.232422	300.454346
1079.121094	454.264771
1078.008789	228.018417
1076.896484	318.802094
1075.784180	103.896339
1074.671875	107.015282
1073.558594	18.008150
1072.445313	274.875793
1071.332031	140.933899
1070.217773	343.738647
1069.104492	19.042519
1067.990234	82.634460
1066.875977	177.583664
1065.760742	57.153309
1064.645508	129.590332
1063.530273	9.182996
1062.415039	-39.471855
1061.299805	35.109344
1060.183594	62.576363
1059.067383	45.213295
1057.951172	162.183380
1056.833984	146.978104
1055.716797	133.990982
1054.599609	129.932098
1053.482422	269.025238
1052.364258	135.138718
1051.247070	242.798889
1050.128906	88.794075
1049.009766	241.029617
1047.891602	187.588577
1046.772461	288.278687
1045.653320	120.853012
1044.533203	15.982447
1043.414063	232.629166
1042.293945	-62.024269
1041.173828	-59.781391
1040.052734	4.880206
1038.932617	-79.967720
1037.811523	33.648186
1036.689453	-75.802315
1035.568359	213.772263
1034.446289	471.956451
1033.324219	-14.193719
1032.202148	-43.520821
1031.079102	-144.158951
1029.957031	-64.438133
1028.833984	-205.192139
1027.709961	99.162117
1026.586914	114.087799
1025.462891	17.715805
1024.338867	-147.608383
1023.214844	-181.723419
1022.089844	-155.869064
1020.964844	-116.744614
1019.839844	-104.358612
1018.714844	7.932770
1017.588867	-88.667007
1016.462891	-178.620682
1015.336914	175.403107
1014.210938	-58.951775
1013.083984	-44.747585
1011.957031	-50.577709
1010.830078	-103.042351
1009.702148	-133.383560
1008.574219	-179.292191
1007.446289	-149.884018
1006.318359	187.461533
1005.190430	265.384552
1004.061523	571.330383
1002.932617	217.178787
1001.802734	257.183655
1000.673828	363.519501
999.543945	460.876099
998.414063	166.528091
997.283203	706.113953
996.153320	573.138855
995.022461	844.733582
993.891602	835.419250
992.759766	1475.724854
991.628906	1879.282959
990.497070	2130.161621
989.364258	2860.052002
988.232422	3558.645508
987.099609	4040.513916
985.966797	4352.167480
984.833984	4676.843750
983.700195	4606.445313
982.566406	4092.741943
981.432617	4090.717529
980.298828	3365.610840
979.164063	3304.094971
978.029297	2614.598633
976.894531	2059.717773
975.759766	1709.834961
974.624023	1382.045532
973.488281	1102.764771
972.352539	684.893188
971.215820	859.002441
970.080078	773.407471
968.943359	793.331177
967.805664	450.369690
966.668945	628.500305
965.531250	511.967377
964.393555	445.958160
963.254883	342.555969
962.117188	392.885193
960.978516	460.680145
959.839844	563.503479
958.700195	198.723633
957.561523	305.824890
956.421875	186.846069
955.281250	295.940308
954.141602	290.918488
953.000977	579.580994
951.860352	-37.116341
950.719727	119.901817
949.578125	219.822250
948.436523	293.358856
947.294922	231.048004
946.153320	-43.636353
945.010742	134.795319
943.868164	-8.563824
942.725586	1.230964
941.583008	133.456528
940.439453	9.719656
939.295898	194.246613
938.152344	122.923737
937.007813	93.096153
935.863281	120.043091
934.718750	-43.077496
933.574219	346.300598
932.428711	183.118317
931.283203	26.526224
930.137695	192.930496
928.992188	-70.547768
927.845703	-2.416766
926.699219	98.368858
925.552734	26.856089
924.405273	-264.799103
923.257813	234.677353
922.110352	73.791534
920.962891	19.694103
919.814453	-49.648251
918.666016	-258.301147
917.517578	-55.490738
916.369141	10.131064
915.219727	-24.373173
914.070313	-52.334538
912.920898	-52.008331
911.770508	113.535355
910.621094	-60.049763
909.470703	144.554626
908.319336	-46.344063
907.168945	-22.088221
906.017578	75.994209
904.866211	-147.265579
903.713867	13.777570
902.562500	242.060516
901.410156	16.818157
900.256836	73.672630
899.104492	117.543083
897.951172	167.920593
896.797852	62.255482
895.644531	-49.818394
894.490234	-196.469757
893.335938	-76.580376
892.181641	-140.760468
891.027344	-10.001072
889.872070	239.793060
888.716797	-105.572449
887.561523	-204.067108
886.405273	-42.898151
885.249023	-104.469055
884.092773	141.070999
882.936523	138.004532
881.779297	184.712570
880.622070	52.162468
879.464844	73.126984
878.307617	260.455048
877.149414	195.176544
875.991211	93.334663
874.833008	45.594765
873.673828	202.930374
872.514648	129.507477
871.355469	202.872269
870.196289	58.565125
869.036133	-44.613869
867.875977	100.203972
866.715820	266.625397
865.554688	-30.019924
864.394531	504.866364
863.233398	283.928864
862.071289	379.637909
860.910156	10.630095
859.748047	95.890549
858.585938	357.642365
857.422852	361.356628
856.259766	139.476837
855.096680	343.457184
853.933594	364.843567
852.770508	377.791290
851.606445	251.272064
850.442383	58.412041
849.277344	473.397980
848.113281	433.329834
846.948242	354.820496
845.783203	244.350876
844.617188	299.272247
843.451172	227.832642
842.285156	139.468201
841.119141	405.009491
839.952148	289.167694
838.785156	389.969177
837.618164	143.928024
836.451172	529.937073
835.283203	192.319153
834.115234	246.773651
832.947266	228.656067
831.778320	377.629486
830.609375	325.687378
829.440430	509.216278
828.271484	382.876099
827.101563	402.156555
825.931641	363.954285
824.761719	501.182861
823.590820	439.924072
822.420898	402.418915
821.250000	474.036652
820.078125	639.761353
818.907227	530.365723
817.735352	660.196472
816.562500	553.434692
815.390625	451.230438
814.217773	583.818054
813.044922	398.993256
811.872070	355.135315
810.698242	334.965759
809.524414	240.494171
808.350586	463.595581
807.176758	137.556915
806.001953	331.250397
804.827148	39.914875
803.651367	253.157074
802.476563	132.609634
801.300781	116.547089
800.125000	132.617065
798.948242	304.071136
797.772461	57.063244
796.595703	101.452927
795.417969	290.479553
794.241211	401.082550
793.063477	95.758972
791.885742	164.359192
790.707031	93.101913
789.529297	13.617870
788.350586	-156.813736
787.170898	173.486832
785.992188	16.254185
784.812500	-121.616554
783.632813	73.470703
782.452148	-167.735794
781.272461	118.756325
780.091797	-189.698013
778.911133	44.140499
777.729492	-331.485657
776.547852	-31.740185
775.366211	3.615186
774.184570	278.131042
773.001953	205.922897
771.819336	-193.746384
770.636719	-35.092278
769.453125	-241.893784
768.269531	-32.271755
767.085938	-152.063171
765.902344	-220.970413
764.717773	-182.036194
763.533203	108.176147
762.348633	54.454086
761.163086	-1.217820
759.977539	-269.751312
758.791992	-124.765572
757.606445	110.913109
756.419922	24.136375
755.233398	-54.068958
754.046875	-14.176023
752.859375	6.836652
751.672852	-87.886177
750.485352	-5.660499
749.296875	7.147772
748.108398	200.962830
746.919922	-57.522991
745.731445	39.579830
744.542969	-14.704474
743.353516	-106.762909
742.164063	24.015665
740.973633	230.396515
739.783203	77.494522
738.592773	243.882523
737.402344	175.039581
736.211914	261.552155
735.020508	222.097534
733.829102	499.450684
732.636719	290.001678
731.444336	97.392799
730.251953	458.333588
729.059570	127.338425
727.866211	156.887268
726.673828	81.598579
725.479492	194.793625
724.286133	410.465515
723.091797	71.139961
721.897461	361.915222
720.703125	64.421616
719.507813	248.158920
718.312500	322.931213
717.117188	297.173950
715.921875	396.744720
714.725586	11.223836
713.529297	104.283737
712.332031	149.110458
711.135742	237.631653
709.938477	296.728699
708.740234	211.596390
707.542969	385.156219
706.344727	299.723511
705.146484	443.649536
703.948242	543.541138
702.749023	589.000183
701.549805	461.237183
700.350586	450.079010
699.150391	376.239929
697.950195	310.596466
696.750000	453.084534
695.549805	-35.585808
694.348633	377.201874
693.147461	317.178619
691.946289	562.892334
690.744141	567.013855
689.541992	620.892029
688.339844	657.955994
687.136719	703.169556
685.934570	484.282227
684.730469	508.465912
683.527344	725.704041
682.323242	689.353027
681.119141	480.583313
679.915039	801.154785
678.710938	600.588135
677.505859	578.487366
676.300781	324.019958
675.094727	291.542206
673.889648	113.931137
672.683594	193.442307
671.476563	357.902832
670.270508	147.326630
669.063477	50.842812
667.856445	78.755463
666.648438	104.702812
665.440430	118.367096
664.232422	99.094566
663.024414	206.246872
661.815430	208.102631
660.606445	65.483566
659.397461	-316.573120
658.188477	54.276451
656.978516	12.060186
655.768555	-132.992615
654.557617	-254.764877
653.346680	84.546875
652.135742	-69.124222
650.924805	221.674881
649.712891	-178.235733
648.501953	-94.458466
647.289063	45.789543
646.077148	-99.772110
644.864258	198.916702
643.651367	28.562952
642.438477	195.250198
641.224609	169.386276
640.010742	319.845184
638.796875	-30.856140
637.582031	237.611404
636.367188	297.529419
635.152344	87.413467
633.937500	127.999466
632.721680	7.903913
631.505859	80.984726
630.289063	-158.452759
629.073242	-147.005295
627.856445	135.858475
626.639648	98.440453
625.421875	-94.578026
624.204102	-217.133728
622.986328	-74.132629
621.768555	92.213432
620.549805	282.070831
619.331055	11.449293
618.111328	56.056213
616.892578	157.410263
