1721.000977	238.142990
1720.027344	366.118347
1719.052734	155.025589
1718.078125	-85.122551
1717.104492	115.181374
1716.128906	-298.441193
1715.154297	102.721245
1714.178711	95.298958
1713.204102	-15.378847
1712.228516	-165.183029
1711.251953	35.378498
1710.276367	-195.121384
1709.299805	-141.900131
1708.324219	89.949844
1707.347656	70.240082
1706.370117	190.741898
1705.393555	-170.376419
1704.416016	97.491783
1703.438477	-131.436554
1702.460938	51.002930
1701.483398	20.731604
1700.505859	-68.722473
1699.527344	252.919830
1698.548828	-3.395499
1697.570313	-19.814346
1696.591797	-179.577057
1695.612305	209.413818
1694.632813	-111.783684
1693.653320	-19.614923
1692.673828	56.952629
1691.694336	-17.283480
1690.713867	104.685989
1689.734375	55.547123
1688.753906	-37.132202
1687.772461	33.179131
1686.791992	-105.679016
1685.810547	-152.916718
1684.830078	31.592529
1683.848633	190.400787
1682.866211	-40.636990
1681.884766	-34.867641
1680.902344	8.963934
1679.919922	-3.298285
1678.937500	-112.320313
1677.955078	78.829056
1676.971680	99.404686
1675.989258	-78.401001
1675.005859	114.995941
1674.022461	-98.421913
1673.038086	-17.002880
1672.054688	140.616058
1671.070313	117.771194
1670.085938	310.810974
1669.101563	280.321503
1668.117188	56.908161
1667.131836	163.539078
1666.146484	-138.419052
1665.161133	-8.914515
1664.175781	87.586571
1663.189453	214.484955
1662.204102	275.470306
1661.217773	-119.859825
1660.231445	-139.874954
1659.245117	-276.399872
1658.257813	98.910492
1657.270508	149.906540
1656.284180	-4.161484
1655.295898	-34.096573
1654.308594	-112.030548
1653.321289	306.167938
1652.333008	84.073654
1651.344727	-190.988052
1650.356445	227.136627
1649.367188	66.063240
1648.378906	190.832153
1647.389648	176.577148
1646.400391	43.624352
1645.411133	224.097488
1644.420898	396.965240
1643.431641	256.692291
1642.441406	-87.995667
1641.451172	-222.933762
1640.459961	139.452011
1639.469727	-28.132687
1638.478516	74.352570
1637.487305	267.675354
1636.496094	-30.768160
1635.504883	94.566483
1634.512695	487.102844
1633.520508	577.117554
1632.528320	495.822845
1631.536133	152.635910
1630.543945	484.671173
1629.550781	506.881500
1628.557617	478.796661
1627.564453	357.659821
1626.571289	948.833191
1625.578125	913.327332
1624.583984	1328.157715
1623.589844	814.841797
1622.595703	1264.848999
1621.601563	1116.406616
1620.606445	1219.407227
1619.611328	1694.334473
1618.616211	1797.286621
1617.621094	1711.861938
1616.625977	1498.449585
1615.629883	1601.520386
1614.633789	1732.211914
1613.637695	1649.567749
1612.641602	1336.158691
1611.645508	1328.988892
1610.648438	1156.306885
1609.651367	1517.872925
1608.654297	1623.603516
1607.657227	1629.065552
1606.659180	1809.968384
1605.662109	2023.429565
1604.664063	1808.451660
1603.666016	1959.261597
1602.666992	2067.449951
1601.668945	1800.127930
1600.669922	1723.150024
1599.670898	1916.495117
1598.671875	1499.323608
1597.671875	1605.119141
1596.672852	1510.847900
1595.672852	1441.622681
1594.672852	1222.457397
1593.671875	1135.849365
1592.671875	1131.774292
1591.670898	1162.675537
1590.669922	1033.724976
1589.668945	984.753479
1588.667969	708.620911
1587.666016	944.305420
1586.664063	588.441711
1585.662109	839.046204
1584.660156	406.039520
1583.658203	444.600311
1582.655273	226.296646
1581.652344	-21.826513
1580.649414	403.134064
1579.646484	259.749603
1578.642578	260.912689
1577.638672	366.695618
1576.634766	108.837723
1575.630859	-104.095512
1574.626953	-82.938927
1573.622070	189.557663
1572.618164	180.780121
1571.613281	65.007065
1570.607422	68.647926
1569.602539	562.194092
1568.596680	317.096252
1567.590820	169.036255
1566.584961	127.898308
1565.579102	315.357635
1564.572266	-93.483658
1563.566406	-176.784439
1562.559570	65.205009
1561.551758	24.050659
1560.544922	67.314476
1559.537109	103.086098
1558.530273	-42.261902
1557.521484	-103.261803
1556.513672	150.729462
1555.505859	-113.601723
1554.497070	-112.608017
1553.488281	-131.452744
1552.479492	18.197975
1551.470703	71.154572
1550.460938	-56.751869
1549.451172	-85.563454
1548.441406	-47.526272
1547.431641	57.316738
1546.421875	-127.446472
1545.411133	-69.683899
1544.400391	178.519547
1543.389648	-30.937563
1542.378906	-79.590187
1541.367188	-397.722229
1540.355469	-11.309134
1539.343750	-57.516628
1538.332031	79.110641
1537.320313	-174.602783
1536.307617	-45.456306
1535.294922	34.246666
1534.282227	-241.561829
1533.269531	-196.420471
1532.256836	28.821609
1531.243164	-32.226665
1530.229492	-90.790474
1529.215820	257.544739
1528.202148	41.144772
1527.187500	-111.100105
1526.172852	-147.459930
1525.158203	5.907708
1524.143555	90.235817
1523.127930	-212.159409
1522.113281	-78.580322
1521.097656	219.862701
1520.082031	235.130142
1519.065430	78.120346
1518.049805	14.685241
1517.033203	138.197006
1516.016602	-124.436562
1515.000000	-106.663933
1513.982422	122.483673
1512.965820	-538.106689
1511.948242	-82.898636
1510.930664	111.724655
1509.913086	146.625320
1508.894531	152.032043
1507.875977	78.885780
1506.857422	37.685452
1505.838867	136.394791
1504.820313	198.268555
1503.800781	31.982834
1502.781250	145.359436
1501.761719	261.155060
1500.742188	33.716351
1499.721680	95.576904
1498.702148	115.791306
1497.681641	-170.240051
1496.661133	97.423653
1495.639648	156.820084
1494.618164	196.628296
1493.597656	420.042847
1492.576172	232.222229
1491.553711	59.165512
1490.532227	-221.409119
1489.509766	107.127754
1488.487305	-102.396576
1487.464844	-473.155029
1486.442383	72.837700
1485.418945	49.236786
1484.395508	328.623291
1483.372070	68.103615
1482.348633	156.946198
1481.324219	101.710693
1480.300781	-243.938217
1479.276367	128.100311
1478.251953	73.006706
1477.226563	235.073151
1476.202148	104.444458
1475.176758	20.221781
1474.151367	138.427139
1473.125000	-167.518188
1472.099609	-27.311628
1471.073242	149.404221
1470.046875	99.547607
1469.020508	-76.886497
1467.994141	85.247231
1466.966797	149.962128
1465.939453	-48.157776
1464.912109	483.849243
1463.884766	-42.594177
1462.856445	260.627014
1461.829102	430.038910
1460.800781	633.447083
1459.772461	489.224213
1458.743164	99.639893
1457.714844	538.825134
1456.685547	802.955139
1455.656250	413.708893
1454.625977	539.436218
1453.596680	762.289185
1452.566406	506.939392
1451.536133	562.360596
1450.505859	542.606018
1449.474609	309.445740
1448.444336	493.573975
1447.413086	607.352417
1446.381836	609.633301
1445.350586	578.045959
1444.318359	648.280701
1443.286133	352.747986
1442.253906	587.815552
1441.221680	67.349014
1440.189453	195.979721
1439.156250	111.603165
1438.123047	308.035736
1437.089844	269.768097
1436.056641	79.187309
1435.022461	33.839478
1433.988281	75.618813
1432.954102	-61.437260
1431.919922	492.841492
1430.885742	160.164368
1429.850586	-102.264099
1428.815430	108.881523
1427.780273	170.288971
1426.744141	359.676636
1425.708984	-83.332932
1424.672852	-2.432047
1423.636719	37.485519
1422.600586	287.314453
1421.563477	64.400406
1420.527344	-18.484549
1419.490234	-7.268359
1418.452148	-106.870636
1417.415039	-73.814713
1416.376953	-14.219544
1415.338867	67.096519
1414.300781	-325.944611
1413.262695	-174.639816
1412.224609	-280.883606
1411.185547	-98.243866
1410.146484	36.267288
1409.107422	-122.682243
1408.067383	9.494164
1407.027344	-146.852615
1405.987305	120.035110
1404.947266	64.813484
1403.907227	88.982376
1402.866211	142.025177
1401.826172	154.296982
1400.785156	-123.952042
1399.743164	-142.731628
1398.702148	148.226898
1397.660156	338.320587
1396.618164	334.055695
1395.576172	121.162407
1394.533203	551.159729
1393.491211	681.331238
1392.448242	804.308960
1391.405273	1152.598633
1390.361328	1419.317383
1389.318359	1575.798584
1388.274414	1684.360596
1387.230469	2049.176758
1386.186523	2184.059082
1385.141602	2120.259766
1384.097656	2738.619385
1383.052734	2581.542725
1382.007813	2649.460693
1380.961914	2686.308838
1379.916992	2651.483887
1378.871094	2401.569092
1377.825195	1936.715576
1376.778320	1978.702881
1375.732422	1872.622803
1374.685547	1876.511719
1373.638672	1484.045898
1372.591797	1313.848022
1371.543945	1520.920776
1370.497070	1315.110718
1369.449219	1264.525391
1368.400391	939.677979
1367.352539	927.471558
1366.303711	1461.353760
1365.255859	767.348145
1364.206055	1105.697510
1363.157227	1134.189209
1362.108398	979.279480
1361.058594	1150.799561
1360.008789	1069.874023
1358.958984	1060.461426
1357.908203	1079.660645
1356.857422	1227.414673
1355.806641	1087.257813
1354.755859	652.242249
1353.705078	1354.291260
1352.653320	848.162231
1351.601563	919.977417
1350.549805	896.740051
1349.498047	788.015930
1348.445313	731.642822
1347.393555	929.501770
1346.340820	671.364807
1345.287109	486.975586
1344.234375	55.861343
1343.180664	279.960388
1342.126953	221.659988
1341.073242	663.951721
1340.019531	363.774323
1338.964844	388.600769
1337.910156	422.943176
1336.855469	262.961060
1335.799805	228.668472
1334.745117	213.392685
1333.689453	-22.124481
1332.633789	173.484329
1331.578125	309.857117
1330.521484	372.820679
1329.464844	-328.589722
1328.408203	120.217003
1327.351563	-145.513702
1326.294922	165.957718
1325.237305	-104.336601
1324.179688	100.671532
1323.122070	19.647484
1322.064453	-115.655487
1321.005859	91.673790
1319.947266	-211.230194
1318.888672	92.907288
1317.830078	-101.203445
1316.770508	-429.750702
1315.710938	230.651855
1314.651367	-90.691719
1313.591797	-36.813305
1312.531250	-27.748699
1311.471680	-369.967163
1310.411133	-172.199829
1309.349609	171.619232
1308.289063	324.463928
1307.227539	69.710777
1306.166016	97.720451
1305.104492	156.353714
1304.042969	-298.239624
1302.980469	108.838554
1301.917969	-185.494537
1300.855469	-166.770691
1299.792969	174.214615
1298.729492	-406.792725
1297.666016	-96.439995
1296.602539	249.057404
1295.539063	46.839611
1294.474609	121.972923
1293.411133	-336.147491
1292.346680	56.133041
1291.281250	86.644157
1290.216797	58.476246
1289.151367	93.698166
1288.085938	32.711327
1287.020508	349.478149
1285.955078	72.701324
1284.888672	-173.466660
1283.822266	16.565018
1282.755859	307.321320
1281.689453	159.727585
1280.622070	183.239197
1279.554688	429.288696
1278.487305	164.692078
1277.419922	143.734146
1276.351563	120.444542
1275.283203	-122.824272
1274.214844	41.167572
1273.146484	244.866989
1272.077148	289.434601
1271.008789	27.669292
1269.939453	186.837952
1268.869141	147.258667
1267.799805	9.566195
1266.729492	222.383026
1265.659180	521.540039
1264.588867	512.312439
1263.517578	239.251511
1262.447266	297.794739
1261.375977	374.982697
1260.304688	391.476410
1259.232422	494.272614
1258.161133	487.420013
1257.088867	338.332397
1256.016602	632.248840
1254.943359	872.427979
1253.871094	637.148804
1252.797852	814.329224
1251.724609	1105.565674
1250.650391	705.048462
1249.577148	500.287140
1248.502930	595.881226
1247.428711	858.989746
1246.354492	749.725769
1245.279297	521.869629
1244.204102	829.011841
1243.128906	552.415955
1242.053711	705.999878
1240.977539	578.293945
1239.902344	499.450043
1238.826172	476.388336
1237.750000	495.146667
1236.672852	263.108917
1235.595703	569.773865
1234.518555	316.936432
1233.441406	166.317154
1232.364258	108.566422
1231.286133	176.087708
1230.208008	122.993050
1229.129883	401.469940
1228.051758	176.822998
1226.972656	102.904976
1225.893555	56.825985
1224.814453	-12.396433
1223.734375	99.049492
1222.655273	143.309708
1221.575195	268.566376
1220.495117	65.122917
1219.415039	241.250839
1218.333984	-276.722412
1217.252930	158.442108
1216.171875	-225.161835
1215.090820	-2.887745
1214.008789	-118.175713
1212.926758	140.945633
1211.844727	-80.592056
1210.762695	-142.654007
1209.679688	-22.258385
1208.597656	-12.728173
1207.513672	-132.481171
1206.430664	269.388763
1205.347656	48.119274
1204.263672	-96.934677
1203.179688	163.977509
1202.095703	39.717163
1201.010742	-105.239662
1199.925781	118.625183
1198.840820	241.008987
1197.755859	84.591431
1196.670898	-92.482910
1195.584961	-48.427429
1194.499023	37.051373
1193.413086	-100.767197
1192.326172	-282.252747
1191.239258	-47.238770
1190.152344	134.772797
1189.065430	-157.020798
1187.978516	59.427319
1186.890625	163.140152
1185.802734	43.891575
1184.714844	255.554611
1183.625977	-31.351612
1182.538086	210.093597
1181.449219	244.782013
1180.360352	419.483521
1179.270508	332.467224
1178.180664	55.044064
1177.090820	465.958099
1176.000977	551.012024
1174.911133	684.182312
1173.820313	434.437347
1172.729492	345.248077
1171.638672	304.219940
1170.547852	398.380157
1169.456055	309.253723
1168.364258	307.188507
1167.272461	119.678566
1166.179688	415.213715
1165.087891	577.899902
1163.995117	799.990295
1162.902344	973.947998
1161.808594	1401.668945
1160.715820	1618.858765
1159.622070	1579.924927
1158.528320	1031.367432
1157.433594	1138.805054
1156.339844	878.419800
1155.245117	225.318283
1154.149414	435.607819
1153.054688	314.796387
1151.958984	616.264221
1150.863281	509.149963
1149.767578	461.394745
1148.671875	210.668228
1147.575195	162.991470
1146.478516	-46.534092
1145.381836	402.747498
1144.285156	175.027359
1143.187500	375.715149
1142.089844	186.810699
1140.992188	-8.844524
1139.894531	-129.284073
1138.795898	-119.936203
1137.697266	-51.428089
1136.598633	103.503555
1135.499023	-101.053932
1134.400391	-212.274475
1133.300781	108.542343
1132.201172	-107.261940
1131.100586	-159.353958
1130.000977	-338.663544
1128.900391	-56.759834
1127.799805	-190.613876
1126.698242	-185.915771
1125.596680	82.107559
1124.495117	100.340355
1123.393555	413.541840
1122.291992	132.213440
1121.189453	352.243073
1120.086914	776.245544
1118.984375	1041.349243
1117.881836	911.934387
1116.778320	1385.332153
1115.674805	1178.831299
1114.571289	1269.130249
1113.466797	1144.232178
1112.363281	1157.488281
1111.258789	1109.594849
1110.153320	932.705322
1109.048828	1113.364502
1107.943359	868.653259
1106.837891	795.906982
1105.732422	736.738159
1104.625977	602.970093
1103.520508	548.344666
1102.414063	471.120392
1101.306641	421.003418
1100.200195	454.456512
1099.092773	207.872726
1097.985352	333.853149
1096.877930	188.916458
1095.769531	438.883698
1094.661133	298.434082
1093.552734	214.402695
1092.444336	301.751587
1091.335938	30.577539
1090.226563	-64.710747
1089.117188	4.507459
1088.006836	580.552917
1086.897461	307.162201
1085.787109	112.665230
1084.676758	361.737427
1083.566406	572.395447
1082.455078	647.889648
1081.343750	680.561401
1080.232422	562.470398
1079.121094	597.310974
1078.008789	524.165222
1076.896484	693.771362
1075.784180	714.932983
1074.671875	634.932373
1073.558594	631.285034
1072.445313	326.655090
1071.332031	233.170334
1070.217773	11.715389
1069.104492	299.766052
1067.990234	408.125702
1066.875977	305.515076
1065.760742	184.945618
1064.645508	438.827606
1063.530273	468.365112
1062.415039	340.943817
1061.299805	173.189636
1060.183594	97.289520
1059.067383	68.396179
1057.951172	126.783966
1056.833984	-157.450180
1055.716797	198.502853
1054.599609	28.372509
1053.482422	-128.322708
1052.364258	242.826447
1051.247070	32.347980
1050.128906	52.159004
1049.009766	89.758339
1047.891602	-76.071739
1046.772461	-159.248459
1045.653320	38.977280
1044.533203	154.401047
1043.414063	-51.792068
1042.293945	-202.173996
1041.173828	-169.575500
1040.052734	-34.451210
1038.932617	-80.136986
1037.811523	106.034996
1036.689453	-194.018417
1035.568359	34.283321
1034.446289	-181.101303
1033.324219	-124.649010
1032.202148	-88.356789
1031.079102	-139.033234
1029.957031	-145.235733
1028.833984	-20.197802
1027.709961	-169.057236
1026.586914	-6.427566
1025.462891	20.330315
1024.338867	15.845812
1023.214844	-22.081068
1022.089844	346.711334
1020.964844	-27.073109
1019.839844	305.809021
1018.714844	94.179321
1017.588867	-30.843788
1016.462891	188.262329
1015.336914	-141.161194
1014.210938	-59.935257
1013.083984	172.032944
1011.957031	26.655127
1010.830078	315.958069
1009.702148	55.091057
1008.574219	450.452454
1007.446289	1169.127686
1006.318359	1991.518677
1005.190430	3050.480469
1004.061523	3847.482178
1002.932617	2921.204346
1001.802734	1574.586548
1000.673828	777.413940
999.543945	405.359711
998.414063	555.491150
997.283203	141.404144
996.153320	412.937347
995.022461	80.655884
993.891602	513.207581
992.759766	666.994873
991.628906	593.054382
990.497070	879.065918
989.364258	890.990234
988.232422	670.989563
987.099609	952.032410
985.966797	998.911987
984.833984	825.030762
983.700195	1193.736084
982.566406	929.239319
981.432617	845.548706
980.298828	913.885132
979.164063	818.984375
978.029297	571.992065
976.894531	580.529724
975.759766	851.027405
974.624023	566.431763
973.488281	427.144623
972.352539	360.438141
971.215820	476.266510
970.080078	528.156616
968.943359	197.233154
967.805664	154.379410
966.668945	340.074097
965.531250	283.816498
964.393555	335.146271
963.254883	338.007660
962.117188	404.473907
960.978516	692.565369
959.839844	451.374847
958.700195	216.768417
957.561523	434.196991
956.421875	660.188354
955.281250	813.595032
954.141602	822.132263
953.000977	815.210327
951.860352	819.163208
950.719727	919.437561
949.578125	874.979187
948.436523	791.028809
947.294922	538.427673
946.153320	929.474304
945.010742	567.344910
943.868164	292.827393
942.725586	186.806320
941.583008	292.912323
940.439453	530.079468
939.295898	272.994476
938.152344	99.008827
937.007813	274.640594
935.863281	255.691971
934.718750	343.709961
933.574219	256.934937
932.428711	224.695450
931.283203	-119.700012
930.137695	-106.126183
928.992188	136.456314
927.845703	112.760857
926.699219	113.016167
925.552734	180.802765
924.405273	132.980560
923.257813	0.147642
922.110352	76.486221
920.962891	15.530124
919.814453	231.104156
918.666016	374.701233
917.517578	298.367004
916.369141	100.178383
915.219727	4.292365
914.070313	341.272369
912.920898	264.906372
911.770508	84.187401
910.621094	-244.248627
909.470703	-87.965393
908.319336	61.704163
907.168945	204.802307
906.017578	-392.687622
904.866211	123.856674
903.713867	186.498810
902.562500	-56.836094
901.410156	-46.230900
900.256836	-241.690155
899.104492	-168.124725
897.951172	282.652313
896.797852	213.032837
895.644531	126.137367
894.490234	-19.200556
893.335938	-92.960121
892.181641	49.908905
891.027344	179.761444
889.872070	13.040696
888.716797	-315.853729
887.561523	-207.512131
886.405273	11.126053
885.249023	-64.375595
884.092773	-172.212845
882.936523	-18.390041
881.779297	-82.850204
880.622070	295.696594
879.464844	-118.578217
878.307617	-72.604736
877.149414	87.842308
875.991211	-71.158379
874.833008	-96.200981
873.673828	137.748627
872.514648	-189.133438
871.355469	-17.609371
870.196289	-193.175705
869.036133	-170.266724
867.875977	-67.519218
866.715820	56.843643
865.554688	-44.920719
864.394531	510.312012
863.233398	210.666611
862.071289	266.431976
860.910156	350.294067
859.748047	320.210449
858.585938	544.093994
857.422852	473.386383
856.259766	415.758087
855.096680	414.192657
853.933594	384.845581
852.770508	512.505066
851.606445	223.542953
850.442383	304.242126
849.277344	131.712952
848.113281	141.895905
846.948242	193.008850
845.783203	152.013519
844.617188	-23.932394
843.451172	117.765213
842.285156	30.175364
841.119141	43.554501
839.952148	-150.763519
838.785156	66.552826
837.618164	168.294937
836.451172	122.422119
835.283203	-53.836842
834.115234	241.082993
832.947266	-43.859306
831.778320	28.815353
830.609375	-69.457764
829.440430	101.975471
828.271484	290.640198
827.101563	69.023735
825.931641	33.642277
824.761719	485.606628
823.590820	123.767647
822.420898	95.458954
821.250000	310.755920
820.078125	368.218750
818.907227	272.238220
817.735352	684.281128
816.562500	358.340973
815.390625	672.525757
814.217773	374.912537
813.044922	173.576767
811.872070	123.862450
810.698242	8.347930
809.524414	12.388981
808.350586	-72.776237
807.176758	127.602036
806.001953	70.567276
804.827148	-98.998695
803.651367	469.967255
802.476563	86.016739
801.300781	-178.449997
800.125000	133.568649
798.948242	235.237625
797.772461	158.586899
796.595703	73.693512
795.417969	129.236115
794.241211	592.684570
793.063477	219.675125
791.885742	757.597778
790.707031	576.125549
789.529297	732.269226
788.350586	595.849548
787.170898	444.852783
785.992188	272.936584
784.812500	535.793457
783.632813	46.482956
782.452148	565.994690
781.272461	695.750000
780.091797	213.672638
778.911133	538.582581
777.729492	184.125732
776.547852	363.246490
775.366211	100.315750
774.184570	383.348877
773.001953	15.148035
771.819336	-447.847504
770.636719	-141.154053
769.453125	-54.207756
768.269531	-104.464714
767.085938	-179.898712
765.902344	-276.272705
764.717773	-359.804169
763.533203	-267.997070
762.348633	-72.720253
761.163086	122.582222
759.977539	18.417372
758.791992	-176.255859
757.606445	-119.881004
756.419922	-42.367073
755.233398	3.592919
754.046875	-13.581574
752.859375	45.137825
751.672852	127.065704
750.485352	25.870583
749.296875	208.897507
748.108398	288.784576
746.919922	280.329620
745.731445	564.236694
744.542969	482.190369
743.353516	219.425720
742.164063	-173.493805
740.973633	185.959824
739.783203	154.533524
738.592773	167.220215
737.402344	108.501099
736.211914	66.580017
735.020508	352.031860
733.829102	440.087891
732.636719	502.893311
731.444336	441.886536
730.251953	215.224762
729.059570	-17.684837
727.866211	390.701416
726.673828	105.338493
725.479492	-14.504153
724.286133	119.012108
723.091797	47.192387
721.897461	-70.742424
720.703125	-8.767051
719.507813	-214.728088
718.312500	-115.333527
717.117188	-116.487228
715.921875	-136.588898
714.725586	16.667723
713.529297	75.673599
712.332031	-40.983459
711.135742	379.054871
709.938477	109.637062
708.740234	316.181213
707.542969	691.531799
706.344727	1300.248535
705.146484	1247.186646
703.948242	2382.832764
702.749023	2418.862305
701.549805	2283.761230
700.350586	1981.810791
699.150391	1296.429810
697.950195	586.203796
696.750000	692.575623
695.549805	384.367584
694.348633	167.735031
693.147461	67.590836
691.946289	77.622650
690.744141	-6.121740
689.541992	475.722382
688.339844	323.020782
687.136719	103.733559
685.934570	507.912323
684.730469	413.104004
683.527344	181.136261
682.323242	-9.281710
681.119141	456.417358
679.915039	164.152924
678.710938	48.372818
677.505859	131.787003
676.300781	125.936356
675.094727	99.341904
673.889648	354.754974
672.683594	-175.539825
671.476563	-116.981285
670.270508	-83.224220
669.063477	-65.959801
667.856445	13.554025
666.648438	53.849037
665.440430	363.400879
664.232422	283.975494
663.024414	12.434253
661.815430	173.609772
660.606445	-153.000061
659.397461	-30.449978
658.188477	59.375233
656.978516	-36.373943
655.768555	79.147377
654.557617	-108.463600
653.346680	26.743395
652.135742	-76.945030
650.924805	-53.978176
649.712891	-13.754768
648.501953	-11.923913
647.289063	-182.456589
646.077148	-327.219147
644.864258	-250.301559
643.651367	180.106644
642.438477	269.423096
641.224609	-163.303299
640.010742	190.193924
638.796875	170.181747
637.582031	332.843536
636.367188	326.198822
635.152344	257.458588
633.937500	15.677217
632.721680	339.429230
631.505859	346.317993
630.289063	867.187134
629.073242	611.103943
627.856445	1031.430176
626.639648	1129.462891
625.421875	1080.148438
624.204102	861.113464
622.986328	833.895203
621.768555	631.152954
620.549805	39.814579
619.331055	126.919418
618.111328	0.106395
616.892578	-43.101921
