1721.000977	110.473595
1720.027344	666.902222
1719.052734	260.851013
1718.078125	5.297711
1717.104492	110.547256
1716.128906	291.706421
1715.154297	92.357231
1714.178711	28.055708
1713.204102	-60.141777
1712.228516	-115.829323
1711.251953	-238.918427
1710.276367	-175.715820
1709.299805	127.448372
1708.324219	-174.473663
1707.347656	270.546539
1706.370117	26.245768
1705.393555	393.015198
1704.416016	60.603481
1703.438477	-200.610703
1702.460938	21.074905
1701.483398	175.684067
1700.505859	-46.018059
1699.527344	531.821350
1698.548828	94.589569
1697.570313	122.065216
1696.591797	57.188305
1695.612305	155.373703
1694.632813	-32.771656
1693.653320	44.289856
1692.673828	-78.049324
1691.694336	169.327209
1690.713867	253.046478
1689.734375	-168.480682
1688.753906	-77.580338
1687.772461	-78.740692
1686.791992	-238.111710
1685.810547	2.438466
1684.830078	110.251732
1683.848633	44.620285
1682.866211	225.865997
1681.884766	42.822338
1680.902344	55.716690
1679.919922	-107.120270
1678.937500	-10.450191
1677.955078	37.751945
1676.971680	85.828468
1675.989258	131.294876
1675.005859	-105.552917
1674.022461	-14.446849
1673.038086	117.215317
1672.054688	2.352134
1671.070313	174.542816
1670.085938	39.331409
1669.101563	-88.213783
1668.117188	22.932209
1667.131836	-38.585617
1666.146484	-155.892548
1665.161133	76.992455
1664.175781	-32.637409
1663.189453	-35.700764
1662.204102	-69.128349
1661.217773	34.367088
1660.231445	18.744234
1659.245117	-47.500061
1658.257813	116.857040
1657.270508	-78.466949
1656.284180	-40.643764
1655.295898	32.630569
1654.308594	57.871689
1653.321289	214.779892
1652.333008	118.649368
1651.344727	270.551239
1650.356445	151.849411
1649.367188	-52.716969
1648.378906	281.410126
1647.389648	-256.569061
1646.400391	-243.323059
1645.411133	73.198570
1644.420898	-52.398197
1643.431641	168.173233
1642.441406	-12.746065
1641.451172	187.703339
1640.459961	-141.884521
1639.469727	-216.345551
1638.478516	-58.590363
1637.487305	-42.053467
1636.496094	231.808441
1635.504883	291.343231
1634.512695	66.088211
1633.520508	95.572800
1632.528320	19.320313
1631.536133	132.143036
1630.543945	146.790665
1629.550781	448.583771
1628.557617	465.859283
1627.564453	425.335419
1626.571289	470.491974
1625.578125	639.015686
1624.583984	581.149231
1623.589844	986.166016
1622.595703	1018.969482
1621.601563	1172.523438
1620.606445	1094.853882
1619.611328	1288.704346
1618.616211	1311.724121
1617.621094	1573.454834
1616.625977	1174.684448
1615.629883	1220.565918
1614.633789	1269.023926
1613.637695	1420.451416
1612.641602	919.499512
1611.645508	1605.459717
1610.648438	1099.809570
1609.651367	1537.334351
1608.654297	1373.042236
1607.657227	1249.004028
1606.659180	1265.416382
1605.662109	1690.322632
1604.664063	1711.795654
1603.666016	1685.746826
1602.666992	1714.847656
1601.668945	1734.011963
1600.669922	1753.215576
1599.670898	1422.138916
1598.671875	1604.155518
1597.671875	1563.519165
1596.672852	1490.465332
1595.672852	1177.454712
1594.672852	1409.589478
1593.671875	931.869873
1592.671875	1194.058105
1591.670898	824.117310
1590.669922	789.075317
1589.668945	594.280151
1588.667969	464.527008
1587.666016	307.402527
1586.664063	340.057312
1585.662109	287.907806
1584.660156	205.887985
1583.658203	271.094025
1582.655273	244.034698
1581.652344	144.727631
1580.649414	242.407684
1579.646484	387.426941
1578.642578	203.534698
1577.638672	-15.122635
1576.634766	132.432068
1575.630859	-88.546677
1574.626953	103.830421
1573.622070	-14.966331
1572.618164	-108.787636
1571.613281	105.925682
1570.607422	101.674446
1569.602539	-89.040611
1568.596680	65.916130
1567.590820	143.771042
1566.584961	82.440956
1565.579102	-16.114269
1564.572266	111.429672
1563.566406	-93.852417
1562.559570	95.763435
1561.551758	81.725548
1560.544922	137.221939
1559.537109	36.353764
1558.530273	-215.786682
1557.521484	-56.079220
1556.513672	34.145283
1555.505859	-54.177147
1554.497070	-162.303741
1553.488281	-225.765884
1552.479492	45.322445
1551.470703	43.792572
1550.460938	-302.032501
1549.451172	-320.830536
1548.441406	155.548218
1547.431641	102.015305
1546.421875	65.831886
1545.411133	37.075104
1544.400391	-85.671059
1543.389648	-89.651207
1542.378906	-26.863813
1541.367188	206.461746
1540.355469	76.356804
1539.343750	111.873741
1538.332031	-134.276825
1537.320313	-12.278807
1536.307617	173.859314
1535.294922	66.100616
1534.282227	-73.705536
1533.269531	-23.416759
1532.256836	-288.990265
1531.243164	64.743393
1530.229492	-129.229248
1529.215820	-189.960999
1528.202148	-115.071075
1527.187500	-153.616516
1526.172852	61.684242
1525.158203	25.577297
1524.143555	-64.710777
1523.127930	76.528725
1522.113281	134.001572
1521.097656	-22.741999
1520.082031	209.460541
1519.065430	97.040634
1518.049805	-192.454086
1517.033203	101.108757
1516.016602	47.799946
1515.000000	107.611862
1513.982422	-130.057114
1512.965820	109.172691
1511.948242	215.601776
1510.930664	-130.031036
1509.913086	-143.944229
1508.894531	208.010696
1507.875977	-7.298512
1506.857422	67.120651
1505.838867	-0.825235
1504.820313	44.121998
1503.800781	353.956665
1502.781250	129.028992
1501.761719	-196.332565
1500.742188	-16.559231
1499.721680	67.540695
1498.702148	41.356560
1497.681641	154.816299
1496.661133	175.156784
1495.639648	579.946777
1494.618164	291.696594
1493.597656	-33.126438
1492.576172	163.450684
1491.553711	-11.973852
1490.532227	213.885651
1489.509766	-83.743752
1488.487305	85.798599
1487.464844	118.372597
1486.442383	304.927979
1485.418945	266.582520
1484.395508	108.549629
1483.372070	197.300491
1482.348633	244.511444
1481.324219	-203.945724
1480.300781	-10.180168
1479.276367	56.590267
1478.251953	257.551514
1477.226563	19.311766
1476.202148	-109.041000
1475.176758	133.312637
1474.151367	68.394470
1473.125000	149.754227
1472.099609	-61.321133
1471.073242	63.921638
1470.046875	130.670227
1469.020508	328.921295
1467.994141	295.792542
1466.966797	372.230316
1465.939453	258.818756
1464.912109	529.941162
1463.884766	414.152740
1462.856445	463.817993
1461.829102	224.119766
1460.800781	451.333313
1459.772461	379.493683
1458.743164	613.902954
1457.714844	743.774963
1456.685547	815.303223
1455.656250	789.678772
1454.625977	611.104309
1453.596680	629.285522
1452.566406	606.213013
1451.536133	498.245728
1450.505859	380.649780
1449.474609	675.469666
1448.444336	356.664703
1447.413086	615.055847
1446.381836	735.197144
1445.350586	685.671082
1444.318359	483.534058
1443.286133	664.271606
1442.253906	915.200562
1441.221680	592.169006
1440.189453	245.099152
1439.156250	203.172562
1438.123047	202.435104
1437.089844	305.768036
1436.056641	469.564270
1435.022461	369.710541
1433.988281	330.381470
1432.954102	100.133972
1431.919922	203.544601
1430.885742	406.017944
1429.850586	-210.529831
1428.815430	132.093231
1427.780273	-1.102834
1426.744141	-44.889244
1425.708984	123.804634
1424.672852	-161.233795
1423.636719	108.810165
1422.600586	-36.117939
1421.563477	-270.191498
1420.527344	-89.389191
1419.490234	67.254501
1418.452148	-91.867516
1417.415039	-58.099464
1416.376953	-12.272452
1415.338867	168.457077
1414.300781	50.550213
1413.262695	298.684845
1412.224609	-449.763947
1411.185547	53.532829
1410.146484	94.701614
1409.107422	-27.679363
1408.067383	193.935730
1407.027344	232.757187
1405.987305	127.367104
1404.947266	252.794830
1403.907227	-87.955658
1402.866211	-77.779778
1401.826172	506.506012
1400.785156	144.419464
1399.743164	159.458832
1398.702148	469.791656
1397.660156	350.447723
1396.618164	466.333984
1395.576172	407.098907
1394.533203	628.523132
1393.491211	813.939758
1392.448242	1023.279297
1391.405273	1172.653687
1390.361328	1508.904175
1389.318359	1794.752075
1388.274414	1812.243652
1387.230469	2186.584229
1386.186523	2034.080200
1385.141602	2027.688477
1384.097656	2231.952148
1383.052734	2046.155884
1382.007813	2300.633789
1380.961914	2507.202393
1379.916992	2115.954834
1378.871094	2167.168701
1377.825195	2196.890381
1376.778320	2016.346680
1375.732422	1503.853394
1374.685547	1679.512329
1373.638672	1344.094604
1372.591797	1510.244385
1371.543945	1153.596802
1370.497070	1162.287476
1369.449219	1106.582642
1368.400391	1296.632813
1367.352539	1493.809448
1366.303711	906.443604
1365.255859	696.043518
1364.206055	1196.011475
1363.157227	966.643921
1362.108398	1120.980347
1361.058594	1189.529053
1360.008789	1003.279419
1358.958984	1026.664551
1357.908203	1004.839539
1356.857422	873.588257
1355.806641	761.467102
1354.755859	1215.585083
1353.705078	1265.234985
1352.653320	725.198853
1351.601563	1072.152954
1350.549805	995.930969
1349.498047	701.163452
1348.445313	632.240173
1347.393555	653.652100
1346.340820	722.571655
1345.287109	741.629639
1344.234375	359.568604
1343.180664	267.223450
1342.126953	466.789551
1341.073242	386.389587
1340.019531	287.081787
1338.964844	232.893005
1337.910156	0.961791
1336.855469	465.973358
1335.799805	302.864777
1334.745117	293.856598
1333.689453	379.616302
1332.633789	-81.651314
1331.578125	333.301483
1330.521484	127.933350
1329.464844	201.931473
1328.408203	44.059143
1327.351563	37.677353
1326.294922	47.879490
1325.237305	-12.838457
1324.179688	113.251503
1323.122070	-176.651764
1322.064453	8.545138
1321.005859	439.373505
1319.947266	19.754515
1318.888672	-305.200806
1317.830078	-233.361954
1316.770508	-48.238541
1315.710938	44.793655
1314.651367	-100.482491
1313.591797	-73.475510
1312.531250	113.900787
1311.471680	-2.929302
1310.411133	-30.115274
1309.349609	100.627785
1308.289063	-107.955681
1307.227539	109.957657
1306.166016	167.642197
1305.104492	190.001938
1304.042969	-128.986893
1302.980469	65.283676
1301.917969	52.410217
1300.855469	103.085785
1299.792969	-196.713348
1298.729492	-138.918182
1297.666016	-99.936142
1296.602539	-122.068283
1295.539063	93.192924
1294.474609	-114.561920
1293.411133	-94.333176
1292.346680	10.447387
1291.281250	-227.630585
1290.216797	48.543766
1289.151367	96.943100
1288.085938	185.228180
1287.020508	196.074524
1285.955078	26.327629
1284.888672	349.119324
1283.822266	102.069313
1282.755859	77.825768
1281.689453	187.187317
1280.622070	113.758575
1279.554688	255.883759
1278.487305	390.939606
1277.419922	329.267700
1276.351563	115.470818
1275.283203	388.592316
1274.214844	277.864471
1273.146484	267.792877
1272.077148	414.439453
1271.008789	100.383080
1269.939453	406.007446
1268.869141	73.404205
1267.799805	-13.662250
1266.729492	9.125461
1265.659180	139.365250
1264.588867	540.459351
1263.517578	61.159172
1262.447266	114.312965
1261.375977	445.169952
1260.304688	537.900208
1259.232422	318.005371
1258.161133	137.876450
1257.088867	270.284302
1256.016602	400.318909
1254.943359	660.819824
1253.871094	224.494415
1252.797852	552.508179
1251.724609	337.689331
1250.650391	490.901001
1249.577148	783.756592
1248.502930	832.083862
1247.428711	712.847839
1246.354492	735.601013
1245.279297	407.103180
1244.204102	529.932373
1243.128906	515.537781
1242.053711	408.179108
1240.977539	807.524231
1239.902344	458.518433
1238.826172	302.485931
1237.750000	566.918823
1236.672852	285.557343
1235.595703	329.346741
1234.518555	231.546738
1233.441406	326.403351
1232.364258	602.193909
1231.286133	205.209534
1230.208008	-138.251114
1229.129883	295.141998
1228.051758	118.730629
1226.972656	-8.932263
1225.893555	125.287819
1224.814453	-50.943134
1223.734375	298.627106
1222.655273	-58.144691
1221.575195	101.472557
1220.495117	115.222656
1219.415039	314.091888
1218.333984	-93.231865
1217.252930	306.831055
1216.171875	-102.600212
1215.090820	61.501614
1214.008789	93.789314
1212.926758	82.166718
1211.844727	139.872086
1210.762695	98.239365
1209.679688	-63.453640
1208.597656	-185.807571
1207.513672	100.458397
1206.430664	58.909061
1205.347656	38.156219
1204.263672	-141.748795
1203.179688	-155.515594
1202.095703	29.031582
1201.010742	-155.337173
1199.925781	116.721222
1198.840820	43.038750
1197.755859	146.787216
1196.670898	77.757576
1195.584961	-53.406960
1194.499023	-46.375114
1193.413086	-64.650871
1192.326172	18.332848
1191.239258	-351.934540
1190.152344	170.425781
1189.065430	234.939117
1187.978516	-130.502075
1186.890625	-70.535736
1185.802734	7.800115
1184.714844	-155.135269
1183.625977	334.377594
1182.538086	364.372040
1181.449219	6.322335
1180.360352	112.143463
1179.270508	139.888947
1178.180664	238.760864
1177.090820	528.005127
1176.000977	535.025879
1174.911133	468.674530
1173.820313	482.592499
1172.729492	375.038391
1171.638672	615.846008
1170.547852	380.028778
1169.456055	503.923492
1168.364258	215.575806
1167.272461	600.465942
1166.179688	566.305664
1165.087891	468.100464
1163.995117	932.768188
1162.902344	1193.655273
1161.808594	1024.486938
1160.715820	1324.118408
1159.622070	1193.867798
1158.528320	1095.675171
1157.433594	828.443848
1156.339844	639.012817
1155.245117	614.100952
1154.149414	769.581055
1153.054688	463.870270
1151.958984	514.333862
1150.863281	204.251648
1149.767578	309.509857
1148.671875	125.059357
1147.575195	490.240784
1146.478516	-56.656471
1145.381836	-90.470695
1144.285156	17.016428
1143.187500	217.856491
1142.089844	270.553680
1140.992188	-34.302658
1139.894531	-159.160217
1138.795898	-51.793625
1137.697266	14.559052
1136.598633	-78.385895
1135.499023	-139.453873
1134.400391	-209.587418
1133.300781	-29.593102
1132.201172	-186.117264
1131.100586	-88.042015
1130.000977	291.740875
1128.900391	3.469679
1127.799805	142.298798
1126.698242	124.375397
1125.596680	326.656555
1124.495117	158.887756
1123.393555	499.470703
1122.291992	699.234802
1121.189453	477.024475
1120.086914	710.689270
1118.984375	833.150452
1117.881836	998.608459
1116.778320	964.557983
1115.674805	1143.471680
1114.571289	1474.050049
1113.466797	1177.174316
1112.363281	1272.103027
1111.258789	982.162292
1110.153320	1018.204590
1109.048828	938.830383
1107.943359	789.340027
1106.837891	771.067566
1105.732422	924.615601
1104.625977	698.302917
1103.520508	1055.153687
1102.414063	510.280762
1101.306641	252.509308
1100.200195	277.144958
1099.092773	455.276855
1097.985352	484.309326
1096.877930	339.516876
1095.769531	158.649612
1094.661133	235.010315
1093.552734	446.631287
1092.444336	231.945236
1091.335938	193.168030
1090.226563	242.270294
1089.117188	262.019745
1088.006836	329.029541
1086.897461	35.597900
1085.787109	469.610199
1084.676758	257.246307
1083.566406	546.878357
1082.455078	602.297058
1081.343750	497.910858
1080.232422	562.228516
1079.121094	570.253052
1078.008789	836.778870
1076.896484	541.185242
1075.784180	369.281708
1074.671875	314.239227
1073.558594	584.881348
1072.445313	370.259399
1071.332031	539.626221
1070.217773	333.981140
1069.104492	548.060791
1067.990234	591.456543
1066.875977	253.424866
1065.760742	523.265625
1064.645508	-59.121910
1063.530273	188.136200
1062.415039	390.398315
1061.299805	505.120514
1060.183594	-29.940584
1059.067383	205.637909
1057.951172	324.608917
1056.833984	-58.015209
1055.716797	-66.752831
1054.599609	5.002485
1053.482422	14.015369
1052.364258	25.186680
1051.247070	103.373825
1050.128906	324.531799
1049.009766	129.768814
1047.891602	243.411407
1046.772461	93.293144
1045.653320	948.300476
1044.533203	105.662003
1043.414063	-13.293291
1042.293945	10.572399
1041.173828	145.929001
1040.052734	93.723656
1038.932617	-3.141873
1037.811523	9.221726
1036.689453	197.621979
1035.568359	133.980591
1034.446289	-9.956060
1033.324219	-95.984337
1032.202148	111.980881
1031.079102	143.815994
1029.957031	-194.048737
1028.833984	69.173470
1027.709961	-21.682434
1026.586914	-72.529465
1025.462891	-105.655457
1024.338867	-41.004517
1023.214844	-0.932821
1022.089844	-74.355438
1020.964844	-112.280655
1019.839844	-23.629055
1018.714844	44.891716
1017.588867	-68.844582
1016.462891	34.978355
1015.336914	-12.300194
1014.210938	273.264526
1013.083984	-115.973434
1011.957031	309.036957
1010.830078	256.894836
1009.702148	421.973572
1008.574219	629.000305
1007.446289	1008.709106
1006.318359	2252.355225
1005.190430	3174.094971
1004.061523	3021.066650
1002.932617	2515.912109
1001.802734	1612.371704
1000.673828	806.540222
999.543945	549.757629
998.414063	419.093964
997.283203	310.492188
996.153320	427.405518
995.022461	648.060059
993.891602	433.065308
992.759766	328.545685
991.628906	363.168091
990.497070	682.599487
989.364258	754.431519
988.232422	804.058228
987.099609	933.009399
985.966797	1275.858154
984.833984	1141.876343
983.700195	1601.205444
982.566406	1164.858521
981.432617	1134.291016
980.298828	1057.344849
979.164063	1024.390259
978.029297	707.120117
976.894531	828.249939
975.759766	861.125854
974.624023	275.172302
973.488281	400.395416
972.352539	626.696228
971.215820	560.139709
970.080078	262.552795
968.943359	352.059021
967.805664	353.459686
966.668945	319.601807
965.531250	406.524628
964.393555	277.979340
963.254883	577.745483
962.117188	569.821350
960.978516	170.950684
959.839844	555.865662
958.700195	330.363342
957.561523	638.083252
956.421875	252.341171
955.281250	303.122406
954.141602	974.340515
953.000977	667.428162
951.860352	842.743164
950.719727	855.743958
949.578125	588.233276
948.436523	752.231506
947.294922	703.671692
946.153320	241.303482
945.010742	405.013519
943.868164	220.654556
942.725586	200.380630
941.583008	339.707092
940.439453	397.975677
939.295898	202.553162
938.152344	356.859375
937.007813	87.093407
935.863281	94.839172
934.718750	82.860329
933.574219	105.766304
932.428711	215.912445
931.283203	-51.642406
930.137695	-61.636360
928.992188	115.942505
927.845703	-210.466476
926.699219	-43.952560
925.552734	30.875185
924.405273	94.711998
923.257813	77.851624
922.110352	117.603096
920.962891	105.027420
919.814453	188.222244
918.666016	-7.321173
917.517578	45.329380
916.369141	-65.276657
915.219727	298.405701
914.070313	52.877693
912.920898	-51.207638
911.770508	-133.535675
910.621094	105.866196
909.470703	27.862867
908.319336	-173.962799
907.168945	-102.003334
906.017578	-140.844925
904.866211	-97.167725
903.713867	-90.420532
902.562500	168.072495
901.410156	-163.678925
900.256836	29.630970
899.104492	-19.991926
897.951172	51.819717
896.797852	177.809631
895.644531	-157.812119
894.490234	5.035350
893.335938	55.207054
892.181641	-152.307571
891.027344	-251.439026
889.872070	-21.489027
888.716797	41.766510
887.561523	-321.171234
886.405273	166.159897
885.249023	-105.725136
884.092773	46.327240
882.936523	-67.496216
881.779297	253.143860
880.622070	260.430206
879.464844	-326.219910
878.307617	102.440781
877.149414	114.279305
875.991211	29.056244
874.833008	-189.836548
873.673828	-227.328751
872.514648	-38.230316
871.355469	-13.018562
870.196289	165.350647
869.036133	54.887424
867.875977	164.386887
866.715820	-81.550232
865.554688	75.516113
864.394531	402.761993
863.233398	84.060570
862.071289	400.592896
860.910156	334.061676
859.748047	446.244934
858.585938	427.292328
857.422852	561.148315
856.259766	581.128296
855.096680	220.778030
853.933594	243.250656
852.770508	274.449341
851.606445	486.195984
850.442383	45.158642
849.277344	143.354736
848.113281	132.200668
846.948242	125.486549
845.783203	357.080872
844.617188	73.925209
843.451172	-215.370102
842.285156	85.226517
841.119141	-240.040527
839.952148	159.325409
838.785156	12.347883
837.618164	99.089455
836.451172	241.645844
835.283203	97.414459
834.115234	9.081998
832.947266	149.950989
831.778320	14.938624
830.609375	-166.880417
829.440430	350.848877
828.271484	349.000977
827.101563	317.413361
825.931641	44.556160
824.761719	199.313370
823.590820	315.735565
822.420898	144.023697
821.250000	442.270050
820.078125	757.643860
818.907227	708.170959
817.735352	530.905273
816.562500	407.240387
815.390625	222.001541
814.217773	284.350800
813.044922	5.839369
811.872070	147.461426
810.698242	163.514404
809.524414	2.976388
808.350586	106.768936
807.176758	51.043987
806.001953	-76.826561
804.827148	-127.828720
803.651367	325.597015
802.476563	-127.071014
801.300781	-68.980698
800.125000	135.970612
798.948242	-84.073410
797.772461	142.432053
796.595703	-81.369026
795.417969	366.299530
794.241211	635.582764
793.063477	344.459167
791.885742	384.767609
790.707031	535.581665
789.529297	389.507385
788.350586	423.961578
787.170898	486.141327
785.992188	389.475525
784.812500	555.840515
783.632813	287.905151
782.452148	465.145325
781.272461	261.232483
780.091797	428.133331
778.911133	429.990173
777.729492	374.853241
776.547852	131.569336
775.366211	207.988022
774.184570	240.099350
773.001953	109.517929
771.819336	-33.553028
770.636719	-30.592627
769.453125	-190.210907
768.269531	-233.445648
767.085938	150.084991
765.902344	-439.860291
764.717773	116.858353
763.533203	-71.594650
762.348633	-27.761745
761.163086	-135.743423
759.977539	155.016708
758.791992	-134.123718
757.606445	-115.281822
756.419922	-1.540684
755.233398	-68.996933
754.046875	89.036720
752.859375	167.016129
751.672852	402.919281
750.485352	590.331909
749.296875	329.419525
748.108398	398.991028
746.919922	45.735168
745.731445	56.487179
744.542969	157.650589
743.353516	462.665253
742.164063	-60.490444
740.973633	269.623291
739.783203	38.705509
738.592773	225.784576
737.402344	87.304871
736.211914	83.191269
735.020508	398.016174
733.829102	486.043182
732.636719	108.299736
731.444336	103.949966
730.251953	351.120056
729.059570	107.602257
727.866211	0.324345
726.673828	-169.850449
725.479492	-172.479355
724.286133	-28.623163
723.091797	192.513779
721.897461	-111.950020
720.703125	-150.631714
719.507813	57.445503
718.312500	95.863792
717.117188	-317.567688
715.921875	287.196747
714.725586	42.915501
713.529297	99.506012
712.332031	-184.632477
711.135742	28.305777
709.938477	268.116272
708.740234	290.517731
707.542969	375.350891
706.344727	1232.034424
705.146484	1585.356079
703.948242	2075.981934
702.749023	2657.935547
701.549805	2292.959717
700.350586	1579.907227
699.150391	1133.714966
697.950195	1264.600220
696.750000	707.930725
695.549805	442.852631
694.348633	356.739960
693.147461	536.887024
691.946289	231.949295
690.744141	-95.906479
689.541992	89.924995
688.339844	362.831879
687.136719	97.037392
685.934570	458.864258
684.730469	184.554977
683.527344	147.059280
682.323242	458.349548
681.119141	445.467499
679.915039	15.246916
678.710938	209.809647
677.505859	-6.622253
676.300781	191.849045
675.094727	95.684074
673.889648	5.758309
672.683594	127.284134
671.476563	-97.334206
670.270508	26.259129
669.063477	-44.873745
667.856445	24.918213
666.648438	-219.932098
665.440430	156.424561
664.232422	214.067078
663.024414	129.105164
661.815430	160.222794
660.606445	144.007751
659.397461	140.487076
658.188477	234.429779
656.978516	53.842548
655.768555	-196.504440
654.557617	-169.523666
653.346680	89.205116
652.135742	-130.615112
650.924805	139.416122
649.712891	-11.003477
648.501953	-14.191130
647.289063	171.055588
646.077148	-139.929535
644.864258	-109.750259
643.651367	-468.191895
642.438477	-151.666656
641.224609	136.934769
640.010742	99.069618
638.796875	-32.280972
637.582031	49.765949
636.367188	1.431846
635.152344	372.277557
633.937500	382.447144
632.721680	548.509521
631.505859	650.439087
630.289063	419.101929
629.073242	941.988708
627.856445	944.807068
626.639648	1151.093506
625.421875	1051.526978
624.204102	490.385223
622.986328	484.205719
621.768555	238.516434
620.549805	360.957336
619.331055	57.552013
618.111328	85.501457
616.892578	-43.308208
