1721.000977	87.071182
1720.027344	52.080841
1719.052734	5.836161
1718.078125	-15.575698
1717.104492	23.776718
1716.128906	28.984993
1715.154297	-51.177330
1714.178711	-106.396950
1713.204102	-57.196121
1712.228516	78.440056
1711.251953	-86.390007
1710.276367	-36.592598
1709.299805	-46.316113
1708.324219	7.417877
1707.347656	4.259931
1706.370117	-96.682098
1705.393555	57.816505
1704.416016	-90.117355
1703.438477	114.533081
1702.460938	101.295517
1701.483398	110.660889
1700.505859	-59.307247
1699.527344	130.759567
1698.548828	-32.221382
1697.570313	-24.316225
1696.591797	64.994301
1695.612305	59.465771
1694.632813	-222.077148
1693.653320	55.217194
1692.673828	156.050507
1691.694336	77.996078
1690.713867	114.518578
1689.734375	48.806686
1688.753906	-113.990204
1687.772461	87.622543
1686.791992	-55.097202
1685.810547	-304.969299
1684.830078	33.644783
1683.848633	122.330933
1682.866211	-10.729671
1681.884766	-19.085402
1680.902344	-50.478462
1679.919922	-211.763550
1678.937500	-179.694199
1677.955078	12.545032
1676.971680	34.196419
1675.989258	88.840416
1675.005859	-9.163831
1674.022461	75.832336
1673.038086	38.740589
1672.054688	-51.718830
1671.070313	137.239365
1670.085938	72.111450
1669.101563	80.624138
1668.117188	28.186441
1667.131836	102.649628
1666.146484	-135.057404
1665.161133	73.865211
1664.175781	-36.907909
1663.189453	215.012604
1662.204102	-50.396648
1661.217773	-69.800278
1660.231445	-23.280594
1659.245117	-19.835962
1658.257813	-23.984205
1657.270508	42.818649
1656.284180	-146.128876
1655.295898	97.951538
1654.308594	136.945190
1653.321289	-16.377514
1652.333008	174.504791
1651.344727	64.312546
1650.356445	-291.121277
1649.367188	-52.133949
1648.378906	-202.518188
1647.389648	8.647962
1646.400391	-53.149475
1645.411133	-31.490303
1644.420898	-50.218094
1643.431641	219.043137
1642.441406	28.684072
1641.451172	131.301132
1640.459961	324.780029
1639.469727	79.177444
1638.478516	65.828468
1637.487305	370.362061
1636.496094	26.716980
1635.504883	321.166809
1634.512695	257.588348
1633.520508	141.171402
1632.528320	62.660107
1631.536133	64.856049
1630.543945	311.424042
1629.550781	432.026947
1628.557617	86.876419
1627.564453	323.382202
1626.571289	446.601410
1625.578125	446.541382
1624.583984	537.083679
1623.589844	662.856445
1622.595703	685.538574
1621.601563	919.440979
1620.606445	879.322205
1619.611328	849.326599
1618.616211	1148.519653
1617.621094	1156.265625
1616.625977	993.289490
1615.629883	1008.686707
1614.633789	1041.699707
1613.637695	961.808960
1612.641602	1014.989075
1611.645508	1110.843628
1610.648438	1101.347168
1609.651367	1061.808105
1608.654297	1100.050781
1607.657227	1078.162842
1606.659180	1068.842896
1605.662109	1265.039185
1604.664063	1130.513184
1603.666016	1354.230103
1602.666992	1460.190552
1601.668945	1395.919556
1600.669922	1236.587036
1599.670898	1062.341797
1598.671875	1313.525391
1597.671875	1156.899292
1596.672852	1122.925537
1595.672852	916.460205
1594.672852	975.090271
1593.671875	881.254944
1592.671875	944.921082
1591.670898	698.791565
1590.669922	582.672119
1589.668945	826.220764
1588.667969	680.209961
1587.666016	307.120117
1586.664063	343.490295
1585.662109	277.565521
1584.660156	533.489319
1583.658203	312.957977
1582.655273	359.333099
1581.652344	308.475800
1580.649414	145.493561
1579.646484	191.919647
1578.642578	198.464401
1577.638672	77.981186
1576.634766	-29.986946
1575.630859	-0.956445
1574.626953	207.307220
1573.622070	191.484299
1572.618164	71.179680
1571.613281	229.554565
1570.607422	29.689280
1569.602539	11.460199
1568.596680	-29.144211
1567.590820	-17.526428
1566.584961	-68.038666
1565.579102	20.614349
1564.572266	94.317276
1563.566406	133.233582
1562.559570	-115.917542
1561.551758	86.855583
1560.544922	46.314106
1559.537109	-38.889080
1558.530273	29.778675
1557.521484	120.717964
1556.513672	-51.248070
1555.505859	79.350449
1554.497070	-137.169891
1553.488281	-51.235794
1552.479492	89.174889
1551.470703	38.764961
1550.460938	30.468306
1549.451172	-131.360443
1548.441406	-45.543804
1547.431641	-157.789993
1546.421875	-49.738873
1545.411133	-33.295307
1544.400391	-78.707100
1543.389648	29.235561
1542.378906	-60.688137
1541.367188	-101.146652
1540.355469	-27.896498
1539.343750	74.971436
1538.332031	32.025478
1537.320313	-23.257828
1536.307617	-202.013626
1535.294922	-77.005188
1534.282227	-13.766657
1533.269531	-4.856568
1532.256836	-62.577583
1531.243164	5.525094
1530.229492	-158.252151
1529.215820	-6.324242
1528.202148	-49.232044
1527.187500	77.939270
1526.172852	-154.746277
1525.158203	68.477119
1524.143555	-82.824898
1523.127930	-174.971817
1522.113281	-3.602326
1521.097656	-41.573341
1520.082031	38.610870
1519.065430	3.091846
1518.049805	19.263121
1517.033203	50.171200
1516.016602	-41.894211
1515.000000	-18.364429
1513.982422	96.095520
1512.965820	33.567665
1511.948242	-68.259789
1510.930664	223.014221
1509.913086	135.927185
1508.894531	228.123734
1507.875977	-94.622032
1506.857422	184.131714
1505.838867	13.685154
1504.820313	105.837547
1503.800781	163.600800
1502.781250	370.943329
1501.761719	168.727921
1500.742188	-70.169044
1499.721680	51.310307
1498.702148	175.206848
1497.681641	-34.137520
1496.661133	-54.787601
1495.639648	56.803799
1494.618164	87.561150
1493.597656	-148.486649
1492.576172	141.728973
1491.553711	84.377495
1490.532227	107.797470
1489.509766	-137.825256
1488.487305	29.907356
1487.464844	190.244812
1486.442383	201.431702
1485.418945	58.661911
1484.395508	250.676163
1483.372070	-41.018246
1482.348633	212.013763
1481.324219	-111.275131
1480.300781	166.102722
1479.276367	35.793484
1478.251953	-26.125309
1477.226563	87.632133
1476.202148	120.882378
1475.176758	-16.572014
1474.151367	187.365952
1473.125000	137.727234
1472.099609	73.517677
1471.073242	-5.276392
1470.046875	-59.659664
1469.020508	102.750137
1467.994141	501.292297
1466.966797	176.670807
1465.939453	68.819305
1464.912109	321.165955
1463.884766	164.716034
1462.856445	373.187286
1461.829102	333.562500
1460.800781	269.652679
1459.772461	298.160828
1458.743164	477.343811
1457.714844	401.366821
1456.685547	371.588898
1455.656250	361.277344
1454.625977	506.388336
1453.596680	564.077026
1452.566406	495.546448
1451.536133	512.001221
1450.505859	545.459290
1449.474609	287.847626
1448.444336	214.690140
1447.413086	330.695984
1446.381836	221.243454
1445.350586	371.182434
1444.318359	414.463470
1443.286133	457.753784
1442.253906	418.707947
1441.221680	234.419922
1440.189453	333.491516
1439.156250	546.299133
1438.123047	156.486374
1437.089844	95.910881
1436.056641	262.764221
1435.022461	117.596779
1433.988281	37.805862
1432.954102	238.489288
1431.919922	100.764389
1430.885742	129.853958
1429.850586	50.242081
1428.815430	-60.703449
1427.780273	-43.587994
1426.744141	316.367523
1425.708984	244.150208
1424.672852	109.243881
1423.636719	95.061050
1422.600586	78.506073
1421.563477	127.094475
1420.527344	11.744585
1419.490234	-77.014534
1418.452148	130.733276
1417.415039	-165.177917
1416.376953	8.837812
1415.338867	122.594925
1414.300781	173.728165
1413.262695	-222.936340
1412.224609	-85.033379
1411.185547	-298.519836
1410.146484	41.500561
1409.107422	-5.876547
1408.067383	-144.602097
1407.027344	-141.369797
1405.987305	-97.240280
1404.947266	74.284370
1403.907227	-11.344788
1402.866211	-101.721130
1401.826172	0.134703
1400.785156	116.379852
1399.743164	218.192001
1398.702148	65.560043
1397.660156	184.201843
1396.618164	247.638092
1395.576172	339.862762
1394.533203	388.901794
1393.491211	562.644104
1392.448242	714.757080
1391.405273	929.151855
1390.361328	819.983337
1389.318359	900.161682
1388.274414	1121.645508
1387.230469	1290.378906
1386.186523	1459.068726
1385.141602	1529.567261
1384.097656	1205.196533
1383.052734	1555.717896
1382.007813	1516.194702
1380.961914	1622.598511
1379.916992	1609.434326
1378.871094	1266.393921
1377.825195	1274.870239
1376.778320	1085.024414
1375.732422	1043.419800
1374.685547	1257.424316
1373.638672	948.381714
1372.591797	773.199951
1371.543945	1032.546143
1370.497070	902.813599
1369.449219	644.311523
1368.400391	791.465454
1367.352539	1036.373535
1366.303711	525.319641
1365.255859	853.663696
1364.206055	905.394470
1363.157227	606.846619
1362.108398	725.369080
1361.058594	553.263855
1360.008789	752.747803
1358.958984	675.988342
1357.908203	404.084686
1356.857422	1008.099060
1355.806641	757.695190
1354.755859	604.952759
1353.705078	621.150696
1352.653320	449.511139
1351.601563	529.951782
1350.549805	539.075806
1349.498047	602.865234
1348.445313	531.220032
1347.393555	616.395630
1346.340820	518.690552
1345.287109	449.526398
1344.234375	316.326385
1343.180664	643.586426
1342.126953	249.432983
1341.073242	469.850037
1340.019531	244.319626
1338.964844	341.363037
1337.910156	262.956299
1336.855469	198.813843
1335.799805	217.642593
1334.745117	253.064682
1333.689453	-40.751740
1332.633789	-114.201851
1331.578125	167.520599
1330.521484	-52.684006
1329.464844	84.560577
1328.408203	219.390717
1327.351563	-47.959579
1326.294922	6.450730
1325.237305	25.371695
1324.179688	-241.742340
1323.122070	127.030144
1322.064453	-40.731117
1321.005859	-246.219376
1319.947266	16.047039
1318.888672	308.903717
1317.830078	-99.540314
1316.770508	-23.931334
1315.710938	91.766953
1314.651367	134.282745
1313.591797	-103.915504
1312.531250	98.992744
1311.471680	-367.792725
1310.411133	92.041420
1309.349609	-98.800034
1308.289063	129.869019
1307.227539	136.992798
1306.166016	64.039200
1305.104492	-20.652170
1304.042969	73.617630
1302.980469	-199.338531
1301.917969	146.720688
1300.855469	179.722778
1299.792969	118.626480
1298.729492	-92.956451
1297.666016	-81.085464
1296.602539	-182.047882
1295.539063	-62.052887
1294.474609	130.722229
1293.411133	257.647064
1292.346680	100.328232
1291.281250	-106.240303
1290.216797	46.471188
1289.151367	-96.622032
1288.085938	95.904976
1287.020508	46.704411
1285.955078	51.473389
1284.888672	140.653885
1283.822266	35.200157
1282.755859	89.182396
1281.689453	47.059464
1280.622070	58.833931
1279.554688	-44.176655
1278.487305	5.082304
1277.419922	513.243530
1276.351563	311.870178
1275.283203	-1.757282
1274.214844	204.212631
1273.146484	75.557213
1272.077148	14.775208
1271.008789	178.511566
1269.939453	35.906441
1268.869141	96.705887
1267.799805	262.642761
1266.729492	157.482239
1265.659180	45.358337
1264.588867	85.079643
1263.517578	416.625458
1262.447266	101.429787
1261.375977	565.849670
1260.304688	313.747711
1259.232422	178.386383
1258.161133	199.352081
1257.088867	220.300720
1256.016602	38.419083
1254.943359	252.834976
1253.871094	308.707062
1252.797852	541.603394
1251.724609	383.091614
1250.650391	508.742981
1249.577148	657.626221
1248.502930	631.862305
1247.428711	496.731659
1246.354492	249.980576
1245.279297	456.928345
1244.204102	259.125061
1243.128906	279.969299
1242.053711	547.215088
1240.977539	189.152451
1239.902344	175.145126
1238.826172	302.847321
1237.750000	356.170410
1236.672852	244.597885
1235.595703	323.443512
1234.518555	28.566801
1233.441406	265.223816
1232.364258	299.934265
1231.286133	123.552773
1230.208008	186.103989
1229.129883	441.066650
1228.051758	179.009293
1226.972656	146.493607
1225.893555	25.948578
1224.814453	-64.424431
1223.734375	-8.858636
1222.655273	169.411865
1221.575195	51.289597
1220.495117	-106.120720
1219.415039	83.628410
1218.333984	148.366318
1217.252930	-184.733917
1216.171875	-36.711128
1215.090820	-219.342438
1214.008789	-108.355095
1212.926758	-48.247932
1211.844727	-126.782440
1210.762695	178.154892
1209.679688	-175.198303
1208.597656	-52.767742
1207.513672	7.278154
1206.430664	11.924675
1205.347656	-15.727262
1204.263672	-209.451706
1203.179688	-202.438950
1202.095703	-89.356766
1201.010742	-47.785782
1199.925781	-202.127289
1198.840820	212.749786
1197.755859	95.296837
1196.670898	-91.192924
1195.584961	162.217468
1194.499023	-208.365524
1193.413086	-65.502235
1192.326172	-12.443153
1191.239258	95.816559
1190.152344	144.236099
1189.065430	70.764900
1187.978516	310.016418
1186.890625	64.160172
1185.802734	50.530968
1184.714844	218.431747
1183.625977	126.690231
1182.538086	55.676914
1181.449219	53.584183
1180.360352	-182.643845
1179.270508	122.871368
1178.180664	162.097336
1177.090820	70.559616
1176.000977	252.002472
1174.911133	509.049103
1173.820313	169.935532
1172.729492	353.562744
1171.638672	-58.666775
1170.547852	86.008789
1169.456055	141.300110
1168.364258	196.580750
1167.272461	270.165253
1166.179688	172.055313
1165.087891	428.716553
1163.995117	570.874939
1162.902344	763.308228
1161.808594	987.680298
1160.715820	740.974060
1159.622070	823.554382
1158.528320	631.866882
1157.433594	392.288208
1156.339844	561.742676
1155.245117	146.458466
1154.149414	185.755890
1153.054688	398.553192
1151.958984	554.205566
1150.863281	148.474854
1149.767578	413.646118
1148.671875	484.844330
1147.575195	104.518578
1146.478516	287.487244
1145.381836	39.603703
1144.285156	211.139374
1143.187500	-38.872616
1142.089844	383.180878
1140.992188	46.733315
1139.894531	115.710335
1138.795898	-220.505310
1137.697266	-37.691208
1136.598633	-189.404160
1135.499023	-47.601265
1134.400391	114.623268
1133.300781	-118.841812
1132.201172	-143.055466
1131.100586	55.470543
1130.000977	-14.192152
1128.900391	-11.121521
1127.799805	132.767899
1126.698242	97.220200
1125.596680	48.076672
1124.495117	-55.504807
1123.393555	-50.112453
1122.291992	182.149887
1121.189453	99.045853
1120.086914	369.733002
1118.984375	438.537079
1117.881836	573.049561
1116.778320	789.084839
1115.674805	504.337494
1114.571289	496.062927
1113.466797	657.636108
1112.363281	658.401489
1111.258789	767.816528
1110.153320	775.347412
1109.048828	343.953918
1107.943359	464.685181
1106.837891	300.417175
1105.732422	461.809540
1104.625977	507.842712
1103.520508	467.983948
1102.414063	138.925049
1101.306641	268.581451
1100.200195	334.949677
1099.092773	-0.635904
1097.985352	151.540390
1096.877930	46.354897
1095.769531	-52.020622
1094.661133	354.975189
1093.552734	141.542847
1092.444336	162.712952
1091.335938	44.098103
1090.226563	-110.538208
1089.117188	-84.837799
1088.006836	215.691315
1086.897461	189.486862
1085.787109	16.910442
1084.676758	272.163971
1083.566406	230.178299
1082.455078	167.943420
1081.343750	281.213928
1080.232422	380.924622
1079.121094	190.478989
1078.008789	193.456787
1076.896484	261.606750
1075.784180	594.892883
1074.671875	220.269516
1073.558594	277.083832
1072.445313	111.520164
1071.332031	87.466324
1070.217773	119.519508
1069.104492	144.808960
1067.990234	82.555267
1066.875977	255.848984
1065.760742	334.841919
1064.645508	-21.219109
1063.530273	131.729477
1062.415039	154.593033
1061.299805	103.476151
1060.183594	180.040283
1059.067383	-148.842697
1057.951172	272.525543
1056.833984	26.536840
1055.716797	107.402977
1054.599609	44.992188
1053.482422	2.709817
1052.364258	257.883148
1051.247070	-19.293585
1050.128906	-119.768440
1049.009766	112.797424
1047.891602	173.157028
1046.772461	34.608196
1045.653320	146.249664
1044.533203	-101.737976
1043.414063	-191.132736
1042.293945	25.265350
1041.173828	-46.356987
1040.052734	-126.918892
1038.932617	-187.409027
1037.811523	-140.879639
1036.689453	-118.948929
1035.568359	-34.656105
1034.446289	49.544022
1033.324219	-180.499435
1032.202148	57.296654
1031.079102	114.536308
1029.957031	-182.315369
1028.833984	-194.158859
1027.709961	-252.793930
1026.586914	-11.071651
1025.462891	1.351438
1024.338867	-117.503296
1023.214844	6.002007
1022.089844	-188.505447
1020.964844	114.857185
1019.839844	160.270782
1018.714844	-27.652121
1017.588867	77.610039
1016.462891	127.250900
1015.336914	-18.550562
1014.210938	-71.132942
1013.083984	109.228302
1011.957031	-247.423325
1010.830078	141.251389
1009.702148	95.054962
1008.574219	341.449097
1007.446289	627.558167
1006.318359	1108.469482
1005.190430	1697.647339
1004.061523	2213.388184
1002.932617	1778.839600
1001.802734	1346.626221
1000.673828	347.915222
999.543945	192.690628
998.414063	77.287842
997.283203	269.309784
996.153320	335.127350
995.022461	374.304260
993.891602	563.691833
992.759766	447.949554
991.628906	683.480042
990.497070	695.723633
989.364258	1096.546997
988.232422	1088.669800
987.099609	1436.090576
985.966797	1805.342896
984.833984	1536.721436
983.700195	1552.686279
982.566406	1764.839355
981.432617	1652.710083
980.298828	1428.136230
979.164063	1362.249512
978.029297	1241.232422
976.894531	1045.297852
975.759766	726.045654
974.624023	514.742004
973.488281	609.433167
972.352539	644.580261
971.215820	543.209167
970.080078	430.815460
968.943359	313.989868
967.805664	236.707092
966.668945	482.535309
965.531250	332.569000
964.393555	611.056335
963.254883	430.212585
962.117188	282.329132
960.978516	433.046997
959.839844	186.284668
958.700195	255.589310
957.561523	427.928741
956.421875	472.867462
955.281250	386.111023
954.141602	667.705811
953.000977	683.833374
951.860352	732.758423
950.719727	540.557983
949.578125	731.736084
948.436523	581.091064
947.294922	303.444153
946.153320	570.962280
945.010742	398.358429
943.868164	212.638290
942.725586	265.394714
941.583008	361.808502
940.439453	423.117950
939.295898	226.372101
938.152344	49.327995
937.007813	44.921204
935.863281	81.966629
934.718750	64.336685
933.574219	291.228027
932.428711	76.955101
931.283203	-58.694202
930.137695	6.422199
928.992188	141.270645
927.845703	-138.412521
926.699219	-147.618439
925.552734	56.785374
924.405273	64.877068
923.257813	94.714561
922.110352	198.569077
920.962891	-26.553699
919.814453	-120.964272
918.666016	180.864288
917.517578	216.976807
916.369141	24.552887
915.219727	202.026260
914.070313	48.777588
912.920898	280.476807
911.770508	-11.918838
910.621094	106.615852
909.470703	-120.451958
908.319336	63.170849
907.168945	-94.308739
906.017578	39.250336
904.866211	111.947815
903.713867	-60.682720
902.562500	7.649850
901.410156	58.578861
900.256836	11.864453
899.104492	253.598587
897.951172	94.127602
896.797852	-47.925129
895.644531	161.155685
894.490234	-43.668373
893.335938	-96.762169
892.181641	-13.388865
891.027344	26.664972
889.872070	155.452896
888.716797	22.360027
887.561523	-71.704826
886.405273	-66.207512
885.249023	-21.759018
884.092773	-143.770813
882.936523	108.249947
881.779297	-143.332306
880.622070	-109.570045
879.464844	161.822571
878.307617	-0.925258
877.149414	607.203491
875.991211	4.185476
874.833008	7.898380
873.673828	56.964851
872.514648	127.638779
871.355469	189.715790
870.196289	193.620453
869.036133	72.561592
867.875977	289.962769
866.715820	80.748566
865.554688	132.331100
864.394531	354.105011
863.233398	399.302216
862.071289	343.386475
860.910156	423.169952
859.748047	597.662231
858.585938	503.292206
857.422852	264.970490
856.259766	192.406967
855.096680	347.822876
853.933594	271.179749
852.770508	196.827698
851.606445	421.177795
850.442383	224.628769
849.277344	-16.808571
848.113281	321.536987
846.948242	217.766708
845.783203	343.730011
844.617188	130.844208
843.451172	188.388123
842.285156	216.016266
841.119141	140.875351
839.952148	14.463109
838.785156	-88.186447
837.618164	252.733398
836.451172	231.726578
835.283203	41.728630
834.115234	-83.824760
832.947266	15.521356
831.778320	-58.336330
830.609375	169.584213
829.440430	192.257278
828.271484	463.073120
827.101563	353.444366
825.931641	111.529984
824.761719	175.399719
823.590820	247.937103
822.420898	34.453327
821.250000	440.364502
820.078125	506.861542
818.907227	518.014404
817.735352	294.642181
816.562500	395.744110
815.390625	541.752319
814.217773	502.375183
813.044922	305.456787
811.872070	-10.535572
810.698242	300.141693
809.524414	265.790985
808.350586	18.680141
807.176758	165.713562
806.001953	-178.829788
804.827148	72.789009
803.651367	113.839218
802.476563	-100.190758
801.300781	19.903715
800.125000	16.803932
798.948242	196.664078
797.772461	17.492466
796.595703	10.654605
795.417969	131.423462
794.241211	171.612793
793.063477	335.080811
791.885742	277.899597
790.707031	261.223572
789.529297	435.655884
788.350586	124.461655
787.170898	101.956001
785.992188	90.221390
784.812500	449.554626
783.632813	418.983032
782.452148	272.059540
781.272461	303.267395
780.091797	468.009460
778.911133	188.251450
777.729492	-129.328720
776.547852	-209.627106
775.366211	29.687311
774.184570	209.806763
773.001953	220.809525
771.819336	7.853200
770.636719	-135.132050
769.453125	-60.288750
768.269531	-2.264658
767.085938	-146.903442
765.902344	-162.562576
764.717773	-201.329987
763.533203	-9.928565
762.348633	-116.034485
761.163086	-184.020981
759.977539	247.950958
758.791992	-182.584274
757.606445	19.573618
756.419922	19.389114
755.233398	-176.680389
754.046875	61.356075
752.859375	92.949150
751.672852	-279.681427
750.485352	74.151939
749.296875	396.297333
748.108398	61.865513
746.919922	127.298027
745.731445	83.368362
744.542969	146.713242
743.353516	239.470245
742.164063	178.780838
740.973633	330.331299
739.783203	-47.537895
738.592773	282.489258
737.402344	343.597900
736.211914	-101.222252
735.020508	79.517494
733.829102	182.508926
732.636719	-129.911728
731.444336	132.371094
730.251953	29.667305
729.059570	157.523087
727.866211	182.567352
726.673828	100.673027
725.479492	94.143982
724.286133	106.376190
723.091797	-7.106529
721.897461	50.999371
720.703125	-87.734390
719.507813	101.947685
718.312500	19.507748
717.117188	1.804822
715.921875	57.153099
714.725586	101.884148
713.529297	158.988220
712.332031	21.621096
711.135742	57.522205
709.938477	542.204346
708.740234	264.482117
707.542969	479.297333
706.344727	846.158630
705.146484	981.095398
703.948242	1316.009277
702.749023	1417.027100
701.549805	1394.800415
700.350586	1276.510986
699.150391	1135.151123
697.950195	662.414734
696.750000	289.666229
695.549805	314.588470
694.348633	437.121735
693.147461	301.303864
691.946289	444.152924
690.744141	416.127441
689.541992	300.544312
688.339844	388.563660
687.136719	108.371391
685.934570	461.972168
684.730469	491.042694
683.527344	312.155823
682.323242	239.049652
681.119141	178.225784
679.915039	221.012329
678.710938	473.181396
677.505859	144.074768
676.300781	196.607666
675.094727	83.017609
673.889648	39.799648
672.683594	342.593475
671.476563	373.595428
670.270508	184.819565
669.063477	-86.871803
667.856445	275.129120
666.648438	-40.184696
665.440430	-3.566462
664.232422	72.264557
663.024414	23.851936
661.815430	-34.938053
660.606445	115.122780
659.397461	-78.096146
658.188477	158.705551
656.978516	44.117966
655.768555	214.739822
654.557617	195.328201
653.346680	-18.079760
652.135742	-18.612106
650.924805	20.233555
649.712891	-209.007507
648.501953	104.664627
647.289063	-225.068130
646.077148	-168.740265
644.864258	-155.400146
643.651367	-184.972824
642.438477	-168.777435
641.224609	-34.707230
640.010742	19.487827
638.796875	173.051422
637.582031	259.219238
636.367188	150.488876
635.152344	254.466293
633.937500	134.947266
632.721680	100.644249
631.505859	141.281128
630.289063	386.377869
629.073242	613.896118
627.856445	480.797424
626.639648	476.303894
625.421875	407.360565
624.204102	553.324524
622.986328	29.410978
621.768555	149.599930
620.549805	-102.070145
619.331055	87.039749
618.111328	70.739502
616.892578	-167.148865
