1721.000977	206.347900
1720.027344	-205.696701
1719.052734	164.117157
1718.078125	-27.173315
1717.104492	131.528412
1716.128906	-6.298586
1715.154297	90.430237
1714.178711	47.297363
1713.204102	-358.508942
1712.228516	-104.274139
1711.251953	110.192665
1710.276367	108.277946
1709.299805	66.817429
1708.324219	-116.476715
1707.347656	224.059967
1706.370117	-281.142059
1705.393555	-14.235984
1704.416016	-193.500671
1703.438477	-0.082054
1702.460938	246.170624
1701.483398	-229.429108
1700.505859	-33.264286
1699.527344	-32.121761
1698.548828	-36.727779
1697.570313	139.437393
1696.591797	3.365012
1695.612305	-46.410435
1694.632813	360.320374
1693.653320	107.865784
1692.673828	-252.115326
1691.694336	-155.660446
1690.713867	-49.468834
1689.734375	224.678818
1688.753906	-72.829773
1687.772461	-102.892258
1686.791992	124.237206
1685.810547	75.754402
1684.830078	4.162262
1683.848633	69.880470
1682.866211	64.023056
1681.884766	164.966751
1680.902344	247.842606
1679.919922	147.296829
1678.937500	41.577660
1677.955078	85.889679
1676.971680	43.570164
1675.989258	47.004570
1675.005859	263.896606
1674.022461	-208.204803
1673.038086	-339.640930
1672.054688	245.510498
1671.070313	-127.322945
1670.085938	20.651438
1669.101563	-98.039375
1668.117188	-188.732239
1667.131836	149.560379
1666.146484	-329.367218
1665.161133	133.232483
1664.175781	73.165115
1663.189453	-128.868622
1662.204102	-234.347305
1661.217773	220.500290
1660.231445	421.808960
1659.245117	9.909409
1658.257813	-143.339157
1657.270508	-141.905090
1656.284180	-236.542816
1655.295898	5.633237
1654.308594	-5.253073
1653.321289	4.241814
1652.333008	-59.547668
1651.344727	-62.460033
1650.356445	-224.566315
1649.367188	38.315113
1648.378906	172.341217
1647.389648	331.700043
1646.400391	185.367249
1645.411133	-119.928902
1644.420898	163.590347
1643.431641	-131.155457
1642.441406	76.815163
1641.451172	67.753052
1640.459961	89.104668
1639.469727	246.912277
1638.478516	-51.865559
1637.487305	426.528290
1636.496094	153.378693
1635.504883	225.919632
1634.512695	-89.644737
1633.520508	217.585846
1632.528320	575.243286
1631.536133	418.986572
1630.543945	393.927856
1629.550781	353.884705
1628.557617	719.353394
1627.564453	722.359680
1626.571289	941.944763
1625.578125	1201.841187
1624.583984	1320.870850
1623.589844	1402.270630
1622.595703	1586.874390
1621.601563	1527.691772
1620.606445	1928.595337
1619.611328	1743.958130
1618.616211	2029.351807
1617.621094	1922.906738
1616.625977	1648.374146
1615.629883	1610.068848
1614.633789	1750.135742
1613.637695	1551.447388
1612.641602	1671.633789
1611.645508	1924.848389
1610.648438	1984.906006
1609.651367	1796.795044
1608.654297	1849.551636
1607.657227	1887.356323
1606.659180	2235.969971
1605.662109	2201.217773
1604.664063	2001.210083
1603.666016	2314.809570
1602.666992	2503.136230
1601.668945	2270.921143
1600.669922	2274.130859
1599.670898	1759.424072
1598.671875	1958.051880
1597.671875	1808.951660
1596.672852	2067.657715
1595.672852	1611.200317
1594.672852	1394.984009
1593.671875	1413.825317
1592.671875	893.019897
1591.670898	1066.973633
1590.669922	838.778320
1589.668945	1065.224121
1588.667969	912.128540
1587.666016	971.293335
1586.664063	448.993561
1585.662109	613.113281
1584.660156	350.634369
1583.658203	285.331512
1582.655273	461.936615
1581.652344	122.447273
1580.649414	580.728271
1579.646484	17.140545
1578.642578	151.388885
1577.638672	171.025620
1576.634766	185.693069
1575.630859	140.619476
1574.626953	80.646446
1573.622070	160.057388
1572.618164	-49.162090
1571.613281	338.760132
1570.607422	261.372986
1569.602539	-96.939491
1568.596680	-52.357983
1567.590820	-214.107315
1566.584961	200.779526
1565.579102	-13.124890
1564.572266	-67.985741
1563.566406	-249.461823
1562.559570	18.547947
1561.551758	-9.016424
1560.544922	3.166823
1559.537109	-332.105682
1558.530273	-71.773796
1557.521484	123.885590
1556.513672	-27.712397
1555.505859	14.134835
1554.497070	-182.053650
1553.488281	-103.072380
1552.479492	-145.555115
1551.470703	-71.596458
1550.460938	-302.372437
1549.451172	-218.575821
1548.441406	-164.539322
1547.431641	42.923882
1546.421875	299.774139
1545.411133	133.366943
1544.400391	-92.357384
1543.389648	-58.321129
1542.378906	161.127655
1541.367188	26.914955
1540.355469	75.637604
1539.343750	-36.306202
1538.332031	-59.283817
1537.320313	-235.416473
1536.307617	304.643921
1535.294922	-76.501617
1534.282227	33.728958
1533.269531	40.230240
1532.256836	-69.263283
1531.243164	13.663096
1530.229492	71.864555
1529.215820	83.165565
1528.202148	-134.843735
1527.187500	-138.365677
1526.172852	87.279343
1525.158203	120.630806
1524.143555	156.407928
1523.127930	-224.099304
1522.113281	33.304115
1521.097656	-93.489754
1520.082031	97.257553
1519.065430	-19.718502
1518.049805	301.288940
1517.033203	-39.550564
1516.016602	473.083618
1515.000000	370.813416
1513.982422	89.100983
1512.965820	9.047881
1511.948242	-34.156612
1510.930664	227.269226
1509.913086	19.455248
1508.894531	-215.315842
1507.875977	279.147888
1506.857422	267.765472
1505.838867	187.670731
1504.820313	141.954636
1503.800781	54.517204
1502.781250	349.702850
1501.761719	527.067383
1500.742188	-165.899765
1499.721680	327.635254
1498.702148	274.555267
1497.681641	118.577538
1496.661133	131.675400
1495.639648	524.315613
1494.618164	417.334717
1493.597656	584.592712
1492.576172	443.404816
1491.553711	211.721588
1490.532227	227.253815
1489.509766	-82.519051
1488.487305	43.098885
1487.464844	-46.449615
1486.442383	93.809471
1485.418945	-95.898880
1484.395508	-53.406200
1483.372070	382.351379
1482.348633	-246.808304
1481.324219	78.953133
1480.300781	-173.900208
1479.276367	239.623596
1478.251953	404.114685
1477.226563	-48.662552
1476.202148	240.271271
1475.176758	-90.286888
1474.151367	198.573257
1473.125000	31.510824
1472.099609	176.516510
1471.073242	-34.245144
1470.046875	37.682816
1469.020508	-428.596680
1467.994141	293.585754
1466.966797	-33.731567
1465.939453	301.138519
1464.912109	309.849731
1463.884766	201.833099
1462.856445	543.857666
1461.829102	922.291809
1460.800781	831.355774
1459.772461	606.822449
1458.743164	516.074158
1457.714844	1144.646851
1456.685547	891.183105
1455.656250	1198.908447
1454.625977	1101.037720
1453.596680	1270.336548
1452.566406	1298.827148
1451.536133	808.070374
1450.505859	858.610596
1449.474609	928.576965
1448.444336	739.124817
1447.413086	627.378601
1446.381836	1075.707520
1445.350586	1080.409546
1444.318359	845.278198
1443.286133	486.776215
1442.253906	765.482788
1441.221680	806.840332
1440.189453	458.490479
1439.156250	475.820892
1438.123047	493.223358
1437.089844	307.472321
1436.056641	566.959290
1435.022461	265.326172
1433.988281	89.632263
1432.954102	421.741730
1431.919922	183.424942
1430.885742	97.522560
1429.850586	-326.491180
1428.815430	201.383926
1427.780273	-502.409973
1426.744141	194.425766
1425.708984	232.135925
1424.672852	-34.175007
1423.636719	-372.659790
1422.600586	376.990753
1421.563477	106.247643
1420.527344	-200.422928
1419.490234	-101.907707
1418.452148	-58.795708
1417.415039	136.222382
1416.376953	-73.497490
1415.338867	99.933868
1414.300781	138.536423
1413.262695	-150.205063
1412.224609	25.834814
1411.185547	-17.122200
1410.146484	7.406173
1409.107422	-287.907898
1408.067383	-130.877533
1407.027344	365.213501
1405.987305	46.252129
1404.947266	39.976875
1403.907227	250.067596
1402.866211	37.324841
1401.826172	40.968384
1400.785156	167.157806
1399.743164	84.495087
1398.702148	623.691467
1397.660156	219.594589
1396.618164	633.946716
1395.576172	829.931519
1394.533203	1119.447754
1393.491211	1337.029663
1392.448242	1216.580688
1391.405273	1359.932129
1390.361328	1872.327026
1389.318359	2147.447021
1388.274414	2487.204102
1387.230469	2836.491699
1386.186523	3274.321289
1385.141602	3333.838623
1384.097656	3247.470215
1383.052734	3623.003906
1382.007813	3742.516357
1380.961914	3768.782227
1379.916992	3484.317139
1378.871094	3666.218262
1377.825195	3465.729492
1376.778320	2761.204102
1375.732422	2976.891357
1374.685547	2803.228760
1373.638672	2522.280273
1372.591797	2210.513916
1371.543945	2144.818604
1370.497070	2117.454102
1369.449219	1739.437378
1368.400391	1650.302979
1367.352539	1284.669312
1366.303711	1427.155518
1365.255859	1476.718994
1364.206055	1080.619507
1363.157227	1621.287598
1362.108398	1735.362549
1361.058594	1799.445313
1360.008789	1544.488403
1358.958984	1382.588745
1357.908203	1535.031128
1356.857422	1994.498169
1355.806641	1770.993164
1354.755859	1592.870605
1353.705078	1498.149170
1352.653320	1234.719604
1351.601563	1175.932007
1350.549805	1516.551025
1349.498047	1201.263550
1348.445313	947.944458
1347.393555	982.243408
1346.340820	1154.321777
1345.287109	775.573364
1344.234375	620.217529
1343.180664	745.025452
1342.126953	376.342560
1341.073242	411.160126
1340.019531	718.781860
1338.964844	466.743713
1337.910156	437.726715
1336.855469	138.604858
1335.799805	230.648712
1334.745117	460.150116
1333.689453	286.952118
1332.633789	220.465668
1331.578125	-47.169598
1330.521484	270.020386
1329.464844	54.676785
1328.408203	187.294693
1327.351563	-219.408218
1326.294922	-252.206421
1325.237305	15.343243
1324.179688	278.112030
1323.122070	11.419233
1322.064453	122.970779
1321.005859	-346.637573
1319.947266	-284.554352
1318.888672	-66.585320
1317.830078	108.846565
1316.770508	-27.326757
1315.710938	-319.136902
1314.651367	0.305661
1313.591797	562.620972
1312.531250	63.483356
1311.471680	-289.185608
1310.411133	-82.989212
1309.349609	-136.096329
1308.289063	-179.691208
1307.227539	-369.290863
1306.166016	246.728806
1305.104492	-140.594193
1304.042969	-219.296082
1302.980469	-250.866089
1301.917969	136.487671
1300.855469	217.865692
1299.792969	21.688803
1298.729492	220.702362
1297.666016	22.323071
1296.602539	139.049881
1295.539063	251.061447
1294.474609	184.470490
1293.411133	-135.744446
1292.346680	434.315033
1291.281250	-137.027725
1290.216797	221.564926
1289.151367	514.300293
1288.085938	-49.561592
1287.020508	308.849457
1285.955078	-118.627716
1284.888672	80.217651
1283.822266	473.594788
1282.755859	477.721466
1281.689453	467.803802
1280.622070	319.665955
1279.554688	-34.525887
1278.487305	225.051544
1277.419922	325.315308
1276.351563	-5.195380
1275.283203	436.798798
1274.214844	155.582108
1273.146484	464.032593
1272.077148	578.220825
1271.008789	266.803772
1269.939453	231.388443
1268.869141	305.841187
1267.799805	1018.248657
1266.729492	216.393631
1265.659180	-122.608665
1264.588867	386.268280
1263.517578	425.618744
1262.447266	453.302582
1261.375977	632.665405
1260.304688	592.623169
1259.232422	386.965454
1258.161133	547.579468
1257.088867	824.701538
1256.016602	10.685154
1254.943359	469.589508
1253.871094	373.719696
1252.797852	946.499756
1251.724609	1032.232300
1250.650391	985.171875
1249.577148	824.069031
1248.502930	1077.343872
1247.428711	655.627075
1246.354492	617.992310
1245.279297	650.135803
1244.204102	747.383484
1243.128906	570.215210
1242.053711	651.153931
1240.977539	904.016968
1239.902344	991.804565
1238.826172	703.195068
1237.750000	851.342529
1236.672852	314.396515
1235.595703	810.768982
1234.518555	545.611755
1233.441406	503.330566
1232.364258	535.299927
1231.286133	407.184967
1230.208008	580.581299
1229.129883	290.195496
1228.051758	-46.437740
1226.972656	15.655325
1225.893555	320.988342
1224.814453	-469.505524
1223.734375	53.459988
1222.655273	175.619690
1221.575195	-209.265961
1220.495117	-147.319992
1219.415039	280.183777
1218.333984	-97.593353
1217.252930	343.538116
1216.171875	162.429382
1215.090820	-20.923800
1214.008789	380.538269
1212.926758	-84.756508
1211.844727	-9.246011
1210.762695	218.659302
1209.679688	23.823824
1208.597656	-272.513458
1207.513672	-388.723541
1206.430664	-112.564934
1205.347656	-48.817764
1204.263672	-130.457458
1203.179688	152.303329
1202.095703	-153.043488
1201.010742	-20.297594
1199.925781	105.453423
1198.840820	69.830391
1197.755859	142.473679
1196.670898	192.035355
1195.584961	80.344658
1194.499023	242.642151
1193.413086	20.466663
1192.326172	260.885651
1191.239258	179.077271
1190.152344	-139.626709
1189.065430	141.984436
1187.978516	239.519836
1186.890625	93.320358
1185.802734	-98.802986
1184.714844	-150.713699
1183.625977	-198.047531
1182.538086	379.302246
1181.449219	464.990204
1180.360352	291.221863
1179.270508	477.806824
1178.180664	824.903809
1177.090820	357.434479
1176.000977	784.625183
1174.911133	652.100647
1173.820313	764.889160
1172.729492	531.508911
1171.638672	662.549438
1170.547852	697.283997
1169.456055	922.068909
1168.364258	1087.184082
1167.272461	618.019836
1166.179688	886.061340
1165.087891	1087.599487
1163.995117	1087.670898
1162.902344	1659.563599
1161.808594	1842.383667
1160.715820	1647.847656
1159.622070	1885.386963
1158.528320	1958.242432
1157.433594	1402.676514
1156.339844	1162.581665
1155.245117	1114.392944
1154.149414	404.004456
1153.054688	680.101868
1151.958984	736.928589
1150.863281	373.835144
1149.767578	321.133698
1148.671875	327.718475
1147.575195	623.851563
1146.478516	126.445923
1145.381836	-28.877625
1144.285156	230.571960
1143.187500	248.357407
1142.089844	252.430862
1140.992188	8.241179
1139.894531	-285.962006
1138.795898	-161.256744
1137.697266	-478.140015
1136.598633	56.016670
1135.499023	-69.790596
1134.400391	234.261154
1133.300781	67.469170
1132.201172	7.547430
1131.100586	61.230186
1130.000977	187.574936
1128.900391	-15.586168
1127.799805	12.960939
1126.698242	-249.209808
1125.596680	-0.521024
1124.495117	209.429123
1123.393555	396.546356
1122.291992	197.873154
1121.189453	790.795715
1120.086914	1133.969727
1118.984375	1168.620972
1117.881836	1309.737427
1116.778320	2080.701172
1115.674805	1811.367065
1114.571289	1807.121094
1113.466797	1587.677612
1112.363281	1780.352539
1111.258789	1592.601929
1110.153320	1920.839111
1109.048828	1624.431152
1107.943359	1445.716675
1106.837891	1255.718506
1105.732422	1479.514404
1104.625977	1088.282715
1103.520508	1076.867432
1102.414063	561.516785
1101.306641	493.601166
1100.200195	942.863037
1099.092773	1014.769287
1097.985352	533.507202
1096.877930	460.908051
1095.769531	275.438995
1094.661133	750.982788
1093.552734	698.476135
1092.444336	222.004181
1091.335938	36.503590
1090.226563	276.992065
1089.117188	280.696289
1088.006836	92.817383
1086.897461	233.821548
1085.787109	476.010345
1084.676758	409.579315
1083.566406	417.390869
1082.455078	636.638062
1081.343750	644.227539
1080.232422	649.490479
1079.121094	845.828186
1078.008789	749.703186
1076.896484	914.287781
1075.784180	932.647461
1074.671875	1058.761841
1073.558594	766.913208
1072.445313	827.703979
1071.332031	603.234802
1070.217773	502.229187
1069.104492	589.721436
1067.990234	428.011139
1066.875977	174.318192
1065.760742	371.424469
1064.645508	247.713928
1063.530273	45.505932
1062.415039	248.963547
1061.299805	131.816299
1060.183594	294.634796
1059.067383	54.139320
1057.951172	149.539780
1056.833984	596.258179
1055.716797	371.218109
1054.599609	284.922455
1053.482422	41.960110
1052.364258	-241.266754
1051.247070	188.887619
1050.128906	-226.353531
1049.009766	330.762512
1047.891602	404.854614
1046.772461	105.692482
1045.653320	-182.272354
1044.533203	-99.536636
1043.414063	108.101189
1042.293945	-298.316406
1041.173828	-1.704648
1040.052734	-46.712997
1038.932617	62.114723
1037.811523	-232.886673
1036.689453	-483.296478
1035.568359	-459.509521
1034.446289	74.468628
1033.324219	-58.100815
1032.202148	23.117224
1031.079102	-122.999969
1029.957031	-124.428329
1028.833984	-502.193756
1027.709961	-423.699646
1026.586914	-22.714361
1025.462891	-129.244736
1024.338867	8.791539
1023.214844	-215.793777
1022.089844	-360.397461
1020.964844	-309.479828
1019.839844	-165.393112
1018.714844	-181.446609
1017.588867	-131.010040
1016.462891	-16.336237
1015.336914	244.671860
1014.210938	-109.361359
1013.083984	-101.696556
1011.957031	385.015472
1010.830078	-159.971848
1009.702148	532.467224
1008.574219	610.362061
1007.446289	1676.614502
1006.318359	3351.622559
1005.190430	4669.049805
1004.061523	4701.064941
1002.932617	3957.885254
1001.802734	2409.022461
1000.673828	878.459839
999.543945	381.854126
998.414063	445.071869
997.283203	125.441139
996.153320	153.027786
995.022461	191.492050
993.891602	249.693069
992.759766	195.001602
991.628906	100.449379
990.497070	173.649002
989.364258	228.983047
988.232422	125.214432
987.099609	111.826340
985.966797	354.296112
984.833984	296.459930
983.700195	225.246567
982.566406	317.118195
981.432617	278.727478
980.298828	440.805267
979.164063	549.752747
978.029297	215.649918
976.894531	370.583130
975.759766	-73.716553
974.624023	279.069794
973.488281	506.085205
972.352539	211.279526
971.215820	165.077057
970.080078	134.182175
968.943359	402.243439
967.805664	258.851227
966.668945	196.757614
965.531250	479.579376
964.393555	91.980293
963.254883	752.247498
962.117188	577.540222
960.978516	350.060730
959.839844	394.766235
958.700195	467.830505
957.561523	593.421509
956.421875	1028.123657
955.281250	881.274170
954.141602	1120.311157
953.000977	966.693787
951.860352	1641.485840
950.719727	1502.919189
949.578125	1403.710449
948.436523	1457.744019
947.294922	773.716980
946.153320	396.381195
945.010742	804.816162
943.868164	414.278076
942.725586	494.163391
941.583008	700.763245
940.439453	-37.499180
939.295898	518.687500
938.152344	110.649651
937.007813	67.595680
935.863281	245.118484
934.718750	204.060272
933.574219	333.251556
932.428711	436.076508
931.283203	130.620651
930.137695	135.085785
928.992188	43.478416
927.845703	-172.508682
926.699219	4.038580
925.552734	162.994049
924.405273	363.195068
923.257813	31.540388
922.110352	116.087601
920.962891	-45.586098
919.814453	389.391846
918.666016	-9.708379
917.517578	226.893677
916.369141	-113.326157
915.219727	-168.460083
914.070313	-99.624321
912.920898	-276.585114
911.770508	192.174835
910.621094	-389.119019
909.470703	98.955322
908.319336	150.061432
907.168945	46.940578
906.017578	-121.325012
904.866211	40.476971
903.713867	71.934448
902.562500	131.609085
901.410156	-437.940094
900.256836	-454.142914
899.104492	-17.082178
897.951172	-308.698669
896.797852	121.622421
895.644531	46.842010
894.490234	52.255531
893.335938	-80.936256
892.181641	104.297958
891.027344	10.188718
889.872070	121.766129
888.716797	-255.733948
887.561523	-122.424652
886.405273	-45.388908
885.249023	-117.551117
884.092773	-133.407150
882.936523	395.504150
881.779297	474.725189
880.622070	35.456375
879.464844	-176.731705
878.307617	133.860443
877.149414	42.787304
875.991211	359.803711
874.833008	-0.843945
873.673828	199.692108
872.514648	-134.696869
871.355469	298.887878
870.196289	92.048157
869.036133	144.054077
867.875977	-349.058990
866.715820	392.705292
865.554688	61.535309
864.394531	202.293427
863.233398	472.274231
862.071289	488.247833
860.910156	18.040581
859.748047	126.920494
858.585938	259.562439
857.422852	340.663391
856.259766	368.136230
855.096680	537.629333
853.933594	494.463135
852.770508	593.289795
851.606445	372.174255
850.442383	198.586899
849.277344	-137.926697
848.113281	363.049744
846.948242	194.420135
845.783203	122.614960
844.617188	233.336533
843.451172	226.268829
842.285156	-78.600395
841.119141	-355.252167
839.952148	49.879669
838.785156	-16.299320
837.618164	-296.426605
836.451172	368.188354
835.283203	-279.708069
834.115234	-96.574699
832.947266	123.083511
831.778320	-67.916428
830.609375	-162.338837
829.440430	38.635242
828.271484	45.207497
827.101563	52.004063
825.931641	-47.803139
824.761719	788.459961
823.590820	-86.337997
822.420898	335.778992
821.250000	422.745514
820.078125	134.251434
818.907227	652.810120
817.735352	755.345398
816.562500	674.648438
815.390625	496.183960
814.217773	806.271423
813.044922	628.379700
811.872070	167.427643
810.698242	-62.960827
809.524414	107.459435
808.350586	158.829529
807.176758	240.255264
806.001953	-29.295317
804.827148	82.464394
803.651367	-224.677063
802.476563	249.210861
801.300781	29.908409
800.125000	136.259232
798.948242	465.997528
797.772461	-185.866653
796.595703	-125.469719
795.417969	867.582397
794.241211	475.950195
793.063477	887.244263
791.885742	610.934387
790.707031	311.665436
789.529297	848.677429
788.350586	690.011841
787.170898	614.366272
785.992188	789.185852
784.812500	866.677063
783.632813	654.080200
782.452148	986.278931
781.272461	725.547913
780.091797	687.504822
778.911133	385.103363
777.729492	586.797546
776.547852	570.684875
775.366211	106.331543
774.184570	342.483429
773.001953	401.122009
771.819336	-79.113762
770.636719	-22.080173
769.453125	-313.518311
768.269531	181.240936
767.085938	-510.983429
765.902344	-256.727966
764.717773	179.137344
763.533203	237.202118
762.348633	221.566040
761.163086	-116.652580
759.977539	62.166187
758.791992	51.297340
757.606445	-241.886597
756.419922	103.787399
755.233398	95.461525
754.046875	651.828247
752.859375	548.865173
751.672852	29.182335
750.485352	353.972229
749.296875	891.274780
748.108398	811.934021
746.919922	560.235413
745.731445	821.886292
744.542969	406.468994
743.353516	521.035278
742.164063	610.389221
740.973633	374.082581
739.783203	721.899658
738.592773	321.965424
737.402344	81.818863
736.211914	492.526276
735.020508	460.248901
733.829102	365.051941
732.636719	544.682556
731.444336	160.100525
730.251953	811.407410
729.059570	382.888397
727.866211	-164.916245
726.673828	-220.137390
725.479492	103.736206
724.286133	119.572891
723.091797	-11.218569
721.897461	-62.474468
720.703125	76.649765
719.507813	343.237946
718.312500	-193.576828
717.117188	-63.156429
715.921875	-47.882027
714.725586	-124.696564
713.529297	-147.258682
712.332031	358.629700
711.135742	64.197220
709.938477	302.256073
708.740234	736.305542
707.542969	806.849365
706.344727	2070.801758
705.146484	2551.687256
703.948242	3186.538086
702.749023	3710.417969
701.549805	3477.145996
700.350586	2847.834473
699.150391	1706.059814
697.950195	1422.971558
696.750000	979.492126
695.549805	556.896362
694.348633	473.669556
693.147461	-13.422687
691.946289	-3.126674
690.744141	-88.673981
689.541992	243.719513
688.339844	168.294403
687.136719	140.587158
685.934570	279.054962
684.730469	-16.924026
683.527344	480.685913
682.323242	215.778595
681.119141	760.692810
679.915039	140.758545
678.710938	693.639221
677.505859	509.657227
676.300781	408.730865
675.094727	390.810364
673.889648	526.369873
672.683594	321.958130
671.476563	312.516663
670.270508	350.848206
669.063477	-89.204170
667.856445	104.800232
666.648438	555.624573
665.440430	331.666168
664.232422	410.205200
663.024414	375.211334
661.815430	468.796417
660.606445	-130.045029
659.397461	222.834915
658.188477	482.996674
656.978516	392.234344
655.768555	41.761471
654.557617	208.428940
653.346680	416.981934
652.135742	-73.698013
650.924805	59.960949
649.712891	-166.708099
648.501953	71.824898
647.289063	185.410492
646.077148	-347.473480
644.864258	327.027069
643.651367	-434.128784
642.438477	-297.284851
641.224609	-321.864105
640.010742	141.100281
638.796875	-84.381012
637.582031	404.190430
636.367188	186.312851
635.152344	602.094727
633.937500	653.500244
632.721680	252.480103
631.505859	960.063293
630.289063	1133.150879
629.073242	1033.222900
627.856445	1630.436035
626.639648	1098.264526
625.421875	1064.195923
624.204102	1298.042725
622.986328	832.948669
621.768555	554.074829
620.549805	428.659790
619.331055	208.535904
618.111328	-69.094940
616.892578	3.907375
