1721.000977	309.713623
1720.027344	396.692291
1719.052734	52.594131
1718.078125	40.757813
1717.104492	322.572754
1716.128906	118.186592
1715.154297	-207.872330
1714.178711	277.661407
1713.204102	-58.339195
1712.228516	109.512215
1711.251953	-143.955017
1710.276367	-1.256657
1709.299805	-23.497663
1708.324219	30.203489
1707.347656	-108.999222
1706.370117	168.191452
1705.393555	99.072014
1704.416016	-111.493797
1703.438477	288.648560
1702.460938	46.088402
1701.483398	-255.799194
1700.505859	-95.472397
1699.527344	-99.359329
1698.548828	-251.962662
1697.570313	-75.445274
1696.591797	304.870605
1695.612305	286.212616
1694.632813	37.392075
1693.653320	148.206573
1692.673828	220.351105
1691.694336	-235.997955
1690.713867	34.522938
1689.734375	322.547668
1688.753906	39.008537
1687.772461	-170.742767
1686.791992	-84.915489
1685.810547	-50.307743
1684.830078	172.688583
1683.848633	166.163666
1682.866211	-90.091408
1681.884766	22.875576
1680.902344	150.936981
1679.919922	289.050690
1678.937500	434.675079
1677.955078	-101.601295
1676.971680	-40.008018
1675.989258	13.944513
1675.005859	34.776367
1674.022461	42.894798
1673.038086	188.218170
1672.054688	130.276489
1671.070313	135.863007
1670.085938	-92.168182
1669.101563	111.619492
1668.117188	117.363243
1667.131836	161.209015
1666.146484	57.928520
1665.161133	147.594986
1664.175781	-51.857452
1663.189453	-73.643707
1662.204102	-173.884872
1661.217773	-177.685379
1660.231445	-29.302126
1659.245117	304.112885
1658.257813	206.788727
1657.270508	3.246223
1656.284180	407.720215
1655.295898	-246.227448
1654.308594	-6.180593
1653.321289	-19.179214
1652.333008	195.654984
1651.344727	63.961170
1650.356445	66.510208
1649.367188	59.051094
1648.378906	-41.774414
1647.389648	373.188477
1646.400391	78.004646
1645.411133	217.658508
1644.420898	471.035370
1643.431641	32.487194
1642.441406	-135.594452
1641.451172	62.583920
1640.459961	445.036346
1639.469727	348.050293
1638.478516	104.883110
1637.487305	573.262512
1636.496094	171.546295
1635.504883	501.312836
1634.512695	92.451103
1633.520508	167.781464
1632.528320	351.555725
1631.536133	401.863464
1630.543945	452.270691
1629.550781	585.850220
1628.557617	654.034302
1627.564453	671.963074
1626.571289	1009.606445
1625.578125	1181.156982
1624.583984	1211.847778
1623.589844	1506.705933
1622.595703	1464.603638
1621.601563	2043.568970
1620.606445	1895.975952
1619.611328	1987.265259
1618.616211	2071.070313
1617.621094	2074.548096
1616.625977	1756.660400
1615.629883	1848.219116
1614.633789	1957.394409
1613.637695	1875.854980
1612.641602	1754.273560
1611.645508	1858.595947
1610.648438	1940.341431
1609.651367	1738.750122
1608.654297	2016.162720
1607.657227	1874.915771
1606.659180	2029.470215
1605.662109	2427.078369
1604.664063	2208.301758
1603.666016	2570.708984
1602.666992	2499.784180
1601.668945	2461.502197
1600.669922	2583.433105
1599.670898	2380.027588
1598.671875	2104.180908
1597.671875	1938.511475
1596.672852	1988.036011
1595.672852	1785.001465
1594.672852	1484.573120
1593.671875	1854.072510
1592.671875	1411.352417
1591.670898	921.339844
1590.669922	863.641602
1589.668945	823.454407
1588.667969	1035.451538
1587.666016	705.665649
1586.664063	810.254639
1585.662109	425.755219
1584.660156	490.434662
1583.658203	632.396240
1582.655273	372.797943
1581.652344	614.391602
1580.649414	569.233887
1579.646484	107.916534
1578.642578	12.988426
1577.638672	47.607910
1576.634766	403.452911
1575.630859	360.744415
1574.626953	-102.679337
1573.622070	145.847961
1572.618164	436.571075
1571.613281	582.824341
1570.607422	72.313461
1569.602539	278.193573
1568.596680	347.185852
1567.590820	105.398651
1566.584961	77.401230
1565.579102	330.145691
1564.572266	-147.619141
1563.566406	-121.022583
1562.559570	-89.534714
1561.551758	-202.121201
1560.544922	164.362473
1559.537109	-146.838913
1558.530273	-222.229050
1557.521484	42.143478
1556.513672	207.189651
1555.505859	151.447784
1554.497070	-58.036064
1553.488281	364.523529
1552.479492	107.911560
1551.470703	-56.973614
1550.460938	-308.554535
1549.451172	123.395943
1548.441406	-190.102509
1547.431641	219.274475
1546.421875	-178.344009
1545.411133	92.178253
1544.400391	-102.517059
1543.389648	-119.105324
1542.378906	222.812317
1541.367188	25.579210
1540.355469	-302.611847
1539.343750	-111.768036
1538.332031	261.783142
1537.320313	155.933044
1536.307617	-98.115517
1535.294922	213.318954
1534.282227	-3.684574
1533.269531	-8.383007
1532.256836	-0.783216
1531.243164	-40.119740
1530.229492	167.172058
1529.215820	416.261230
1528.202148	278.144989
1527.187500	-123.723602
1526.172852	-27.642950
1525.158203	-251.936035
1524.143555	405.714813
1523.127930	-79.717697
1522.113281	38.324989
1521.097656	136.568253
1520.082031	192.905411
1519.065430	111.367836
1518.049805	140.584610
1517.033203	216.476501
1516.016602	-27.375540
1515.000000	-121.161369
1513.982422	173.439621
1512.965820	37.845676
1511.948242	322.438660
1510.930664	248.237137
1509.913086	-42.077515
1508.894531	70.413078
1507.875977	23.274424
1506.857422	-75.394096
1505.838867	66.475677
1504.820313	350.584717
1503.800781	276.417999
1502.781250	425.462860
1501.761719	275.311035
1500.742188	338.507233
1499.721680	212.938904
1498.702148	187.930450
1497.681641	454.450256
1496.661133	630.251282
1495.639648	416.600006
1494.618164	357.304047
1493.597656	444.952118
1492.576172	395.509033
1491.553711	89.176003
1490.532227	-97.105888
1489.509766	68.874535
1488.487305	303.284027
1487.464844	-161.555237
1486.442383	99.757042
1485.418945	40.851063
1484.395508	-79.071449
1483.372070	23.374165
1482.348633	79.420204
1481.324219	145.228317
1480.300781	152.492477
1479.276367	-50.110378
1478.251953	325.710968
1477.226563	98.833237
1476.202148	340.422485
1475.176758	140.574112
1474.151367	-12.815507
1473.125000	106.888359
1472.099609	-14.625368
1471.073242	56.422798
1470.046875	390.585144
1469.020508	96.339912
1467.994141	104.212166
1466.966797	172.981537
1465.939453	395.125732
1464.912109	-3.252136
1463.884766	386.849548
1462.856445	501.980133
1461.829102	493.147156
1460.800781	581.623657
1459.772461	692.019470
1458.743164	1098.907837
1457.714844	968.771790
1456.685547	1057.373535
1455.656250	1143.599609
1454.625977	933.613403
1453.596680	784.522217
1452.566406	999.631714
1451.536133	974.503845
1450.505859	719.003296
1449.474609	453.977142
1448.444336	810.004272
1447.413086	986.535767
1446.381836	932.804871
1445.350586	644.113464
1444.318359	324.125549
1443.286133	631.800537
1442.253906	728.733215
1441.221680	210.678421
1440.189453	271.559021
1439.156250	756.070618
1438.123047	289.453278
1437.089844	290.086639
1436.056641	583.518494
1435.022461	243.296295
1433.988281	229.737610
1432.954102	175.206436
1431.919922	-14.534828
1430.885742	206.694153
1429.850586	-197.777374
1428.815430	318.265747
1427.780273	117.019432
1426.744141	113.914696
1425.708984	-60.420628
1424.672852	-19.808487
1423.636719	-53.893841
1422.600586	-34.777863
1421.563477	148.424072
1420.527344	167.725113
1419.490234	-225.101898
1418.452148	303.006195
1417.415039	-323.176605
1416.376953	21.873226
1415.338867	65.825859
1414.300781	-212.802948
1413.262695	310.529846
1412.224609	215.144623
1411.185547	-137.596512
1410.146484	32.038319
1409.107422	100.693626
1408.067383	27.524755
1407.027344	-64.729057
1405.987305	61.943775
1404.947266	260.785248
1403.907227	-35.345448
1402.866211	413.504364
1401.826172	175.358383
1400.785156	-113.014435
1399.743164	393.530487
1398.702148	343.109741
1397.660156	587.996887
1396.618164	638.550659
1395.576172	506.891693
1394.533203	855.051575
1393.491211	939.438538
1392.448242	1467.389648
1391.405273	1372.071411
1390.361328	1878.351929
1389.318359	2053.938965
1388.274414	2325.357910
1387.230469	2694.958496
1386.186523	3040.575928
1385.141602	3316.722900
1384.097656	3226.723633
1383.052734	3368.951660
1382.007813	3504.049316
1380.961914	3474.162598
1379.916992	3348.770264
1378.871094	3300.024902
1377.825195	2374.247314
1376.778320	2811.017578
1375.732422	2263.427002
1374.685547	2263.144287
1373.638672	2129.235840
1372.591797	1962.064331
1371.543945	1613.635620
1370.497070	1838.239258
1369.449219	1619.036865
1368.400391	1619.481079
1367.352539	1536.563599
1366.303711	1565.837402
1365.255859	1507.004883
1364.206055	1286.189941
1363.157227	1189.492920
1362.108398	1369.287476
1361.058594	1537.178589
1360.008789	1164.516113
1358.958984	1551.599854
1357.908203	1462.522949
1356.857422	1637.732666
1355.806641	1429.888184
1354.755859	1020.019226
1353.705078	1566.484131
1352.653320	1261.540283
1351.601563	1085.185669
1350.549805	1120.516479
1349.498047	849.378967
1348.445313	899.144592
1347.393555	875.351929
1346.340820	699.647278
1345.287109	657.037292
1344.234375	821.044617
1343.180664	871.128418
1342.126953	610.441895
1341.073242	515.987427
1340.019531	587.658325
1338.964844	633.271667
1337.910156	515.359192
1336.855469	459.181305
1335.799805	583.168579
1334.745117	285.482971
1333.689453	63.768440
1332.633789	405.806396
1331.578125	503.892334
1330.521484	367.648590
1329.464844	25.633696
1328.408203	33.986889
1327.351563	106.257538
1326.294922	1.174714
1325.237305	47.501713
1324.179688	-199.273544
1323.122070	-204.824326
1322.064453	-92.179367
1321.005859	36.983448
1319.947266	-221.215347
1318.888672	-49.488064
1317.830078	13.605332
1316.770508	-20.077686
1315.710938	50.126213
1314.651367	363.348480
1313.591797	207.060455
1312.531250	180.572922
1311.471680	78.690002
1310.411133	174.886261
1309.349609	334.691711
1308.289063	77.406448
1307.227539	154.766937
1306.166016	64.897148
1305.104492	264.725525
1304.042969	-324.178894
1302.980469	294.643494
1301.917969	-77.480247
1300.855469	-98.871696
1299.792969	536.026550
1298.729492	321.697662
1297.666016	-94.718864
1296.602539	-257.071869
1295.539063	-85.616440
1294.474609	393.564362
1293.411133	-109.366699
1292.346680	108.941025
1291.281250	78.252113
1290.216797	-62.735615
1289.151367	474.633362
1288.085938	298.424225
1287.020508	258.366394
1285.955078	199.568222
1284.888672	342.458618
1283.822266	86.723900
1282.755859	313.964600
1281.689453	625.472778
1280.622070	538.528992
1279.554688	442.249207
1278.487305	533.370789
1277.419922	551.861694
1276.351563	745.897034
1275.283203	373.463928
1274.214844	560.424866
1273.146484	747.298523
1272.077148	571.545410
1271.008789	601.648376
1269.939453	580.287048
1268.869141	360.234070
1267.799805	502.495911
1266.729492	228.799057
1265.659180	506.470612
1264.588867	611.193481
1263.517578	557.076660
1262.447266	432.954895
1261.375977	336.867157
1260.304688	723.796997
1259.232422	597.318237
1258.161133	734.433716
1257.088867	813.170715
1256.016602	737.993347
1254.943359	688.459839
1253.871094	860.311523
1252.797852	831.700623
1251.724609	1143.145996
1250.650391	1293.745239
1249.577148	1102.028442
1248.502930	1196.663818
1247.428711	1621.697510
1246.354492	1288.031494
1245.279297	1233.618896
1244.204102	948.970703
1243.128906	762.078918
1242.053711	1223.810303
1240.977539	1032.235107
1239.902344	589.786438
1238.826172	876.940735
1237.750000	611.174255
1236.672852	638.068909
1235.595703	836.721985
1234.518555	239.149033
1233.441406	361.174011
1232.364258	248.800751
1231.286133	331.279053
1230.208008	406.741577
1229.129883	526.192200
1228.051758	84.619049
1226.972656	287.455597
1225.893555	251.533829
1224.814453	315.205292
1223.734375	492.297943
1222.655273	222.417435
1221.575195	311.430725
1220.495117	293.916046
1219.415039	658.178101
1218.333984	328.224518
1217.252930	118.664909
1216.171875	177.401657
1215.090820	-22.838612
1214.008789	144.475174
1212.926758	401.812073
1211.844727	-57.191116
1210.762695	481.825104
1209.679688	-92.522285
1208.597656	-47.869282
1207.513672	248.318451
1206.430664	-25.661121
1205.347656	88.078552
1204.263672	-190.415878
1203.179688	77.766251
1202.095703	200.546997
1201.010742	157.258133
1199.925781	501.161957
1198.840820	529.207886
1197.755859	255.435150
1196.670898	267.355682
1195.584961	-27.022999
1194.499023	159.862289
1193.413086	-162.027328
1192.326172	98.385986
1191.239258	229.821671
1190.152344	531.389343
1189.065430	-31.860016
1187.978516	368.452728
1186.890625	-58.950127
1185.802734	-38.056084
1184.714844	219.463211
1183.625977	-56.087948
1182.538086	100.225449
1181.449219	394.207123
1180.360352	869.385193
1179.270508	807.278809
1178.180664	664.869263
1177.090820	923.957520
1176.000977	786.133667
1174.911133	760.710388
1173.820313	689.413818
1172.729492	902.338501
1171.638672	643.101807
1170.547852	750.520386
1169.456055	759.371033
1168.364258	930.783508
1167.272461	777.000183
1166.179688	875.040039
1165.087891	1048.549194
1163.995117	1256.268433
1162.902344	1457.015137
1161.808594	1703.382446
1160.715820	2148.551514
1159.622070	1727.138428
1158.528320	1644.131958
1157.433594	1545.137085
1156.339844	1459.889893
1155.245117	858.498047
1154.149414	933.215637
1153.054688	366.415344
1151.958984	831.458923
1150.863281	255.761169
1149.767578	681.802673
1148.671875	352.688812
1147.575195	276.805481
1146.478516	301.251129
1145.381836	225.377304
1144.285156	263.461243
1143.187500	440.474670
1142.089844	120.836357
1140.992188	74.596939
1139.894531	169.514114
1138.795898	-181.780319
1137.697266	165.714355
1136.598633	-108.103592
1135.499023	-8.774333
1134.400391	-93.706390
1133.300781	-194.546371
1132.201172	36.522827
1131.100586	58.371082
1130.000977	-6.140612
1128.900391	90.633987
1127.799805	319.070496
1126.698242	0.148115
1125.596680	-162.015396
1124.495117	136.606964
1123.393555	249.007004
1122.291992	356.801483
1121.189453	816.063171
1120.086914	1211.609009
1118.984375	1384.774536
1117.881836	1192.918579
1116.778320	1669.606079
1115.674805	1808.485840
1114.571289	1535.033936
1113.466797	1859.510376
1112.363281	1778.561523
1111.258789	1511.996826
1110.153320	1596.280396
1109.048828	1508.558716
1107.943359	1565.605835
1106.837891	1459.766113
1105.732422	1365.249756
1104.625977	1155.445313
1103.520508	1018.034424
1102.414063	961.978516
1101.306641	914.940735
1100.200195	450.083160
1099.092773	538.585876
1097.985352	520.914124
1096.877930	528.035889
1095.769531	210.179214
1094.661133	551.157166
1093.552734	136.371078
1092.444336	470.366943
1091.335938	511.096893
1090.226563	425.531036
1089.117188	427.841766
1088.006836	231.842834
1086.897461	691.337219
1085.787109	612.367432
1084.676758	378.043365
1083.566406	528.668640
1082.455078	726.420105
1081.343750	863.282654
1080.232422	815.587158
1079.121094	1242.359863
1078.008789	762.796814
1076.896484	977.969055
1075.784180	651.387085
1074.671875	821.432434
1073.558594	804.882996
1072.445313	615.356873
1071.332031	556.079224
1070.217773	714.491821
1069.104492	1303.679932
1067.990234	995.012756
1066.875977	587.717651
1065.760742	254.533142
1064.645508	688.272644
1063.530273	556.825500
1062.415039	389.502838
1061.299805	300.607971
1060.183594	278.867249
1059.067383	176.426437
1057.951172	517.315430
1056.833984	443.795471
1055.716797	36.735195
1054.599609	330.168335
1053.482422	395.191101
1052.364258	111.162193
1051.247070	518.160706
1050.128906	251.940491
1049.009766	267.359283
1047.891602	515.098145
1046.772461	478.875336
1045.653320	650.302185
1044.533203	533.467346
1043.414063	10.259496
1042.293945	159.040817
1041.173828	-56.100498
1040.052734	509.623108
1038.932617	343.362640
1037.811523	286.331299
1036.689453	-147.597626
1035.568359	-62.053825
1034.446289	74.585518
1033.324219	148.659210
1032.202148	-149.412277
1031.079102	-53.295158
1029.957031	-21.895552
1028.833984	-150.915710
1027.709961	-84.169754
1026.586914	11.366473
1025.462891	44.431606
1024.338867	-20.498018
1023.214844	-107.763535
1022.089844	-319.617767
1020.964844	-109.228569
1019.839844	-3.503437
1018.714844	-237.842010
1017.588867	0.842381
1016.462891	43.882366
1015.336914	140.046326
1014.210938	-185.666885
1013.083984	418.356445
1011.957031	414.109589
1010.830078	454.083679
1009.702148	640.228088
1008.574219	1052.274780
1007.446289	1834.132935
1006.318359	3532.883789
1005.190430	4679.072754
1004.061523	4588.649902
1002.932617	3917.948242
1001.802734	2594.280518
1000.673828	1173.699463
999.543945	269.197449
998.414063	424.695068
997.283203	197.289246
996.153320	314.830994
995.022461	390.139679
993.891602	407.792999
992.759766	389.903107
991.628906	637.005737
990.497070	585.626526
989.364258	337.549805
988.232422	745.183350
987.099609	265.098938
985.966797	716.359863
984.833984	525.211975
983.700195	446.473785
982.566406	720.459106
981.432617	286.417786
980.298828	811.287354
979.164063	705.452454
978.029297	868.305664
976.894531	799.632263
975.759766	699.994934
974.624023	661.875732
973.488281	500.343689
972.352539	884.520203
971.215820	698.465332
970.080078	758.735962
968.943359	352.557220
967.805664	232.218323
966.668945	628.394348
965.531250	320.926941
964.393555	718.761597
963.254883	885.575012
962.117188	588.777893
960.978516	518.101746
959.839844	559.258362
958.700195	464.150940
957.561523	1134.738037
956.421875	778.188232
955.281250	1007.217163
954.141602	1448.710205
953.000977	1278.202515
951.860352	1613.914795
950.719727	1500.130127
949.578125	1570.254883
948.436523	1467.178589
947.294922	1074.973145
946.153320	941.136597
945.010742	689.008911
943.868164	701.636475
942.725586	893.509521
941.583008	470.579346
940.439453	502.510132
939.295898	306.942596
938.152344	360.507965
937.007813	169.163330
935.863281	-116.153252
934.718750	260.341980
933.574219	311.186676
932.428711	150.107468
931.283203	624.140686
930.137695	390.835999
928.992188	268.801636
927.845703	63.811047
926.699219	133.576965
925.552734	242.457855
924.405273	634.520142
923.257813	313.742584
922.110352	465.784668
920.962891	419.469940
919.814453	187.970337
918.666016	594.394043
917.517578	-57.267246
916.369141	92.103340
915.219727	343.568420
914.070313	329.490479
912.920898	232.728699
911.770508	135.931763
910.621094	-39.092556
909.470703	326.984528
908.319336	30.186430
907.168945	-320.784210
906.017578	-107.047798
904.866211	-80.155174
903.713867	-75.031624
902.562500	157.947678
901.410156	162.971054
900.256836	31.300671
899.104492	90.541939
897.951172	136.715408
896.797852	191.536224
895.644531	18.797949
894.490234	103.939041
893.335938	67.756767
892.181641	224.337784
891.027344	155.710159
889.872070	368.500183
888.716797	213.337143
887.561523	51.796135
886.405273	316.456787
885.249023	107.452263
884.092773	207.760101
882.936523	-9.661740
881.779297	-112.412956
880.622070	80.936401
879.464844	58.266243
878.307617	-44.219269
877.149414	67.142250
875.991211	12.331306
874.833008	348.235687
873.673828	-194.048355
872.514648	-114.763153
871.355469	150.049362
870.196289	-141.394882
869.036133	289.477386
867.875977	-5.963312
866.715820	101.752785
865.554688	390.457153
864.394531	537.064270
863.233398	324.165924
862.071289	387.009491
860.910156	292.907135
859.748047	287.189545
858.585938	333.261200
857.422852	603.102844
856.259766	563.395935
855.096680	753.879517
853.933594	592.019226
852.770508	181.202530
851.606445	565.492798
850.442383	303.410339
849.277344	378.702393
848.113281	606.587158
846.948242	-38.855320
845.783203	69.273140
844.617188	407.064087
843.451172	95.145721
842.285156	-27.731819
841.119141	-41.005917
839.952148	-315.498566
838.785156	-373.231140
837.618164	231.167313
836.451172	-143.112091
835.283203	253.757660
834.115234	-59.933567
832.947266	347.946503
831.778320	11.342422
830.609375	28.093861
829.440430	68.629646
828.271484	498.526917
827.101563	426.176025
825.931641	119.075424
824.761719	-50.870022
823.590820	91.378868
822.420898	468.766785
821.250000	833.435974
820.078125	600.565063
818.907227	609.249084
817.735352	671.541626
816.562500	1071.097412
815.390625	694.564087
814.217773	339.808868
813.044922	266.876617
811.872070	420.162811
810.698242	571.535889
809.524414	-30.866787
808.350586	121.154381
807.176758	341.533264
806.001953	-153.064468
804.827148	-12.987593
803.651367	178.375061
802.476563	289.144012
801.300781	334.233246
800.125000	592.206177
798.948242	548.529724
797.772461	596.563782
796.595703	680.985291
795.417969	806.008240
794.241211	413.158234
793.063477	797.789001
791.885742	369.624756
790.707031	943.515625
789.529297	910.699158
788.350586	579.116272
787.170898	513.026184
785.992188	871.254211
784.812500	809.929504
783.632813	920.542542
782.452148	1122.463257
781.272461	860.724854
780.091797	781.469360
778.911133	863.404175
777.729492	441.817017
776.547852	327.500336
775.366211	-163.074646
774.184570	702.531738
773.001953	-157.474747
771.819336	6.325422
770.636719	-26.281004
769.453125	-166.428284
768.269531	57.048023
767.085938	-205.136322
765.902344	-207.289200
764.717773	-10.822405
763.533203	168.852753
762.348633	319.072296
761.163086	127.639107
759.977539	345.605621
758.791992	95.522141
757.606445	-19.385490
756.419922	-49.806812
755.233398	54.754635
754.046875	43.524189
752.859375	299.870667
751.672852	642.520935
750.485352	265.166962
749.296875	471.025787
748.108398	895.674438
746.919922	411.446594
745.731445	640.433899
744.542969	558.169067
743.353516	837.520264
742.164063	595.571350
740.973633	698.315430
739.783203	395.593933
738.592773	51.001686
737.402344	403.606171
736.211914	447.443604
735.020508	457.631561
733.829102	956.616882
732.636719	970.743591
731.444336	605.212524
730.251953	621.348816
729.059570	677.200378
727.866211	313.787048
726.673828	459.545380
725.479492	37.450085
724.286133	105.439331
723.091797	504.035675
721.897461	-45.910385
720.703125	423.345245
719.507813	-28.353443
718.312500	155.833328
717.117188	-17.857553
715.921875	119.830635
714.725586	31.488365
713.529297	-29.871025
712.332031	-97.711472
711.135742	669.710999
709.938477	864.352112
708.740234	586.817749
707.542969	822.604309
706.344727	1686.097412
705.146484	2924.416016
703.948242	3423.532471
702.749023	3640.609375
701.549805	3669.670898
700.350586	2727.175293
699.150391	2295.341309
697.950195	1748.832886
696.750000	1368.902954
695.549805	843.102478
694.348633	48.695873
693.147461	519.772766
691.946289	432.691406
690.744141	422.319946
689.541992	363.829803
688.339844	313.410553
687.136719	59.007076
685.934570	621.240173
684.730469	719.576660
683.527344	823.867004
682.323242	458.505798
681.119141	796.971619
679.915039	923.334167
678.710938	412.324921
677.505859	583.996155
676.300781	485.770844
675.094727	667.419312
673.889648	448.732941
672.683594	271.511688
671.476563	119.181046
670.270508	437.222015
669.063477	373.975586
667.856445	577.941345
666.648438	322.247406
665.440430	551.143921
664.232422	266.874359
663.024414	367.754852
661.815430	19.970734
660.606445	454.317047
659.397461	84.567062
658.188477	308.602417
656.978516	417.253632
655.768555	5.740313
654.557617	132.009506
653.346680	42.036400
652.135742	-1.758311
650.924805	324.701752
649.712891	206.145355
648.501953	37.019180
647.289063	-164.011551
646.077148	-246.292923
644.864258	-16.041000
643.651367	-320.467102
642.438477	-97.901314
641.224609	88.982689
640.010742	-37.711678
638.796875	119.476357
637.582031	420.492889
636.367188	336.420654
635.152344	396.473358
633.937500	931.877747
632.721680	938.806641
631.505859	837.232361
630.289063	1057.026978
629.073242	1386.410400
627.856445	1463.878052
626.639648	1435.608887
625.421875	1158.126465
624.204102	1317.531860
622.986328	1004.363220
621.768555	650.110779
620.549805	452.013031
619.331055	416.292694
618.111328	-63.922546
616.892578	211.217010
