1721.000977	18.790815
1720.027344	-14.474016
1719.052734	87.780769
1718.078125	96.433121
1717.104492	65.469971
1716.128906	141.098541
1715.154297	-210.006622
1714.178711	122.486366
1713.204102	-227.914215
1712.228516	53.820389
1711.251953	-24.181396
1710.276367	-49.217468
1709.299805	-3.396492
1708.324219	-99.202553
1707.347656	270.137085
1706.370117	16.617422
1705.393555	-101.861145
1704.416016	11.806801
1703.438477	-38.924046
1702.460938	-159.306229
1701.483398	185.090393
1700.505859	112.109177
1699.527344	143.362549
1698.548828	222.632187
1697.570313	288.598907
1696.591797	361.723907
1695.612305	327.087341
1694.632813	179.704224
1693.653320	113.650787
1692.673828	-215.614670
1691.694336	337.685791
1690.713867	-275.388733
1689.734375	32.178951
1688.753906	61.337627
1687.772461	-90.845261
1686.791992	-230.465958
1685.810547	-33.954136
1684.830078	-54.296841
1683.848633	595.015503
1682.866211	-256.178833
1681.884766	285.546692
1680.902344	335.515350
1679.919922	413.284424
1678.937500	139.710159
1677.955078	13.648309
1676.971680	70.588669
1675.989258	-231.144821
1675.005859	356.938324
1674.022461	349.866119
1673.038086	296.911377
1672.054688	-124.497475
1671.070313	495.674561
1670.085938	478.032349
1669.101563	33.736404
1668.117188	84.618713
1667.131836	424.742432
1666.146484	201.320572
1665.161133	104.812981
1664.175781	43.823746
1663.189453	-62.851009
1662.204102	73.952667
1661.217773	-456.062469
1660.231445	266.170319
1659.245117	42.933216
1658.257813	-35.842281
1657.270508	604.765137
1656.284180	561.410828
1655.295898	447.121521
1654.308594	62.084965
1653.321289	302.333038
1652.333008	33.885731
1651.344727	-34.575451
1650.356445	415.510803
1649.367188	316.675781
1648.378906	417.684692
1647.389648	154.667557
1646.400391	311.300720
1645.411133	442.640656
1644.420898	182.393814
1643.431641	154.683365
1642.441406	106.795319
1641.451172	629.502563
1640.459961	508.394043
1639.469727	304.150421
1638.478516	49.545898
1637.487305	559.376099
1636.496094	572.239136
1635.504883	75.842514
1634.512695	610.673218
1633.520508	487.537781
1632.528320	860.897278
1631.536133	758.021240
1630.543945	836.581421
1629.550781	1028.443604
1628.557617	983.620728
1627.564453	986.690430
1626.571289	1344.648438
1625.578125	1460.967041
1624.583984	1282.929810
1623.589844	1914.849854
1622.595703	1606.136597
1621.601563	1913.523560
1620.606445	2376.622803
1619.611328	2188.731201
1618.616211	2382.847900
1617.621094	2089.624512
1616.625977	1520.325317
1615.629883	2143.902588
1614.633789	1918.785156
1613.637695	1859.448853
1612.641602	2234.271484
1611.645508	2287.865234
1610.648438	1777.096436
1609.651367	1580.034180
1608.654297	2222.982178
1607.657227	2153.818115
1606.659180	2598.428223
1605.662109	2356.396484
1604.664063	2520.281250
1603.666016	2724.197998
1602.666992	2569.954834
1601.668945	2653.666992
1600.669922	2504.564941
1599.670898	2370.560791
1598.671875	2419.282959
1597.671875	2395.429443
1596.672852	2274.112061
1595.672852	2057.818848
1594.672852	1996.626099
1593.671875	1448.084717
1592.671875	1259.649170
1591.670898	1176.198853
1590.669922	1007.880371
1589.668945	1016.950806
1588.667969	1123.401245
1587.666016	1075.024780
1586.664063	931.850830
1585.662109	661.495789
1584.660156	782.919739
1583.658203	490.285950
1582.655273	848.567322
1581.652344	553.535583
1580.649414	831.912598
1579.646484	449.807098
1578.642578	92.746880
1577.638672	-82.316643
1576.634766	156.108109
1575.630859	369.540100
1574.626953	164.674088
1573.622070	360.565491
1572.618164	-40.780811
1571.613281	451.129425
1570.607422	308.549744
1569.602539	203.367798
1568.596680	-50.976612
1567.590820	35.331291
1566.584961	-300.880646
1565.579102	78.637321
1564.572266	-41.347977
1563.566406	328.027649
1562.559570	-119.729164
1561.551758	-165.149780
1560.544922	199.024567
1559.537109	-69.781372
1558.530273	-107.707298
1557.521484	107.333382
1556.513672	123.914291
1555.505859	-50.423893
1554.497070	268.586151
1553.488281	171.087540
1552.479492	222.307022
1551.470703	-38.641895
1550.460938	47.246574
1549.451172	-94.720306
1548.441406	107.512436
1547.431641	-145.789215
1546.421875	-225.746017
1545.411133	-78.070648
1544.400391	138.813721
1543.389648	-49.994801
1542.378906	-70.577774
1541.367188	-61.514877
1540.355469	-40.088627
1539.343750	-110.095337
1538.332031	-227.007080
1537.320313	-358.682617
1536.307617	-255.717010
1535.294922	264.482239
1534.282227	-180.720901
1533.269531	-80.298378
1532.256836	439.570831
1531.243164	11.881810
1530.229492	265.129333
1529.215820	372.790802
1528.202148	125.402153
1527.187500	267.552399
1526.172852	229.763672
1525.158203	-241.635040
1524.143555	146.892319
1523.127930	-383.393188
1522.113281	-58.979652
1521.097656	314.521393
1520.082031	340.846863
1519.065430	-193.898254
1518.049805	181.922714
1517.033203	4.143945
1516.016602	234.689713
1515.000000	-26.563946
1513.982422	122.796867
1512.965820	-268.525146
1511.948242	143.796829
1510.930664	393.839294
1509.913086	368.728302
1508.894531	125.085121
1507.875977	158.997787
1506.857422	-121.247429
1505.838867	-281.090820
1504.820313	214.257751
1503.800781	71.626862
1502.781250	262.631714
1501.761719	29.414038
1500.742188	235.142944
1499.721680	222.662842
1498.702148	210.268814
1497.681641	46.000191
1496.661133	-211.223465
1495.639648	486.723785
1494.618164	-189.082413
1493.597656	153.765442
1492.576172	352.100281
1491.553711	-137.166412
1490.532227	105.286736
1489.509766	-2.078018
1488.487305	39.818512
1487.464844	-280.061615
1486.442383	-71.803253
1485.418945	121.735832
1484.395508	173.552490
1483.372070	-192.281891
1482.348633	59.960350
1481.324219	255.972488
1480.300781	-116.777191
1479.276367	-140.324997
1478.251953	-14.955849
1477.226563	300.683990
1476.202148	396.780853
1475.176758	622.115479
1474.151367	-5.863055
1473.125000	0.210990
1472.099609	-49.664227
1471.073242	149.042618
1470.046875	145.561478
1469.020508	164.076904
1467.994141	121.796875
1466.966797	461.775055
1465.939453	324.659027
1464.912109	56.281639
1463.884766	97.069603
1462.856445	254.643311
1461.829102	120.452095
1460.800781	533.407898
1459.772461	669.169250
1458.743164	496.294434
1457.714844	632.181152
1456.685547	1091.156128
1455.656250	1338.732910
1454.625977	860.239563
1453.596680	595.705872
1452.566406	887.162292
1451.536133	564.653198
1450.505859	618.417603
1449.474609	817.764404
1448.444336	478.784668
1447.413086	753.427856
1446.381836	950.479980
1445.350586	548.937561
1444.318359	1080.492920
1443.286133	732.556702
1442.253906	355.805084
1441.221680	591.941711
1440.189453	542.404480
1439.156250	451.815857
1438.123047	325.070068
1437.089844	300.093323
1436.056641	171.214127
1435.022461	71.488792
1433.988281	269.307190
1432.954102	106.958717
1431.919922	621.494446
1430.885742	577.750488
1429.850586	-154.403748
1428.815430	46.159164
1427.780273	-149.279312
1426.744141	336.263641
1425.708984	-114.798080
1424.672852	42.544033
1423.636719	-82.360535
1422.600586	253.621140
1421.563477	-117.078461
1420.527344	9.207215
1419.490234	-129.649002
1418.452148	199.204803
1417.415039	212.387527
1416.376953	126.874207
1415.338867	-45.205521
1414.300781	23.702971
1413.262695	109.540977
1412.224609	99.167763
1411.185547	-2.569171
1410.146484	-185.954910
1409.107422	-27.579466
1408.067383	104.358055
1407.027344	147.380783
1405.987305	173.664230
1404.947266	-249.401215
1403.907227	-186.788498
1402.866211	178.585007
1401.826172	320.553223
1400.785156	534.582581
1399.743164	117.173050
1398.702148	511.396118
1397.660156	317.562561
1396.618164	402.244934
1395.576172	436.614685
1394.533203	883.563782
1393.491211	997.150818
1392.448242	1309.746094
1391.405273	1811.652100
1390.361328	1942.003296
1389.318359	1928.677612
1388.274414	2195.679199
1387.230469	2833.848633
1386.186523	2899.627197
1385.141602	3269.454346
1384.097656	3682.320068
1383.052734	3508.881836
1382.007813	3498.284424
1380.961914	3863.253418
1379.916992	3661.484619
1378.871094	3426.413574
1377.825195	3057.688965
1376.778320	2875.586914
1375.732422	2447.599609
1374.685547	2339.940674
1373.638672	1910.031494
1372.591797	2375.722900
1371.543945	1931.830566
1370.497070	2096.799072
1369.449219	1868.076782
1368.400391	1582.272949
1367.352539	1718.838989
1366.303711	1278.376465
1365.255859	1520.012451
1364.206055	1253.927734
1363.157227	1402.685913
1362.108398	1396.606934
1361.058594	1745.499756
1360.008789	1913.335083
1358.958984	1571.682495
1357.908203	1239.757080
1356.857422	1331.666138
1355.806641	1440.268311
1354.755859	1610.753906
1353.705078	1667.083008
1352.653320	1297.826660
1351.601563	1691.908203
1350.549805	1375.240601
1349.498047	1621.955688
1348.445313	961.089905
1347.393555	1020.290405
1346.340820	808.802673
1345.287109	1041.434570
1344.234375	694.875793
1343.180664	884.852722
1342.126953	552.827026
1341.073242	818.797546
1340.019531	579.556335
1338.964844	461.394135
1337.910156	779.541748
1336.855469	552.490417
1335.799805	673.913818
1334.745117	428.152893
1333.689453	139.907852
1332.633789	-114.997147
1331.578125	-19.344343
1330.521484	-122.518219
1329.464844	-48.101044
1328.408203	194.320236
1327.351563	197.779770
1326.294922	-54.125782
1325.237305	-7.964211
1324.179688	-113.064163
1323.122070	-236.977432
1322.064453	-219.009689
1321.005859	-222.279266
1319.947266	43.756054
1318.888672	68.860909
1317.830078	56.225704
1316.770508	-76.752022
1315.710938	-143.549789
1314.651367	-302.293579
1313.591797	-109.460938
1312.531250	-65.259575
1311.471680	-212.003464
1310.411133	-137.075775
1309.349609	-125.789833
1308.289063	107.036224
1307.227539	229.058578
1306.166016	379.326660
1305.104492	28.003607
1304.042969	-167.751358
1302.980469	-38.594749
1301.917969	229.382111
1300.855469	-276.766998
1299.792969	-102.882843
1298.729492	-159.524063
1297.666016	-194.950104
1296.602539	0.025655
1295.539063	9.289063
1294.474609	-169.413696
1293.411133	70.141228
1292.346680	58.302567
1291.281250	46.479748
1290.216797	504.216736
1289.151367	215.389877
1288.085938	471.114471
1287.020508	600.057678
1285.955078	269.242126
1284.888672	452.133148
1283.822266	503.674072
1282.755859	220.012604
1281.689453	730.937012
1280.622070	491.885406
1279.554688	590.269775
1278.487305	484.878540
1277.419922	564.515625
1276.351563	112.724678
1275.283203	613.698975
1274.214844	847.715149
1273.146484	375.139740
1272.077148	307.395416
1271.008789	-272.404266
1269.939453	265.551666
1268.869141	64.661026
1267.799805	782.260010
1266.729492	478.558044
1265.659180	688.877319
1264.588867	481.088196
1263.517578	177.652695
1262.447266	401.922516
1261.375977	40.302620
1260.304688	227.165863
1259.232422	497.919617
1258.161133	372.083435
1257.088867	668.335938
1256.016602	551.831116
1254.943359	675.429626
1253.871094	649.857971
1252.797852	887.537109
1251.724609	789.706970
1250.650391	812.997742
1249.577148	1092.389893
1248.502930	1171.468506
1247.428711	987.535950
1246.354492	1215.498169
1245.279297	964.161194
1244.204102	947.819641
1243.128906	901.254395
1242.053711	850.054871
1240.977539	905.765442
1239.902344	905.694702
1238.826172	875.408264
1237.750000	842.802429
1236.672852	594.242004
1235.595703	434.002106
1234.518555	194.910522
1233.441406	484.998169
1232.364258	174.065460
1231.286133	382.817078
1230.208008	266.809479
1229.129883	222.714157
1228.051758	364.069916
1226.972656	204.069733
1225.893555	-9.159654
1224.814453	261.830688
1223.734375	-83.360001
1222.655273	263.920532
1221.575195	291.562500
1220.495117	124.770737
1219.415039	22.830200
1218.333984	240.156540
1217.252930	313.978119
1216.171875	302.197021
1215.090820	17.606005
1214.008789	227.749649
1212.926758	-29.006958
1211.844727	81.683632
1210.762695	16.762592
1209.679688	210.485458
1208.597656	-152.296219
1207.513672	-113.315399
1206.430664	-425.136414
1205.347656	213.761902
1204.263672	-49.595394
1203.179688	111.500595
1202.095703	37.327011
1201.010742	166.014374
1199.925781	-124.829964
1198.840820	45.285984
1197.755859	217.608109
1196.670898	-142.195816
1195.584961	400.782074
1194.499023	169.973328
1193.413086	-226.473770
1192.326172	-199.362366
1191.239258	-209.088959
1190.152344	-274.032654
1189.065430	488.907898
1187.978516	-54.415932
1186.890625	-20.576830
1185.802734	571.669312
1184.714844	132.013748
1183.625977	101.403252
1182.538086	-96.849434
1181.449219	214.680801
1180.360352	532.941223
1179.270508	511.359100
1178.180664	673.327026
1177.090820	596.625977
1176.000977	705.712769
1174.911133	833.079346
1173.820313	643.984924
1172.729492	379.318237
1171.638672	687.618042
1170.547852	521.528687
1169.456055	456.258484
1168.364258	642.891479
1167.272461	891.232056
1166.179688	864.754272
1165.087891	890.911499
1163.995117	1225.890381
1162.902344	1942.696777
1161.808594	2128.581787
1160.715820	1825.085205
1159.622070	1800.561279
1158.528320	1899.433716
1157.433594	1554.957764
1156.339844	1080.415161
1155.245117	898.374878
1154.149414	839.680359
1153.054688	1057.218872
1151.958984	395.922668
1150.863281	601.985107
1149.767578	139.503571
1148.671875	833.571289
1147.575195	145.419739
1146.478516	107.289246
1145.381836	374.566101
1144.285156	258.863098
1143.187500	309.478027
1142.089844	-147.899597
1140.992188	50.741516
1139.894531	303.904755
1138.795898	-116.858353
1137.697266	-255.276169
1136.598633	95.506256
1135.499023	-40.705757
1134.400391	-272.395569
1133.300781	-447.190369
1132.201172	85.021439
1131.100586	64.681732
1130.000977	-62.466160
1128.900391	-112.369926
1127.799805	-3.312505
1126.698242	48.878334
1125.596680	48.790760
1124.495117	98.596008
1123.393555	75.723106
1122.291992	536.034668
1121.189453	658.136292
1120.086914	913.924866
1118.984375	1670.583252
1117.881836	1483.958496
1116.778320	1578.351196
1115.674805	1942.255981
1114.571289	2206.285400
1113.466797	2356.908203
1112.363281	1988.961914
1111.258789	1949.326050
1110.153320	2070.320068
1109.048828	1401.602051
1107.943359	1653.754395
1106.837891	1519.025635
1105.732422	1106.196167
1104.625977	1077.769531
1103.520508	997.333862
1102.414063	1138.291382
1101.306641	944.781616
1100.200195	638.393066
1099.092773	526.254150
1097.985352	833.988708
1096.877930	310.966949
1095.769531	307.082489
1094.661133	70.775681
1093.552734	842.686157
1092.444336	295.055237
1091.335938	268.374084
1090.226563	811.860291
1089.117188	399.591064
1088.006836	280.299500
1086.897461	699.321167
1085.787109	55.185555
1084.676758	399.618591
1083.566406	532.236389
1082.455078	592.697571
1081.343750	1107.520996
1080.232422	929.237000
1079.121094	872.395264
1078.008789	703.064209
1076.896484	1014.763123
1075.784180	829.584534
1074.671875	1071.296997
1073.558594	656.882874
1072.445313	671.517639
1071.332031	582.774475
1070.217773	487.233124
1069.104492	405.129333
1067.990234	455.334412
1066.875977	498.700104
1065.760742	535.208191
1064.645508	114.187119
1063.530273	74.358421
1062.415039	585.795227
1061.299805	196.129349
1060.183594	43.990540
1059.067383	174.027924
1057.951172	182.982635
1056.833984	104.511604
1055.716797	32.682152
1054.599609	-30.264614
1053.482422	175.174149
1052.364258	-149.696457
1051.247070	346.162445
1050.128906	-14.583237
1049.009766	89.615952
1047.891602	-74.481827
1046.772461	509.800537
1045.653320	52.835804
1044.533203	-171.813675
1043.414063	617.153992
1042.293945	198.055771
1041.173828	-189.727295
1040.052734	103.015244
1038.932617	-284.808533
1037.811523	-30.331484
1036.689453	-39.199329
1035.568359	295.113770
1034.446289	145.529144
1033.324219	78.326920
1032.202148	547.869507
1031.079102	79.468216
1029.957031	-377.697662
1028.833984	91.229813
1027.709961	-90.062988
1026.586914	-291.407928
1025.462891	69.989937
1024.338867	84.145958
1023.214844	-370.995270
1022.089844	16.431654
1020.964844	-416.553589
1019.839844	-422.854065
1018.714844	-211.579773
1017.588867	-156.029724
1016.462891	116.960815
1015.336914	-38.761112
1014.210938	255.999237
1013.083984	-135.194153
1011.957031	-44.945614
1010.830078	575.209229
1009.702148	762.517700
1008.574219	809.930542
1007.446289	1714.939575
1006.318359	3042.634277
1005.190430	4571.182129
1004.061523	4798.713379
1002.932617	3923.217529
1001.802734	2237.668945
1000.673828	1544.365723
999.543945	501.575195
998.414063	233.448502
997.283203	49.329807
996.153320	0.065623
995.022461	125.312973
993.891602	338.770569
992.759766	461.356476
991.628906	327.476776
990.497070	273.006561
989.364258	509.894806
988.232422	351.345306
987.099609	135.310699
985.966797	484.174347
984.833984	212.756851
983.700195	611.862366
982.566406	424.023132
981.432617	430.149750
980.298828	405.266113
979.164063	644.683899
978.029297	134.725098
976.894531	353.976166
975.759766	57.652611
974.624023	91.561958
973.488281	308.022858
972.352539	568.254822
971.215820	335.342590
970.080078	665.564392
968.943359	205.932571
967.805664	487.326691
966.668945	425.553131
965.531250	603.201904
964.393555	809.194336
963.254883	632.700806
962.117188	517.673218
960.978516	608.943054
959.839844	320.260529
958.700195	885.303467
957.561523	899.231873
956.421875	1141.150146
955.281250	1259.981323
954.141602	1328.229858
953.000977	1457.679321
951.860352	1795.155396
950.719727	1560.456299
949.578125	1428.681641
948.436523	1060.309692
947.294922	781.771729
946.153320	625.839294
945.010742	679.955444
943.868164	392.579315
942.725586	943.107544
941.583008	377.819489
940.439453	567.060547
939.295898	579.036377
938.152344	343.925079
937.007813	368.829712
935.863281	70.304039
934.718750	97.256714
933.574219	274.780029
932.428711	109.352005
931.283203	166.546417
930.137695	334.916626
928.992188	289.332458
927.845703	36.455551
926.699219	84.547546
925.552734	23.537014
924.405273	6.050432
923.257813	489.697418
922.110352	659.340210
920.962891	460.747498
919.814453	172.877762
918.666016	253.012817
917.517578	228.585480
916.369141	-174.522247
915.219727	131.726395
914.070313	128.926010
912.920898	-102.240440
911.770508	203.631027
910.621094	13.785294
909.470703	-73.898643
908.319336	-417.956451
907.168945	-55.932171
906.017578	82.209526
904.866211	317.966003
903.713867	-147.512405
902.562500	307.343658
901.410156	130.620499
900.256836	307.501465
899.104492	37.614521
897.951172	84.362549
896.797852	649.137573
895.644531	-420.275421
894.490234	-377.772522
893.335938	-103.504707
892.181641	23.406830
891.027344	57.192490
889.872070	-12.930311
888.716797	-7.241508
887.561523	565.325256
886.405273	328.675171
885.249023	161.387527
884.092773	314.204529
882.936523	-47.432400
881.779297	1.725916
880.622070	463.582825
879.464844	251.368866
878.307617	-239.248001
877.149414	92.993446
875.991211	420.843964
874.833008	161.651199
873.673828	172.325104
872.514648	193.873932
871.355469	353.524292
870.196289	-47.352783
869.036133	-40.581345
867.875977	5.084728
866.715820	-20.253054
865.554688	551.163513
864.394531	426.888245
863.233398	-46.015438
862.071289	620.065979
860.910156	334.818268
859.748047	729.684448
858.585938	537.288452
857.422852	547.244751
856.259766	518.645569
855.096680	522.451660
853.933594	481.283600
852.770508	577.793396
851.606445	362.943573
850.442383	199.895935
849.277344	621.046875
848.113281	207.223053
846.948242	115.635895
845.783203	296.747070
844.617188	29.633131
843.451172	-110.643143
842.285156	-169.195953
841.119141	-79.627823
839.952148	-251.373505
838.785156	91.351509
837.618164	-56.391502
836.451172	-23.978802
835.283203	-70.614204
834.115234	-622.162720
832.947266	172.792145
831.778320	-284.019562
830.609375	-244.158920
829.440430	424.610535
828.271484	-123.209129
827.101563	423.807892
825.931641	562.634521
824.761719	0.870064
823.590820	157.253250
822.420898	491.061768
821.250000	730.989990
820.078125	503.571198
818.907227	833.479858
817.735352	830.634033
816.562500	439.808746
815.390625	919.469910
814.217773	493.044281
813.044922	214.130081
811.872070	549.305969
810.698242	128.233505
809.524414	31.361542
808.350586	64.670639
807.176758	-118.940796
806.001953	-266.060791
804.827148	553.230652
803.651367	15.041070
802.476563	145.232468
801.300781	258.578644
800.125000	185.029556
798.948242	137.243652
797.772461	15.362022
796.595703	401.511139
795.417969	197.241043
794.241211	488.085602
793.063477	575.207275
791.885742	768.651184
790.707031	1004.658264
789.529297	455.853943
788.350586	743.182922
787.170898	400.811432
785.992188	565.511597
784.812500	882.947754
783.632813	1066.955444
782.452148	630.361816
781.272461	842.304321
780.091797	457.213593
778.911133	150.838043
777.729492	124.172974
776.547852	148.505081
775.366211	230.139069
774.184570	212.524017
773.001953	286.014740
771.819336	-342.193176
770.636719	120.641945
769.453125	50.949192
768.269531	125.106865
767.085938	-193.440674
765.902344	-237.174927
764.717773	135.122330
763.533203	-246.054520
762.348633	1.875175
761.163086	188.645294
759.977539	-343.715332
758.791992	-106.083466
757.606445	435.117218
756.419922	67.827705
755.233398	-233.861557
754.046875	-92.929199
752.859375	220.725952
751.672852	132.180222
750.485352	172.161545
749.296875	515.249878
748.108398	578.417419
746.919922	1043.400146
745.731445	759.543152
744.542969	892.183838
743.353516	446.732147
742.164063	358.804474
740.973633	281.455414
739.783203	380.621552
738.592773	364.261353
737.402344	-6.897140
736.211914	-6.332880
735.020508	378.270721
733.829102	326.295685
732.636719	404.375122
731.444336	476.117737
730.251953	331.861420
729.059570	577.526184
727.866211	238.358887
726.673828	192.646011
725.479492	61.018517
724.286133	-573.176697
723.091797	11.368917
721.897461	216.722443
720.703125	-337.706512
719.507813	74.623100
718.312500	-278.849670
717.117188	-155.440918
715.921875	174.806992
714.725586	-174.485809
713.529297	40.515812
712.332031	86.100594
711.135742	-271.526215
709.938477	-0.534144
708.740234	501.966339
707.542969	584.627502
706.344727	1343.241821
705.146484	2489.445068
703.948242	3230.390381
702.749023	3935.440430
701.549805	3562.279785
700.350586	2570.204102
699.150391	1745.210815
697.950195	1199.693481
696.750000	1212.543823
695.549805	646.463257
694.348633	686.381409
693.147461	122.667946
691.946289	-95.406921
690.744141	108.878181
689.541992	448.231750
688.339844	57.594864
687.136719	120.316925
685.934570	316.049896
684.730469	64.975822
683.527344	-30.119413
682.323242	-424.169525
681.119141	133.002777
679.915039	127.471786
678.710938	200.930328
677.505859	118.882950
676.300781	-43.851105
675.094727	262.368896
673.889648	460.866638
672.683594	112.280540
671.476563	305.028229
670.270508	181.011444
669.063477	165.105682
667.856445	199.300888
666.648438	372.615234
665.440430	-130.547836
664.232422	-185.966995
663.024414	-215.985214
661.815430	253.097687
660.606445	83.614128
659.397461	156.798218
658.188477	-137.215118
656.978516	272.309692
655.768555	163.947006
654.557617	-102.474892
653.346680	167.052170
652.135742	319.836548
650.924805	477.806610
649.712891	199.442291
648.501953	21.511307
647.289063	47.155117
646.077148	-101.045700
644.864258	-257.950317
643.651367	-268.892487
642.438477	24.785866
641.224609	-112.477333
640.010742	-204.508743
638.796875	317.056244
637.582031	626.418152
636.367188	480.972473
635.152344	654.818665
633.937500	370.259521
632.721680	343.477295
631.505859	851.975281
630.289063	1708.473022
629.073242	1607.784424
627.856445	1576.071777
626.639648	1414.153198
625.421875	1867.802124
624.204102	1339.326660
622.986328	1209.007324
621.768555	1010.876038
620.549805	98.923820
619.331055	149.645630
618.111328	455.102539
616.892578	-36.583744
