1721.000977	91.320854
1720.027344	80.860146
1719.052734	-91.350800
1718.078125	38.502384
1717.104492	18.773458
1716.128906	-117.074463
1715.154297	-68.930733
1714.178711	-16.342308
1713.204102	84.290421
1712.228516	-187.308151
1711.251953	-3.335615
1710.276367	16.064125
1709.299805	19.546492
1708.324219	-38.934875
1707.347656	17.304256
1706.370117	85.837799
1705.393555	-66.166603
1704.416016	175.436462
1703.438477	94.242828
1702.460938	148.222961
1701.483398	-25.744070
1700.505859	14.724115
1699.527344	95.717842
1698.548828	150.800934
1697.570313	-29.469982
1696.591797	109.301994
1695.612305	122.606331
1694.632813	-53.280972
1693.653320	59.089260
1692.673828	10.405967
1691.694336	4.897666
1690.713867	-82.455475
1689.734375	-42.436096
1688.753906	-170.916473
1687.772461	-90.481850
1686.791992	-38.264660
1685.810547	69.832306
1684.830078	233.809204
1683.848633	351.729675
1682.866211	-75.512810
1681.884766	121.128372
1680.902344	103.747353
1679.919922	-96.961372
1678.937500	76.379929
1677.955078	-7.368932
1676.971680	41.100300
1675.989258	0.502154
1675.005859	178.506058
1674.022461	20.862644
1673.038086	30.965717
1672.054688	48.670544
1671.070313	-20.039440
1670.085938	-27.783720
1669.101563	116.816368
1668.117188	-10.292426
1667.131836	141.836746
1666.146484	316.744537
1665.161133	-28.524345
1664.175781	110.853783
1663.189453	-23.720013
1662.204102	19.284769
1661.217773	16.651014
1660.231445	262.426758
1659.245117	-132.961792
1658.257813	-196.284424
1657.270508	-117.701744
1656.284180	-41.631607
1655.295898	-92.169044
1654.308594	196.570129
1653.321289	-28.516676
1652.333008	-20.687254
1651.344727	207.276321
1650.356445	-60.527504
1649.367188	129.513275
1648.378906	-52.095074
1647.389648	31.818888
1646.400391	-111.684166
1645.411133	-32.728180
1644.420898	-95.215164
1643.431641	82.321762
1642.441406	45.210312
1641.451172	-12.018102
1640.459961	31.786089
1639.469727	-15.195413
1638.478516	-44.445328
1637.487305	49.978207
1636.496094	5.724666
1635.504883	1.895577
1634.512695	56.098343
1633.520508	211.154083
1632.528320	106.675781
1631.536133	14.901370
1630.543945	81.904625
1629.550781	-4.674881
1628.557617	153.053574
1627.564453	69.135254
1626.571289	93.527458
1625.578125	266.415955
1624.583984	456.890503
1623.589844	410.933044
1622.595703	319.791626
1621.601563	512.823730
1620.606445	620.362305
1619.611328	672.628052
1618.616211	629.454895
1617.621094	905.358276
1616.625977	807.009888
1615.629883	919.650940
1614.633789	987.109192
1613.637695	796.081604
1612.641602	800.900818
1611.645508	1041.583130
1610.648438	1013.822021
1609.651367	1006.178284
1608.654297	930.884888
1607.657227	1066.219604
1606.659180	885.759094
1605.662109	1226.580444
1604.664063	1126.396729
1603.666016	1316.813965
1602.666992	1349.422607
1601.668945	1314.466431
1600.669922	1244.503418
1599.670898	1364.783081
1598.671875	1262.370483
1597.671875	1292.590332
1596.672852	1420.364746
1595.672852	1295.565674
1594.672852	1350.827026
1593.671875	1028.682983
1592.671875	921.596375
1591.670898	996.933350
1590.669922	827.477417
1589.668945	618.152954
1588.667969	671.078613
1587.666016	486.850922
1586.664063	327.666412
1585.662109	338.223877
1584.660156	495.965332
1583.658203	396.758453
1582.655273	439.720459
1581.652344	213.420898
1580.649414	191.603592
1579.646484	261.997650
1578.642578	170.408829
1577.638672	73.874504
1576.634766	181.591644
1575.630859	167.253342
1574.626953	289.831024
1573.622070	131.102188
1572.618164	246.155701
1571.613281	216.850510
1570.607422	272.104401
1569.602539	267.651855
1568.596680	24.499290
1567.590820	151.807404
1566.584961	60.349529
1565.579102	341.614868
1564.572266	252.597839
1563.566406	312.626892
1562.559570	161.538589
1561.551758	206.609268
1560.544922	229.310150
1559.537109	105.559776
1558.530273	31.468138
1557.521484	-62.478653
1556.513672	156.076355
1555.505859	-128.815659
1554.497070	97.038017
1553.488281	99.712639
1552.479492	-108.262238
1551.470703	102.498436
1550.460938	62.969624
1549.451172	18.474800
1548.441406	-11.176100
1547.431641	-231.442657
1546.421875	120.024178
1545.411133	142.225723
1544.400391	226.229843
1543.389648	-120.174873
1542.378906	-293.378571
1541.367188	178.685532
1540.355469	-63.793427
1539.343750	69.408783
1538.332031	-34.660362
1537.320313	-91.788315
1536.307617	51.096519
1535.294922	-238.200211
1534.282227	-53.452206
1533.269531	52.204525
1532.256836	-14.945085
1531.243164	-30.307013
1530.229492	62.824074
1529.215820	-4.408435
1528.202148	4.777551
1527.187500	65.674263
1526.172852	-1.640691
1525.158203	-32.008198
1524.143555	-87.033783
1523.127930	123.899940
1522.113281	150.043442
1521.097656	40.728230
1520.082031	-181.797867
1519.065430	-25.322769
1518.049805	-92.823212
1517.033203	51.191303
1516.016602	-65.568283
1515.000000	80.762413
1513.982422	-36.041134
1512.965820	-120.873207
1511.948242	-119.719116
1510.930664	149.167480
1509.913086	42.120770
1508.894531	70.128090
1507.875977	58.806046
1506.857422	59.724232
1505.838867	-3.199101
1504.820313	44.274620
1503.800781	25.451982
1502.781250	-69.425179
1501.761719	-22.086018
1500.742188	-70.406166
1499.721680	241.530289
1498.702148	-34.780243
1497.681641	-80.732880
1496.661133	64.350990
1495.639648	-118.815910
1494.618164	60.412872
1493.597656	153.872406
1492.576172	124.884148
1491.553711	210.862549
1490.532227	162.242050
1489.509766	-86.949959
1488.487305	86.954689
1487.464844	52.956486
1486.442383	-88.600304
1485.418945	-66.412285
1484.395508	-27.159790
1483.372070	148.835434
1482.348633	266.117889
1481.324219	119.619789
1480.300781	21.991945
1479.276367	207.471359
1478.251953	78.082939
1477.226563	121.918068
1476.202148	63.283939
1475.176758	92.426239
1474.151367	119.094566
1473.125000	114.029686
1472.099609	191.814331
1471.073242	91.672577
1470.046875	257.067017
1469.020508	217.799011
1467.994141	193.136765
1466.966797	7.785810
1465.939453	270.323059
1464.912109	374.565491
1463.884766	101.660240
1462.856445	130.446594
1461.829102	176.239960
1460.800781	156.342361
1459.772461	172.899109
1458.743164	-26.867712
1457.714844	162.203094
1456.685547	161.691788
1455.656250	253.458557
1454.625977	194.615128
1453.596680	242.615692
1452.566406	312.416443
1451.536133	345.778961
1450.505859	289.352295
1449.474609	186.841904
1448.444336	251.709778
1447.413086	275.312469
1446.381836	143.760239
1445.350586	24.374941
1444.318359	55.248703
1443.286133	161.202698
1442.253906	288.904480
1441.221680	55.749176
1440.189453	268.144592
1439.156250	44.757042
1438.123047	73.133270
1437.089844	72.463280
1436.056641	-22.544361
1435.022461	-78.829758
1433.988281	75.262161
1432.954102	168.854996
1431.919922	-73.529243
1430.885742	218.195908
1429.850586	-43.431122
1428.815430	-53.754337
1427.780273	-109.950966
1426.744141	-93.703285
1425.708984	-19.517290
1424.672852	-138.428940
1423.636719	8.114164
1422.600586	-67.321083
1421.563477	-72.791946
1420.527344	-56.541862
1419.490234	24.784883
1418.452148	2.435850
1417.415039	98.187996
1416.376953	-179.515976
1415.338867	-11.502728
1414.300781	-108.440781
1413.262695	83.580437
1412.224609	-116.819542
1411.185547	60.689800
1410.146484	93.773888
1409.107422	21.013178
1408.067383	-51.716877
1407.027344	94.403381
1405.987305	-45.598358
1404.947266	-7.671937
1403.907227	-73.073853
1402.866211	-85.593636
1401.826172	257.399567
1400.785156	-144.183426
1399.743164	208.284714
1398.702148	-46.663918
1397.660156	27.279049
1396.618164	127.599022
1395.576172	-9.592398
1394.533203	42.746399
1393.491211	6.371858
1392.448242	236.115967
1391.405273	319.575317
1390.361328	376.646057
1389.318359	347.474091
1388.274414	299.158112
1387.230469	626.851257
1386.186523	238.555679
1385.141602	274.115845
1384.097656	187.638275
1383.052734	364.397705
1382.007813	277.964081
1380.961914	480.963165
1379.916992	322.845032
1378.871094	145.678528
1377.825195	233.907440
1376.778320	183.511154
1375.732422	202.449280
1374.685547	230.943146
1373.638672	245.116150
1372.591797	32.486904
1371.543945	77.756554
1370.497070	213.724289
1369.449219	89.570595
1368.400391	10.803417
1367.352539	46.579205
1366.303711	-51.180225
1365.255859	132.438309
1364.206055	-5.784878
1363.157227	130.117020
1362.108398	92.064926
1361.058594	27.839220
1360.008789	166.078522
1358.958984	151.903915
1357.908203	228.198380
1356.857422	290.201996
1355.806641	140.439178
1354.755859	121.596382
1353.705078	183.643311
1352.653320	-151.414902
1351.601563	-67.909615
1350.549805	122.535095
1349.498047	-12.627721
1348.445313	-83.577408
1347.393555	35.551376
1346.340820	-68.584358
1345.287109	81.374741
1344.234375	-127.127029
1343.180664	-88.719658
1342.126953	20.870693
1341.073242	-121.013313
1340.019531	-73.085648
1338.964844	17.510614
1337.910156	-81.561150
1336.855469	-26.514929
1335.799805	305.759186
1334.745117	57.495090
1333.689453	72.258461
1332.633789	-66.890007
1331.578125	-94.683853
1330.521484	74.004517
1329.464844	-10.576791
1328.408203	35.026161
1327.351563	47.510479
1326.294922	171.161133
1325.237305	-10.248653
1324.179688	-158.467987
1323.122070	166.083984
1322.064453	51.006729
1321.005859	-42.750729
1319.947266	19.435472
1318.888672	-112.023727
1317.830078	-35.650005
1316.770508	130.390518
1315.710938	220.859314
1314.651367	2.231754
1313.591797	24.315250
1312.531250	27.529703
1311.471680	2.474165
1310.411133	-41.423458
1309.349609	6.617930
1308.289063	160.695313
1307.227539	-22.162722
1306.166016	-87.163651
1305.104492	17.418865
1304.042969	53.697884
1302.980469	52.305370
1301.917969	-118.503357
1300.855469	122.497070
1299.792969	-43.520733
1298.729492	140.935623
1297.666016	0.864544
1296.602539	241.673035
1295.539063	-100.445793
1294.474609	241.328644
1293.411133	-79.474556
1292.346680	8.521330
1291.281250	61.260452
1290.216797	31.831377
1289.151367	129.158783
1288.085938	-15.241490
1287.020508	354.217255
1285.955078	92.575760
1284.888672	-154.880386
1283.822266	8.071625
1282.755859	248.314362
1281.689453	214.273392
1280.622070	124.015549
1279.554688	-95.029358
1278.487305	-51.670158
1277.419922	64.264801
1276.351563	-46.924179
1275.283203	-5.927473
1274.214844	154.395325
1273.146484	-207.032196
1272.077148	-58.423321
1271.008789	-132.009323
1269.939453	128.750214
1268.869141	179.031860
1267.799805	142.843567
1266.729492	78.633034
1265.659180	86.867004
1264.588867	-40.344376
1263.517578	84.656776
1262.447266	-5.138306
1261.375977	49.797302
1260.304688	60.382450
1259.232422	133.944016
1258.161133	-23.405756
1257.088867	-5.809767
1256.016602	67.731850
1254.943359	143.568481
1253.871094	58.600384
1252.797852	34.236500
1251.724609	96.067482
1250.650391	209.098038
1249.577148	52.021320
1248.502930	283.729767
1247.428711	126.704597
1246.354492	100.042336
1245.279297	422.307281
1244.204102	56.048077
1243.128906	166.600464
1242.053711	305.001404
1240.977539	266.704865
1239.902344	156.403915
1238.826172	308.651245
1237.750000	360.964264
1236.672852	83.514694
1235.595703	61.558197
1234.518555	153.343628
1233.441406	377.359100
1232.364258	130.314423
1231.286133	101.402931
1230.208008	56.271809
1229.129883	233.736328
1228.051758	37.928200
1226.972656	173.595444
1225.893555	-86.996582
1224.814453	141.296494
1223.734375	147.149506
1222.655273	162.270996
1221.575195	29.220680
1220.495117	51.293213
1219.415039	-53.908035
1218.333984	-94.299034
1217.252930	59.609169
1216.171875	-20.100548
1215.090820	36.622467
1214.008789	67.885696
1212.926758	20.564802
1211.844727	-260.080566
1210.762695	-115.596451
1209.679688	-301.419281
1208.597656	-173.156006
1207.513672	-160.383316
1206.430664	97.015244
1205.347656	-132.537369
1204.263672	-66.734421
1203.179688	-83.988358
1202.095703	-232.664520
1201.010742	-49.333122
1199.925781	-71.206406
1198.840820	-33.163391
1197.755859	-73.466888
1196.670898	-196.671692
1195.584961	96.953751
1194.499023	-69.990295
1193.413086	214.262634
1192.326172	291.272278
1191.239258	-15.964686
1190.152344	93.256737
1189.065430	82.843658
1187.978516	187.387772
1186.890625	18.336466
1185.802734	219.351501
1184.714844	116.989418
1183.625977	35.333355
1182.538086	256.865112
1181.449219	239.494308
1180.360352	373.632629
1179.270508	142.784164
1178.180664	244.742477
1177.090820	101.187149
1176.000977	93.008705
1174.911133	357.697235
1173.820313	365.493164
1172.729492	166.998611
1171.638672	25.873642
1170.547852	84.121071
1169.456055	188.137512
1168.364258	255.461655
1167.272461	9.093394
1166.179688	250.364868
1165.087891	-34.809475
1163.995117	265.838287
1162.902344	230.092972
1161.808594	-116.672302
1160.715820	529.018433
1159.622070	280.620667
1158.528320	368.276550
1157.433594	426.174652
1156.339844	463.488220
1155.245117	571.568176
1154.149414	430.697540
1153.054688	650.579895
1151.958984	957.075867
1150.863281	772.833496
1149.767578	1149.869263
1148.671875	913.188904
1147.575195	811.135193
1146.478516	984.972473
1145.381836	848.739685
1144.285156	883.466858
1143.187500	694.889465
1142.089844	588.385986
1140.992188	616.277588
1139.894531	594.058228
1138.795898	321.443756
1137.697266	292.442596
1136.598633	206.564362
1135.499023	86.584427
1134.400391	366.915375
1133.300781	-125.956337
1132.201172	88.342987
1131.100586	63.894360
1130.000977	-219.574173
1128.900391	-48.602573
1127.799805	54.144779
1126.698242	-13.472818
1125.596680	139.130249
1124.495117	216.754562
1123.393555	67.418480
1122.291992	58.789761
1121.189453	154.476700
1120.086914	195.684052
1118.984375	180.182129
1117.881836	200.938477
1116.778320	-75.194511
1115.674805	106.428383
1114.571289	233.592087
1113.466797	111.574753
1112.363281	93.751053
1111.258789	223.042709
1110.153320	53.529549
1109.048828	182.739624
1107.943359	167.097519
1106.837891	388.904755
1105.732422	223.963791
1104.625977	233.129852
1103.520508	253.582458
1102.414063	-1.656301
1101.306641	86.555901
1100.200195	21.144716
1099.092773	158.951538
1097.985352	149.942993
1096.877930	168.003571
1095.769531	244.695404
1094.661133	55.133572
1093.552734	127.267021
1092.444336	84.346466
1091.335938	142.873611
1090.226563	395.180023
1089.117188	160.620087
1088.006836	275.332001
1086.897461	207.538559
1085.787109	83.447067
1084.676758	-22.599758
1083.566406	305.795258
1082.455078	271.704834
1081.343750	282.602539
1080.232422	104.529137
1079.121094	281.827148
1078.008789	258.910950
1076.896484	256.212250
1075.784180	289.447540
1074.671875	217.043365
1073.558594	425.424774
1072.445313	339.489319
1071.332031	354.603943
1070.217773	261.928070
1069.104492	169.276779
1067.990234	271.839264
1066.875977	33.354015
1065.760742	-52.551838
1064.645508	179.951035
1063.530273	-163.804642
1062.415039	120.111542
1061.299805	220.132919
1060.183594	96.048630
1059.067383	173.566040
1057.951172	181.604813
1056.833984	176.168869
1055.716797	-319.458160
1054.599609	73.469551
1053.482422	0.858001
1052.364258	-2.424681
1051.247070	267.084686
1050.128906	62.473209
1049.009766	329.529602
1047.891602	124.934029
1046.772461	168.378891
1045.653320	6.278859
1044.533203	16.160145
1043.414063	84.063423
1042.293945	96.090126
1041.173828	-10.196530
1040.052734	6.233497
1038.932617	89.549019
1037.811523	30.059303
1036.689453	86.490669
1035.568359	122.810913
1034.446289	-25.900312
1033.324219	-20.842268
1032.202148	-129.426239
1031.079102	-8.618449
1029.957031	-97.186157
1028.833984	81.366096
1027.709961	-381.161102
1026.586914	-129.270233
1025.462891	-24.357529
1024.338867	67.127983
1023.214844	-272.823578
1022.089844	-159.174606
1020.964844	-116.733414
1019.839844	-105.455147
1018.714844	-47.566437
1017.588867	-9.739727
1016.462891	-40.800755
1015.336914	-127.383339
1014.210938	74.567184
1013.083984	1.228884
1011.957031	-3.341016
1010.830078	-38.996017
1009.702148	116.018066
1008.574219	168.946075
1007.446289	-101.785179
1006.318359	181.551880
1005.190430	183.365540
1004.061523	397.761475
1002.932617	372.869476
1001.802734	204.037415
1000.673828	353.985870
999.543945	165.247391
998.414063	197.797607
997.283203	584.188416
996.153320	335.710999
995.022461	655.495422
993.891602	822.583801
992.759766	1338.707764
991.628906	1717.592285
990.497070	2120.555664
989.364258	2730.871826
988.232422	3625.699219
987.099609	3829.174805
985.966797	4268.653320
984.833984	4237.951172
983.700195	4277.804688
982.566406	4247.035156
981.432617	3850.250000
980.298828	3418.344727
979.164063	3145.267334
978.029297	2391.965088
976.894531	1942.961670
975.759766	1533.775146
974.624023	1399.959229
973.488281	1098.875122
972.352539	995.970703
971.215820	585.036011
970.080078	581.230713
968.943359	267.290649
967.805664	344.835541
966.668945	617.974426
965.531250	374.480316
964.393555	462.855316
963.254883	311.709778
962.117188	314.358124
960.978516	183.030228
959.839844	225.163925
958.700195	69.719246
957.561523	287.354492
956.421875	116.569054
955.281250	301.131256
954.141602	130.383118
953.000977	172.326004
951.860352	115.608894
950.719727	183.797073
949.578125	304.502991
948.436523	324.391327
947.294922	317.980591
946.153320	13.832186
945.010742	167.232468
943.868164	84.227089
942.725586	182.828735
941.583008	167.641907
940.439453	119.642433
939.295898	141.614334
938.152344	-151.162018
937.007813	174.576324
935.863281	128.771683
934.718750	72.063812
933.574219	159.500702
932.428711	78.782936
931.283203	43.938793
930.137695	249.147171
928.992188	76.842865
927.845703	181.613266
926.699219	22.484745
925.552734	168.653839
924.405273	66.274452
923.257813	-40.404373
922.110352	79.550270
920.962891	110.159218
919.814453	-9.497712
918.666016	95.154678
917.517578	-104.948677
916.369141	-117.796661
915.219727	-95.822975
914.070313	-19.464170
912.920898	28.613188
911.770508	-34.198330
910.621094	-66.515549
909.470703	-120.533188
908.319336	188.306915
907.168945	-72.034058
906.017578	-143.311188
904.866211	-38.668133
903.713867	124.555542
902.562500	70.742653
901.410156	-202.144730
900.256836	-95.294464
899.104492	-60.007500
897.951172	-87.577400
896.797852	-104.255447
895.644531	-127.381912
894.490234	-109.299858
893.335938	205.569412
892.181641	41.758675
891.027344	96.742172
889.872070	112.778595
888.716797	83.419128
887.561523	129.850876
886.405273	271.481140
885.249023	56.290653
884.092773	182.855194
882.936523	181.897034
881.779297	163.702621
880.622070	294.656738
879.464844	222.577377
878.307617	275.850861
877.149414	320.523621
875.991211	145.079788
874.833008	62.585400
873.673828	-11.174637
872.514648	363.830475
871.355469	83.164749
870.196289	307.212524
869.036133	233.768768
867.875977	350.082703
866.715820	554.759277
865.554688	274.773407
864.394531	470.931824
863.233398	344.133972
862.071289	243.305328
860.910156	194.271698
859.748047	539.065735
858.585938	287.975037
857.422852	411.271729
856.259766	390.561554
855.096680	320.521637
853.933594	459.065338
852.770508	621.279907
851.606445	403.324677
850.442383	499.105469
849.277344	500.475067
848.113281	355.997314
846.948242	370.489868
845.783203	440.869843
844.617188	346.156281
843.451172	307.356018
842.285156	328.718109
841.119141	401.628326
839.952148	309.605988
838.785156	554.108582
837.618164	359.513855
836.451172	486.348206
835.283203	236.428040
834.115234	474.768829
832.947266	242.328369
831.778320	373.821808
830.609375	300.037567
829.440430	350.441162
828.271484	435.154297
827.101563	607.583740
825.931641	572.773254
824.761719	672.701843
823.590820	717.170959
822.420898	731.856262
821.250000	669.797913
820.078125	582.279785
818.907227	492.800812
817.735352	473.893951
816.562500	455.120178
815.390625	583.630005
814.217773	533.120972
813.044922	354.875214
811.872070	588.121216
810.698242	442.161072
809.524414	387.987518
808.350586	216.848328
807.176758	512.161194
806.001953	424.339813
804.827148	349.454315
803.651367	232.182236
802.476563	270.364410
801.300781	185.319244
800.125000	19.653254
798.948242	124.124252
797.772461	118.177437
796.595703	112.354523
795.417969	219.229141
794.241211	26.769129
793.063477	229.393585
791.885742	-62.491386
790.707031	216.690704
789.529297	109.754242
788.350586	45.406036
787.170898	-61.208458
785.992188	131.265396
784.812500	175.398071
783.632813	50.104321
782.452148	238.515549
781.272461	168.555695
780.091797	94.502785
778.911133	69.282654
777.729492	323.554199
776.547852	-186.061752
775.366211	-37.416706
774.184570	66.844780
773.001953	232.473511
771.819336	-81.755959
770.636719	-57.584030
769.453125	-111.511780
768.269531	-251.936935
767.085938	17.521051
765.902344	-183.927277
764.717773	-106.544601
763.533203	141.833359
762.348633	-219.620071
761.163086	-19.696825
759.977539	-180.436066
758.791992	42.724091
757.606445	90.882584
756.419922	-21.088352
755.233398	-168.763428
754.046875	-21.393372
752.859375	20.665586
751.672852	-101.472107
750.485352	62.786587
749.296875	67.071838
748.108398	189.230392
746.919922	-46.228844
745.731445	40.232365
744.542969	-251.767685
743.353516	95.434540
742.164063	-49.259697
740.973633	119.203850
739.783203	58.654114
738.592773	8.658676
737.402344	160.271469
736.211914	-120.580490
735.020508	91.887749
733.829102	44.104786
732.636719	38.312717
731.444336	133.192169
730.251953	121.107887
729.059570	132.092667
727.866211	2.668196
726.673828	30.440590
725.479492	236.241333
724.286133	121.541443
723.091797	2.701363
721.897461	-72.130844
720.703125	45.584152
719.507813	12.599188
718.312500	-5.738069
717.117188	166.211731
715.921875	41.195503
714.725586	-10.621243
713.529297	-47.802273
712.332031	-36.929794
711.135742	95.061317
709.938477	-75.810715
708.740234	97.848602
707.542969	167.048492
706.344727	236.198395
705.146484	113.370911
703.948242	453.611969
702.749023	322.421204
701.549805	378.907257
700.350586	258.195068
699.150391	312.566376
697.950195	398.154236
696.750000	146.295532
695.549805	492.161438
694.348633	38.476574
693.147461	275.990723
691.946289	286.600861
690.744141	268.101227
689.541992	235.074905
688.339844	428.734680
687.136719	374.962189
685.934570	393.995758
684.730469	271.779541
683.527344	494.511322
682.323242	416.063782
681.119141	406.246155
679.915039	120.433128
678.710938	316.326263
677.505859	157.433350
676.300781	121.120514
675.094727	57.992859
673.889648	156.758301
672.683594	44.200401
671.476563	-61.914124
670.270508	-10.334802
669.063477	-217.497498
667.856445	51.958729
666.648438	-30.440323
665.440430	30.277140
664.232422	-287.463135
663.024414	-52.353554
661.815430	29.898073
660.606445	-146.038071
659.397461	-21.749794
658.188477	7.787488
656.978516	29.463303
655.768555	130.080032
654.557617	-33.258755
653.346680	157.092896
652.135742	-91.850090
650.924805	-102.751198
649.712891	43.783268
648.501953	3.137508
647.289063	39.508831
646.077148	-34.787289
644.864258	40.136894
643.651367	-36.701916
642.438477	-9.648442
641.224609	38.877644
640.010742	148.030853
638.796875	-26.051968
637.582031	19.189709
636.367188	-4.494670
635.152344	84.064529
633.937500	-19.605722
632.721680	36.384727
631.505859	167.664612
630.289063	104.974129
629.073242	-143.303116
627.856445	131.928284
626.639648	98.403061
625.421875	251.377075
624.204102	-35.457554
622.986328	-22.739748
621.768555	229.880280
620.549805	209.414261
619.331055	-16.200918
618.111328	230.047318
616.892578	-46.525272
