1721.000977	-244.046402
1720.027344	22.474468
1719.052734	-1.578961
1718.078125	294.440033
1717.104492	-41.347240
1716.128906	-8.299990
1715.154297	-6.613671
1714.178711	125.246933
1713.204102	-71.556725
1712.228516	41.269722
1711.251953	176.602646
1710.276367	237.132996
1709.299805	220.343674
1708.324219	134.010193
1707.347656	129.205246
1706.370117	213.575928
1705.393555	77.486336
1704.416016	150.866501
1703.438477	139.469955
1702.460938	63.822647
1701.483398	-132.265839
1700.505859	-78.053795
1699.527344	-47.156219
1698.548828	256.869904
1697.570313	169.667130
1696.591797	166.553360
1695.612305	-20.648781
1694.632813	274.542908
1693.653320	-17.653646
1692.673828	14.189916
1691.694336	58.608994
1690.713867	-4.301370
1689.734375	-29.059530
1688.753906	190.823685
1687.772461	-135.078262
1686.791992	-114.308533
1685.810547	-45.253780
1684.830078	115.410660
1683.848633	-73.062347
1682.866211	8.392175
1681.884766	36.290745
1680.902344	61.551796
1679.919922	-40.508209
1678.937500	30.454910
1677.955078	170.035049
1676.971680	-8.429628
1675.989258	-82.570381
1675.005859	92.435219
1674.022461	-4.629135
1673.038086	-58.480103
1672.054688	85.888725
1671.070313	-100.061661
1670.085938	-11.633518
1669.101563	137.707031
1668.117188	53.437935
1667.131836	-200.857056
1666.146484	-120.053429
1665.161133	148.489197
1664.175781	-42.176857
1663.189453	-1.967599
1662.204102	-32.717186
1661.217773	91.200706
1660.231445	-114.374977
1659.245117	-74.029617
1658.257813	37.263470
1657.270508	-89.535355
1656.284180	161.110046
1655.295898	36.952629
1654.308594	-61.768742
1653.321289	-102.186264
1652.333008	-94.473061
1651.344727	120.733307
1650.356445	-15.651989
1649.367188	68.057114
1648.378906	166.978729
1647.389648	76.330482
1646.400391	-42.015423
1645.411133	125.253052
1644.420898	-45.992733
1643.431641	20.313299
1642.441406	-21.937252
1641.451172	62.117180
1640.459961	-20.395321
1639.469727	83.939003
1638.478516	-132.129654
1637.487305	0.041857
1636.496094	-104.831940
1635.504883	178.683105
1634.512695	68.883965
1633.520508	19.678835
1632.528320	262.845398
1631.536133	42.435745
1630.543945	222.650269
1629.550781	219.006668
1628.557617	29.118547
1627.564453	214.416641
1626.571289	246.182205
1625.578125	28.900566
1624.583984	362.651001
1623.589844	210.919617
1622.595703	466.649597
1621.601563	430.705994
1620.606445	656.210144
1619.611328	497.193695
1618.616211	499.084015
1617.621094	815.002930
1616.625977	636.102417
1615.629883	786.222656
1614.633789	823.358826
1613.637695	900.678345
1612.641602	1005.606628
1611.645508	995.129639
1610.648438	1002.236023
1609.651367	1036.960693
1608.654297	780.876343
1607.657227	735.488403
1606.659180	1030.964355
1605.662109	1095.849609
1604.664063	1235.873169
1603.666016	1318.261108
1602.666992	1287.946777
1601.668945	1475.485718
1600.669922	1312.542114
1599.670898	1224.759644
1598.671875	1222.099854
1597.671875	1374.529297
1596.672852	1446.900269
1595.672852	1366.720947
1594.672852	1256.591919
1593.671875	1131.511230
1592.671875	949.037231
1591.670898	993.974976
1590.669922	769.148743
1589.668945	826.606934
1588.667969	626.889160
1587.666016	779.202637
1586.664063	519.676331
1585.662109	424.936768
1584.660156	345.204346
1583.658203	440.089020
1582.655273	477.566711
1581.652344	407.824951
1580.649414	457.746277
1579.646484	432.882172
1578.642578	398.040649
1577.638672	398.079193
1576.634766	238.720337
1575.630859	14.681609
1574.626953	318.468719
1573.622070	286.107513
1572.618164	191.551743
1571.613281	298.518311
1570.607422	67.138969
1569.602539	-79.596283
1568.596680	77.016769
1567.590820	208.687515
1566.584961	-2.672890
1565.579102	205.942429
1564.572266	173.471527
1563.566406	290.021912
1562.559570	9.188392
1561.551758	234.881210
1560.544922	63.336971
1559.537109	139.978577
1558.530273	-29.047117
1557.521484	134.328644
1556.513672	148.822769
1555.505859	-49.952724
1554.497070	-97.474808
1553.488281	78.050499
1552.479492	117.186035
1551.470703	76.996666
1550.460938	-119.266037
1549.451172	46.067066
1548.441406	-98.181290
1547.431641	128.890747
1546.421875	192.497574
1545.411133	-137.379776
1544.400391	-190.095337
1543.389648	-131.530334
1542.378906	-18.627550
1541.367188	37.316727
1540.355469	-50.156803
1539.343750	47.703514
1538.332031	98.543884
1537.320313	-72.984573
1536.307617	17.280792
1535.294922	-55.489182
1534.282227	138.335205
1533.269531	117.321167
1532.256836	-83.850761
1531.243164	-114.770920
1530.229492	81.196655
1529.215820	20.583122
1528.202148	-12.924070
1527.187500	-169.718033
1526.172852	117.103027
1525.158203	46.503948
1524.143555	-240.881470
1523.127930	92.432556
1522.113281	-17.634773
1521.097656	59.385098
1520.082031	45.265339
1519.065430	242.722122
1518.049805	-69.198044
1517.033203	22.352102
1516.016602	182.681091
1515.000000	89.659218
1513.982422	205.566055
1512.965820	-27.584692
1511.948242	-29.722357
1510.930664	137.609283
1509.913086	-237.964539
1508.894531	172.349396
1507.875977	-38.676182
1506.857422	243.710983
1505.838867	-112.102081
1504.820313	27.803904
1503.800781	37.591183
1502.781250	91.481934
1501.761719	137.957962
1500.742188	-82.826057
1499.721680	-136.907166
1498.702148	132.467590
1497.681641	-53.997932
1496.661133	-66.514923
1495.639648	217.232071
1494.618164	172.751633
1493.597656	-57.759991
1492.576172	-258.855011
1491.553711	34.333176
1490.532227	-78.694962
1489.509766	-71.882347
1488.487305	-140.904755
1487.464844	203.225601
1486.442383	9.460390
1485.418945	-135.393860
1484.395508	-72.549942
1483.372070	100.158691
1482.348633	-37.382687
1481.324219	42.393139
1480.300781	61.097443
1479.276367	126.121918
1478.251953	174.012726
1477.226563	175.490356
1476.202148	359.884949
1475.176758	105.231689
1474.151367	77.394157
1473.125000	193.339874
1472.099609	211.751663
1471.073242	47.385281
1470.046875	-48.727638
1469.020508	230.229874
1467.994141	345.911682
1466.966797	390.912201
1465.939453	48.892025
1464.912109	120.664207
1463.884766	31.822077
1462.856445	105.946320
1461.829102	204.356720
1460.800781	96.035370
1459.772461	483.615570
1458.743164	224.557877
1457.714844	517.156738
1456.685547	314.043549
1455.656250	220.293091
1454.625977	172.688141
1453.596680	380.009491
1452.566406	691.581848
1451.536133	207.077728
1450.505859	152.188004
1449.474609	97.295044
1448.444336	35.156242
1447.413086	99.094337
1446.381836	17.553223
1445.350586	117.801964
1444.318359	116.217018
1443.286133	46.795986
1442.253906	326.161407
1441.221680	-89.559227
1440.189453	22.656982
1439.156250	180.791962
1438.123047	77.503433
1437.089844	83.125839
1436.056641	54.877419
1435.022461	-176.522614
1433.988281	87.833412
1432.954102	240.874649
1431.919922	-77.432625
1430.885742	-21.078239
1429.850586	-97.634972
1428.815430	-31.659065
1427.780273	-325.512421
1426.744141	78.460701
1425.708984	192.629730
1424.672852	46.105518
1423.636719	-90.705353
1422.600586	21.000227
1421.563477	-12.058534
1420.527344	-112.598259
1419.490234	-116.682846
1418.452148	-320.821686
1417.415039	-182.687546
1416.376953	-56.671417
1415.338867	-58.361015
1414.300781	-204.531403
1413.262695	-54.504566
1412.224609	-135.614166
1411.185547	-228.733749
1410.146484	-90.830986
1409.107422	-87.690758
1408.067383	-12.413143
1407.027344	72.456001
1405.987305	25.078045
1404.947266	57.039173
1403.907227	146.663834
1402.866211	-49.648018
1401.826172	-154.580383
1400.785156	7.078537
1399.743164	103.834846
1398.702148	46.949734
1397.660156	167.670227
1396.618164	19.620159
1395.576172	37.161026
1394.533203	246.550262
1393.491211	53.044960
1392.448242	274.345398
1391.405273	6.618225
1390.361328	165.531097
1389.318359	-20.584829
1388.274414	358.646576
1387.230469	263.569641
1386.186523	29.678581
1385.141602	356.004395
1384.097656	332.813507
1383.052734	106.249847
1382.007813	434.768890
1380.961914	198.718063
1379.916992	386.019928
1378.871094	80.771576
1377.825195	67.254608
1376.778320	123.035210
1375.732422	-91.145844
1374.685547	127.087936
1373.638672	89.715317
1372.591797	288.736298
1371.543945	184.514023
1370.497070	39.790989
1369.449219	117.021942
1368.400391	146.503799
1367.352539	311.941833
1366.303711	55.255753
1365.255859	72.857765
1364.206055	164.317978
1363.157227	165.212662
1362.108398	35.084694
1361.058594	224.180099
1360.008789	84.573051
1358.958984	149.790817
1357.908203	60.251339
1356.857422	215.882248
1355.806641	71.661957
1354.755859	20.285685
1353.705078	256.716217
1352.653320	229.102036
1351.601563	8.950731
1350.549805	-16.200714
1349.498047	72.723755
1348.445313	244.755478
1347.393555	119.835320
1346.340820	25.832727
1345.287109	45.823784
1344.234375	20.729719
1343.180664	57.341938
1342.126953	141.400269
1341.073242	85.472916
1340.019531	-112.721527
1338.964844	-128.260986
1337.910156	-127.192833
1336.855469	-83.456673
1335.799805	111.906693
1334.745117	148.478363
1333.689453	106.864426
1332.633789	-157.322403
1331.578125	61.589569
1330.521484	192.817429
1329.464844	-61.746880
1328.408203	204.324203
1327.351563	-85.604263
1326.294922	83.405014
1325.237305	8.789878
1324.179688	168.244949
1323.122070	-17.429195
1322.064453	66.357109
1321.005859	284.754608
1319.947266	-54.348740
1318.888672	-57.982456
1317.830078	-56.888924
1316.770508	-46.366547
1315.710938	-78.322380
1314.651367	17.143776
1313.591797	-102.081573
1312.531250	71.164146
1311.471680	-217.778778
1310.411133	-9.219778
1309.349609	-130.711746
1308.289063	32.974197
1307.227539	-140.299423
1306.166016	-85.035454
1305.104492	-145.175507
1304.042969	140.782166
1302.980469	137.093979
1301.917969	100.466026
1300.855469	129.728180
1299.792969	246.009171
1298.729492	195.256805
1297.666016	-88.240784
1296.602539	-0.210365
1295.539063	5.527549
1294.474609	4.198187
1293.411133	-39.401428
1292.346680	114.284821
1291.281250	28.383720
1290.216797	-24.600714
1289.151367	182.946274
1288.085938	174.519775
1287.020508	159.055130
1285.955078	99.028740
1284.888672	97.640503
1283.822266	-135.858673
1282.755859	8.126743
1281.689453	88.772362
1280.622070	5.356236
1279.554688	76.576538
1278.487305	18.954582
1277.419922	-52.693394
1276.351563	32.512264
1275.283203	-62.533031
1274.214844	-117.764977
1273.146484	-46.646633
1272.077148	-195.435028
1271.008789	41.686176
1269.939453	-207.593796
1268.869141	-157.603226
1267.799805	109.704720
1266.729492	-55.347935
1265.659180	-35.801319
1264.588867	-13.934874
1263.517578	-27.120825
1262.447266	120.777458
1261.375977	-205.169891
1260.304688	38.338795
1259.232422	193.075821
1258.161133	63.218838
1257.088867	325.130981
1256.016602	15.770134
1254.943359	-76.720245
1253.871094	52.208553
1252.797852	143.784943
1251.724609	116.525398
1250.650391	145.145660
1249.577148	383.295990
1248.502930	55.697025
1247.428711	221.593750
1246.354492	96.577896
1245.279297	246.078064
1244.204102	-27.756416
1243.128906	161.218887
1242.053711	347.777344
1240.977539	199.564377
1239.902344	167.601364
1238.826172	112.398026
1237.750000	6.115396
1236.672852	190.113770
1235.595703	-39.211422
1234.518555	77.389732
1233.441406	224.098816
1232.364258	1.851312
1231.286133	60.339550
1230.208008	-212.822296
1229.129883	98.385254
1228.051758	-26.332781
1226.972656	106.221794
1225.893555	192.368256
1224.814453	-4.139567
1223.734375	-52.363209
1222.655273	-77.404335
1221.575195	-30.696537
1220.495117	-122.883446
1219.415039	-11.414327
1218.333984	-263.221832
1217.252930	109.550453
1216.171875	42.800896
1215.090820	52.359531
1214.008789	48.024200
1212.926758	106.075111
1211.844727	-224.046371
1210.762695	28.042536
1209.679688	-71.016594
1208.597656	-190.807816
1207.513672	-70.523491
1206.430664	-157.986954
1205.347656	119.128922
1204.263672	20.094624
1203.179688	-141.174850
1202.095703	-182.482285
1201.010742	-419.742737
1199.925781	-168.304871
1198.840820	46.143764
1197.755859	-101.195702
1196.670898	-144.835007
1195.584961	9.552952
1194.499023	106.307007
1193.413086	106.337273
1192.326172	46.513840
1191.239258	260.484100
1190.152344	76.423843
1189.065430	14.315413
1187.978516	-98.354897
1186.890625	198.152130
1185.802734	73.962433
1184.714844	342.708771
1183.625977	57.710423
1182.538086	434.258392
1181.449219	29.950232
1180.360352	215.771286
1179.270508	378.531036
1178.180664	300.283173
1177.090820	162.412369
1176.000977	22.299465
1174.911133	123.004929
1173.820313	340.557007
1172.729492	-58.547314
1171.638672	234.545456
1170.547852	142.612579
1169.456055	135.442047
1168.364258	329.778900
1167.272461	63.837944
1166.179688	8.571181
1165.087891	111.234467
1163.995117	190.946793
1162.902344	-17.603437
1161.808594	121.522125
1160.715820	116.546143
1159.622070	10.966449
1158.528320	273.367950
1157.433594	478.503448
1156.339844	605.880737
1155.245117	634.968323
1154.149414	641.182068
1153.054688	720.445923
1151.958984	911.482178
1150.863281	899.334778
1149.767578	1211.128540
1148.671875	630.972717
1147.575195	926.682556
1146.478516	1197.169189
1145.381836	970.637329
1144.285156	1017.643677
1143.187500	943.854858
1142.089844	835.916382
1140.992188	809.992126
1139.894531	317.331940
1138.795898	291.489197
1137.697266	90.414040
1136.598633	253.448105
1135.499023	207.105728
1134.400391	90.281509
1133.300781	125.818733
1132.201172	290.894073
1131.100586	342.230835
1130.000977	-22.266565
1128.900391	165.383713
1127.799805	-248.922852
1126.698242	186.146347
1125.596680	-318.835510
1124.495117	-122.292465
1123.393555	-182.265778
1122.291992	-85.697075
1121.189453	307.918030
1120.086914	80.016075
1118.984375	119.713959
1117.881836	16.579798
1116.778320	223.908966
1115.674805	66.370407
1114.571289	53.844704
1113.466797	84.318596
1112.363281	17.415440
1111.258789	77.267166
1110.153320	168.738693
1109.048828	312.199524
1107.943359	127.566658
1106.837891	-25.344429
1105.732422	276.253082
1104.625977	-10.052670
1103.520508	291.359894
1102.414063	79.696716
1101.306641	247.596115
1100.200195	-74.675797
1099.092773	90.877884
1097.985352	224.726959
1096.877930	47.033215
1095.769531	171.740173
1094.661133	287.343079
1093.552734	141.238068
1092.444336	78.602547
1091.335938	54.295544
1090.226563	88.557358
1089.117188	-55.241703
1088.006836	-25.546921
1086.897461	-9.394589
1085.787109	81.020378
1084.676758	218.642548
1083.566406	34.301643
1082.455078	473.345245
1081.343750	81.969963
1080.232422	122.610939
1079.121094	147.461182
1078.008789	111.549843
1076.896484	-3.051432
1075.784180	26.194090
1074.671875	304.787994
1073.558594	-106.402756
1072.445313	165.277542
1071.332031	299.838287
1070.217773	236.749863
1069.104492	166.935577
1067.990234	249.680344
1066.875977	-100.596359
1065.760742	33.665630
1064.645508	138.684677
1063.530273	71.003357
1062.415039	146.756104
1061.299805	-82.301620
1060.183594	78.487930
1059.067383	10.716254
1057.951172	68.332222
1056.833984	47.513008
1055.716797	57.998650
1054.599609	175.847397
1053.482422	116.867485
1052.364258	46.673508
1051.247070	12.265720
1050.128906	203.617752
1049.009766	160.135437
1047.891602	114.411003
1046.772461	381.429657
1045.653320	395.882874
1044.533203	-14.023151
1043.414063	208.061890
1042.293945	-14.205132
1041.173828	-31.107225
1040.052734	54.567600
1038.932617	-80.652382
1037.811523	9.366041
1036.689453	70.298302
1035.568359	-392.659149
1034.446289	2.529068
1033.324219	52.144691
1032.202148	199.701141
1031.079102	73.201248
1029.957031	-15.419925
1028.833984	-319.990509
1027.709961	-5.788183
1026.586914	5.636054
1025.462891	-29.723848
1024.338867	57.205162
1023.214844	-24.938406
1022.089844	-300.513245
1020.964844	-20.387573
1019.839844	21.809568
1018.714844	-71.570374
1017.588867	205.928284
1016.462891	-260.607452
1015.336914	-47.669823
1014.210938	-154.481567
1013.083984	-145.923019
1011.957031	-33.153061
1010.830078	37.375153
1009.702148	-140.548859
1008.574219	-43.540874
1007.446289	-330.069611
1006.318359	105.874710
1005.190430	-1.207847
1004.061523	-101.664589
1002.932617	234.113571
1001.802734	215.447266
1000.673828	234.384949
999.543945	100.558029
998.414063	347.271088
997.283203	427.916992
996.153320	581.466370
995.022461	734.880554
993.891602	961.118591
992.759766	1264.532227
991.628906	1841.735107
990.497070	2378.850342
989.364258	3264.571533
988.232422	4032.840820
987.099609	4350.397949
985.966797	4870.791016
984.833984	4845.935547
983.700195	4547.506348
982.566406	4586.579590
981.432617	3805.397949
980.298828	3829.102783
979.164063	3539.791504
978.029297	2801.096191
976.894531	2245.526855
975.759766	1505.175659
974.624023	1531.324219
973.488281	934.455933
972.352539	1024.459961
971.215820	652.309021
970.080078	1063.420898
968.943359	607.777588
967.805664	528.272217
966.668945	222.363815
965.531250	382.461945
964.393555	327.120789
963.254883	342.043457
962.117188	387.691254
960.978516	571.594727
959.839844	6.808198
958.700195	34.804413
957.561523	312.915955
956.421875	165.267090
955.281250	52.729820
954.141602	196.779495
953.000977	174.108719
951.860352	232.514328
950.719727	444.247345
949.578125	110.360634
948.436523	186.166779
947.294922	388.914917
946.153320	265.362091
945.010742	432.918640
943.868164	272.153107
942.725586	306.146759
941.583008	130.139191
940.439453	395.880646
939.295898	97.459335
938.152344	54.882420
937.007813	112.812386
935.863281	273.382416
934.718750	381.447449
933.574219	279.827209
932.428711	-164.522751
931.283203	30.837538
930.137695	245.743515
928.992188	-148.125595
927.845703	-72.892212
926.699219	-36.942535
925.552734	-236.458572
924.405273	89.388489
923.257813	-362.849976
922.110352	-109.004379
920.962891	59.786331
919.814453	245.911682
918.666016	138.055862
917.517578	32.441303
916.369141	325.114655
915.219727	254.330887
914.070313	253.201889
912.920898	23.764643
911.770508	261.862122
910.621094	4.319698
909.470703	329.288422
908.319336	-51.968067
907.168945	-94.155731
906.017578	163.364960
904.866211	27.840609
903.713867	244.026672
902.562500	264.863403
901.410156	36.217255
900.256836	117.873581
899.104492	82.454025
897.951172	214.018753
896.797852	111.478218
895.644531	167.228973
894.490234	40.999653
893.335938	354.589264
892.181641	120.210770
891.027344	128.483459
889.872070	104.329567
888.716797	-4.147397
887.561523	201.203094
886.405273	103.684364
885.249023	120.895844
884.092773	267.892365
882.936523	213.873322
881.779297	12.991942
880.622070	287.593475
879.464844	471.428101
878.307617	447.949097
877.149414	135.241638
875.991211	310.588226
874.833008	216.194061
873.673828	367.875092
872.514648	176.616623
871.355469	324.112152
870.196289	141.770035
869.036133	347.586212
867.875977	421.955811
866.715820	237.857407
865.554688	551.506042
864.394531	391.368561
863.233398	293.835876
862.071289	499.947449
860.910156	370.386292
859.748047	490.557556
858.585938	415.054626
857.422852	333.241638
856.259766	464.440216
855.096680	621.496033
853.933594	191.936417
852.770508	499.634277
851.606445	586.065552
850.442383	513.676147
849.277344	256.803558
848.113281	300.708130
846.948242	677.342224
845.783203	67.028198
844.617188	390.187866
843.451172	250.139343
842.285156	416.888184
841.119141	618.004333
839.952148	559.864990
838.785156	392.639282
837.618164	251.348190
836.451172	572.834961
835.283203	541.055359
834.115234	488.044922
832.947266	510.119476
831.778320	519.492859
830.609375	394.272339
829.440430	763.257935
828.271484	593.470337
827.101563	464.528137
825.931641	647.811218
824.761719	997.818665
823.590820	660.044373
822.420898	698.450745
821.250000	726.325378
820.078125	760.751587
818.907227	458.180969
817.735352	633.812073
816.562500	451.188904
815.390625	437.301025
814.217773	779.623169
813.044922	580.571960
811.872070	620.460388
810.698242	671.150452
809.524414	798.675537
808.350586	381.176361
807.176758	709.190186
806.001953	436.993500
804.827148	548.138245
803.651367	608.342590
802.476563	709.119202
801.300781	512.316650
800.125000	426.335541
798.948242	438.337616
797.772461	165.775604
796.595703	178.190308
795.417969	333.077698
794.241211	335.188110
793.063477	118.801331
791.885742	-16.654297
790.707031	-3.336712
789.529297	109.864227
788.350586	-156.473877
787.170898	-282.568481
785.992188	-101.027382
784.812500	273.465973
783.632813	-155.142136
782.452148	217.402954
781.272461	60.449024
780.091797	136.651367
778.911133	-157.487991
777.729492	-76.712158
776.547852	46.505840
775.366211	-136.921814
774.184570	-210.123993
773.001953	15.004070
771.819336	-68.464607
770.636719	-170.762650
769.453125	179.316467
768.269531	-138.174393
767.085938	11.385465
765.902344	-83.918518
764.717773	131.278625
763.533203	-1.721019
762.348633	76.478378
761.163086	-58.289337
759.977539	176.216858
758.791992	43.857452
757.606445	356.479187
756.419922	-197.122910
755.233398	-6.560073
754.046875	-41.368488
752.859375	201.948166
751.672852	-28.484882
750.485352	63.369080
749.296875	104.772789
748.108398	369.289978
746.919922	-12.012231
745.731445	71.737869
744.542969	52.515549
743.353516	77.532402
742.164063	392.640717
740.973633	352.599060
739.783203	-21.334200
738.592773	228.708725
737.402344	-16.795023
736.211914	90.534081
735.020508	65.665901
733.829102	168.856567
732.636719	3.564378
731.444336	-35.765152
730.251953	277.208557
729.059570	175.054672
727.866211	35.274807
726.673828	117.688660
725.479492	97.467606
724.286133	-94.420990
723.091797	262.347992
721.897461	43.368656
720.703125	215.849365
719.507813	-21.783655
718.312500	207.157715
717.117188	128.618469
715.921875	108.674652
714.725586	-201.770340
713.529297	-50.234970
712.332031	36.481396
711.135742	-14.679594
709.938477	117.956841
708.740234	-204.573227
707.542969	143.051254
706.344727	117.003853
705.146484	105.583763
703.948242	94.179512
702.749023	274.630310
701.549805	102.691177
700.350586	212.216324
699.150391	388.379852
697.950195	-25.079920
696.750000	648.862122
695.549805	329.272369
694.348633	367.916229
693.147461	502.302948
691.946289	230.902466
690.744141	552.538086
689.541992	343.712494
688.339844	573.752319
687.136719	288.187531
685.934570	453.797852
684.730469	613.148499
683.527344	462.969971
682.323242	460.383728
681.119141	518.087280
679.915039	509.422760
678.710938	536.135376
677.505859	432.224854
676.300781	299.435852
675.094727	146.095932
673.889648	-63.014275
672.683594	-31.424751
671.476563	56.264709
670.270508	7.346141
669.063477	205.134567
667.856445	266.357819
666.648438	172.498550
665.440430	68.573227
664.232422	-14.349010
663.024414	234.075394
661.815430	-141.980606
660.606445	20.123756
659.397461	-146.225754
658.188477	231.478806
656.978516	-144.855499
655.768555	101.261269
654.557617	296.077209
653.346680	-95.177574
652.135742	-188.453796
650.924805	24.322550
649.712891	2.336270
648.501953	-29.356892
647.289063	-177.944626
646.077148	88.678612
644.864258	94.083214
643.651367	436.192871
642.438477	187.562912
641.224609	201.533752
640.010742	150.481644
638.796875	153.928024
637.582031	90.439804
636.367188	-91.349434
635.152344	-51.793419
633.937500	11.517823
632.721680	178.852142
631.505859	252.791229
630.289063	-99.533195
629.073242	-0.235903
627.856445	211.440201
626.639648	-88.996376
625.421875	-106.313911
624.204102	261.996765
622.986328	-0.348627
621.768555	-16.526365
620.549805	20.533598
619.331055	106.753769
618.111328	211.453354
616.892578	102.970871
