1721.000977	116.188705
1720.027344	-52.669353
1719.052734	194.541443
1718.078125	-98.400253
1717.104492	125.776100
1716.128906	79.421150
1715.154297	134.557220
1714.178711	114.262871
1713.204102	267.261566
1712.228516	-24.114891
1711.251953	-80.601128
1710.276367	-171.256287
1709.299805	-180.790588
1708.324219	-411.336060
1707.347656	74.194351
1706.370117	139.012451
1705.393555	23.970406
1704.416016	-96.844398
1703.438477	14.487850
1702.460938	-97.338150
1701.483398	-30.747778
1700.505859	-304.735657
1699.527344	-137.037476
1698.548828	303.472351
1697.570313	130.197052
1696.591797	119.986313
1695.612305	63.353210
1694.632813	136.529602
1693.653320	51.021023
1692.673828	26.418215
1691.694336	129.043579
1690.713867	-151.360916
1689.734375	402.026642
1688.753906	274.062164
1687.772461	110.164063
1686.791992	127.060257
1685.810547	36.661697
1684.830078	142.270187
1683.848633	138.079697
1682.866211	-156.642609
1681.884766	-77.118965
1680.902344	-69.087875
1679.919922	-175.736877
1678.937500	-89.091492
1677.955078	223.810516
1676.971680	-20.569443
1675.989258	-155.578232
1675.005859	47.502007
1674.022461	214.834976
1673.038086	110.086945
1672.054688	48.542561
1671.070313	-35.904877
1670.085938	-3.526775
1669.101563	-11.814276
1668.117188	-98.819481
1667.131836	123.838051
1666.146484	85.020172
1665.161133	-37.502129
1664.175781	91.160904
1663.189453	-208.830429
1662.204102	51.705151
1661.217773	-47.833042
1660.231445	27.584612
1659.245117	9.256365
1658.257813	102.430992
1657.270508	28.443710
1656.284180	141.961258
1655.295898	19.985153
1654.308594	24.711304
1653.321289	-269.132294
1652.333008	117.836647
1651.344727	-61.943111
1650.356445	-26.589815
1649.367188	-51.881737
1648.378906	246.544266
1647.389648	1.466552
1646.400391	-170.136658
1645.411133	50.039173
1644.420898	105.998405
1643.431641	2.936235
1642.441406	13.615400
1641.451172	355.086945
1640.459961	50.362720
1639.469727	331.312256
1638.478516	-51.301559
1637.487305	166.665024
1636.496094	230.804108
1635.504883	335.356079
1634.512695	119.799400
1633.520508	370.679199
1632.528320	293.985504
1631.536133	272.842987
1630.543945	216.544205
1629.550781	288.770660
1628.557617	446.662109
1627.564453	519.001099
1626.571289	805.312073
1625.578125	895.344238
1624.583984	701.156128
1623.589844	894.452881
1622.595703	994.723694
1621.601563	1253.418457
1620.606445	1114.953369
1619.611328	1300.798462
1618.616211	1474.089111
1617.621094	1479.095459
1616.625977	1142.640259
1615.629883	1459.200073
1614.633789	1271.139160
1613.637695	1110.842529
1612.641602	1168.992065
1611.645508	1513.185791
1610.648438	1237.767944
1609.651367	1173.179932
1608.654297	790.283447
1607.657227	1325.033691
1606.659180	1694.208496
1605.662109	1269.045532
1604.664063	1590.610474
1603.666016	1922.117554
1602.666992	1532.378418
1601.668945	1375.698242
1600.669922	1466.914551
1599.670898	1500.589355
1598.671875	1499.277222
1597.671875	1332.905273
1596.672852	981.606140
1595.672852	1233.063843
1594.672852	1239.478516
1593.671875	1138.447388
1592.671875	860.104675
1591.670898	721.800842
1590.669922	845.854980
1589.668945	720.171692
1588.667969	552.131897
1587.666016	558.909241
1586.664063	548.244751
1585.662109	435.312408
1584.660156	649.247253
1583.658203	421.666809
1582.655273	331.336731
1581.652344	191.204956
1580.649414	145.867523
1579.646484	167.852173
1578.642578	90.170914
1577.638672	12.537271
1576.634766	-15.239696
1575.630859	29.213570
1574.626953	225.512833
1573.622070	85.728966
1572.618164	306.837250
1571.613281	70.088242
1570.607422	-67.077850
1569.602539	61.915821
1568.596680	-102.531540
1567.590820	-18.335194
1566.584961	-284.584167
1565.579102	194.679382
1564.572266	62.624390
1563.566406	-136.416336
1562.559570	340.011414
1561.551758	1.932096
1560.544922	36.315289
1559.537109	-8.744024
1558.530273	-192.713669
1557.521484	181.468277
1556.513672	89.263680
1555.505859	108.665993
1554.497070	-0.868373
1553.488281	40.816067
1552.479492	50.259686
1551.470703	52.254841
1550.460938	-34.943096
1549.451172	-119.641388
1548.441406	-48.340530
1547.431641	-128.076141
1546.421875	230.243149
1545.411133	63.841602
1544.400391	-28.294863
1543.389648	-202.022034
1542.378906	-98.750374
1541.367188	-279.851196
1540.355469	70.513153
1539.343750	-167.417313
1538.332031	27.095558
1537.320313	-190.995239
1536.307617	-223.808945
1535.294922	-41.816322
1534.282227	-121.583801
1533.269531	45.470657
1532.256836	2.698651
1531.243164	-25.282619
1530.229492	-159.328491
1529.215820	-133.046249
1528.202148	-99.394730
1527.187500	-102.764465
1526.172852	-5.106338
1525.158203	-99.687691
1524.143555	37.312046
1523.127930	-173.036621
1522.113281	-23.797638
1521.097656	105.654137
1520.082031	-168.610535
1519.065430	-105.667534
1518.049805	195.895889
1517.033203	32.417812
1516.016602	85.404671
1515.000000	42.470238
1513.982422	225.677353
1512.965820	-198.225098
1511.948242	-206.721283
1510.930664	-38.347580
1509.913086	93.105568
1508.894531	209.744080
1507.875977	80.822617
1506.857422	69.763687
1505.838867	147.048416
1504.820313	155.597397
1503.800781	-61.553703
1502.781250	18.131126
1501.761719	85.517830
1500.742188	-38.336243
1499.721680	217.731644
1498.702148	52.240040
1497.681641	185.687531
1496.661133	-119.358597
1495.639648	263.834778
1494.618164	113.131798
1493.597656	111.828285
1492.576172	254.901443
1491.553711	339.180267
1490.532227	232.636337
1489.509766	-3.497151
1488.487305	95.472099
1487.464844	125.953110
1486.442383	263.974091
1485.418945	-277.409424
1484.395508	112.285889
1483.372070	164.744446
1482.348633	56.012020
1481.324219	137.767349
1480.300781	-141.762390
1479.276367	35.209114
1478.251953	87.678680
1477.226563	257.223572
1476.202148	165.754379
1475.176758	249.899399
1474.151367	151.178802
1473.125000	193.875015
1472.099609	114.742195
1471.073242	-137.335327
1470.046875	36.998459
1469.020508	221.023697
1467.994141	-62.502903
1466.966797	250.519592
1465.939453	135.077927
1464.912109	129.211975
1463.884766	561.280029
1462.856445	392.402588
1461.829102	376.843018
1460.800781	485.296692
1459.772461	233.986511
1458.743164	408.089752
1457.714844	701.222900
1456.685547	350.509430
1455.656250	971.453186
1454.625977	606.317688
1453.596680	680.793091
1452.566406	670.306030
1451.536133	604.049561
1450.505859	389.866180
1449.474609	517.806641
1448.444336	490.539307
1447.413086	463.311279
1446.381836	494.311554
1445.350586	302.374817
1444.318359	544.266724
1443.286133	337.935822
1442.253906	461.126923
1441.221680	354.268341
1440.189453	232.975906
1439.156250	363.490112
1438.123047	293.140076
1437.089844	174.481064
1436.056641	469.546783
1435.022461	297.775146
1433.988281	-101.153412
1432.954102	184.244019
1431.919922	194.051910
1430.885742	397.210175
1429.850586	327.330750
1428.815430	257.533173
1427.780273	-51.244625
1426.744141	-120.841782
1425.708984	-33.451847
1424.672852	-146.358902
1423.636719	-133.701569
1422.600586	-60.692394
1421.563477	60.558212
1420.527344	8.221294
1419.490234	23.446854
1418.452148	-303.532227
1417.415039	-141.152740
1416.376953	-51.071026
1415.338867	29.392075
1414.300781	-371.737854
1413.262695	-4.628551
1412.224609	25.393972
1411.185547	38.600616
1410.146484	39.828350
1409.107422	45.924965
1408.067383	-29.707653
1407.027344	-326.461273
1405.987305	54.884880
1404.947266	166.940262
1403.907227	96.382675
1402.866211	117.192337
1401.826172	200.510513
1400.785156	170.975388
1399.743164	223.128174
1398.702148	241.722992
1397.660156	423.546783
1396.618164	101.488251
1395.576172	324.160614
1394.533203	484.425354
1393.491211	678.260498
1392.448242	768.975037
1391.405273	730.283386
1390.361328	991.187988
1389.318359	1417.353638
1388.274414	1694.877075
1387.230469	1617.923462
1386.186523	1727.805176
1385.141602	1650.979736
1384.097656	1978.699585
1383.052734	2069.452148
1382.007813	2021.476685
1380.961914	2150.547363
1379.916992	2016.605469
1378.871094	2062.062744
1377.825195	1849.425903
1376.778320	1730.117554
1375.732422	1140.277588
1374.685547	1503.769531
1373.638672	1153.136597
1372.591797	988.933350
1371.543945	1111.285645
1370.497070	992.612305
1369.449219	1279.650146
1368.400391	755.545532
1367.352539	739.726318
1366.303711	776.412292
1365.255859	715.402222
1364.206055	642.533264
1363.157227	681.752563
1362.108398	880.623901
1361.058594	517.326660
1360.008789	768.627930
1358.958984	727.025269
1357.908203	628.348511
1356.857422	660.655518
1355.806641	995.168518
1354.755859	780.078308
1353.705078	860.036743
1352.653320	364.575043
1351.601563	756.092590
1350.549805	337.010803
1349.498047	559.741150
1348.445313	746.773987
1347.393555	444.484436
1346.340820	619.674072
1345.287109	436.316986
1344.234375	132.032227
1343.180664	390.354004
1342.126953	454.044556
1341.073242	214.113129
1340.019531	330.070770
1338.964844	277.658173
1337.910156	73.586662
1336.855469	199.086075
1335.799805	142.100357
1334.745117	388.425354
1333.689453	33.058949
1332.633789	-153.988937
1331.578125	116.013496
1330.521484	383.557220
1329.464844	9.694979
1328.408203	-181.790649
1327.351563	-77.476448
1326.294922	-141.087692
1325.237305	-74.603912
1324.179688	-164.138565
1323.122070	-88.162971
1322.064453	61.058552
1321.005859	47.228226
1319.947266	-46.871044
1318.888672	17.310900
1317.830078	112.181625
1316.770508	-295.726440
1315.710938	-16.714495
1314.651367	-337.074188
1313.591797	173.041534
1312.531250	-213.211746
1311.471680	91.571709
1310.411133	-169.513062
1309.349609	99.806831
1308.289063	-340.199707
1307.227539	28.025372
1306.166016	82.860367
1305.104492	151.820297
1304.042969	-217.116913
1302.980469	66.097160
1301.917969	-446.176880
1300.855469	-80.656410
1299.792969	105.956825
1298.729492	-133.155838
1297.666016	15.793873
1296.602539	-169.098892
1295.539063	-194.088593
1294.474609	-146.220383
1293.411133	145.955750
1292.346680	-92.774902
1291.281250	23.167252
1290.216797	153.163757
1289.151367	102.380898
1288.085938	246.397858
1287.020508	146.374268
1285.955078	229.354599
1284.888672	134.079025
1283.822266	-26.791252
1282.755859	382.008911
1281.689453	-60.048286
1280.622070	285.330170
1279.554688	19.180456
1278.487305	116.158363
1277.419922	51.538841
1276.351563	277.222412
1275.283203	58.131969
1274.214844	7.618627
1273.146484	134.924179
1272.077148	355.728516
1271.008789	40.957775
1269.939453	13.878428
1268.869141	316.376831
1267.799805	254.203354
1266.729492	213.079559
1265.659180	76.205681
1264.588867	119.216125
1263.517578	416.693268
1262.447266	198.170593
1261.375977	213.115936
1260.304688	186.055679
1259.232422	49.359329
1258.161133	120.302589
1257.088867	417.386536
1256.016602	364.655151
1254.943359	15.935057
1253.871094	473.630829
1252.797852	243.852982
1251.724609	514.950195
1250.650391	723.047974
1249.577148	672.629089
1248.502930	871.286438
1247.428711	662.599243
1246.354492	716.913025
1245.279297	329.226379
1244.204102	409.159454
1243.128906	196.089035
1242.053711	317.850922
1240.977539	348.910492
1239.902344	310.250549
1238.826172	283.214203
1237.750000	481.472443
1236.672852	410.275909
1235.595703	434.289764
1234.518555	342.236511
1233.441406	157.397339
1232.364258	-83.044281
1231.286133	105.717010
1230.208008	268.881561
1229.129883	70.285210
1228.051758	163.838058
1226.972656	234.161896
1225.893555	123.726608
1224.814453	156.955978
1223.734375	69.729614
1222.655273	-114.705971
1221.575195	441.703430
1220.495117	-184.800781
1219.415039	112.211067
1218.333984	94.460419
1217.252930	-124.510521
1216.171875	-452.068939
1215.090820	186.867188
1214.008789	-94.406456
1212.926758	232.189468
1211.844727	-5.085273
1210.762695	21.060368
1209.679688	-89.068146
1208.597656	-125.263321
1207.513672	-96.829483
1206.430664	-534.579407
1205.347656	-157.672516
1204.263672	73.727982
1203.179688	-174.677460
1202.095703	35.865097
1201.010742	4.252956
1199.925781	147.807663
1198.840820	-211.023453
1197.755859	158.269424
1196.670898	101.305496
1195.584961	108.827774
1194.499023	88.716400
1193.413086	-122.426987
1192.326172	-43.544926
1191.239258	-10.712334
1190.152344	385.522034
1189.065430	-16.396490
1187.978516	-59.475613
1186.890625	65.250336
1185.802734	-44.488884
1184.714844	326.013824
1183.625977	342.589355
1182.538086	191.511627
1181.449219	-106.457985
1180.360352	137.451279
1179.270508	87.476601
1178.180664	76.527397
1177.090820	464.740417
1176.000977	297.746613
1174.911133	387.639740
1173.820313	369.735107
1172.729492	395.381592
1171.638672	260.610443
1170.547852	371.031097
1169.456055	341.671692
1168.364258	170.345947
1167.272461	402.036285
1166.179688	523.745544
1165.087891	693.460266
1163.995117	659.463440
1162.902344	840.496460
1161.808594	1028.300293
1160.715820	1069.693604
1159.622070	999.049255
1158.528320	951.286133
1157.433594	988.075134
1156.339844	887.789429
1155.245117	629.950317
1154.149414	657.635742
1153.054688	491.269836
1151.958984	550.920593
1150.863281	313.901611
1149.767578	380.400238
1148.671875	248.434052
1147.575195	200.888519
1146.478516	37.090851
1145.381836	-133.476654
1144.285156	147.226929
1143.187500	168.069489
1142.089844	-98.098366
1140.992188	-163.753357
1139.894531	-1.710080
1138.795898	-99.241272
1137.697266	-171.701462
1136.598633	165.405243
1135.499023	-191.438034
1134.400391	-188.795731
1133.300781	-65.662407
1132.201172	100.601479
1131.100586	-99.124542
1130.000977	30.704468
1128.900391	-357.478394
1127.799805	-30.080473
1126.698242	-397.661743
1125.596680	45.354790
1124.495117	93.250092
1123.393555	181.959412
1122.291992	173.070328
1121.189453	307.059906
1120.086914	660.936768
1118.984375	819.677185
1117.881836	790.208374
1116.778320	1059.859131
1115.674805	905.715942
1114.571289	1095.921143
1113.466797	753.850098
1112.363281	891.908997
1111.258789	837.483765
1110.153320	717.435303
1109.048828	717.347534
1107.943359	699.143372
1106.837891	787.226013
1105.732422	624.282349
1104.625977	581.195496
1103.520508	572.018127
1102.414063	513.114563
1101.306641	506.169769
1100.200195	115.279404
1099.092773	158.067429
1097.985352	169.214188
1096.877930	491.795319
1095.769531	171.119476
1094.661133	455.158081
1093.552734	-16.519186
1092.444336	307.979675
1091.335938	79.982155
1090.226563	97.730438
1089.117188	-112.143944
1088.006836	112.853096
1086.897461	258.897461
1085.787109	233.700546
1084.676758	174.720108
1083.566406	685.205444
1082.455078	182.767715
1081.343750	452.225952
1080.232422	312.155670
1079.121094	552.169434
1078.008789	452.540283
1076.896484	586.698730
1075.784180	774.700684
1074.671875	475.029785
1073.558594	779.705078
1072.445313	114.028175
1071.332031	366.937775
1070.217773	271.749725
1069.104492	412.224487
1067.990234	175.637085
1066.875977	313.744293
1065.760742	110.842323
1064.645508	-257.931152
1063.530273	-63.905071
1062.415039	123.267410
1061.299805	7.815928
1060.183594	114.147835
1059.067383	-234.272888
1057.951172	28.718937
1056.833984	81.102814
1055.716797	30.458035
1054.599609	183.418533
1053.482422	159.524475
1052.364258	437.532562
1051.247070	48.997120
1050.128906	62.996815
1049.009766	41.167389
1047.891602	128.799774
1046.772461	258.778992
1045.653320	-268.041901
1044.533203	80.697021
1043.414063	-249.488358
1042.293945	-182.271942
1041.173828	-16.954803
1040.052734	-45.886162
1038.932617	-30.243145
1037.811523	-5.756642
1036.689453	-257.820190
1035.568359	-117.505173
1034.446289	11.529543
1033.324219	-31.118319
1032.202148	-160.687851
1031.079102	-85.384102
1029.957031	-130.406815
1028.833984	9.274095
1027.709961	-11.422389
1026.586914	-45.521820
1025.462891	-26.295200
1024.338867	-225.103302
1023.214844	-332.728119
1022.089844	73.126884
1020.964844	-72.453575
1019.839844	-309.145996
1018.714844	100.646637
1017.588867	-76.170021
1016.462891	166.686325
1015.336914	-132.318176
1014.210938	-62.832592
1013.083984	-184.297134
1011.957031	182.271973
1010.830078	215.903412
1009.702148	180.688126
1008.574219	615.397217
1007.446289	1023.229309
1006.318359	1608.066772
1005.190430	2511.574951
1004.061523	2854.204102
1002.932617	2259.895752
1001.802734	1249.552612
1000.673828	688.912292
999.543945	694.933716
998.414063	289.361420
997.283203	332.891205
996.153320	349.786469
995.022461	92.427620
993.891602	297.065369
992.759766	384.389557
991.628906	643.923950
990.497070	677.939148
989.364258	623.503052
988.232422	1242.405640
987.099609	1203.137695
985.966797	1433.032715
984.833984	1375.911011
983.700195	1204.008911
982.566406	1067.382813
981.432617	1069.630249
980.298828	961.571777
979.164063	1115.713013
978.029297	593.282593
976.894531	817.745605
975.759766	493.648987
974.624023	413.994507
973.488281	442.151794
972.352539	404.181702
971.215820	350.726410
970.080078	312.617615
968.943359	166.660904
967.805664	598.942383
966.668945	503.370514
965.531250	300.051300
964.393555	204.404083
963.254883	317.391174
962.117188	636.700928
960.978516	488.071869
959.839844	372.357330
958.700195	263.181610
957.561523	469.950500
956.421875	525.163879
955.281250	490.334137
954.141602	742.697571
953.000977	725.208923
951.860352	604.638306
950.719727	683.443604
949.578125	582.483459
948.436523	720.223511
947.294922	555.649231
946.153320	305.695282
945.010742	208.978012
943.868164	267.590424
942.725586	380.797455
941.583008	472.010529
940.439453	73.287270
939.295898	201.541428
938.152344	-83.416992
937.007813	51.225460
935.863281	59.033199
934.718750	99.537056
933.574219	-113.339508
932.428711	68.955223
931.283203	152.890305
930.137695	51.250660
928.992188	-67.850662
927.845703	129.300186
926.699219	108.246819
925.552734	8.672731
924.405273	63.832806
923.257813	151.610718
922.110352	88.981110
920.962891	-17.221964
919.814453	61.666588
918.666016	379.960388
917.517578	-183.443863
916.369141	21.536077
915.219727	259.010681
914.070313	154.860245
912.920898	63.778439
911.770508	100.971550
910.621094	-85.737434
909.470703	-11.625755
908.319336	-154.835526
907.168945	-87.287758
906.017578	-111.001793
904.866211	-76.096985
903.713867	197.531586
902.562500	60.904469
901.410156	-27.944824
900.256836	39.406322
899.104492	-49.390659
897.951172	13.608072
896.797852	-198.689316
895.644531	3.026586
894.490234	-122.496368
893.335938	33.642212
892.181641	-130.769669
891.027344	-141.363922
889.872070	-17.742081
888.716797	-123.531105
887.561523	-36.687057
886.405273	-45.035908
885.249023	-98.753487
884.092773	14.071391
882.936523	111.756187
881.779297	-19.636158
880.622070	-92.582359
879.464844	-154.641876
878.307617	150.500839
877.149414	-144.655441
875.991211	-25.179411
874.833008	64.098038
873.673828	129.654388
872.514648	-264.184662
871.355469	163.859375
870.196289	-164.970200
869.036133	-8.592051
867.875977	-175.450302
866.715820	-21.121960
865.554688	247.372986
864.394531	194.982300
863.233398	35.051624
862.071289	49.635094
860.910156	227.879089
859.748047	195.291931
858.585938	231.659195
857.422852	390.690002
856.259766	586.312256
855.096680	326.275055
853.933594	517.766846
852.770508	387.024933
851.606445	28.774506
850.442383	171.184998
849.277344	257.831421
848.113281	308.095764
846.948242	281.213196
845.783203	-11.553763
844.617188	-16.621893
843.451172	6.341375
842.285156	115.201927
841.119141	-268.828674
839.952148	-157.508713
838.785156	-234.617630
837.618164	138.284500
836.451172	20.782070
835.283203	21.246099
834.115234	-3.806765
832.947266	3.424497
831.778320	-136.804031
830.609375	180.945511
829.440430	62.479855
828.271484	252.117325
827.101563	-34.811420
825.931641	73.915771
824.761719	-7.367337
823.590820	155.068619
822.420898	622.998413
821.250000	226.236633
820.078125	354.921844
818.907227	274.622559
817.735352	636.173584
816.562500	507.168304
815.390625	408.283386
814.217773	198.778168
813.044922	390.286102
811.872070	183.417374
810.698242	198.410019
809.524414	232.769760
808.350586	54.374008
807.176758	104.064911
806.001953	-103.612503
804.827148	-145.003296
803.651367	-18.105265
802.476563	185.518784
801.300781	-199.785080
800.125000	-116.988052
798.948242	218.902512
797.772461	148.976257
796.595703	81.410248
795.417969	213.727661
794.241211	99.870232
793.063477	52.076244
791.885742	318.634125
790.707031	494.019318
789.529297	283.417725
788.350586	473.972809
787.170898	79.382599
785.992188	134.610916
784.812500	529.122131
783.632813	603.673218
782.452148	411.446899
781.272461	268.215668
780.091797	214.169250
778.911133	259.829071
777.729492	7.219698
776.547852	277.557251
775.366211	137.535980
774.184570	133.113602
773.001953	99.256065
771.819336	-285.343079
770.636719	-333.554657
769.453125	-275.934204
768.269531	-68.199165
767.085938	-217.341873
765.902344	-148.780533
764.717773	-158.219193
763.533203	39.316990
762.348633	11.120319
761.163086	-44.357044
759.977539	-327.459381
758.791992	-146.431885
757.606445	-72.885124
756.419922	262.070465
755.233398	101.818199
754.046875	-3.489176
752.859375	61.936203
751.672852	283.228455
750.485352	249.789032
749.296875	344.819275
748.108398	-18.810421
746.919922	107.927086
745.731445	240.970901
744.542969	281.490509
743.353516	162.281265
742.164063	1.136645
740.973633	331.752258
739.783203	-110.773911
738.592773	18.151064
737.402344	329.690399
736.211914	-150.266220
735.020508	152.777374
733.829102	75.916824
732.636719	347.279053
731.444336	127.770157
730.251953	46.711365
729.059570	20.156269
727.866211	104.639809
726.673828	220.459946
725.479492	1.030183
724.286133	83.194702
723.091797	66.850487
721.897461	-372.375275
720.703125	2.559519
719.507813	-7.728301
718.312500	-28.564276
717.117188	-273.249817
715.921875	-70.527634
714.725586	171.693787
713.529297	187.993988
712.332031	-0.580411
711.135742	7.134834
709.938477	-85.526390
708.740234	-46.765175
707.542969	327.863251
706.344727	956.733704
705.146484	1399.470825
703.948242	1793.863159
702.749023	2477.739258
701.549805	1499.599976
700.350586	1247.053101
699.150391	1065.291016
697.950195	720.937256
696.750000	707.715759
695.549805	371.561920
694.348633	497.522797
693.147461	42.561821
691.946289	282.596252
690.744141	139.550995
689.541992	343.700104
688.339844	200.321732
687.136719	354.080292
685.934570	393.272827
684.730469	492.509583
683.527344	165.668732
682.323242	407.847076
681.119141	195.019516
679.915039	258.205261
678.710938	402.135223
677.505859	-3.996245
676.300781	154.135315
675.094727	-23.914814
673.889648	200.221481
672.683594	42.719959
671.476563	-85.806259
670.270508	137.854385
669.063477	50.614677
667.856445	230.492416
666.648438	-113.579086
665.440430	146.889236
664.232422	-197.046738
663.024414	299.164337
661.815430	-1.181702
660.606445	12.989785
659.397461	167.814407
658.188477	103.567940
656.978516	-214.697464
655.768555	45.811615
654.557617	-381.419373
653.346680	158.181595
652.135742	41.271744
650.924805	21.717108
649.712891	-63.537521
648.501953	-18.408520
647.289063	-193.585373
646.077148	-557.927551
644.864258	-14.524599
643.651367	-159.214233
642.438477	96.511147
641.224609	58.178833
640.010742	416.015442
638.796875	237.031952
637.582031	83.667496
636.367188	97.977020
635.152344	-372.352509
633.937500	382.554169
632.721680	218.898575
631.505859	202.486359
630.289063	327.130676
629.073242	767.483154
627.856445	450.892975
626.639648	649.506775
625.421875	701.778748
624.204102	591.473572
622.986328	388.597229
621.768555	158.991547
620.549805	194.143066
619.331055	110.378731
618.111328	-46.963432
616.892578	-132.184326
