1721.000977	-53.756142
1720.027344	-20.948065
1719.052734	-11.233885
1718.078125	48.960300
1717.104492	15.982713
1716.128906	41.241066
1715.154297	55.500416
1714.178711	-141.171112
1713.204102	-135.942062
1712.228516	-28.857769
1711.251953	100.621536
1710.276367	-57.426781
1709.299805	65.735374
1708.324219	-39.563988
1707.347656	-30.136484
1706.370117	-167.091003
1705.393555	87.065758
1704.416016	-45.638199
1703.438477	-4.771282
1702.460938	20.341833
1701.483398	45.072048
1700.505859	-40.477024
1699.527344	65.343048
1698.548828	262.790588
1697.570313	140.533722
1696.591797	92.119759
1695.612305	12.811732
1694.632813	175.829636
1693.653320	108.829430
1692.673828	11.021146
1691.694336	71.245132
1690.713867	44.519360
1689.734375	-20.607012
1688.753906	-39.976131
1687.772461	24.634607
1686.791992	-61.275074
1685.810547	15.806846
1684.830078	100.407921
1683.848633	1.468496
1682.866211	-5.848607
1681.884766	17.331026
1680.902344	88.788757
1679.919922	111.806961
1678.937500	119.501144
1677.955078	45.748131
1676.971680	-35.647644
1675.989258	71.160019
1675.005859	-45.835442
1674.022461	38.020344
1673.038086	-119.600464
1672.054688	27.763170
1671.070313	-101.826324
1670.085938	78.508713
1669.101563	15.026773
1668.117188	2.374717
1667.131836	35.436871
1666.146484	-121.799049
1665.161133	-98.789566
1664.175781	81.528069
1663.189453	-121.137497
1662.204102	28.791286
1661.217773	-19.027456
1660.231445	-33.815849
1659.245117	108.573570
1658.257813	-126.522469
1657.270508	84.342003
1656.284180	-109.976440
1655.295898	-50.979019
1654.308594	81.492783
1653.321289	-155.508347
1652.333008	55.515736
1651.344727	-168.582428
1650.356445	-266.041901
1649.367188	-107.991699
1648.378906	125.934677
1647.389648	-206.352158
1646.400391	-48.155190
1645.411133	-92.062866
1644.420898	35.895103
1643.431641	-40.668316
1642.441406	-142.373550
1641.451172	-221.227798
1640.459961	91.238129
1639.469727	-234.751709
1638.478516	65.147385
1637.487305	-51.181961
1636.496094	-142.158340
1635.504883	87.195068
1634.512695	132.509506
1633.520508	82.119987
1632.528320	79.709137
1631.536133	74.861855
1630.543945	128.027222
1629.550781	113.250565
1628.557617	118.699135
1627.564453	73.881378
1626.571289	71.939484
1625.578125	291.487274
1624.583984	377.683472
1623.589844	353.255157
1622.595703	414.400024
1621.601563	442.906494
1620.606445	484.027161
1619.611328	645.814819
1618.616211	782.475769
1617.621094	683.026917
1616.625977	787.098145
1615.629883	597.411133
1614.633789	817.036743
1613.637695	913.647888
1612.641602	952.559143
1611.645508	938.823364
1610.648438	1095.691528
1609.651367	808.684387
1608.654297	807.658447
1607.657227	859.315857
1606.659180	1076.387207
1605.662109	977.715271
1604.664063	979.316895
1603.666016	1101.171509
1602.666992	1288.105591
1601.668945	1081.957520
1600.669922	1374.005371
1599.670898	1275.581787
1598.671875	1144.701660
1597.671875	1336.572388
1596.672852	1078.240234
1595.672852	957.547974
1594.672852	1086.907349
1593.671875	836.330872
1592.671875	875.741272
1591.670898	900.152710
1590.669922	764.712219
1589.668945	861.579163
1588.667969	533.980408
1587.666016	458.630707
1586.664063	468.169373
1585.662109	365.428741
1584.660156	477.269470
1583.658203	347.140167
1582.655273	309.318298
1581.652344	209.185425
1580.649414	206.297638
1579.646484	38.937637
1578.642578	225.418137
1577.638672	85.502625
1576.634766	112.493431
1575.630859	139.462418
1574.626953	59.366280
1573.622070	4.171142
1572.618164	58.478916
1571.613281	187.374619
1570.607422	246.547440
1569.602539	69.443199
1568.596680	81.340279
1567.590820	90.727196
1566.584961	-53.993805
1565.579102	42.337357
1564.572266	66.555161
1563.566406	262.117523
1562.559570	75.166122
1561.551758	255.680466
1560.544922	128.324738
1559.537109	48.136120
1558.530273	67.200829
1557.521484	98.613007
1556.513672	115.110985
1555.505859	-84.142471
1554.497070	180.209671
1553.488281	15.650793
1552.479492	-0.197626
1551.470703	117.705826
1550.460938	-31.983959
1549.451172	1.602407
1548.441406	-51.514076
1547.431641	-35.334831
1546.421875	-6.826092
1545.411133	-84.766541
1544.400391	-118.184944
1543.389648	-3.233947
1542.378906	37.451382
1541.367188	-90.036552
1540.355469	-101.340508
1539.343750	35.589111
1538.332031	9.362491
1537.320313	-184.859375
1536.307617	117.338150
1535.294922	2.098764
1534.282227	94.225128
1533.269531	-129.633362
1532.256836	-54.868324
1531.243164	-78.862976
1530.229492	-186.746796
1529.215820	-35.700348
1528.202148	-89.387604
1527.187500	-93.802193
1526.172852	-26.786209
1525.158203	-31.289684
1524.143555	-21.049725
1523.127930	35.931229
1522.113281	95.321793
1521.097656	-106.310867
1520.082031	164.669022
1519.065430	7.315622
1518.049805	14.836938
1517.033203	-203.985168
1516.016602	-2.228616
1515.000000	-36.627377
1513.982422	-73.515053
1512.965820	-98.124619
1511.948242	19.744495
1510.930664	135.073227
1509.913086	-7.570554
1508.894531	-51.975590
1507.875977	-143.040695
1506.857422	-212.009491
1505.838867	-114.107994
1504.820313	106.394791
1503.800781	-114.772331
1502.781250	39.348465
1501.761719	-108.213905
1500.742188	119.324348
1499.721680	135.949799
1498.702148	56.984077
1497.681641	-142.028992
1496.661133	251.757309
1495.639648	194.755264
1494.618164	-92.390495
1493.597656	95.444244
1492.576172	80.038483
1491.553711	111.094978
1490.532227	-210.134521
1489.509766	131.531219
1488.487305	3.550469
1487.464844	-63.281143
1486.442383	-5.451192
1485.418945	-101.626579
1484.395508	26.988926
1483.372070	99.351120
1482.348633	-94.524620
1481.324219	-141.851135
1480.300781	167.233994
1479.276367	17.337559
1478.251953	133.454132
1477.226563	344.638397
1476.202148	-14.998078
1475.176758	101.001007
1474.151367	99.916397
1473.125000	-66.937447
1472.099609	134.258057
1471.073242	252.509018
1470.046875	170.956543
1469.020508	133.267365
1467.994141	132.110184
1466.966797	67.642181
1465.939453	115.151939
1464.912109	113.969276
1463.884766	217.393723
1462.856445	230.765076
1461.829102	202.796463
1460.800781	313.408966
1459.772461	382.649933
1458.743164	220.977295
1457.714844	244.042633
1456.685547	131.051208
1455.656250	348.409698
1454.625977	206.297699
1453.596680	35.127491
1452.566406	167.413910
1451.536133	294.793060
1450.505859	252.295868
1449.474609	197.682022
1448.444336	87.331413
1447.413086	204.929855
1446.381836	106.746178
1445.350586	-136.801056
1444.318359	-79.793922
1443.286133	91.053940
1442.253906	213.398361
1441.221680	-42.048206
1440.189453	29.452087
1439.156250	178.374817
1438.123047	136.071655
1437.089844	117.992317
1436.056641	157.985931
1435.022461	28.677521
1433.988281	5.823915
1432.954102	-96.779495
1431.919922	8.521051
1430.885742	-86.762276
1429.850586	76.489708
1428.815430	82.693855
1427.780273	35.786114
1426.744141	90.302696
1425.708984	91.720230
1424.672852	-167.483994
1423.636719	-192.528046
1422.600586	45.385288
1421.563477	273.557892
1420.527344	-57.729176
1419.490234	-251.459427
1418.452148	-11.273108
1417.415039	-38.628609
1416.376953	-200.872604
1415.338867	-13.782013
1414.300781	-96.456215
1413.262695	-280.192810
1412.224609	186.072876
1411.185547	-197.356186
1410.146484	-145.110626
1409.107422	-64.000809
1408.067383	55.565346
1407.027344	-38.895439
1405.987305	10.943155
1404.947266	-95.442162
1403.907227	-2.315915
1402.866211	110.001930
1401.826172	171.862625
1400.785156	183.281372
1399.743164	45.854046
1398.702148	110.147522
1397.660156	85.632217
1396.618164	-13.229238
1395.576172	51.094452
1394.533203	297.675018
1393.491211	131.761673
1392.448242	308.743958
1391.405273	377.819672
1390.361328	456.462982
1389.318359	252.408142
1388.274414	297.557617
1387.230469	196.633423
1386.186523	272.945129
1385.141602	322.907349
1384.097656	411.171082
1383.052734	358.243408
1382.007813	307.753479
1380.961914	436.670715
1379.916992	278.629181
1378.871094	237.809067
1377.825195	393.015106
1376.778320	304.431641
1375.732422	375.983551
1374.685547	328.090393
1373.638672	158.449387
1372.591797	373.293732
1371.543945	218.071518
1370.497070	220.454407
1369.449219	289.657104
1368.400391	222.868912
1367.352539	232.457626
1366.303711	218.209366
1365.255859	249.290634
1364.206055	187.407730
1363.157227	185.152679
1362.108398	120.974648
1361.058594	314.078674
1360.008789	-4.875528
1358.958984	-4.639227
1357.908203	133.666534
1356.857422	250.511902
1355.806641	205.532318
1354.755859	72.573219
1353.705078	303.566925
1352.653320	132.625824
1351.601563	201.878189
1350.549805	33.441841
1349.498047	19.550852
1348.445313	-46.593426
1347.393555	98.708885
1346.340820	134.719208
1345.287109	-161.667206
1344.234375	99.913452
1343.180664	52.875057
1342.126953	200.427658
1341.073242	103.600220
1340.019531	137.267395
1338.964844	-2.166189
1337.910156	-49.074562
1336.855469	88.917915
1335.799805	-161.757736
1334.745117	151.534424
1333.689453	97.567963
1332.633789	74.418953
1331.578125	37.086079
1330.521484	-184.856018
1329.464844	-103.778557
1328.408203	-27.459223
1327.351563	-55.244072
1326.294922	-139.768219
1325.237305	109.133865
1324.179688	29.347742
1323.122070	-57.486309
1322.064453	-92.290512
1321.005859	-174.328979
1319.947266	175.902954
1318.888672	-24.214186
1317.830078	-184.103607
1316.770508	128.148376
1315.710938	65.053223
1314.651367	23.224854
1313.591797	30.954933
1312.531250	-175.928757
1311.471680	-62.048565
1310.411133	-18.940968
1309.349609	158.480652
1308.289063	-45.879719
1307.227539	60.804771
1306.166016	103.853149
1305.104492	-79.168480
1304.042969	-92.605148
1302.980469	-54.259823
1301.917969	-58.287128
1300.855469	156.489395
1299.792969	187.702301
1298.729492	221.246887
1297.666016	193.647217
1296.602539	109.644264
1295.539063	30.378380
1294.474609	164.953888
1293.411133	-92.822990
1292.346680	34.673656
1291.281250	9.480706
1290.216797	-6.304602
1289.151367	53.013985
1288.085938	16.096308
1287.020508	0.307384
1285.955078	118.218292
1284.888672	-17.195471
1283.822266	-2.502573
1282.755859	66.092697
1281.689453	160.432922
1280.622070	163.346176
1279.554688	-49.253773
1278.487305	54.401466
1277.419922	80.738487
1276.351563	62.575630
1275.283203	177.821793
1274.214844	281.313782
1273.146484	5.771146
1272.077148	116.256416
1271.008789	51.316090
1269.939453	-67.377815
1268.869141	29.004663
1267.799805	-61.600288
1266.729492	76.784042
1265.659180	0.205308
1264.588867	52.097992
1263.517578	218.361572
1262.447266	25.071888
1261.375977	4.555320
1260.304688	56.373215
1259.232422	-155.447006
1258.161133	229.885376
1257.088867	6.450686
1256.016602	-14.074486
1254.943359	65.617584
1253.871094	112.653603
1252.797852	-36.039433
1251.724609	227.595978
1250.650391	169.742569
1249.577148	188.747787
1248.502930	363.685150
1247.428711	119.651215
1246.354492	87.444870
1245.279297	418.116089
1244.204102	178.859100
1243.128906	281.493347
1242.053711	142.318649
1240.977539	163.554947
1239.902344	170.842697
1238.826172	275.684174
1237.750000	143.572479
1236.672852	62.591846
1235.595703	239.334030
1234.518555	100.333313
1233.441406	321.070282
1232.364258	107.862419
1231.286133	-0.884754
1230.208008	15.636379
1229.129883	210.670090
1228.051758	92.687218
1226.972656	-69.286598
1225.893555	-1.814805
1224.814453	67.941612
1223.734375	-31.408670
1222.655273	-65.877464
1221.575195	-44.784676
1220.495117	115.161728
1219.415039	-118.329102
1218.333984	34.609348
1217.252930	-16.055101
1216.171875	-131.445313
1215.090820	-98.828705
1214.008789	-105.528168
1212.926758	31.046175
1211.844727	-47.302746
1210.762695	40.688931
1209.679688	-134.627853
1208.597656	-127.465141
1207.513672	-268.052704
1206.430664	-147.791229
1205.347656	-230.622726
1204.263672	-181.939392
1203.179688	-234.753906
1202.095703	-128.446884
1201.010742	-65.994530
1199.925781	-176.422180
1198.840820	-236.108551
1197.755859	-224.351273
1196.670898	-134.288818
1195.584961	-122.564308
1194.499023	-207.534195
1193.413086	-13.962901
1192.326172	69.062111
1191.239258	78.432434
1190.152344	235.010574
1189.065430	81.071152
1187.978516	129.526489
1186.890625	-40.412998
1185.802734	86.183311
1184.714844	194.344910
1183.625977	29.102571
1182.538086	148.720535
1181.449219	316.500397
1180.360352	289.087555
1179.270508	204.306717
1178.180664	319.194916
1177.090820	239.044250
1176.000977	248.381332
1174.911133	214.152588
1173.820313	237.250183
1172.729492	173.247147
1171.638672	38.241314
1170.547852	104.909592
1169.456055	29.536736
1168.364258	2.293387
1167.272461	94.121101
1166.179688	16.524361
1165.087891	46.533669
1163.995117	10.179358
1162.902344	92.794106
1161.808594	287.431244
1160.715820	326.520599
1159.622070	281.014404
1158.528320	290.385956
1157.433594	201.502991
1156.339844	407.359711
1155.245117	398.441620
1154.149414	579.046692
1153.054688	675.122070
1151.958984	673.013733
1150.863281	796.415405
1149.767578	607.229614
1148.671875	648.498291
1147.575195	771.841248
1146.478516	806.224670
1145.381836	692.447449
1144.285156	644.813232
1143.187500	519.740662
1142.089844	570.120728
1140.992188	351.769775
1139.894531	393.073486
1138.795898	254.537460
1137.697266	150.206833
1136.598633	214.298325
1135.499023	175.999161
1134.400391	210.507919
1133.300781	126.768463
1132.201172	-2.388060
1131.100586	36.691391
1130.000977	130.300018
1128.900391	-62.361473
1127.799805	-254.930740
1126.698242	-65.943214
1125.596680	184.259277
1124.495117	23.554520
1123.393555	-32.692455
1122.291992	24.523050
1121.189453	-31.692791
1120.086914	102.601303
1118.984375	109.883629
1117.881836	-16.559916
1116.778320	178.834839
1115.674805	-13.265303
1114.571289	129.954803
1113.466797	221.024200
1112.363281	110.563683
1111.258789	63.529030
1110.153320	84.403336
1109.048828	32.877682
1107.943359	239.241806
1106.837891	-31.661873
1105.732422	276.374298
1104.625977	163.815857
1103.520508	-59.422665
1102.414063	69.912392
1101.306641	108.824547
1100.200195	-5.848833
1099.092773	229.506226
1097.985352	132.910736
1096.877930	83.752914
1095.769531	72.968933
1094.661133	-37.072590
1093.552734	238.611267
1092.444336	45.145054
1091.335938	138.074158
1090.226563	61.907974
1089.117188	139.002335
1088.006836	40.326553
1086.897461	45.306686
1085.787109	57.027351
1084.676758	260.102173
1083.566406	188.474930
1082.455078	188.877594
1081.343750	198.271408
1080.232422	223.398010
1079.121094	259.747986
1078.008789	226.367752
1076.896484	100.832764
1075.784180	58.493011
1074.671875	63.343983
1073.558594	167.012054
1072.445313	320.026825
1071.332031	-23.247118
1070.217773	208.275558
1069.104492	112.022865
1067.990234	-20.109333
1066.875977	-4.142219
1065.760742	-163.139954
1064.645508	-21.622723
1063.530273	139.987885
1062.415039	117.726349
1061.299805	93.215034
1060.183594	39.565495
1059.067383	-132.785416
1057.951172	-5.026880
1056.833984	-96.747589
1055.716797	-286.929596
1054.599609	-18.323627
1053.482422	51.026669
1052.364258	274.644806
1051.247070	57.618305
1050.128906	124.585732
1049.009766	108.787521
1047.891602	142.137497
1046.772461	-21.167318
1045.653320	266.766144
1044.533203	0.716170
1043.414063	-8.485308
1042.293945	109.508957
1041.173828	202.870468
1040.052734	55.189869
1038.932617	52.537617
1037.811523	-81.729477
1036.689453	0.291128
1035.568359	-232.054581
1034.446289	83.889885
1033.324219	-119.485039
1032.202148	-48.816769
1031.079102	-149.710129
1029.957031	-32.388165
1028.833984	87.059242
1027.709961	-160.809082
1026.586914	-235.047043
1025.462891	-211.421448
1024.338867	-41.065979
1023.214844	-248.826965
1022.089844	181.456161
1020.964844	140.328568
1019.839844	-271.897858
1018.714844	-1.987405
1017.588867	1.228248
1016.462891	-246.519058
1015.336914	-12.468182
1014.210938	-151.441925
1013.083984	0.272824
1011.957031	-174.243271
1010.830078	85.987801
1009.702148	166.427109
1008.574219	100.462128
1007.446289	302.661713
1006.318359	358.466827
1005.190430	507.240326
1004.061523	341.366943
1002.932617	625.040100
1001.802734	189.001999
1000.673828	129.395004
999.543945	21.067110
998.414063	262.291046
997.283203	436.983673
996.153320	463.386475
995.022461	505.187988
993.891602	752.477539
992.759766	1244.882935
991.628906	1368.051270
990.497070	2063.190186
989.364258	2484.109375
988.232422	2973.227295
987.099609	3503.995117
985.966797	3763.020996
984.833984	4046.139160
983.700195	3711.429688
982.566406	3573.087646
981.432617	3337.737793
980.298828	3053.940674
979.164063	2794.446777
978.029297	2189.095703
976.894531	1658.857910
975.759766	1360.044312
974.624023	1252.853271
973.488281	1136.848389
972.352539	776.552185
971.215820	869.608582
970.080078	469.826080
968.943359	389.051880
967.805664	367.614319
966.668945	304.372070
965.531250	592.731689
964.393555	340.380157
963.254883	342.899689
962.117188	167.477631
960.978516	435.608185
959.839844	249.148529
958.700195	113.188705
957.561523	190.086380
956.421875	229.592438
955.281250	148.390991
954.141602	229.444550
953.000977	71.450127
951.860352	121.688240
950.719727	325.236816
949.578125	285.465149
948.436523	241.283829
947.294922	-39.410713
946.153320	150.649979
945.010742	-5.242890
943.868164	353.110596
942.725586	105.272018
941.583008	281.813690
940.439453	265.796356
939.295898	52.991512
938.152344	163.721588
937.007813	64.576614
935.863281	116.180824
934.718750	-79.082695
933.574219	118.763916
932.428711	54.498219
931.283203	-110.170357
930.137695	-95.859558
928.992188	182.391022
927.845703	74.416618
926.699219	-5.186385
925.552734	-12.834450
924.405273	-129.493042
923.257813	-21.672094
922.110352	44.684696
920.962891	12.978396
919.814453	-123.266136
918.666016	171.600510
917.517578	-64.769508
916.369141	-52.968185
915.219727	-143.446136
914.070313	-79.460030
912.920898	-269.934753
911.770508	37.525810
910.621094	-157.242813
909.470703	150.046890
908.319336	-279.315948
907.168945	-113.319023
906.017578	11.335068
904.866211	81.662331
903.713867	-15.176164
902.562500	-75.056793
901.410156	97.235085
900.256836	-6.016079
899.104492	-250.146652
897.951172	-62.713287
896.797852	-204.809311
895.644531	2.077305
894.490234	-233.087326
893.335938	-52.235386
892.181641	52.771164
891.027344	-156.165924
889.872070	-33.806873
888.716797	97.190475
887.561523	126.482796
886.405273	58.460442
885.249023	14.302408
884.092773	-27.622669
882.936523	6.174950
881.779297	1.102458
880.622070	151.646332
879.464844	49.457485
878.307617	180.604782
877.149414	180.045486
875.991211	125.591103
874.833008	49.651321
873.673828	-90.916962
872.514648	74.948555
871.355469	113.580429
870.196289	87.593460
869.036133	124.201271
867.875977	76.831116
866.715820	191.156357
865.554688	124.575432
864.394531	200.256027
863.233398	136.042374
862.071289	368.989929
860.910156	188.758011
859.748047	92.611298
858.585938	82.653038
857.422852	107.205078
856.259766	45.857780
855.096680	339.313690
853.933594	226.592758
852.770508	240.800781
851.606445	330.292236
850.442383	168.610001
849.277344	133.791321
848.113281	178.542938
846.948242	186.912720
845.783203	448.574860
844.617188	148.260315
843.451172	270.681030
842.285156	309.568542
841.119141	273.554779
839.952148	49.114128
838.785156	127.009727
837.618164	185.736603
836.451172	171.775116
835.283203	198.642029
834.115234	101.501122
832.947266	107.277916
831.778320	126.038246
830.609375	181.309616
829.440430	253.822052
828.271484	557.360229
827.101563	206.850693
825.931641	249.868942
824.761719	419.084259
823.590820	282.940002
822.420898	315.732849
821.250000	414.858124
820.078125	339.076996
818.907227	400.081573
817.735352	316.148682
816.562500	270.818604
815.390625	187.303818
814.217773	485.620056
813.044922	293.735016
811.872070	515.524170
810.698242	240.986404
809.524414	137.149216
808.350586	112.331177
807.176758	189.891815
806.001953	50.487453
804.827148	181.579239
803.651367	253.216187
802.476563	99.543060
801.300781	-77.273651
800.125000	58.688141
798.948242	-100.678581
797.772461	86.577927
796.595703	-65.993195
795.417969	134.260986
794.241211	13.953135
793.063477	93.433731
791.885742	-206.871033
790.707031	-54.883305
789.529297	-104.335777
788.350586	45.776108
787.170898	-88.158188
785.992188	15.574735
784.812500	-14.103072
783.632813	-208.885361
782.452148	126.208252
781.272461	-191.037125
780.091797	-101.418526
778.911133	81.461082
777.729492	-103.860214
776.547852	-128.129425
775.366211	-128.969360
774.184570	128.366150
773.001953	-147.128693
771.819336	0.444621
770.636719	-266.161224
769.453125	-175.409058
768.269531	-69.781944
767.085938	-76.014801
765.902344	-126.462807
764.717773	15.336930
763.533203	-267.029175
762.348633	5.785536
761.163086	-10.423089
759.977539	26.206150
758.791992	-38.290947
757.606445	-157.470474
756.419922	-69.963432
755.233398	-70.904472
754.046875	-164.451523
752.859375	-209.434906
751.672852	23.605295
750.485352	-54.940033
749.296875	62.340317
748.108398	141.750214
746.919922	-100.666626
745.731445	-96.864632
744.542969	14.210521
743.353516	13.863045
742.164063	0.939223
740.973633	149.833038
739.783203	128.533188
738.592773	56.856396
737.402344	-67.266373
736.211914	62.665157
735.020508	79.212769
733.829102	171.278015
732.636719	22.065205
731.444336	189.568634
730.251953	182.951599
729.059570	130.192780
727.866211	20.846045
726.673828	91.688133
725.479492	59.819538
724.286133	0.687220
723.091797	79.709129
721.897461	187.933701
720.703125	-17.856369
719.507813	395.654480
718.312500	3.605902
717.117188	23.615799
715.921875	49.799297
714.725586	-11.908768
713.529297	108.115349
712.332031	253.050720
711.135742	145.077225
709.938477	110.131111
708.740234	83.436516
707.542969	327.968353
706.344727	119.447105
705.146484	102.827499
703.948242	417.711823
702.749023	555.071045
701.549805	300.299500
700.350586	310.207306
699.150391	328.303070
697.950195	258.751953
696.750000	197.418793
695.549805	190.106293
694.348633	91.054520
693.147461	-10.178801
691.946289	113.210289
690.744141	250.955933
689.541992	265.783600
688.339844	374.028931
687.136719	382.297363
685.934570	409.127228
684.730469	454.506958
683.527344	339.781494
682.323242	328.823364
681.119141	209.776932
679.915039	381.284760
678.710938	286.958893
677.505859	22.435389
676.300781	62.870697
675.094727	211.039063
673.889648	197.338226
672.683594	-21.636805
671.476563	211.210236
670.270508	104.117973
669.063477	92.329460
667.856445	-167.976547
666.648438	106.001045
665.440430	-121.050980
664.232422	24.531422
663.024414	12.859735
661.815430	-205.577637
660.606445	-194.276764
659.397461	30.080647
658.188477	-61.771702
656.978516	-27.362226
655.768555	-42.359676
654.557617	122.564308
653.346680	-61.321735
652.135742	-79.679123
650.924805	-8.962526
649.712891	-34.916325
648.501953	1.417345
647.289063	168.097702
646.077148	89.778633
644.864258	-107.564682
643.651367	97.638176
642.438477	62.252907
641.224609	196.454575
640.010742	84.138802
638.796875	1.448160
637.582031	-218.322571
636.367188	-128.418106
635.152344	17.916489
633.937500	210.416138
632.721680	-42.412418
631.505859	-123.350731
630.289063	-44.775482
629.073242	102.823814
627.856445	208.545593
626.639648	13.660699
625.421875	-72.836220
624.204102	88.663643
622.986328	-31.522789
621.768555	98.416733
620.549805	107.056595
619.331055	113.537010
618.111328	-52.228302
616.892578	-6.660615
