1721.000977	-109.209488
1720.027344	-89.359055
1719.052734	-3.131981
1718.078125	40.798733
1717.104492	-19.065971
1716.128906	-177.470459
1715.154297	-85.593643
1714.178711	87.256294
1713.204102	-10.083445
1712.228516	-59.638412
1711.251953	38.519344
1710.276367	171.628250
1709.299805	-3.470998
1708.324219	-0.058833
1707.347656	145.945602
1706.370117	58.252075
1705.393555	51.790157
1704.416016	54.897514
1703.438477	246.650421
1702.460938	189.668549
1701.483398	91.231300
1700.505859	25.524351
1699.527344	7.880700
1698.548828	66.410751
1697.570313	193.428955
1696.591797	102.861198
1695.612305	93.622795
1694.632813	-48.758270
1693.653320	30.620531
1692.673828	104.519341
1691.694336	-74.527061
1690.713867	82.906296
1689.734375	140.539795
1688.753906	95.881546
1687.772461	45.885128
1686.791992	-83.315010
1685.810547	-54.692196
1684.830078	136.792816
1683.848633	24.894150
1682.866211	-145.706100
1681.884766	-23.562740
1680.902344	29.653309
1679.919922	-77.610649
1678.937500	-4.271964
1677.955078	-53.168457
1676.971680	53.013435
1675.989258	151.468857
1675.005859	104.893684
1674.022461	50.666290
1673.038086	-3.588405
1672.054688	-40.047890
1671.070313	-86.683479
1670.085938	-31.717075
1669.101563	-195.147964
1668.117188	-20.852837
1667.131836	-14.148750
1666.146484	-4.886190
1665.161133	72.905647
1664.175781	-153.689529
1663.189453	66.187614
1662.204102	9.661905
1661.217773	-115.244263
1660.231445	-9.399343
1659.245117	-58.105110
1658.257813	-18.065062
1657.270508	62.559242
1656.284180	34.348801
1655.295898	77.096725
1654.308594	-120.549416
1653.321289	155.233963
1652.333008	-85.195274
1651.344727	132.454285
1650.356445	-315.073761
1649.367188	-29.009851
1648.378906	-0.824228
1647.389648	-162.132599
1646.400391	-20.017262
1645.411133	-340.218109
1644.420898	150.670639
1643.431641	-50.518681
1642.441406	31.273155
1641.451172	-73.671425
1640.459961	51.205452
1639.469727	34.840969
1638.478516	-137.837234
1637.487305	15.051807
1636.496094	-134.632751
1635.504883	81.445679
1634.512695	-37.732372
1633.520508	107.876137
1632.528320	-8.519544
1631.536133	23.874676
1630.543945	129.404541
1629.550781	109.076920
1628.557617	222.298996
1627.564453	237.409363
1626.571289	277.782684
1625.578125	129.535706
1624.583984	142.434158
1623.589844	183.091309
1622.595703	435.045532
1621.601563	294.811737
1620.606445	571.949707
1619.611328	580.183350
1618.616211	744.271545
1617.621094	747.620544
1616.625977	816.348389
1615.629883	784.690979
1614.633789	976.543335
1613.637695	786.913147
1612.641602	800.688782
1611.645508	1000.178711
1610.648438	863.553528
1609.651367	915.131470
1608.654297	936.671997
1607.657227	940.724670
1606.659180	987.435791
1605.662109	1059.253906
1604.664063	898.125488
1603.666016	947.502991
1602.666992	1212.250732
1601.668945	1091.414429
1600.669922	1068.287720
1599.670898	1120.292480
1598.671875	1107.273071
1597.671875	1096.797241
1596.672852	1078.873047
1595.672852	1253.514282
1594.672852	1213.136963
1593.671875	877.887878
1592.671875	860.163635
1591.670898	775.017456
1590.669922	714.912964
1589.668945	687.324524
1588.667969	634.804626
1587.666016	557.359924
1586.664063	332.725616
1585.662109	357.714935
1584.660156	342.796509
1583.658203	120.890106
1582.655273	382.828827
1581.652344	190.937653
1580.649414	61.447990
1579.646484	263.450653
1578.642578	101.612839
1577.638672	54.428577
1576.634766	94.428215
1575.630859	129.430222
1574.626953	254.030487
1573.622070	-56.980579
1572.618164	144.733749
1571.613281	114.980820
1570.607422	102.634918
1569.602539	154.945007
1568.596680	130.139389
1567.590820	207.242691
1566.584961	194.830566
1565.579102	155.075363
1564.572266	25.879143
1563.566406	78.029289
1562.559570	219.519821
1561.551758	20.806419
1560.544922	75.329056
1559.537109	181.907928
1558.530273	82.497818
1557.521484	57.499966
1556.513672	57.291164
1555.505859	136.394791
1554.497070	54.295067
1553.488281	58.941261
1552.479492	-38.041584
1551.470703	288.614197
1550.460938	-61.093483
1549.451172	64.766396
1548.441406	29.609055
1547.431641	-64.979332
1546.421875	-87.797302
1545.411133	-56.219929
1544.400391	-66.748489
1543.389648	-37.741970
1542.378906	87.646751
1541.367188	-199.920273
1540.355469	207.126282
1539.343750	85.136566
1538.332031	66.920746
1537.320313	-166.229553
1536.307617	62.478584
1535.294922	-64.499405
1534.282227	-53.229198
1533.269531	-91.369217
1532.256836	-55.512413
1531.243164	-165.276031
1530.229492	-156.648636
1529.215820	24.545494
1528.202148	0.987945
1527.187500	-153.253006
1526.172852	-199.041611
1525.158203	3.994250
1524.143555	-19.728334
1523.127930	-33.645046
1522.113281	-151.007263
1521.097656	-110.820213
1520.082031	-215.910614
1519.065430	80.093452
1518.049805	56.106056
1517.033203	-44.175102
1516.016602	239.176453
1515.000000	-52.965889
1513.982422	136.762863
1512.965820	164.171844
1511.948242	-81.222168
1510.930664	226.181442
1509.913086	-200.956726
1508.894531	47.315189
1507.875977	64.667320
1506.857422	-141.390076
1505.838867	28.063480
1504.820313	28.114458
1503.800781	-47.925972
1502.781250	13.366490
1501.761719	-13.675521
1500.742188	72.022835
1499.721680	-9.023230
1498.702148	83.916542
1497.681641	54.278194
1496.661133	24.618143
1495.639648	261.849976
1494.618164	-86.200241
1493.597656	-27.790375
1492.576172	-77.128128
1491.553711	49.681686
1490.532227	-19.283449
1489.509766	9.570386
1488.487305	21.267687
1487.464844	-86.859711
1486.442383	-99.644989
1485.418945	-34.264538
1484.395508	-20.243534
1483.372070	59.698132
1482.348633	-141.261963
1481.324219	77.783745
1480.300781	20.882935
1479.276367	-65.313171
1478.251953	68.110802
1477.226563	259.995972
1476.202148	83.500526
1475.176758	126.515793
1474.151367	74.413284
1473.125000	278.240143
1472.099609	194.414383
1471.073242	188.565567
1470.046875	141.293762
1469.020508	152.477768
1467.994141	209.907471
1466.966797	189.390686
1465.939453	198.078323
1464.912109	170.251495
1463.884766	101.069244
1462.856445	124.325684
1461.829102	154.869644
1460.800781	248.597107
1459.772461	330.123840
1458.743164	236.624771
1457.714844	114.014168
1456.685547	326.671387
1455.656250	143.359619
1454.625977	321.911041
1453.596680	235.781830
1452.566406	239.482208
1451.536133	199.501907
1450.505859	200.783066
1449.474609	194.778976
1448.444336	123.313866
1447.413086	185.222214
1446.381836	-70.440910
1445.350586	328.362305
1444.318359	-65.334763
1443.286133	163.724014
1442.253906	198.933884
1441.221680	243.821884
1440.189453	85.339859
1439.156250	64.888344
1438.123047	155.771255
1437.089844	74.848602
1436.056641	73.794838
1435.022461	208.171646
1433.988281	127.313110
1432.954102	65.840912
1431.919922	163.919693
1430.885742	54.166214
1429.850586	84.581650
1428.815430	8.725528
1427.780273	164.735077
1426.744141	-116.294746
1425.708984	83.154732
1424.672852	-40.845291
1423.636719	25.829006
1422.600586	-71.535789
1421.563477	-137.499008
1420.527344	-82.846916
1419.490234	-74.011101
1418.452148	-108.551636
1417.415039	-102.084091
1416.376953	-71.516510
1415.338867	-33.715603
1414.300781	-111.497429
1413.262695	-35.140968
1412.224609	14.728132
1411.185547	-17.233524
1410.146484	140.915741
1409.107422	-314.382385
1408.067383	-148.984909
1407.027344	-202.442490
1405.987305	-89.979492
1404.947266	32.072277
1403.907227	-54.957890
1402.866211	52.658993
1401.826172	56.982140
1400.785156	126.156822
1399.743164	99.281914
1398.702148	-61.967384
1397.660156	-127.138039
1396.618164	-31.499847
1395.576172	167.272476
1394.533203	166.916840
1393.491211	252.916672
1392.448242	367.662720
1391.405273	281.057831
1390.361328	539.566528
1389.318359	340.413239
1388.274414	285.075714
1387.230469	421.364899
1386.186523	442.700653
1385.141602	416.169678
1384.097656	518.915894
1383.052734	420.651794
1382.007813	387.044434
1380.961914	451.524323
1379.916992	315.157043
1378.871094	410.753815
1377.825195	415.510895
1376.778320	296.024872
1375.732422	322.357117
1374.685547	219.712631
1373.638672	312.957428
1372.591797	98.194832
1371.543945	189.078171
1370.497070	179.723160
1369.449219	91.649475
1368.400391	149.144089
1367.352539	368.823517
1366.303711	104.380424
1365.255859	297.798401
1364.206055	-2.228531
1363.157227	10.066037
1362.108398	274.911652
1361.058594	170.466629
1360.008789	66.087784
1358.958984	28.440819
1357.908203	33.668526
1356.857422	-18.199575
1355.806641	94.148712
1354.755859	32.816586
1353.705078	133.254898
1352.653320	74.351631
1351.601563	91.565857
1350.549805	18.475346
1349.498047	-137.732742
1348.445313	76.751534
1347.393555	18.019201
1346.340820	4.442420
1345.287109	142.830475
1344.234375	20.077948
1343.180664	-43.281727
1342.126953	123.550110
1341.073242	129.020340
1340.019531	-17.279598
1338.964844	-97.117783
1337.910156	26.967466
1336.855469	139.162277
1335.799805	-56.730072
1334.745117	53.095795
1333.689453	-149.770737
1332.633789	99.760811
1331.578125	-1.196691
1330.521484	-173.116241
1329.464844	-184.026566
1328.408203	60.607086
1327.351563	-21.289894
1326.294922	64.773300
1325.237305	96.419449
1324.179688	5.136344
1323.122070	188.062256
1322.064453	96.819847
1321.005859	41.053421
1319.947266	58.539787
1318.888672	5.185782
1317.830078	-71.746284
1316.770508	-7.022213
1315.710938	-145.266602
1314.651367	30.348307
1313.591797	130.411957
1312.531250	-175.200745
1311.471680	-39.757309
1310.411133	-15.166730
1309.349609	63.616543
1308.289063	10.426545
1307.227539	-73.368332
1306.166016	71.336731
1305.104492	168.889053
1304.042969	103.959175
1302.980469	67.299065
1301.917969	-77.590981
1300.855469	-50.668308
1299.792969	60.924175
1298.729492	57.229481
1297.666016	-28.752083
1296.602539	-133.500305
1295.539063	17.963005
1294.474609	33.075451
1293.411133	-165.581009
1292.346680	-63.536175
1291.281250	120.639374
1290.216797	55.898697
1289.151367	28.730589
1288.085938	32.077759
1287.020508	223.107925
1285.955078	-216.897903
1284.888672	161.694229
1283.822266	64.182510
1282.755859	-117.673508
1281.689453	33.324192
1280.622070	-127.371048
1279.554688	-25.642656
1278.487305	-66.820908
1277.419922	-168.862045
1276.351563	-8.683798
1275.283203	170.143921
1274.214844	54.060387
1273.146484	-64.315407
1272.077148	105.033424
1271.008789	-8.633378
1269.939453	20.348000
1268.869141	0.219623
1267.799805	-10.548777
1266.729492	-14.315825
1265.659180	194.474594
1264.588867	-84.912971
1263.517578	196.164413
1262.447266	248.359146
1261.375977	57.803829
1260.304688	32.991158
1259.232422	285.775024
1258.161133	-28.287861
1257.088867	42.512314
1256.016602	43.339165
1254.943359	156.027069
1253.871094	-22.608406
1252.797852	257.773407
1251.724609	72.187744
1250.650391	284.876221
1249.577148	148.247238
1248.502930	274.692261
1247.428711	368.495087
1246.354492	162.114746
1245.279297	132.599579
1244.204102	40.298836
1243.128906	227.048508
1242.053711	309.103577
1240.977539	349.277008
1239.902344	140.811264
1238.826172	341.287323
1237.750000	295.477356
1236.672852	163.760773
1235.595703	164.425385
1234.518555	172.048462
1233.441406	219.112564
1232.364258	126.951790
1231.286133	-4.611983
1230.208008	67.950264
1229.129883	36.145531
1228.051758	99.389015
1226.972656	139.418610
1225.893555	167.842484
1224.814453	-30.760101
1223.734375	-46.326996
1222.655273	23.789572
1221.575195	45.251789
1220.495117	31.987158
1219.415039	-25.238485
1218.333984	10.088202
1217.252930	10.704305
1216.171875	-97.362617
1215.090820	-15.809602
1214.008789	-86.849838
1212.926758	-132.440582
1211.844727	-436.769073
1210.762695	-6.438644
1209.679688	-47.405567
1208.597656	130.988632
1207.513672	11.521976
1206.430664	30.581974
1205.347656	-199.550385
1204.263672	-72.038406
1203.179688	39.275875
1202.095703	-114.619003
1201.010742	-33.316021
1199.925781	-258.576172
1198.840820	18.586178
1197.755859	-105.216431
1196.670898	-212.838226
1195.584961	-366.470764
1194.499023	-117.149498
1193.413086	-111.911270
1192.326172	91.221329
1191.239258	170.033142
1190.152344	126.907242
1189.065430	95.303856
1187.978516	93.608971
1186.890625	52.836163
1185.802734	292.456757
1184.714844	63.266918
1183.625977	217.791946
1182.538086	-73.273895
1181.449219	331.497711
1180.360352	86.454025
1179.270508	217.907486
1178.180664	305.713135
1177.090820	170.966888
1176.000977	56.930702
1174.911133	188.305984
1173.820313	216.461838
1172.729492	233.153641
1171.638672	112.357162
1170.547852	151.993530
1169.456055	51.894772
1168.364258	66.348412
1167.272461	188.410294
1166.179688	106.704475
1165.087891	31.916988
1163.995117	16.653196
1162.902344	175.250320
1161.808594	61.638107
1160.715820	236.182129
1159.622070	300.928284
1158.528320	534.776184
1157.433594	640.571655
1156.339844	524.753357
1155.245117	466.088898
1154.149414	455.404663
1153.054688	508.664520
1151.958984	602.986816
1150.863281	592.315979
1149.767578	622.725281
1148.671875	568.743042
1147.575195	861.395874
1146.478516	590.821411
1145.381836	593.894714
1144.285156	444.300262
1143.187500	675.249268
1142.089844	630.498413
1140.992188	353.500824
1139.894531	506.942963
1138.795898	234.665878
1137.697266	233.335342
1136.598633	166.035263
1135.499023	107.870369
1134.400391	-16.201950
1133.300781	-53.812080
1132.201172	129.105042
1131.100586	198.312317
1130.000977	-9.698819
1128.900391	-226.698334
1127.799805	-112.000191
1126.698242	38.982765
1125.596680	223.960938
1124.495117	13.950749
1123.393555	-148.301910
1122.291992	-63.192734
1121.189453	-107.399239
1120.086914	75.184364
1118.984375	15.116429
1117.881836	218.009979
1116.778320	78.637711
1115.674805	231.595535
1114.571289	341.458374
1113.466797	70.827995
1112.363281	96.924706
1111.258789	111.693604
1110.153320	169.454681
1109.048828	202.315811
1107.943359	183.136200
1106.837891	229.555496
1105.732422	56.643623
1104.625977	127.941811
1103.520508	337.079254
1102.414063	85.187645
1101.306641	167.735306
1100.200195	74.095474
1099.092773	188.227982
1097.985352	72.051620
1096.877930	174.853973
1095.769531	51.962349
1094.661133	-16.729895
1093.552734	-164.329742
1092.444336	188.728668
1091.335938	38.894012
1090.226563	119.018944
1089.117188	172.066055
1088.006836	252.115555
1086.897461	271.319702
1085.787109	182.414688
1084.676758	80.038803
1083.566406	126.261726
1082.455078	116.192894
1081.343750	191.618057
1080.232422	159.034607
1079.121094	211.914505
1078.008789	82.643501
1076.896484	164.716309
1075.784180	199.549210
1074.671875	214.136612
1073.558594	118.631783
1072.445313	223.034271
1071.332031	89.377541
1070.217773	81.470078
1069.104492	62.337147
1067.990234	112.749809
1066.875977	190.042557
1065.760742	20.577566
1064.645508	-182.462036
1063.530273	-4.331928
1062.415039	-10.081724
1061.299805	17.763357
1060.183594	61.250919
1059.067383	-146.148758
1057.951172	20.470736
1056.833984	-14.496377
1055.716797	100.487595
1054.599609	150.501907
1053.482422	-45.619324
1052.364258	-24.727070
1051.247070	-15.045725
1050.128906	124.265549
1049.009766	113.723434
1047.891602	163.499161
1046.772461	110.446121
1045.653320	88.655884
1044.533203	35.574173
1043.414063	36.073570
1042.293945	165.994598
1041.173828	-41.150188
1040.052734	106.501831
1038.932617	77.841019
1037.811523	33.538761
1036.689453	-64.298439
1035.568359	-97.479256
1034.446289	-130.691833
1033.324219	-16.877542
1032.202148	-326.391663
1031.079102	179.286392
1029.957031	-41.155605
1028.833984	-81.238129
1027.709961	16.628754
1026.586914	116.636917
1025.462891	-290.643463
1024.338867	-137.334106
1023.214844	0.292753
1022.089844	-148.966110
1020.964844	-191.526230
1019.839844	-227.451782
1018.714844	-7.940761
1017.588867	-228.343002
1016.462891	-162.255447
1015.336914	-22.992266
1014.210938	182.736908
1013.083984	90.970779
1011.957031	112.331383
1010.830078	-39.372349
1009.702148	161.500763
1008.574219	133.881500
1007.446289	467.494904
1006.318359	386.520050
1005.190430	673.281616
1004.061523	561.161926
1002.932617	362.670044
1001.802734	370.093567
1000.673828	359.753479
999.543945	178.954712
998.414063	361.008484
997.283203	531.848633
996.153320	379.695190
995.022461	694.033325
993.891602	753.972473
992.759766	1191.697266
991.628906	1538.581543
990.497070	1938.246948
989.364258	2211.779053
988.232422	3023.843994
987.099609	3491.118164
985.966797	3638.121094
984.833984	3668.054199
983.700195	3528.051025
982.566406	3683.557617
981.432617	3439.855469
980.298828	2911.843018
979.164063	2670.489258
978.029297	2191.225586
976.894531	1963.230469
975.759766	1471.000366
974.624023	981.120605
973.488281	1129.770630
972.352539	747.898804
971.215820	803.981323
970.080078	822.585022
968.943359	566.197266
967.805664	635.268494
966.668945	427.273041
965.531250	384.129791
964.393555	380.492249
963.254883	317.471283
962.117188	293.957855
960.978516	338.449646
959.839844	446.520447
958.700195	330.608276
957.561523	262.970764
956.421875	296.205017
955.281250	237.239380
954.141602	123.434448
953.000977	270.483826
951.860352	257.415009
950.719727	397.679047
949.578125	239.878952
948.436523	379.961365
947.294922	224.317917
946.153320	64.315849
945.010742	289.529846
943.868164	289.208618
942.725586	212.270355
941.583008	69.702545
940.439453	290.128693
939.295898	195.600601
938.152344	-95.638237
937.007813	-67.765076
935.863281	265.902954
934.718750	-127.942314
933.574219	271.015076
932.428711	67.194580
931.283203	77.329147
930.137695	-82.781784
928.992188	-39.960804
927.845703	-60.454399
926.699219	89.119072
925.552734	14.043583
924.405273	-17.441940
923.257813	101.420296
922.110352	183.168274
920.962891	-186.008606
919.814453	-47.665264
918.666016	108.012939
917.517578	63.359062
916.369141	77.465958
915.219727	-219.562958
914.070313	18.604692
912.920898	50.071648
911.770508	-105.461891
910.621094	-145.716949
909.470703	92.189186
908.319336	56.233383
907.168945	-64.401970
906.017578	23.484304
904.866211	-84.056412
903.713867	-119.917381
902.562500	-3.834178
901.410156	-17.972574
900.256836	72.018600
899.104492	138.144928
897.951172	154.390274
896.797852	-82.947838
895.644531	111.092171
894.490234	77.578377
893.335938	28.951880
892.181641	-39.105011
891.027344	57.451382
889.872070	78.237244
888.716797	-123.836685
887.561523	-89.944450
886.405273	138.642624
885.249023	148.763931
884.092773	128.669266
882.936523	50.281311
881.779297	-15.052792
880.622070	92.549126
879.464844	14.408202
878.307617	178.239151
877.149414	190.926498
875.991211	160.513321
874.833008	-87.763191
873.673828	145.268814
872.514648	169.049698
871.355469	279.166229
870.196289	106.887810
869.036133	124.455963
867.875977	96.858543
866.715820	-249.491501
865.554688	278.930786
864.394531	350.682495
863.233398	153.376266
862.071289	165.055176
860.910156	351.160461
859.748047	197.354126
858.585938	213.664230
857.422852	322.551880
856.259766	255.214737
855.096680	44.021667
853.933594	262.851196
852.770508	329.170685
851.606445	234.487610
850.442383	251.655182
849.277344	200.245499
848.113281	183.353256
846.948242	22.826263
845.783203	220.815948
844.617188	99.256081
843.451172	393.932495
842.285156	328.440186
841.119141	196.687515
839.952148	-37.711727
838.785156	353.759033
837.618164	-2.333792
836.451172	213.674820
835.283203	127.869675
834.115234	386.888641
832.947266	312.124054
831.778320	412.998901
830.609375	477.639648
829.440430	283.672821
828.271484	280.254150
827.101563	270.599884
825.931641	476.964539
824.761719	401.403015
823.590820	251.298813
822.420898	323.541718
821.250000	585.943481
820.078125	419.382416
818.907227	233.884781
817.735352	366.545258
816.562500	539.857056
815.390625	500.035706
814.217773	458.289795
813.044922	237.712845
811.872070	354.123444
810.698242	225.666534
809.524414	502.155579
808.350586	107.927345
807.176758	35.549992
806.001953	340.135468
804.827148	110.651436
803.651367	66.554665
802.476563	58.831257
801.300781	59.806438
800.125000	1.443784
798.948242	32.566460
797.772461	-4.134162
796.595703	8.230417
795.417969	-83.298767
794.241211	75.969315
793.063477	-91.592896
791.885742	19.150019
790.707031	318.875916
789.529297	14.017197
788.350586	-116.600815
787.170898	-54.020084
785.992188	-50.658077
784.812500	18.575594
783.632813	176.941315
782.452148	34.571064
781.272461	68.220520
780.091797	-183.847504
778.911133	-48.233097
777.729492	-204.607056
776.547852	62.439762
775.366211	-34.360050
774.184570	209.541412
773.001953	-75.159523
771.819336	-27.695398
770.636719	-117.502129
769.453125	-107.829773
768.269531	-121.279778
767.085938	-172.624390
765.902344	-133.038330
764.717773	39.630493
763.533203	-85.264206
762.348633	-98.173920
761.163086	-134.188873
759.977539	-85.740181
758.791992	114.578697
757.606445	135.694702
756.419922	38.849396
755.233398	-249.627350
754.046875	-177.692749
752.859375	-4.649360
751.672852	-75.889946
750.485352	31.873014
749.296875	179.606812
748.108398	34.831825
746.919922	111.018021
745.731445	48.377472
744.542969	160.284286
743.353516	211.180450
742.164063	51.886639
740.973633	281.354431
739.783203	61.168095
738.592773	84.664322
737.402344	13.631942
736.211914	74.832397
735.020508	121.265732
733.829102	194.893112
732.636719	58.664669
731.444336	192.952759
730.251953	272.586151
729.059570	106.849747
727.866211	163.235382
726.673828	320.056366
725.479492	315.412689
724.286133	218.512634
723.091797	-14.547706
721.897461	127.042488
720.703125	107.297020
719.507813	56.037632
718.312500	94.594330
717.117188	-2.949376
715.921875	334.247986
714.725586	81.692787
713.529297	171.787430
712.332031	443.418243
711.135742	276.112122
709.938477	307.070465
708.740234	381.660950
707.542969	364.176758
706.344727	421.616974
705.146484	493.422974
703.948242	698.463989
702.749023	431.934784
701.549805	592.675720
700.350586	415.473145
699.150391	488.173828
697.950195	437.700897
696.750000	468.248260
695.549805	406.931213
694.348633	307.938385
693.147461	269.115601
691.946289	384.056274
690.744141	523.672852
689.541992	502.851471
688.339844	510.922760
687.136719	491.740021
685.934570	484.817566
684.730469	751.946228
683.527344	551.347046
682.323242	666.310547
681.119141	413.512543
679.915039	353.695190
678.710938	420.320343
677.505859	499.187042
676.300781	314.412781
675.094727	401.245605
673.889648	25.546703
672.683594	93.489006
671.476563	157.141891
670.270508	235.178162
669.063477	110.101921
667.856445	210.754318
666.648438	187.093353
665.440430	163.426834
664.232422	-21.634581
663.024414	-55.547203
661.815430	-232.111847
660.606445	56.774368
659.397461	14.847364
658.188477	-59.989288
656.978516	-89.155342
655.768555	-49.921288
654.557617	-78.622726
653.346680	85.015343
652.135742	11.484871
650.924805	33.299351
649.712891	-76.552238
648.501953	41.038399
647.289063	-47.175747
646.077148	-46.123222
644.864258	246.214539
643.651367	-60.682884
642.438477	119.579323
641.224609	8.015228
640.010742	212.468079
638.796875	176.827972
637.582031	115.433022
636.367188	22.197428
635.152344	-123.355927
633.937500	-127.745094
632.721680	-184.301559
631.505859	105.979996
630.289063	0.864011
629.073242	67.926407
627.856445	130.461670
626.639648	44.770710
625.421875	-20.521296
624.204102	125.611290
622.986328	-7.464160
621.768555	-27.463215
620.549805	2.072757
619.331055	-212.111588
618.111328	240.836060
616.892578	142.677673
