1721.000977	86.762161
1720.027344	-151.890198
1719.052734	3.965059
1718.078125	92.078827
1717.104492	27.881376
1716.128906	3.857531
1715.154297	-0.489162
1714.178711	66.133537
1713.204102	-65.404358
1712.228516	-49.002537
1711.251953	-41.006931
1710.276367	-5.507155
1709.299805	54.937447
1708.324219	-59.361763
1707.347656	-35.966679
1706.370117	155.775192
1705.393555	-75.294807
1704.416016	-107.227066
1703.438477	105.929291
1702.460938	-19.012035
1701.483398	119.018639
1700.505859	-73.160828
1699.527344	51.256180
1698.548828	226.367111
1697.570313	132.836105
1696.591797	123.314827
1695.612305	57.312641
1694.632813	-1.279657
1693.653320	-111.153374
1692.673828	-32.376495
1691.694336	71.661041
1690.713867	-112.816223
1689.734375	-4.099964
1688.753906	-76.656578
1687.772461	-80.525490
1686.791992	183.097519
1685.810547	-65.734184
1684.830078	16.635542
1683.848633	78.472351
1682.866211	33.213703
1681.884766	-129.216705
1680.902344	181.813858
1679.919922	21.814005
1678.937500	29.768324
1677.955078	24.955854
1676.971680	63.335453
1675.989258	-43.259300
1675.005859	63.720016
1674.022461	109.640945
1673.038086	23.373732
1672.054688	-19.643166
1671.070313	-72.807251
1670.085938	-1.481998
1669.101563	234.887299
1668.117188	75.146965
1667.131836	-28.666754
1666.146484	40.162235
1665.161133	81.098457
1664.175781	38.357082
1663.189453	-19.545240
1662.204102	57.030956
1661.217773	-122.416748
1660.231445	4.944852
1659.245117	-159.086472
1658.257813	133.022522
1657.270508	47.676334
1656.284180	-65.403664
1655.295898	-122.688675
1654.308594	139.086136
1653.321289	56.642498
1652.333008	133.704193
1651.344727	-92.754730
1650.356445	-129.346634
1649.367188	46.555298
1648.378906	45.508114
1647.389648	-134.929855
1646.400391	202.845993
1645.411133	-17.807816
1644.420898	34.513519
1643.431641	36.399582
1642.441406	-39.920242
1641.451172	121.175102
1640.459961	-174.562103
1639.469727	-200.074722
1638.478516	54.532894
1637.487305	203.173950
1636.496094	-6.268763
1635.504883	34.064987
1634.512695	177.797501
1633.520508	-33.810085
1632.528320	218.376648
1631.536133	261.436340
1630.543945	425.447601
1629.550781	259.568848
1628.557617	181.945297
1627.564453	434.163147
1626.571289	444.748993
1625.578125	488.102448
1624.583984	539.034363
1623.589844	509.525330
1622.595703	784.339966
1621.601563	614.124878
1620.606445	733.068909
1619.611328	779.142456
1618.616211	885.543701
1617.621094	999.485474
1616.625977	917.541931
1615.629883	815.578857
1614.633789	942.138611
1613.637695	815.198486
1612.641602	1072.264404
1611.645508	1000.618225
1610.648438	1036.877197
1609.651367	1017.984497
1608.654297	843.688171
1607.657227	940.206848
1606.659180	1016.651794
1605.662109	1130.683960
1604.664063	1189.569092
1603.666016	1303.549194
1602.666992	1199.641968
1601.668945	1040.727905
1600.669922	1249.818237
1599.670898	1326.205688
1598.671875	1257.460449
1597.671875	1321.315552
1596.672852	1032.539917
1595.672852	1071.424316
1594.672852	1057.798584
1593.671875	771.747253
1592.671875	993.075684
1591.670898	859.548279
1590.669922	723.575195
1589.668945	605.133301
1588.667969	574.118408
1587.666016	485.686493
1586.664063	464.662842
1585.662109	513.499084
1584.660156	687.030640
1583.658203	411.545227
1582.655273	200.980072
1581.652344	583.822876
1580.649414	467.989288
1579.646484	167.776901
1578.642578	233.903412
1577.638672	342.324432
1576.634766	286.309326
1575.630859	192.945892
1574.626953	107.063118
1573.622070	177.976486
1572.618164	218.983658
1571.613281	242.518417
1570.607422	188.898163
1569.602539	252.158142
1568.596680	81.643257
1567.590820	114.996277
1566.584961	123.450867
1565.579102	151.745605
1564.572266	68.196129
1563.566406	-97.301407
1562.559570	102.241402
1561.551758	75.737030
1560.544922	96.378830
1559.537109	25.146345
1558.530273	182.171585
1557.521484	120.787247
1556.513672	213.159988
1555.505859	131.893753
1554.497070	278.675385
1553.488281	170.078278
1552.479492	-77.273621
1551.470703	-34.707581
1550.460938	218.322647
1549.451172	211.192535
1548.441406	-112.878151
1547.431641	8.701447
1546.421875	16.351353
1545.411133	-208.633148
1544.400391	-45.184822
1543.389648	-62.388428
1542.378906	-17.806231
1541.367188	-64.763054
1540.355469	140.370132
1539.343750	-17.877043
1538.332031	-447.862610
1537.320313	16.470440
1536.307617	-139.303268
1535.294922	38.274715
1534.282227	-65.672096
1533.269531	119.148796
1532.256836	-24.319670
1531.243164	125.795929
1530.229492	132.759995
1529.215820	31.187382
1528.202148	-82.702499
1527.187500	-28.974697
1526.172852	-91.126335
1525.158203	-49.800251
1524.143555	8.722063
1523.127930	94.270096
1522.113281	-83.700554
1521.097656	95.322853
1520.082031	-28.491512
1519.065430	-142.448914
1518.049805	102.822479
1517.033203	-52.978146
1516.016602	-34.134602
1515.000000	114.989746
1513.982422	3.451937
1512.965820	39.411163
1511.948242	-74.561401
1510.930664	-85.326576
1509.913086	4.594142
1508.894531	-74.985367
1507.875977	-19.520578
1506.857422	200.360611
1505.838867	-122.202133
1504.820313	23.975819
1503.800781	-55.605129
1502.781250	24.246120
1501.761719	8.428069
1500.742188	88.213249
1499.721680	60.105984
1498.702148	73.672066
1497.681641	84.764816
1496.661133	201.171082
1495.639648	-74.301079
1494.618164	7.794361
1493.597656	89.867287
1492.576172	12.818912
1491.553711	141.320236
1490.532227	-119.172356
1489.509766	-66.509583
1488.487305	0.805336
1487.464844	185.442413
1486.442383	88.927101
1485.418945	-97.967590
1484.395508	-121.083817
1483.372070	73.212273
1482.348633	96.489105
1481.324219	-239.158997
1480.300781	-37.603115
1479.276367	168.750610
1478.251953	70.024757
1477.226563	-175.026154
1476.202148	-0.435502
1475.176758	213.102631
1474.151367	58.434311
1473.125000	-110.785461
1472.099609	-167.802216
1471.073242	345.339508
1470.046875	117.768906
1469.020508	60.796436
1467.994141	113.441566
1466.966797	209.895508
1465.939453	11.840975
1464.912109	91.296402
1463.884766	236.431595
1462.856445	184.506195
1461.829102	71.850143
1460.800781	319.087372
1459.772461	281.854401
1458.743164	186.331833
1457.714844	256.113953
1456.685547	95.115891
1455.656250	206.232773
1454.625977	101.219543
1453.596680	518.243286
1452.566406	323.477264
1451.536133	395.758728
1450.505859	412.248474
1449.474609	416.629272
1448.444336	314.356873
1447.413086	490.979767
1446.381836	207.000961
1445.350586	121.913200
1444.318359	213.772461
1443.286133	242.649902
1442.253906	155.302856
1441.221680	218.166382
1440.189453	220.524155
1439.156250	36.541645
1438.123047	150.331696
1437.089844	121.374199
1436.056641	184.392197
1435.022461	63.622589
1433.988281	182.319519
1432.954102	56.860291
1431.919922	127.265701
1430.885742	21.297770
1429.850586	4.796073
1428.815430	-1.987526
1427.780273	80.624931
1426.744141	238.083481
1425.708984	86.575645
1424.672852	-115.506538
1423.636719	-146.149841
1422.600586	-5.465468
1421.563477	-33.619427
1420.527344	-172.614273
1419.490234	62.140701
1418.452148	55.822472
1417.415039	-22.722279
1416.376953	-91.556877
1415.338867	85.365509
1414.300781	-58.011791
1413.262695	-102.567719
1412.224609	-125.391190
1411.185547	22.700722
1410.146484	19.199818
1409.107422	-268.099091
1408.067383	-175.246368
1407.027344	11.392142
1405.987305	-97.687622
1404.947266	57.708485
1403.907227	-0.773260
1402.866211	116.187088
1401.826172	33.796677
1400.785156	4.312813
1399.743164	282.193390
1398.702148	10.328787
1397.660156	122.596695
1396.618164	38.118855
1395.576172	313.547272
1394.533203	356.260803
1393.491211	216.780045
1392.448242	549.660889
1391.405273	628.388000
1390.361328	824.534668
1389.318359	800.244202
1388.274414	914.923340
1387.230469	921.835815
1386.186523	775.561218
1385.141602	1129.665283
1384.097656	1088.795532
1383.052734	988.160889
1382.007813	1256.002441
1380.961914	1160.236328
1379.916992	1081.297119
1378.871094	1315.595093
1377.825195	1184.148438
1376.778320	775.599060
1375.732422	902.423096
1374.685547	711.545715
1373.638672	740.488770
1372.591797	306.277130
1371.543945	492.904510
1370.497070	507.668671
1369.449219	699.017761
1368.400391	503.865326
1367.352539	325.534271
1366.303711	512.126221
1365.255859	660.536255
1364.206055	549.107849
1363.157227	595.039124
1362.108398	586.187256
1361.058594	603.562988
1360.008789	656.682678
1358.958984	495.531891
1357.908203	658.198547
1356.857422	628.057373
1355.806641	464.714996
1354.755859	465.608276
1353.705078	566.415161
1352.653320	393.752075
1351.601563	368.579376
1350.549805	226.981354
1349.498047	432.398682
1348.445313	414.424347
1347.393555	251.599777
1346.340820	385.697601
1345.287109	258.589264
1344.234375	226.511307
1343.180664	287.012909
1342.126953	314.289642
1341.073242	426.970642
1340.019531	143.557190
1338.964844	265.737183
1337.910156	214.826233
1336.855469	182.913452
1335.799805	63.347992
1334.745117	142.856277
1333.689453	234.180237
1332.633789	-60.514999
1331.578125	104.231796
1330.521484	157.660461
1329.464844	220.543518
1328.408203	-43.098244
1327.351563	-27.490076
1326.294922	4.675952
1325.237305	178.696411
1324.179688	104.433624
1323.122070	-78.507599
1322.064453	107.252007
1321.005859	-59.069042
1319.947266	-83.598694
1318.888672	-16.019196
1317.830078	179.021393
1316.770508	1.036563
1315.710938	35.518494
1314.651367	173.797668
1313.591797	-51.241726
1312.531250	2.093558
1311.471680	-22.396143
1310.411133	-44.523964
1309.349609	-17.157612
1308.289063	226.979813
1307.227539	68.167038
1306.166016	1.275175
1305.104492	-27.914040
1304.042969	270.143829
1302.980469	-182.773849
1301.917969	-162.503952
1300.855469	5.971624
1299.792969	9.715941
1298.729492	-125.302223
1297.666016	-147.411850
1296.602539	-44.933674
1295.539063	-156.369034
1294.474609	-72.751076
1293.411133	233.996109
1292.346680	101.406258
1291.281250	-61.665512
1290.216797	-3.996763
1289.151367	51.285137
1288.085938	237.942139
1287.020508	150.019867
1285.955078	240.386215
1284.888672	-16.365900
1283.822266	-52.632652
1282.755859	204.107224
1281.689453	294.335907
1280.622070	269.701050
1279.554688	-19.632874
1278.487305	173.591736
1277.419922	247.307343
1276.351563	56.445801
1275.283203	13.103271
1274.214844	311.394867
1273.146484	136.984528
1272.077148	63.204540
1271.008789	185.875427
1269.939453	182.228241
1268.869141	92.080276
1267.799805	233.315643
1266.729492	59.063828
1265.659180	258.608673
1264.588867	159.131821
1263.517578	134.394287
1262.447266	226.376038
1261.375977	61.581512
1260.304688	139.507584
1259.232422	63.418213
1258.161133	325.533691
1257.088867	179.460052
1256.016602	268.892456
1254.943359	80.911331
1253.871094	251.860092
1252.797852	313.219757
1251.724609	418.794006
1250.650391	277.464020
1249.577148	473.776489
1248.502930	548.946777
1247.428711	498.407501
1246.354492	338.526093
1245.279297	276.395691
1244.204102	144.512436
1243.128906	389.346313
1242.053711	317.916107
1240.977539	225.583557
1239.902344	200.673843
1238.826172	164.142593
1237.750000	306.457764
1236.672852	358.132416
1235.595703	184.588669
1234.518555	287.315063
1233.441406	241.476044
1232.364258	95.888321
1231.286133	309.875610
1230.208008	122.574852
1229.129883	169.516693
1228.051758	126.032547
1226.972656	22.299673
1225.893555	-95.293968
1224.814453	139.259827
1223.734375	232.427399
1222.655273	177.368088
1221.575195	-9.626436
1220.495117	-106.279510
1219.415039	271.456177
1218.333984	-38.061432
1217.252930	-19.013638
1216.171875	-69.348251
1215.090820	116.149040
1214.008789	137.450485
1212.926758	59.377712
1211.844727	-32.522934
1210.762695	30.376930
1209.679688	-100.740440
1208.597656	144.544067
1207.513672	-302.777405
1206.430664	-106.022240
1205.347656	-36.249386
1204.263672	-314.832214
1203.179688	-136.649323
1202.095703	-154.529358
1201.010742	-100.940361
1199.925781	-162.605713
1198.840820	183.608856
1197.755859	68.935272
1196.670898	30.324181
1195.584961	-56.623093
1194.499023	-53.741283
1193.413086	78.042336
1192.326172	-188.332016
1191.239258	-97.977448
1190.152344	-111.158134
1189.065430	15.953506
1187.978516	-15.618629
1186.890625	194.181931
1185.802734	-143.049988
1184.714844	142.531769
1183.625977	97.210243
1182.538086	242.545609
1181.449219	215.617264
1180.360352	21.139053
1179.270508	138.882385
1178.180664	40.900913
1177.090820	115.029022
1176.000977	285.470215
1174.911133	533.812744
1173.820313	335.017548
1172.729492	127.157669
1171.638672	187.510803
1170.547852	144.762833
1169.456055	17.296591
1168.364258	150.960403
1167.272461	245.662811
1166.179688	113.730003
1165.087891	309.127655
1163.995117	367.175873
1162.902344	336.007996
1161.808594	327.737396
1160.715820	440.677155
1159.622070	672.446350
1158.528320	524.758240
1157.433594	543.948914
1156.339844	337.003113
1155.245117	182.694321
1154.149414	398.372375
1153.054688	511.256226
1151.958984	436.951477
1150.863281	424.311798
1149.767578	270.259155
1148.671875	410.520233
1147.575195	286.222137
1146.478516	196.196930
1145.381836	245.270828
1144.285156	96.092278
1143.187500	120.145905
1142.089844	194.322159
1140.992188	74.919853
1139.894531	89.923325
1138.795898	54.858234
1137.697266	-125.814819
1136.598633	-176.697479
1135.499023	-129.726974
1134.400391	-62.281105
1133.300781	-88.072121
1132.201172	-132.014618
1131.100586	158.163177
1130.000977	-233.414841
1128.900391	56.699356
1127.799805	-66.645332
1126.698242	41.686180
1125.596680	-97.453377
1124.495117	-23.167807
1123.393555	3.454697
1122.291992	129.905991
1121.189453	335.696198
1120.086914	312.388763
1118.984375	307.244995
1117.881836	544.647400
1116.778320	612.000488
1115.674805	473.174286
1114.571289	372.933929
1113.466797	297.658661
1112.363281	380.922577
1111.258789	507.168213
1110.153320	332.383331
1109.048828	413.362549
1107.943359	367.642212
1106.837891	579.767761
1105.732422	382.568604
1104.625977	370.826385
1103.520508	309.386169
1102.414063	358.694550
1101.306641	324.405151
1100.200195	324.023132
1099.092773	215.262650
1097.985352	221.688385
1096.877930	178.467545
1095.769531	-61.042194
1094.661133	286.102692
1093.552734	134.649399
1092.444336	174.935028
1091.335938	106.995811
1090.226563	255.458939
1089.117188	11.767756
1088.006836	196.229111
1086.897461	157.627014
1085.787109	107.777184
1084.676758	357.380707
1083.566406	149.944427
1082.455078	352.155945
1081.343750	313.538605
1080.232422	137.724197
1079.121094	220.596466
1078.008789	265.198425
1076.896484	285.045502
1075.784180	313.861267
1074.671875	250.535263
1073.558594	268.086975
1072.445313	269.897095
1071.332031	359.259338
1070.217773	228.572144
1069.104492	66.511940
1067.990234	142.339417
1066.875977	352.710571
1065.760742	6.759987
1064.645508	91.456192
1063.530273	19.169098
1062.415039	67.915085
1061.299805	-100.732834
1060.183594	93.576584
1059.067383	180.266983
1057.951172	-8.533953
1056.833984	138.519058
1055.716797	-9.964731
1054.599609	329.400146
1053.482422	4.135862
1052.364258	86.054413
1051.247070	181.319107
1050.128906	124.474991
1049.009766	353.712128
1047.891602	48.729195
1046.772461	-19.343040
1045.653320	-74.025970
1044.533203	224.099548
1043.414063	-74.056641
1042.293945	116.700455
1041.173828	-7.332073
1040.052734	31.506964
1038.932617	-155.007050
1037.811523	-35.972389
1036.689453	98.558807
1035.568359	-34.510872
1034.446289	75.333351
1033.324219	42.474812
1032.202148	-50.572086
1031.079102	-157.003876
1029.957031	-67.505379
1028.833984	-31.540733
1027.709961	106.712936
1026.586914	-88.909309
1025.462891	-155.491058
1024.338867	75.908127
1023.214844	-228.732407
1022.089844	-304.338074
1020.964844	35.625546
1019.839844	75.393669
1018.714844	112.849983
1017.588867	34.719341
1016.462891	-56.776100
1015.336914	-35.084614
1014.210938	-0.164243
1013.083984	-282.657501
1011.957031	93.781128
1010.830078	-6.890296
1009.702148	171.792984
1008.574219	246.118179
1007.446289	606.244568
1006.318359	1145.612671
1005.190430	1731.174927
1004.061523	1578.807739
1002.932617	1320.134888
1001.802734	873.302551
1000.673828	304.855865
999.543945	236.685593
998.414063	217.130478
997.283203	381.070831
996.153320	286.123077
995.022461	303.874573
993.891602	385.625488
992.759766	763.359497
991.628906	765.244446
990.497070	912.810669
989.364258	1278.832886
988.232422	1417.192505
987.099609	1758.462280
985.966797	1942.792969
984.833984	2036.484985
983.700195	2094.736572
982.566406	1852.940674
981.432617	1924.241821
980.298828	1660.358643
979.164063	1506.680542
978.029297	1189.931274
976.894531	963.544312
975.759766	1107.148682
974.624023	830.040039
973.488281	559.563416
972.352539	740.275818
971.215820	553.351501
970.080078	551.206238
968.943359	401.606415
967.805664	498.229950
966.668945	361.707977
965.531250	677.878906
964.393555	591.715881
963.254883	239.682098
962.117188	480.710327
960.978516	389.968597
959.839844	268.442291
958.700195	544.116028
957.561523	444.370544
956.421875	463.029816
955.281250	455.262512
954.141602	581.176575
953.000977	439.486298
951.860352	619.953308
950.719727	618.383423
949.578125	443.655701
948.436523	339.008606
947.294922	157.691605
946.153320	320.077087
945.010742	355.354553
943.868164	265.811920
942.725586	366.562012
941.583008	200.356415
940.439453	270.302582
939.295898	396.985687
938.152344	280.930969
937.007813	311.257568
935.863281	254.115463
934.718750	-60.792248
933.574219	50.192635
932.428711	54.079929
931.283203	-22.851048
930.137695	282.067841
928.992188	98.110237
927.845703	73.393440
926.699219	212.185440
925.552734	-137.480209
924.405273	-20.605268
923.257813	98.349976
922.110352	299.999359
920.962891	301.130524
919.814453	210.755478
918.666016	235.773651
917.517578	167.156464
916.369141	-138.648026
915.219727	-30.989069
914.070313	135.326035
912.920898	131.929047
911.770508	124.154449
910.621094	192.459229
909.470703	32.536903
908.319336	92.097527
907.168945	-89.458427
906.017578	22.215033
904.866211	-78.923401
903.713867	178.117355
902.562500	5.392156
901.410156	-113.016441
900.256836	-57.843342
899.104492	105.763206
897.951172	-114.440193
896.797852	-0.715385
895.644531	-43.041332
894.490234	-39.828827
893.335938	13.236474
892.181641	-39.795010
891.027344	-36.466591
889.872070	137.891296
888.716797	-120.586723
887.561523	30.017038
886.405273	111.378242
885.249023	-138.099060
884.092773	47.166962
882.936523	-72.355148
881.779297	154.000839
880.622070	0.078252
879.464844	-194.732452
878.307617	94.361557
877.149414	-24.652847
875.991211	-76.608376
874.833008	87.358116
873.673828	-20.508396
872.514648	1.199365
871.355469	-74.038269
870.196289	-37.018314
869.036133	51.820976
867.875977	138.583755
866.715820	184.494461
865.554688	-38.748131
864.394531	13.899356
863.233398	45.116001
862.071289	216.358948
860.910156	127.284096
859.748047	113.688354
858.585938	229.307632
857.422852	267.599243
856.259766	501.677704
855.096680	-3.609816
853.933594	226.449173
852.770508	71.990860
851.606445	-65.046425
850.442383	81.618866
849.277344	86.686981
848.113281	-64.750252
846.948242	93.077515
845.783203	109.421707
844.617188	-217.255280
843.451172	179.102264
842.285156	20.182777
841.119141	-37.715942
839.952148	-157.539291
838.785156	59.267487
837.618164	-64.390648
836.451172	139.865814
835.283203	61.629032
834.115234	28.593317
832.947266	-53.424572
831.778320	-58.166172
830.609375	-34.875477
829.440430	-90.491882
828.271484	-118.058380
827.101563	239.355743
825.931641	101.060020
824.761719	377.538452
823.590820	164.983795
822.420898	183.401855
821.250000	381.381653
820.078125	398.077240
818.907227	146.133545
817.735352	31.087677
816.562500	419.714447
815.390625	164.407120
814.217773	239.914612
813.044922	396.628784
811.872070	14.383873
810.698242	28.828510
809.524414	-7.605445
808.350586	-26.738523
807.176758	20.382040
806.001953	69.854355
804.827148	104.655708
803.651367	60.968296
802.476563	151.546371
801.300781	-187.219559
800.125000	5.908021
798.948242	239.570465
797.772461	41.996292
796.595703	25.332811
795.417969	195.824722
794.241211	135.013260
793.063477	339.835480
791.885742	330.420837
790.707031	471.902954
789.529297	172.274002
788.350586	271.755005
787.170898	172.085419
785.992188	104.476425
784.812500	62.549992
783.632813	184.013016
782.452148	233.598740
781.272461	245.236847
780.091797	157.547974
778.911133	19.284454
777.729492	376.536804
776.547852	22.832048
775.366211	204.692337
774.184570	134.956100
773.001953	61.196083
771.819336	-130.751541
770.636719	-303.431763
769.453125	-161.035675
768.269531	-43.911705
767.085938	-205.492096
765.902344	-204.275726
764.717773	-107.936440
763.533203	-281.669556
762.348633	91.285301
761.163086	316.505920
759.977539	-181.678421
758.791992	307.251831
757.606445	332.265320
756.419922	96.011749
755.233398	3.209954
754.046875	253.876923
752.859375	-43.093895
751.672852	226.500427
750.485352	127.621071
749.296875	350.809875
748.108398	306.690796
746.919922	479.262390
745.731445	262.679260
744.542969	376.283478
743.353516	435.160797
742.164063	132.504883
740.973633	105.194145
739.783203	334.109619
738.592773	79.833031
737.402344	293.807465
736.211914	335.470001
735.020508	414.796082
733.829102	233.815033
732.636719	625.451233
731.444336	385.548523
730.251953	378.342773
729.059570	173.960281
727.866211	298.529968
726.673828	332.776672
725.479492	484.134613
724.286133	174.520187
723.091797	99.341507
721.897461	86.783554
720.703125	247.697693
719.507813	416.676910
718.312500	403.362091
717.117188	88.679230
715.921875	252.642273
714.725586	453.885010
713.529297	284.881866
712.332031	564.844666
711.135742	432.905212
709.938477	306.990417
708.740234	713.181274
707.542969	622.104126
706.344727	754.017334
705.146484	1039.910522
703.948242	1310.722534
702.749023	1426.749268
701.549805	1519.432007
700.350586	1313.665527
699.150391	1126.379395
697.950195	734.651611
696.750000	869.663879
695.549805	681.485107
694.348633	824.006653
693.147461	322.966522
691.946289	433.517456
690.744141	753.731689
689.541992	509.785645
688.339844	517.156677
687.136719	673.805054
685.934570	672.047974
684.730469	543.152466
683.527344	368.241913
682.323242	606.319336
681.119141	515.858704
679.915039	533.021545
678.710938	736.601501
677.505859	524.767517
676.300781	169.569565
675.094727	314.008606
673.889648	404.170410
672.683594	102.215408
671.476563	247.748749
670.270508	254.141098
669.063477	42.786366
667.856445	3.191375
666.648438	354.711639
665.440430	368.492462
664.232422	262.086761
663.024414	29.404812
661.815430	111.131073
660.606445	302.352325
659.397461	20.008081
658.188477	215.266388
656.978516	249.282806
655.768555	-171.148026
654.557617	-8.803340
653.346680	-100.360435
652.135742	-55.401436
650.924805	-47.353653
649.712891	-191.698334
648.501953	-137.548889
647.289063	-31.448210
646.077148	-3.257389
644.864258	56.389561
643.651367	122.809975
642.438477	78.618050
641.224609	20.784246
640.010742	29.724007
638.796875	-116.911140
637.582031	155.416550
636.367188	27.377256
635.152344	128.975220
633.937500	163.915665
632.721680	41.857132
631.505859	211.249390
630.289063	306.093872
629.073242	447.799591
627.856445	745.357422
626.639648	488.030579
625.421875	62.444038
624.204102	442.049316
622.986328	246.995865
621.768555	298.717316
620.549805	-14.211599
619.331055	-205.249847
618.111328	51.761276
616.892578	96.437592
