1721.000977	-181.794861
1720.027344	84.950226
1719.052734	75.400101
1718.078125	206.413330
1717.104492	123.935837
1716.128906	5.052484
1715.154297	-173.228470
1714.178711	-36.580223
1713.204102	-38.824417
1712.228516	78.942589
1711.251953	250.049042
1710.276367	110.775299
1709.299805	181.186646
1708.324219	79.692459
1707.347656	16.300663
1706.370117	-72.979843
1705.393555	47.330681
1704.416016	123.810814
1703.438477	-32.756912
1702.460938	84.125237
1701.483398	-26.818998
1700.505859	-107.255104
1699.527344	221.035019
1698.548828	-171.552338
1697.570313	133.261139
1696.591797	213.026749
1695.612305	88.305679
1694.632813	96.254776
1693.653320	101.517685
1692.673828	17.343071
1691.694336	185.686218
1690.713867	-370.615082
1689.734375	-59.628208
1688.753906	197.581558
1687.772461	232.801697
1686.791992	30.925034
1685.810547	-20.597609
1684.830078	-72.127823
1683.848633	-11.625810
1682.866211	275.448151
1681.884766	-114.875755
1680.902344	131.316147
1679.919922	-200.343262
1678.937500	-58.594715
1677.955078	57.646954
1676.971680	31.382366
1675.989258	218.757233
1675.005859	75.525307
1674.022461	138.255310
1673.038086	48.470375
1672.054688	1.953738
1671.070313	95.173187
1670.085938	-134.172684
1669.101563	-137.407196
1668.117188	-171.074539
1667.131836	300.384399
1666.146484	-96.199974
1665.161133	30.063129
1664.175781	-28.857605
1663.189453	94.861992
1662.204102	127.309074
1661.217773	167.372192
1660.231445	-35.848030
1659.245117	-56.495022
1658.257813	211.704086
1657.270508	-57.136971
1656.284180	0.876436
1655.295898	38.621544
1654.308594	286.516998
1653.321289	-338.766449
1652.333008	109.072990
1651.344727	-40.242634
1650.356445	301.220245
1649.367188	189.935135
1648.378906	56.011250
1647.389648	351.870209
1646.400391	8.295823
1645.411133	129.803238
1644.420898	203.293533
1643.431641	-81.806641
1642.441406	95.315109
1641.451172	325.420471
1640.459961	298.014008
1639.469727	247.970871
1638.478516	157.607574
1637.487305	334.693176
1636.496094	138.513779
1635.504883	383.685486
1634.512695	212.847656
1633.520508	420.155670
1632.528320	186.459930
1631.536133	426.509247
1630.543945	721.903931
1629.550781	654.576416
1628.557617	602.412109
1627.564453	854.872620
1626.571289	556.122742
1625.578125	740.610291
1624.583984	824.406372
1623.589844	1147.120972
1622.595703	1064.891235
1621.601563	1294.448242
1620.606445	1179.574341
1619.611328	1559.810547
1618.616211	1558.024902
1617.621094	1410.567627
1616.625977	1398.800415
1615.629883	1595.431396
1614.633789	1121.748047
1613.637695	1463.946045
1612.641602	1228.887573
1611.645508	1252.334839
1610.648438	1441.300781
1609.651367	1366.891113
1608.654297	1583.346558
1607.657227	1463.826172
1606.659180	1417.020752
1605.662109	1675.931641
1604.664063	1631.607666
1603.666016	2043.123413
1602.666992	1953.648071
1601.668945	1831.679321
1600.669922	1787.332642
1599.670898	1617.875732
1598.671875	1521.040039
1597.671875	1344.174805
1596.672852	1432.484619
1595.672852	1103.175049
1594.672852	1246.455322
1593.671875	1077.237183
1592.671875	973.063660
1591.670898	983.821716
1590.669922	787.250061
1589.668945	830.476929
1588.667969	748.837463
1587.666016	777.028748
1586.664063	475.768250
1585.662109	521.436157
1584.660156	734.203735
1583.658203	475.486328
1582.655273	296.633575
1581.652344	387.081848
1580.649414	135.998642
1579.646484	346.016266
1578.642578	309.251984
1577.638672	566.411865
1576.634766	268.081543
1575.630859	233.780182
1574.626953	60.066059
1573.622070	224.867050
1572.618164	292.547333
1571.613281	188.502045
1570.607422	298.363770
1569.602539	-17.063709
1568.596680	25.618681
1567.590820	-244.941071
1566.584961	93.460129
1565.579102	41.601547
1564.572266	-7.791903
1563.566406	136.550751
1562.559570	-46.979244
1561.551758	-12.004883
1560.544922	114.784065
1559.537109	-1.713351
1558.530273	-28.852808
1557.521484	137.442642
1556.513672	-108.016739
1555.505859	90.429680
1554.497070	-90.526253
1553.488281	-63.241779
1552.479492	-13.689179
1551.470703	1.137805
1550.460938	30.780687
1549.451172	50.483955
1548.441406	129.580109
1547.431641	-48.809246
1546.421875	7.960927
1545.411133	203.229095
1544.400391	249.974289
1543.389648	24.626808
1542.378906	-156.133072
1541.367188	-59.968773
1540.355469	-77.555435
1539.343750	72.884956
1538.332031	109.601151
1537.320313	-127.892479
1536.307617	219.973129
1535.294922	7.202671
1534.282227	-183.273422
1533.269531	100.182365
1532.256836	257.664581
1531.243164	-68.474457
1530.229492	-229.231903
1529.215820	46.541519
1528.202148	11.549785
1527.187500	264.944122
1526.172852	178.141495
1525.158203	125.865417
1524.143555	-111.144905
1523.127930	-323.445190
1522.113281	-35.790394
1521.097656	126.173981
1520.082031	59.171520
1519.065430	-57.033112
1518.049805	126.978958
1517.033203	143.640427
1516.016602	-24.141527
1515.000000	-349.203796
1513.982422	164.095322
1512.965820	121.774216
1511.948242	-43.394417
1510.930664	12.609859
1509.913086	-287.530304
1508.894531	-172.557877
1507.875977	-64.987587
1506.857422	192.277252
1505.838867	299.753296
1504.820313	129.955215
1503.800781	-54.490673
1502.781250	-67.169540
1501.761719	-55.303043
1500.742188	206.621552
1499.721680	-51.152130
1498.702148	-129.899307
1497.681641	11.881908
1496.661133	85.043648
1495.639648	-74.457466
1494.618164	-28.204916
1493.597656	436.643463
1492.576172	49.652378
1491.553711	110.596313
1490.532227	200.916306
1489.509766	-34.072762
1488.487305	-58.640156
1487.464844	251.759995
1486.442383	-56.316704
1485.418945	16.965603
1484.395508	100.026909
1483.372070	14.547820
1482.348633	41.480400
1481.324219	-4.825699
1480.300781	7.530586
1479.276367	-58.193714
1478.251953	198.237473
1477.226563	159.404434
1476.202148	88.938263
1475.176758	108.754524
1474.151367	233.438690
1473.125000	-48.956184
1472.099609	-2.180285
1471.073242	103.080742
1470.046875	342.320313
1469.020508	14.058683
1467.994141	134.005585
1466.966797	156.560028
1465.939453	227.834290
1464.912109	515.694275
1463.884766	24.986387
1462.856445	378.529724
1461.829102	321.022034
1460.800781	300.046265
1459.772461	247.534546
1458.743164	112.458511
1457.714844	317.671631
1456.685547	629.724060
1455.656250	652.688232
1454.625977	648.977356
1453.596680	582.219788
1452.566406	736.407471
1451.536133	385.848846
1450.505859	525.575684
1449.474609	362.089294
1448.444336	594.034851
1447.413086	401.633362
1446.381836	122.106987
1445.350586	213.563507
1444.318359	513.408813
1443.286133	64.640190
1442.253906	228.884888
1441.221680	419.760376
1440.189453	223.268921
1439.156250	249.590103
1438.123047	288.064484
1437.089844	-19.385824
1436.056641	145.042114
1435.022461	-125.852745
1433.988281	159.539337
1432.954102	169.300552
1431.919922	-125.397079
1430.885742	227.669205
1429.850586	5.677501
1428.815430	71.268394
1427.780273	42.721245
1426.744141	14.239704
1425.708984	58.264305
1424.672852	-15.924607
1423.636719	-48.997444
1422.600586	-81.989388
1421.563477	53.903088
1420.527344	-195.966217
1419.490234	-62.380775
1418.452148	-215.604156
1417.415039	-146.997864
1416.376953	128.819046
1415.338867	57.745766
1414.300781	68.645424
1413.262695	-93.736076
1412.224609	-479.838379
1411.185547	-6.587863
1410.146484	98.406395
1409.107422	-97.265991
1408.067383	274.775391
1407.027344	45.606743
1405.987305	100.268837
1404.947266	102.097290
1403.907227	128.017563
1402.866211	-124.699036
1401.826172	-117.824554
1400.785156	198.877319
1399.743164	64.132973
1398.702148	83.142593
1397.660156	133.396744
1396.618164	142.902512
1395.576172	361.163330
1394.533203	600.968567
1393.491211	447.503906
1392.448242	893.475403
1391.405273	922.280396
1390.361328	1284.202393
1389.318359	1190.848755
1388.274414	1514.353394
1387.230469	1670.148560
1386.186523	1871.425293
1385.141602	1747.121460
1384.097656	1862.255981
1383.052734	2149.660645
1382.007813	1982.489746
1380.961914	2178.965332
1379.916992	2279.776855
1378.871094	1823.579224
1377.825195	1802.628296
1376.778320	1435.241455
1375.732422	1447.936157
1374.685547	1556.211426
1373.638672	1229.867676
1372.591797	1486.273193
1371.543945	1176.886597
1370.497070	1273.400513
1369.449219	949.976379
1368.400391	762.703552
1367.352539	890.385864
1366.303711	717.608887
1365.255859	788.125366
1364.206055	846.720703
1363.157227	683.737000
1362.108398	952.082092
1361.058594	920.230347
1360.008789	971.782349
1358.958984	785.270447
1357.908203	851.190674
1356.857422	836.207825
1355.806641	947.375916
1354.755859	844.446045
1353.705078	851.001648
1352.653320	771.984070
1351.601563	707.302124
1350.549805	844.708923
1349.498047	561.500610
1348.445313	276.066193
1347.393555	793.621643
1346.340820	679.308960
1345.287109	315.781860
1344.234375	396.330292
1343.180664	552.811340
1342.126953	350.984894
1341.073242	244.164612
1340.019531	-7.249777
1338.964844	360.328247
1337.910156	450.416290
1336.855469	400.658081
1335.799805	135.310272
1334.745117	313.129059
1333.689453	24.282637
1332.633789	64.745461
1331.578125	17.618382
1330.521484	79.410103
1329.464844	25.241457
1328.408203	-50.175350
1327.351563	-179.942566
1326.294922	54.573921
1325.237305	-89.312370
1324.179688	133.298599
1323.122070	65.128799
1322.064453	155.326050
1321.005859	-71.069466
1319.947266	-16.282770
1318.888672	196.712830
1317.830078	-74.348915
1316.770508	-102.165955
1315.710938	-179.512238
1314.651367	54.623360
1313.591797	132.990234
1312.531250	-156.570419
1311.471680	-111.174385
1310.411133	-9.216761
1309.349609	-100.555473
1308.289063	-114.079857
1307.227539	-106.389938
1306.166016	108.568367
1305.104492	-163.988678
1304.042969	29.719656
1302.980469	-132.064819
1301.917969	-190.229446
1300.855469	45.727234
1299.792969	-151.212860
1298.729492	-51.758968
1297.666016	42.959339
1296.602539	-22.204876
1295.539063	-68.531364
1294.474609	54.333195
1293.411133	109.032433
1292.346680	-42.972652
1291.281250	-54.028137
1290.216797	45.267391
1289.151367	336.976593
1288.085938	32.536297
1287.020508	89.522331
1285.955078	130.065186
1284.888672	-176.477753
1283.822266	-119.484070
1282.755859	148.446289
1281.689453	95.199730
1280.622070	95.860268
1279.554688	199.589386
1278.487305	50.341881
1277.419922	245.353806
1276.351563	-27.917723
1275.283203	232.550140
1274.214844	-5.500670
1273.146484	299.292908
1272.077148	309.245453
1271.008789	22.223223
1269.939453	364.205261
1268.869141	72.603531
1267.799805	-1.538022
1266.729492	-17.248087
1265.659180	46.464977
1264.588867	72.782669
1263.517578	180.795090
1262.447266	17.987631
1261.375977	518.038696
1260.304688	453.211517
1259.232422	166.789536
1258.161133	218.676178
1257.088867	384.784271
1256.016602	224.443420
1254.943359	341.517273
1253.871094	472.524445
1252.797852	673.356445
1251.724609	734.344727
1250.650391	778.993652
1249.577148	723.515320
1248.502930	807.709290
1247.428711	659.147461
1246.354492	510.648193
1245.279297	559.922913
1244.204102	706.850037
1243.128906	346.834015
1242.053711	398.425598
1240.977539	368.642853
1239.902344	331.904877
1238.826172	634.341553
1237.750000	251.483795
1236.672852	89.380905
1235.595703	519.339172
1234.518555	220.302078
1233.441406	248.586105
1232.364258	12.373012
1231.286133	284.225861
1230.208008	96.794739
1229.129883	407.919586
1228.051758	232.127869
1226.972656	5.422175
1225.893555	135.624435
1224.814453	50.338303
1223.734375	4.451140
1222.655273	4.897682
1221.575195	125.712265
1220.495117	33.546906
1219.415039	110.333420
1218.333984	73.724823
1217.252930	67.197350
1216.171875	-48.008579
1215.090820	47.214634
1214.008789	31.443869
1212.926758	-28.227457
1211.844727	-143.318680
1210.762695	321.406708
1209.679688	-63.906029
1208.597656	-259.720673
1207.513672	-129.992386
1206.430664	-219.552734
1205.347656	-39.119720
1204.263672	-200.174988
1203.179688	326.107269
1202.095703	-127.782509
1201.010742	-182.671677
1199.925781	-260.582123
1198.840820	4.875066
1197.755859	164.244965
1196.670898	212.994568
1195.584961	-148.160461
1194.499023	84.810707
1193.413086	66.800827
1192.326172	-47.855278
1191.239258	203.347794
1190.152344	10.515669
1189.065430	-0.554590
1187.978516	-0.120631
1186.890625	-36.468693
1185.802734	-59.005554
1184.714844	-8.004499
1183.625977	40.674034
1182.538086	243.214279
1181.449219	34.666676
1180.360352	452.905640
1179.270508	271.947693
1178.180664	435.259003
1177.090820	98.402168
1176.000977	284.625366
1174.911133	168.094727
1173.820313	457.389282
1172.729492	389.008331
1171.638672	373.367981
1170.547852	250.065918
1169.456055	491.003510
1168.364258	212.017853
1167.272461	466.607025
1166.179688	407.496613
1165.087891	742.038330
1163.995117	808.743835
1162.902344	1024.106323
1161.808594	999.249878
1160.715820	1591.746704
1159.622070	1109.606689
1158.528320	1007.063049
1157.433594	938.839478
1156.339844	1076.252319
1155.245117	480.483246
1154.149414	585.969604
1153.054688	419.764099
1151.958984	349.489716
1150.863281	151.469543
1149.767578	487.375366
1148.671875	127.488327
1147.575195	146.291779
1146.478516	167.372406
1145.381836	373.071838
1144.285156	423.729767
1143.187500	606.501404
1142.089844	165.090530
1140.992188	165.668823
1139.894531	-43.209267
1138.795898	348.931793
1137.697266	-30.571470
1136.598633	51.968143
1135.499023	-356.868347
1134.400391	-67.331696
1133.300781	62.912262
1132.201172	29.434263
1131.100586	-81.305809
1130.000977	92.033005
1128.900391	1.778970
1127.799805	-67.995285
1126.698242	-19.667809
1125.596680	-150.703125
1124.495117	160.898346
1123.393555	138.800232
1122.291992	209.722794
1121.189453	328.237183
1120.086914	482.980286
1118.984375	837.154785
1117.881836	1333.963257
1116.778320	1071.404663
1115.674805	1130.670410
1114.571289	1076.650513
1113.466797	764.486511
1112.363281	771.692749
1111.258789	778.884460
1110.153320	944.473267
1109.048828	738.930481
1107.943359	1062.779541
1106.837891	680.883789
1105.732422	430.289490
1104.625977	367.411224
1103.520508	559.935303
1102.414063	411.175964
1101.306641	556.130615
1100.200195	116.071350
1099.092773	229.390610
1097.985352	426.170380
1096.877930	243.679382
1095.769531	289.150513
1094.661133	230.810287
1093.552734	246.909821
1092.444336	373.473724
1091.335938	-38.840630
1090.226563	-117.419632
1089.117188	47.383129
1088.006836	304.452698
1086.897461	405.977325
1085.787109	365.557983
1084.676758	217.067703
1083.566406	406.247711
1082.455078	491.793518
1081.343750	296.042908
1080.232422	444.502808
1079.121094	588.367554
1078.008789	448.844269
1076.896484	594.823486
1075.784180	302.482056
1074.671875	637.096313
1073.558594	374.005981
1072.445313	445.621277
1071.332031	559.827942
1070.217773	377.631592
1069.104492	543.346069
1067.990234	231.018753
1066.875977	327.065826
1065.760742	250.330688
1064.645508	285.700226
1063.530273	110.286720
1062.415039	262.128174
1061.299805	243.559509
1060.183594	128.619247
1059.067383	-116.221588
1057.951172	326.436340
1056.833984	-10.229836
1055.716797	293.327148
1054.599609	261.043732
1053.482422	222.010681
1052.364258	55.443981
1051.247070	430.056915
1050.128906	-159.131638
1049.009766	-8.282981
1047.891602	137.976578
1046.772461	190.269196
1045.653320	146.431641
1044.533203	287.894409
1043.414063	-95.427406
1042.293945	79.380989
1041.173828	274.129181
1040.052734	158.593246
1038.932617	154.579285
1037.811523	-90.355705
1036.689453	-136.826187
1035.568359	-203.398712
1034.446289	41.979465
1033.324219	8.665253
1032.202148	-167.270050
1031.079102	226.917953
1029.957031	33.051991
1028.833984	-100.708275
1027.709961	-72.029976
1026.586914	-67.908340
1025.462891	-126.162560
1024.338867	0.121444
1023.214844	-116.096252
1022.089844	-96.747421
1020.964844	-64.154068
1019.839844	21.665403
1018.714844	34.053932
1017.588867	326.186951
1016.462891	51.877590
1015.336914	-58.115177
1014.210938	-165.926849
1013.083984	134.500641
1011.957031	70.875244
1010.830078	215.674820
1009.702148	402.439667
1008.574219	628.932739
1007.446289	1132.282349
1006.318359	1783.778809
1005.190430	2640.915771
1004.061523	3003.631836
1002.932617	2101.660889
1001.802734	1788.892822
1000.673828	637.304504
999.543945	687.734253
998.414063	417.248596
997.283203	390.084564
996.153320	31.139963
995.022461	408.469269
993.891602	628.592590
992.759766	426.420593
991.628906	409.838135
990.497070	501.387451
989.364258	864.409973
988.232422	968.859497
987.099609	1090.807129
985.966797	1433.281616
984.833984	1393.804443
983.700195	1285.852173
982.566406	1400.584839
981.432617	1193.262207
980.298828	926.417419
979.164063	1080.507690
978.029297	934.777222
976.894531	462.999725
975.759766	506.673431
974.624023	666.907471
973.488281	417.532684
972.352539	507.088409
971.215820	383.066498
970.080078	454.794952
968.943359	491.188751
967.805664	450.500092
966.668945	557.026306
965.531250	663.393005
964.393555	523.523560
963.254883	471.477997
962.117188	450.122772
960.978516	395.731415
959.839844	466.399780
958.700195	576.431763
957.561523	486.661499
956.421875	414.377655
955.281250	484.579102
954.141602	934.010498
953.000977	903.042419
951.860352	797.480469
950.719727	972.353088
949.578125	520.509033
948.436523	449.881226
947.294922	622.256042
946.153320	547.093872
945.010742	239.870209
943.868164	147.149338
942.725586	281.911194
941.583008	101.581146
940.439453	-45.953190
939.295898	-178.191635
938.152344	421.752197
937.007813	193.164398
935.863281	336.002441
934.718750	-30.196751
933.574219	90.656555
932.428711	-13.483637
931.283203	183.563202
930.137695	155.701355
928.992188	324.139862
927.845703	211.067123
926.699219	56.560482
925.552734	192.028320
924.405273	471.223511
923.257813	314.420898
922.110352	212.111069
920.962891	229.600922
919.814453	336.307495
918.666016	375.437592
917.517578	-186.225174
916.369141	205.464233
915.219727	-123.192337
914.070313	205.148865
912.920898	-12.505702
911.770508	150.362671
910.621094	-128.082260
909.470703	54.256866
908.319336	-58.986382
907.168945	-91.810242
906.017578	27.367134
904.866211	40.098843
903.713867	-5.799304
902.562500	141.471451
901.410156	-114.874062
900.256836	56.188568
899.104492	-24.356323
897.951172	120.606628
896.797852	226.501770
895.644531	-1.361252
894.490234	273.523193
893.335938	56.612675
892.181641	26.064564
891.027344	-56.403194
889.872070	-56.562103
888.716797	140.238724
887.561523	-91.390152
886.405273	-48.180977
885.249023	124.804161
884.092773	-69.786995
882.936523	-164.806732
881.779297	83.858665
880.622070	168.268051
879.464844	112.297714
878.307617	-17.006157
877.149414	-10.178027
875.991211	257.895447
874.833008	25.264378
873.673828	25.812483
872.514648	54.482979
871.355469	227.708786
870.196289	-172.551788
869.036133	-106.963570
867.875977	-308.530914
866.715820	211.847000
865.554688	-73.521729
864.394531	5.299319
863.233398	411.431000
862.071289	485.986145
860.910156	298.093872
859.748047	366.418518
858.585938	144.449036
857.422852	236.662003
856.259766	111.811684
855.096680	311.719391
853.933594	251.641998
852.770508	440.947632
851.606445	220.031357
850.442383	70.224754
849.277344	182.550018
848.113281	219.855988
846.948242	165.006577
845.783203	166.117859
844.617188	401.173279
843.451172	-150.738754
842.285156	116.759247
841.119141	380.009552
839.952148	8.976486
838.785156	-115.332458
837.618164	-65.913071
836.451172	127.133331
835.283203	71.904236
834.115234	226.644547
832.947266	355.811340
831.778320	57.199596
830.609375	34.836781
829.440430	431.810577
828.271484	95.464478
827.101563	287.410217
825.931641	291.402771
824.761719	562.646729
823.590820	92.771591
822.420898	272.498932
821.250000	213.215439
820.078125	388.942200
818.907227	385.542023
817.735352	518.876892
816.562500	400.653259
815.390625	446.896545
814.217773	572.196106
813.044922	373.659485
811.872070	377.861206
810.698242	-107.748077
809.524414	-92.381996
808.350586	25.396929
807.176758	-80.216110
806.001953	114.534477
804.827148	-1.284894
803.651367	53.347107
802.476563	20.958681
801.300781	-34.608276
800.125000	367.139191
798.948242	75.992096
797.772461	199.556854
796.595703	344.504333
795.417969	470.462585
794.241211	212.216217
793.063477	215.409439
791.885742	180.591614
790.707031	205.395859
789.529297	431.921326
788.350586	391.285645
787.170898	376.297455
785.992188	234.306519
784.812500	535.532532
783.632813	300.694641
782.452148	542.801086
781.272461	202.524017
780.091797	241.605255
778.911133	316.825287
777.729492	476.832977
776.547852	158.712952
775.366211	297.846191
774.184570	191.728821
773.001953	280.345612
771.819336	-356.036346
770.636719	-123.327576
769.453125	71.374557
768.269531	-88.782745
767.085938	-141.024887
765.902344	-38.975803
764.717773	18.811964
763.533203	80.908478
762.348633	-103.789116
761.163086	-119.532661
759.977539	-114.078926
758.791992	-22.085804
757.606445	25.681280
756.419922	-240.512085
755.233398	-135.667603
754.046875	-102.422073
752.859375	34.066105
751.672852	246.349365
750.485352	538.573914
749.296875	460.307800
748.108398	152.776917
746.919922	371.310730
745.731445	446.762085
744.542969	110.095062
743.353516	78.399002
742.164063	252.678680
740.973633	124.322136
739.783203	302.703217
738.592773	216.375610
737.402344	455.504425
736.211914	-25.493368
735.020508	39.334602
733.829102	265.645355
732.636719	279.941925
731.444336	239.654907
730.251953	155.295120
729.059570	-86.300369
727.866211	-70.097267
726.673828	67.534760
725.479492	-19.112452
724.286133	168.517761
723.091797	14.697858
721.897461	-24.035084
720.703125	-244.923386
719.507813	245.502975
718.312500	-147.102982
717.117188	330.264954
715.921875	205.164001
714.725586	-97.685524
713.529297	213.823761
712.332031	263.887054
711.135742	215.606110
709.938477	58.600960
708.740234	400.461212
707.542969	518.663391
706.344727	1089.452637
705.146484	1284.279175
703.948242	1929.351685
702.749023	1771.132446
701.549805	2102.713867
700.350586	1721.155762
699.150391	1077.046143
697.950195	912.200134
696.750000	788.909241
695.549805	594.697937
694.348633	148.503799
693.147461	397.484558
691.946289	136.387253
690.744141	251.766205
689.541992	98.633171
688.339844	317.600555
687.136719	162.124908
685.934570	193.619583
684.730469	480.518341
683.527344	339.227234
682.323242	611.156555
681.119141	-80.567772
679.915039	326.039886
678.710938	298.616608
677.505859	306.397186
676.300781	135.713150
675.094727	122.666672
673.889648	159.360489
672.683594	162.849243
671.476563	168.405899
670.270508	169.846039
669.063477	-102.097855
667.856445	-98.415176
666.648438	242.829956
665.440430	35.506531
664.232422	70.550514
663.024414	74.721710
661.815430	199.062546
660.606445	224.323227
659.397461	152.680893
658.188477	-313.404266
656.978516	-313.965515
655.768555	76.330208
654.557617	-229.190109
653.346680	52.366837
652.135742	-22.839075
650.924805	55.301495
649.712891	-196.127762
648.501953	244.352066
647.289063	95.478569
646.077148	-15.410589
644.864258	-42.924335
643.651367	103.625412
642.438477	-288.767212
641.224609	-455.364471
640.010742	256.629608
638.796875	92.327301
637.582031	46.738071
636.367188	101.332497
635.152344	247.894440
633.937500	365.076294
632.721680	640.157593
631.505859	347.295807
630.289063	512.778687
629.073242	883.567810
627.856445	1032.286255
626.639648	659.284302
625.421875	1169.784302
624.204102	606.571655
622.986328	559.325256
621.768555	625.568481
620.549805	46.256229
619.331055	331.656372
618.111328	312.413910
616.892578	171.298782
