1721.000977	120.707230
1720.027344	-102.737648
1719.052734	47.649708
1718.078125	165.944672
1717.104492	105.999603
1716.128906	-162.825378
1715.154297	44.308037
1714.178711	-167.590454
1713.204102	286.008698
1712.228516	18.344839
1711.251953	159.772430
1710.276367	92.776428
1709.299805	71.032455
1708.324219	25.448484
1707.347656	-184.752716
1706.370117	-124.336975
1705.393555	-69.765915
1704.416016	-69.644676
1703.438477	113.984245
1702.460938	-22.742460
1701.483398	-106.314095
1700.505859	-49.824440
1699.527344	8.641765
1698.548828	7.808018
1697.570313	14.154031
1696.591797	20.041452
1695.612305	-15.387305
1694.632813	-109.929688
1693.653320	282.705139
1692.673828	85.311111
1691.694336	-178.679932
1690.713867	82.577766
1689.734375	348.548157
1688.753906	132.183304
1687.772461	-127.721428
1686.791992	183.186127
1685.810547	12.092797
1684.830078	-8.802032
1683.848633	31.223436
1682.866211	-25.749388
1681.884766	-126.123398
1680.902344	-89.171806
1679.919922	115.600784
1678.937500	317.615784
1677.955078	-147.092651
1676.971680	49.565891
1675.989258	162.163193
1675.005859	73.759422
1674.022461	277.640472
1673.038086	69.650414
1672.054688	176.789291
1671.070313	156.804443
1670.085938	-300.045197
1669.101563	15.205736
1668.117188	-172.354660
1667.131836	-189.810760
1666.146484	145.475632
1665.161133	-21.723038
1664.175781	-351.179626
1663.189453	-112.423233
1662.204102	42.612511
1661.217773	96.186920
1660.231445	119.363701
1659.245117	0.669095
1658.257813	-158.489838
1657.270508	-54.112968
1656.284180	-248.517075
1655.295898	-35.207199
1654.308594	-431.948700
1653.321289	-155.267395
1652.333008	116.277710
1651.344727	0.729716
1650.356445	373.440582
1649.367188	169.503265
1648.378906	102.275314
1647.389648	113.485016
1646.400391	144.984512
1645.411133	90.650154
1644.420898	165.224686
1643.431641	434.341187
1642.441406	120.132187
1641.451172	187.333298
1640.459961	302.520966
1639.469727	130.102234
1638.478516	154.604355
1637.487305	-73.056427
1636.496094	246.705734
1635.504883	77.285164
1634.512695	92.013947
1633.520508	179.909027
1632.528320	499.670990
1631.536133	413.789429
1630.543945	280.173767
1629.550781	597.421631
1628.557617	577.257996
1627.564453	806.377197
1626.571289	746.074890
1625.578125	1063.285522
1624.583984	1108.739746
1623.589844	978.202515
1622.595703	1224.967529
1621.601563	1240.417969
1620.606445	1482.120605
1619.611328	1598.150513
1618.616211	1774.496338
1617.621094	1566.523560
1616.625977	1285.875244
1615.629883	1967.026367
1614.633789	1415.406738
1613.637695	1438.813599
1612.641602	1552.604614
1611.645508	1428.078613
1610.648438	1494.259888
1609.651367	1500.284790
1608.654297	1990.237427
1607.657227	1682.934570
1606.659180	1939.656128
1605.662109	1903.190063
1604.664063	1869.266357
1603.666016	1998.197021
1602.666992	1949.307251
1601.668945	2008.152100
1600.669922	1784.155396
1599.670898	1868.087891
1598.671875	1866.955566
1597.671875	1658.220703
1596.672852	1482.137207
1595.672852	1626.178101
1594.672852	1112.739136
1593.671875	1179.351074
1592.671875	826.193298
1591.670898	860.409363
1590.669922	1111.935669
1589.668945	811.497314
1588.667969	820.789856
1587.666016	959.873840
1586.664063	257.888885
1585.662109	282.286621
1584.660156	738.251099
1583.658203	313.630554
1582.655273	295.624359
1581.652344	369.876099
1580.649414	469.028961
1579.646484	171.921509
1578.642578	206.284622
1577.638672	56.308796
1576.634766	690.877625
1575.630859	-11.888932
1574.626953	47.384964
1573.622070	-85.028542
1572.618164	158.370010
1571.613281	-21.286066
1570.607422	-141.196915
1569.602539	-19.823923
1568.596680	2.021059
1567.590820	-20.893042
1566.584961	234.536514
1565.579102	127.088280
1564.572266	4.751605
1563.566406	-77.784332
1562.559570	274.227539
1561.551758	194.087387
1560.544922	-159.033020
1559.537109	148.049011
1558.530273	-170.203705
1557.521484	166.473511
1556.513672	-77.298073
1555.505859	-219.321701
1554.497070	82.409950
1553.488281	-126.554337
1552.479492	-117.388611
1551.470703	278.229248
1550.460938	-79.320274
1549.451172	-117.287041
1548.441406	10.629677
1547.431641	-316.978333
1546.421875	33.627197
1545.411133	-368.126129
1544.400391	-32.550495
1543.389648	-367.370392
1542.378906	-172.907913
1541.367188	98.073235
1540.355469	-115.516319
1539.343750	58.938931
1538.332031	117.189285
1537.320313	-49.376236
1536.307617	-109.714546
1535.294922	-26.834763
1534.282227	-316.750122
1533.269531	-137.630096
1532.256836	-180.671432
1531.243164	-14.034037
1530.229492	73.599312
1529.215820	141.457703
1528.202148	61.352303
1527.187500	-65.579788
1526.172852	187.049057
1525.158203	136.509048
1524.143555	-59.351452
1523.127930	-31.039726
1522.113281	-209.556549
1521.097656	-178.770706
1520.082031	-7.706560
1519.065430	399.491974
1518.049805	233.306610
1517.033203	5.675323
1516.016602	-20.203548
1515.000000	-213.260757
1513.982422	112.414665
1512.965820	-129.734711
1511.948242	-116.258934
1510.930664	150.245407
1509.913086	23.671879
1508.894531	206.537048
1507.875977	-30.478308
1506.857422	198.976425
1505.838867	-337.306732
1504.820313	-19.535696
1503.800781	246.577744
1502.781250	-186.356003
1501.761719	-57.599552
1500.742188	188.789581
1499.721680	167.918121
1498.702148	205.905945
1497.681641	131.182297
1496.661133	183.875015
1495.639648	172.878098
1494.618164	174.147491
1493.597656	195.045242
1492.576172	191.463821
1491.553711	182.996201
1490.532227	-60.259670
1489.509766	-2.581066
1488.487305	13.532688
1487.464844	142.127625
1486.442383	-115.480698
1485.418945	184.186066
1484.395508	119.731956
1483.372070	94.421730
1482.348633	20.317038
1481.324219	31.714748
1480.300781	243.334976
1479.276367	132.731369
1478.251953	-43.666199
1477.226563	97.171761
1476.202148	-76.620995
1475.176758	-21.097889
1474.151367	-11.874167
1473.125000	-153.750259
1472.099609	157.770416
1471.073242	-166.718674
1470.046875	276.290009
1469.020508	-72.341194
1467.994141	80.810555
1466.966797	44.048626
1465.939453	26.829515
1464.912109	43.736202
1463.884766	252.882889
1462.856445	554.405212
1461.829102	201.728088
1460.800781	267.416779
1459.772461	162.983963
1458.743164	576.274414
1457.714844	683.325867
1456.685547	549.885559
1455.656250	831.866333
1454.625977	739.835754
1453.596680	720.756714
1452.566406	1029.394653
1451.536133	758.005676
1450.505859	683.313171
1449.474609	310.353790
1448.444336	813.091553
1447.413086	782.261292
1446.381836	419.421356
1445.350586	602.099792
1444.318359	724.177246
1443.286133	657.321350
1442.253906	709.241577
1441.221680	182.483398
1440.189453	183.789566
1439.156250	574.841919
1438.123047	697.190186
1437.089844	-99.811523
1436.056641	54.225857
1435.022461	-77.113274
1433.988281	185.792786
1432.954102	296.370209
1431.919922	126.627174
1430.885742	36.773014
1429.850586	-265.572418
1428.815430	137.551941
1427.780273	154.222488
1426.744141	-10.122327
1425.708984	-232.229568
1424.672852	42.945313
1423.636719	-7.631313
1422.600586	-84.640915
1421.563477	4.853292
1420.527344	111.282974
1419.490234	-151.095627
1418.452148	-203.614182
1417.415039	346.390839
1416.376953	50.631180
1415.338867	-141.351471
1414.300781	-292.232880
1413.262695	-45.720078
1412.224609	-172.322891
1411.185547	143.997681
1410.146484	-235.076599
1409.107422	-7.717720
1408.067383	-76.202881
1407.027344	-274.420959
1405.987305	157.368103
1404.947266	33.857513
1403.907227	-39.058403
1402.866211	-97.463181
1401.826172	-189.371964
1400.785156	131.864838
1399.743164	23.272598
1398.702148	442.902008
1397.660156	312.852325
1396.618164	190.135971
1395.576172	664.860046
1394.533203	585.435608
1393.491211	736.326599
1392.448242	992.699341
1391.405273	1258.626343
1390.361328	1414.276733
1389.318359	1766.402710
1388.274414	2274.130371
1387.230469	2286.011963
1386.186523	2748.074707
1385.141602	2695.356934
1384.097656	2300.529785
1383.052734	2523.239990
1382.007813	2607.181885
1380.961914	3028.370605
1379.916992	2583.879639
1378.871094	2445.636719
1377.825195	1934.669922
1376.778320	2121.739502
1375.732422	1890.725830
1374.685547	1944.108521
1373.638672	1696.643921
1372.591797	1430.255371
1371.543945	1335.901978
1370.497070	1315.651245
1369.449219	1276.375977
1368.400391	1141.755249
1367.352539	1169.445923
1366.303711	672.600342
1365.255859	1098.628906
1364.206055	1131.248413
1363.157227	1030.486572
1362.108398	1265.748657
1361.058594	1338.990356
1360.008789	1102.684204
1358.958984	1335.569336
1357.908203	1235.152832
1356.857422	1030.125488
1355.806641	1013.210938
1354.755859	1103.408325
1353.705078	860.662292
1352.653320	708.419434
1351.601563	891.491150
1350.549805	1050.771240
1349.498047	953.403198
1348.445313	834.734436
1347.393555	416.901703
1346.340820	706.952148
1345.287109	735.756104
1344.234375	486.885590
1343.180664	399.534485
1342.126953	89.238312
1341.073242	590.398499
1340.019531	453.416565
1338.964844	551.269104
1337.910156	355.167175
1336.855469	182.895111
1335.799805	387.492157
1334.745117	459.384888
1333.689453	251.787598
1332.633789	11.165047
1331.578125	5.071030
1330.521484	74.754036
1329.464844	-35.413097
1328.408203	308.775757
1327.351563	-333.557220
1326.294922	121.772614
1325.237305	82.754173
1324.179688	-81.505493
1323.122070	49.770065
1322.064453	166.841690
1321.005859	-216.951904
1319.947266	-248.622986
1318.888672	-93.703659
1317.830078	155.611862
1316.770508	161.717102
1315.710938	-94.097565
1314.651367	-19.467735
1313.591797	-20.327852
1312.531250	113.248970
1311.471680	421.279572
1310.411133	17.284571
1309.349609	124.898026
1308.289063	-54.970787
1307.227539	92.700897
1306.166016	-47.015499
1305.104492	-214.909805
1304.042969	-114.330467
1302.980469	-25.557327
1301.917969	-143.888168
1300.855469	-71.583519
1299.792969	35.984818
1298.729492	-190.425812
1297.666016	13.537159
1296.602539	-219.796890
1295.539063	94.563522
1294.474609	350.047729
1293.411133	-190.908066
1292.346680	-229.028488
1291.281250	-142.683273
1290.216797	-65.748817
1289.151367	135.546509
1288.085938	418.891174
1287.020508	364.286499
1285.955078	272.183044
1284.888672	440.412720
1283.822266	282.687439
1282.755859	-55.454346
1281.689453	112.750504
1280.622070	-0.282040
1279.554688	205.314194
1278.487305	265.618774
1277.419922	281.412445
1276.351563	84.165939
1275.283203	170.196625
1274.214844	366.168091
1273.146484	545.675598
1272.077148	343.855957
1271.008789	261.389282
1269.939453	99.459869
1268.869141	119.905205
1267.799805	444.139771
1266.729492	195.814743
1265.659180	382.060028
1264.588867	306.666260
1263.517578	259.307556
1262.447266	284.339813
1261.375977	419.035370
1260.304688	313.338623
1259.232422	576.251892
1258.161133	461.226746
1257.088867	758.957520
1256.016602	380.492188
1254.943359	554.559570
1253.871094	348.728638
1252.797852	462.140930
1251.724609	598.789795
1250.650391	763.304504
1249.577148	976.642700
1248.502930	852.358154
1247.428711	544.276245
1246.354492	799.369507
1245.279297	575.148071
1244.204102	785.910156
1243.128906	478.071625
1242.053711	767.782776
1240.977539	411.249084
1239.902344	712.449890
1238.826172	1013.497498
1237.750000	485.250763
1236.672852	389.120270
1235.595703	306.951111
1234.518555	651.880005
1233.441406	386.352234
1232.364258	67.568916
1231.286133	328.786530
1230.208008	306.961487
1229.129883	122.843834
1228.051758	420.937500
1226.972656	181.229385
1225.893555	38.929920
1224.814453	188.556717
1223.734375	196.829163
1222.655273	-19.499929
1221.575195	-110.745750
1220.495117	78.085350
1219.415039	155.755173
1218.333984	-32.665325
1217.252930	77.350746
1216.171875	406.985138
1215.090820	-158.223007
1214.008789	203.650848
1212.926758	100.879684
1211.844727	148.317139
1210.762695	66.375465
1209.679688	-75.587227
1208.597656	-388.337524
1207.513672	69.993538
1206.430664	-205.749817
1205.347656	-172.203629
1204.263672	119.669945
1203.179688	-93.660751
1202.095703	477.048584
1201.010742	180.720535
1199.925781	-80.910889
1198.840820	256.664215
1197.755859	80.358154
1196.670898	244.997253
1195.584961	84.869354
1194.499023	-266.273956
1193.413086	-83.278259
1192.326172	-72.966980
1191.239258	185.807907
1190.152344	-105.271797
1189.065430	203.977676
1187.978516	-73.189606
1186.890625	-180.151779
1185.802734	324.227448
1184.714844	129.909180
1183.625977	349.140259
1182.538086	67.624741
1181.449219	50.270214
1180.360352	453.009827
1179.270508	486.053345
1178.180664	450.244049
1177.090820	350.212921
1176.000977	509.393677
1174.911133	661.624390
1173.820313	474.479980
1172.729492	337.842773
1171.638672	421.248047
1170.547852	422.139252
1169.456055	645.192932
1168.364258	476.562836
1167.272461	713.239258
1166.179688	611.037476
1165.087891	804.096741
1163.995117	727.082581
1162.902344	1160.195557
1161.808594	1320.965698
1160.715820	1490.813477
1159.622070	1262.834106
1158.528320	1256.634399
1157.433594	996.802917
1156.339844	1173.416382
1155.245117	840.632385
1154.149414	622.158020
1153.054688	650.335510
1151.958984	354.396820
1150.863281	403.147736
1149.767578	212.332352
1148.671875	450.393951
1147.575195	218.598846
1146.478516	18.821148
1145.381836	-126.165794
1144.285156	319.114441
1143.187500	160.439865
1142.089844	227.332962
1140.992188	-20.065786
1139.894531	-167.178452
1138.795898	-43.367702
1137.697266	-140.359146
1136.598633	-59.844406
1135.499023	-209.123688
1134.400391	-55.860977
1133.300781	-134.597870
1132.201172	179.957504
1131.100586	-166.991180
1130.000977	-113.877533
1128.900391	-135.766632
1127.799805	105.803261
1126.698242	-270.366608
1125.596680	-72.029373
1124.495117	-21.314331
1123.393555	301.668732
1122.291992	-176.324707
1121.189453	647.774048
1120.086914	952.217712
1118.984375	1433.347534
1117.881836	1066.546021
1116.778320	1048.869873
1115.674805	1472.976196
1114.571289	1144.883789
1113.466797	1446.462280
1112.363281	1086.799072
1111.258789	1589.684570
1110.153320	1286.684326
1109.048828	879.737732
1107.943359	1126.673706
1106.837891	984.500732
1105.732422	740.636047
1104.625977	646.046509
1103.520508	671.268982
1102.414063	255.855148
1101.306641	407.601044
1100.200195	295.031830
1099.092773	672.460693
1097.985352	347.630341
1096.877930	275.700104
1095.769531	-82.793030
1094.661133	298.795929
1093.552734	-106.955734
1092.444336	538.244141
1091.335938	188.929810
1090.226563	-31.787626
1089.117188	200.498520
1088.006836	374.067200
1086.897461	126.342148
1085.787109	151.167313
1084.676758	295.269684
1083.566406	169.171753
1082.455078	421.148438
1081.343750	713.473633
1080.232422	699.724487
1079.121094	865.849182
1078.008789	429.302185
1076.896484	757.169922
1075.784180	794.947510
1074.671875	632.704224
1073.558594	180.710632
1072.445313	288.076782
1071.332031	417.805511
1070.217773	318.456421
1069.104492	136.074921
1067.990234	90.586006
1066.875977	161.720825
1065.760742	282.105225
1064.645508	66.048561
1063.530273	123.530144
1062.415039	82.314468
1061.299805	188.955093
1060.183594	246.194794
1059.067383	-202.820953
1057.951172	11.113689
1056.833984	1.010926
1055.716797	-210.585266
1054.599609	137.277084
1053.482422	59.850685
1052.364258	154.612381
1051.247070	148.647903
1050.128906	-34.005936
1049.009766	-6.553595
1047.891602	38.708149
1046.772461	-1.031863
1045.653320	137.868439
1044.533203	-333.020752
1043.414063	-26.812162
1042.293945	96.143539
1041.173828	91.762093
1040.052734	35.980656
1038.932617	-109.066933
1037.811523	-309.895844
1036.689453	46.676167
1035.568359	128.834106
1034.446289	-295.023499
1033.324219	-217.460907
1032.202148	394.594940
1031.079102	128.819061
1029.957031	-170.313797
1028.833984	84.871628
1027.709961	-172.032227
1026.586914	120.680344
1025.462891	-85.136124
1024.338867	-290.955444
1023.214844	-118.778625
1022.089844	-266.899933
1020.964844	96.121147
1019.839844	161.135193
1018.714844	32.750629
1017.588867	-93.471596
1016.462891	153.303955
1015.336914	-317.181458
1014.210938	78.028297
1013.083984	-1.912291
1011.957031	383.953674
1010.830078	396.918335
1009.702148	247.885986
1008.574219	586.540405
1007.446289	1545.529297
1006.318359	2339.996338
1005.190430	3608.085449
1004.061523	3907.556152
1002.932617	2844.916748
1001.802734	1691.864258
1000.673828	917.729553
999.543945	449.195984
998.414063	69.260857
997.283203	187.042587
996.153320	90.162071
995.022461	369.048065
993.891602	479.698364
992.759766	581.324951
991.628906	722.572937
990.497070	443.940887
989.364258	646.721130
988.232422	999.434570
987.099609	901.559631
985.966797	761.677124
984.833984	725.435242
983.700195	1165.533813
982.566406	1031.925171
981.432617	794.632446
980.298828	1073.136353
979.164063	952.483948
978.029297	778.889832
976.894531	420.221252
975.759766	678.232300
974.624023	636.552063
973.488281	640.993103
972.352539	612.298096
971.215820	354.654358
970.080078	235.609894
968.943359	393.593994
967.805664	410.645935
966.668945	394.615112
965.531250	323.512451
964.393555	386.358795
963.254883	609.403748
962.117188	737.810242
960.978516	459.811249
959.839844	548.428162
958.700195	656.629272
957.561523	933.636841
956.421875	539.109253
955.281250	692.937927
954.141602	872.916138
953.000977	1385.897217
951.860352	890.356506
950.719727	1148.701660
949.578125	1012.482605
948.436523	996.683167
947.294922	917.285095
946.153320	540.094604
945.010742	489.071777
943.868164	343.880554
942.725586	303.667053
941.583008	265.561859
940.439453	474.454712
939.295898	492.963135
938.152344	205.378082
937.007813	444.440765
935.863281	-4.855903
934.718750	225.236191
933.574219	171.265991
932.428711	167.435623
931.283203	-54.738049
930.137695	253.368271
928.992188	92.209961
927.845703	140.422806
926.699219	251.781876
925.552734	306.336456
924.405273	116.667694
923.257813	325.797028
922.110352	373.555176
920.962891	401.628387
919.814453	157.414185
918.666016	355.211792
917.517578	361.324799
916.369141	54.037239
915.219727	-0.807892
914.070313	-46.969673
912.920898	-186.652145
911.770508	108.487724
910.621094	-189.906723
909.470703	-38.382809
908.319336	-32.538975
907.168945	73.213646
906.017578	-318.410492
904.866211	-49.869129
903.713867	-65.822906
902.562500	113.543823
901.410156	-123.753548
900.256836	237.694717
899.104492	143.602768
897.951172	-165.099777
896.797852	-181.030563
895.644531	6.759287
894.490234	-20.031000
893.335938	382.082520
892.181641	-264.080078
891.027344	21.043564
889.872070	37.645077
888.716797	368.052155
887.561523	40.639713
886.405273	-137.353531
885.249023	-347.654602
884.092773	-144.865082
882.936523	51.397835
881.779297	316.763794
880.622070	-20.716980
879.464844	39.467239
878.307617	99.695427
877.149414	-142.312561
875.991211	-64.670830
874.833008	116.597282
873.673828	49.739239
872.514648	-116.218628
871.355469	95.376129
870.196289	158.211105
869.036133	-266.040070
867.875977	38.398575
866.715820	123.046677
865.554688	242.218765
864.394531	72.903290
863.233398	147.057480
862.071289	397.791077
860.910156	797.041077
859.748047	516.359009
858.585938	207.980911
857.422852	334.268921
856.259766	273.599365
855.096680	395.811951
853.933594	260.246429
852.770508	247.363571
851.606445	732.963623
850.442383	462.593903
849.277344	274.089996
848.113281	150.260498
846.948242	86.733978
845.783203	-51.669575
844.617188	-134.071121
843.451172	111.856705
842.285156	-34.484303
841.119141	-92.676788
839.952148	134.354065
838.785156	-141.994965
837.618164	-283.068420
836.451172	205.726532
835.283203	-101.948845
834.115234	-47.526913
832.947266	148.323257
831.778320	181.692932
830.609375	219.547379
829.440430	86.537621
828.271484	84.232521
827.101563	-48.237141
825.931641	-39.368160
824.761719	202.603363
823.590820	-23.082073
822.420898	392.225922
821.250000	235.404709
820.078125	428.941010
818.907227	473.272766
817.735352	558.352417
816.562500	362.084473
815.390625	362.358215
814.217773	230.693512
813.044922	163.289276
811.872070	377.458954
810.698242	157.166763
809.524414	-226.776108
808.350586	-69.392578
807.176758	77.532646
806.001953	28.819618
804.827148	-183.460236
803.651367	38.614891
802.476563	43.904579
801.300781	-48.372627
800.125000	104.138359
798.948242	59.164326
797.772461	12.355447
796.595703	152.775177
795.417969	401.700439
794.241211	264.303070
793.063477	167.557526
791.885742	357.648254
790.707031	509.700867
789.529297	543.134827
788.350586	576.800598
787.170898	706.114624
785.992188	271.705475
784.812500	617.709534
783.632813	592.968750
782.452148	795.151978
781.272461	470.100311
780.091797	183.548798
778.911133	64.599541
777.729492	157.581665
776.547852	193.608261
775.366211	242.534760
774.184570	-186.338287
773.001953	-130.584091
771.819336	-108.469902
770.636719	-52.348045
769.453125	-274.975311
768.269531	-32.553654
767.085938	87.446953
765.902344	-107.041351
764.717773	-299.150452
763.533203	85.170341
762.348633	39.036255
761.163086	-101.848724
759.977539	-59.024708
758.791992	26.095732
757.606445	96.560799
756.419922	-94.203018
755.233398	-187.826813
754.046875	-323.415131
752.859375	137.180969
751.672852	54.443081
750.485352	441.265900
749.296875	459.704742
748.108398	429.830200
746.919922	366.384583
745.731445	534.379578
744.542969	382.768250
743.353516	590.738159
742.164063	128.253708
740.973633	338.369537
739.783203	332.057495
738.592773	285.867828
737.402344	336.292114
736.211914	-81.396835
735.020508	126.488243
733.829102	378.325073
732.636719	271.332062
731.444336	390.843933
730.251953	388.660645
729.059570	287.918213
727.866211	245.838791
726.673828	-39.313313
725.479492	-1.831031
724.286133	-60.778198
723.091797	-142.815216
721.897461	-160.024780
720.703125	-60.145515
719.507813	252.974457
718.312500	-218.547760
717.117188	75.385521
715.921875	32.450279
714.725586	160.779053
713.529297	-172.920105
712.332031	-232.940308
711.135742	20.201679
709.938477	256.348907
708.740234	502.635376
707.542969	731.928772
706.344727	950.482300
705.146484	1621.440552
703.948242	2658.966553
702.749023	2786.635986
701.549805	2695.141357
700.350586	2042.815308
699.150391	1534.359131
697.950195	1438.401245
696.750000	740.353577
695.549805	367.245911
694.348633	175.194962
693.147461	222.351822
691.946289	308.794952
690.744141	503.142517
689.541992	343.610718
688.339844	200.565338
687.136719	383.735657
685.934570	169.654007
684.730469	350.233429
683.527344	200.239685
682.323242	633.693359
681.119141	306.821899
679.915039	170.899765
678.710938	198.819656
677.505859	517.036255
676.300781	123.457680
675.094727	468.208801
673.889648	145.061874
672.683594	298.716522
671.476563	110.264053
670.270508	-86.452209
669.063477	164.290695
667.856445	102.180740
666.648438	342.367950
665.440430	112.594414
664.232422	261.679749
663.024414	230.777435
661.815430	15.896229
660.606445	-209.081940
659.397461	277.416077
658.188477	197.551376
656.978516	-200.268036
655.768555	257.699066
654.557617	149.834366
653.346680	106.410606
652.135742	-21.208529
650.924805	-28.582729
649.712891	-285.115967
648.501953	150.167130
647.289063	-377.316315
646.077148	-188.326569
644.864258	-371.795990
643.651367	-146.261917
642.438477	-119.807556
641.224609	-77.972458
640.010742	61.697918
638.796875	239.493332
637.582031	323.730835
636.367188	129.325882
635.152344	-14.210188
633.937500	388.942261
632.721680	301.963409
631.505859	907.572693
630.289063	517.715088
629.073242	804.020264
627.856445	905.252136
626.639648	885.325195
625.421875	1216.814087
624.204102	745.690186
622.986328	388.163330
621.768555	367.983459
620.549805	323.979736
619.331055	120.908981
618.111328	140.510452
616.892578	21.879570
