1721.000977	26.283157
1720.027344	7.955319
1719.052734	234.926895
1718.078125	61.058720
1717.104492	192.080170
1716.128906	27.640081
1715.154297	-101.245270
1714.178711	28.434858
1713.204102	-14.046356
1712.228516	37.921745
1711.251953	115.119003
1710.276367	255.994141
1709.299805	219.761673
1708.324219	400.885345
1707.347656	-173.558273
1706.370117	-44.225040
1705.393555	74.562096
1704.416016	98.368950
1703.438477	-0.854430
1702.460938	-207.675873
1701.483398	-89.926277
1700.505859	-90.021935
1699.527344	60.453049
1698.548828	126.355179
1697.570313	5.564917
1696.591797	178.375473
1695.612305	-9.111832
1694.632813	201.599457
1693.653320	13.893324
1692.673828	78.775520
1691.694336	-32.541504
1690.713867	-41.910789
1689.734375	-92.173828
1688.753906	260.340332
1687.772461	36.453041
1686.791992	34.331326
1685.810547	149.332291
1684.830078	78.242821
1683.848633	35.117481
1682.866211	83.608437
1681.884766	111.670189
1680.902344	-38.540264
1679.919922	-66.572098
1678.937500	-114.991661
1677.955078	187.645203
1676.971680	-18.589172
1675.989258	-3.513645
1675.005859	156.432388
1674.022461	18.889149
1673.038086	272.738647
1672.054688	229.209244
1671.070313	292.363647
1670.085938	124.364830
1669.101563	-96.891602
1668.117188	-201.276825
1667.131836	356.833374
1666.146484	166.106201
1665.161133	-62.592674
1664.175781	190.767349
1663.189453	-58.127556
1662.204102	344.747131
1661.217773	14.831707
1660.231445	65.243668
1659.245117	166.332291
1658.257813	211.645538
1657.270508	130.316116
1656.284180	8.541915
1655.295898	198.225464
1654.308594	-19.671225
1653.321289	-108.380905
1652.333008	205.268982
1651.344727	139.354675
1650.356445	-15.026432
1649.367188	-106.114044
1648.378906	-131.385941
1647.389648	65.797852
1646.400391	255.347977
1645.411133	285.675873
1644.420898	174.547501
1643.431641	-123.377914
1642.441406	361.586487
1641.451172	328.862579
1640.459961	66.489647
1639.469727	253.441788
1638.478516	109.830780
1637.487305	334.577118
1636.496094	128.026321
1635.504883	206.500381
1634.512695	219.416550
1633.520508	217.235962
1632.528320	124.374306
1631.536133	328.848755
1630.543945	351.920593
1629.550781	516.014832
1628.557617	403.127533
1627.564453	657.812805
1626.571289	645.659912
1625.578125	701.475037
1624.583984	1162.276978
1623.589844	1006.735168
1622.595703	1047.411621
1621.601563	1007.651245
1620.606445	1224.283569
1619.611328	1307.665527
1618.616211	1308.126221
1617.621094	1328.702393
1616.625977	1108.203735
1615.629883	1417.582764
1614.633789	1177.098511
1613.637695	1195.240601
1612.641602	1012.654602
1611.645508	1020.824341
1610.648438	1397.694580
1609.651367	1355.645264
1608.654297	1283.542847
1607.657227	1148.820313
1606.659180	1332.426392
1605.662109	1320.549072
1604.664063	1479.016602
1603.666016	1627.413940
1602.666992	1597.959473
1601.668945	1568.544189
1600.669922	1546.644897
1599.670898	1369.614014
1598.671875	1402.823975
1597.671875	1653.634033
1596.672852	1394.186890
1595.672852	1039.826782
1594.672852	1373.068237
1593.671875	961.374084
1592.671875	1009.644897
1591.670898	778.080566
1590.669922	893.800903
1589.668945	879.621826
1588.667969	785.556519
1587.666016	551.733887
1586.664063	602.514160
1585.662109	605.865662
1584.660156	227.543655
1583.658203	587.623901
1582.655273	433.870270
1581.652344	63.285606
1580.649414	96.640945
1579.646484	227.166382
1578.642578	218.100464
1577.638672	96.944122
1576.634766	194.989975
1575.630859	325.362671
1574.626953	283.909576
1573.622070	167.791260
1572.618164	94.033333
1571.613281	37.703396
1570.607422	314.670319
1569.602539	119.049683
1568.596680	-101.370216
1567.590820	18.839401
1566.584961	111.654938
1565.579102	-11.738225
1564.572266	366.695679
1563.566406	156.363235
1562.559570	-108.531044
1561.551758	264.688538
1560.544922	-99.411194
1559.537109	-91.149147
1558.530273	-127.538536
1557.521484	94.024399
1556.513672	50.144859
1555.505859	58.345078
1554.497070	150.805527
1553.488281	-36.839722
1552.479492	92.759003
1551.470703	-57.644321
1550.460938	79.308594
1549.451172	-73.533302
1548.441406	-95.097595
1547.431641	31.859978
1546.421875	-128.316666
1545.411133	347.439819
1544.400391	105.607346
1543.389648	-94.083397
1542.378906	188.481094
1541.367188	-191.633759
1540.355469	9.243429
1539.343750	76.593353
1538.332031	-56.208721
1537.320313	104.983971
1536.307617	11.723297
1535.294922	-9.897481
1534.282227	190.657104
1533.269531	-48.180981
1532.256836	-133.936798
1531.243164	-172.798630
1530.229492	-164.782547
1529.215820	-13.745627
1528.202148	119.968765
1527.187500	-19.991646
1526.172852	155.550415
1525.158203	-206.105804
1524.143555	-92.180603
1523.127930	53.700367
1522.113281	41.949821
1521.097656	185.282883
1520.082031	185.806519
1519.065430	-62.216179
1518.049805	19.553242
1517.033203	22.568285
1516.016602	30.506220
1515.000000	168.756180
1513.982422	306.938812
1512.965820	-39.070492
1511.948242	47.512062
1510.930664	249.523849
1509.913086	274.623535
1508.894531	76.246330
1507.875977	123.469788
1506.857422	180.499496
1505.838867	124.630882
1504.820313	184.110550
1503.800781	-80.231705
1502.781250	-6.011726
1501.761719	-24.982906
1500.742188	223.271286
1499.721680	218.975250
1498.702148	391.136841
1497.681641	-164.385498
1496.661133	264.981750
1495.639648	62.367405
1494.618164	-54.451988
1493.597656	374.667267
1492.576172	108.578003
1491.553711	35.899944
1490.532227	185.894470
1489.509766	169.518082
1488.487305	43.133141
1487.464844	-222.525467
1486.442383	-21.213093
1485.418945	206.900452
1484.395508	-195.392868
1483.372070	-108.969521
1482.348633	121.524498
1481.324219	-33.842228
1480.300781	20.827837
1479.276367	-31.900883
1478.251953	225.300476
1477.226563	82.322876
1476.202148	-14.213755
1475.176758	81.942726
1474.151367	495.021454
1473.125000	69.450577
1472.099609	104.685707
1471.073242	181.336655
1470.046875	126.444870
1469.020508	259.129944
1467.994141	92.298553
1466.966797	242.019638
1465.939453	85.041550
1464.912109	96.061958
1463.884766	187.389847
1462.856445	380.852142
1461.829102	318.942688
1460.800781	342.170410
1459.772461	567.172058
1458.743164	461.587128
1457.714844	482.438538
1456.685547	510.588898
1455.656250	495.043945
1454.625977	598.505859
1453.596680	425.221741
1452.566406	451.056488
1451.536133	413.822296
1450.505859	517.355408
1449.474609	526.268250
1448.444336	421.247009
1447.413086	534.506531
1446.381836	429.589233
1445.350586	576.800049
1444.318359	459.864899
1443.286133	217.046722
1442.253906	371.576233
1441.221680	228.236832
1440.189453	63.206482
1439.156250	476.758148
1438.123047	212.595901
1437.089844	299.397705
1436.056641	383.782837
1435.022461	8.666991
1433.988281	-170.400238
1432.954102	1.161380
1431.919922	143.687927
1430.885742	1.070164
1429.850586	341.700500
1428.815430	247.475922
1427.780273	15.689512
1426.744141	-37.315044
1425.708984	95.615067
1424.672852	115.094879
1423.636719	-31.869516
1422.600586	262.702423
1421.563477	96.547150
1420.527344	2.852131
1419.490234	-28.097267
1418.452148	107.294830
1417.415039	-128.397690
1416.376953	-74.867722
1415.338867	41.306416
1414.300781	116.532928
1413.262695	68.985634
1412.224609	-45.897980
1411.185547	111.236092
1410.146484	128.795593
1409.107422	-212.030060
1408.067383	75.023422
1407.027344	174.445633
1405.987305	170.498245
1404.947266	-18.473104
1403.907227	-39.114990
1402.866211	250.194473
1401.826172	-80.259384
1400.785156	132.173553
1399.743164	298.930817
1398.702148	352.850189
1397.660156	430.777313
1396.618164	182.400558
1395.576172	308.387726
1394.533203	595.038757
1393.491211	430.833496
1392.448242	736.596619
1391.405273	912.842224
1390.361328	993.192810
1389.318359	1444.899292
1388.274414	1386.259155
1387.230469	1421.077637
1386.186523	1233.260742
1385.141602	1749.298096
1384.097656	1693.194214
1383.052734	1893.159058
1382.007813	1825.157837
1380.961914	1812.221313
1379.916992	1813.685547
1378.871094	1643.053955
1377.825195	1412.783447
1376.778320	1273.444214
1375.732422	1301.446167
1374.685547	1327.076294
1373.638672	1240.494385
1372.591797	1223.225708
1371.543945	1050.838379
1370.497070	1098.126953
1369.449219	863.878601
1368.400391	982.806091
1367.352539	944.322571
1366.303711	760.430542
1365.255859	843.661987
1364.206055	910.191956
1363.157227	900.485596
1362.108398	693.080139
1361.058594	974.073608
1360.008789	826.336243
1358.958984	816.785828
1357.908203	673.965698
1356.857422	940.572144
1355.806641	674.130371
1354.755859	638.579529
1353.705078	843.286438
1352.653320	750.706848
1351.601563	865.021240
1350.549805	480.200104
1349.498047	354.586823
1348.445313	526.018066
1347.393555	521.649780
1346.340820	438.940765
1345.287109	572.341980
1344.234375	397.145844
1343.180664	589.887573
1342.126953	410.071564
1341.073242	301.525665
1340.019531	406.503479
1338.964844	219.810760
1337.910156	253.693970
1336.855469	337.363739
1335.799805	65.579063
1334.745117	379.110229
1333.689453	-20.411270
1332.633789	271.737488
1331.578125	201.556183
1330.521484	-164.455795
1329.464844	37.682121
1328.408203	128.557556
1327.351563	27.816715
1326.294922	-110.694992
1325.237305	-31.599138
1324.179688	-165.264877
1323.122070	-17.598736
1322.064453	-77.909576
1321.005859	13.017073
1319.947266	-28.334524
1318.888672	-64.923622
1317.830078	-68.418457
1316.770508	-15.247003
1315.710938	118.160828
1314.651367	-95.290924
1313.591797	-46.793922
1312.531250	-66.695946
1311.471680	-220.952545
1310.411133	16.184345
1309.349609	312.154022
1308.289063	-138.915222
1307.227539	-24.390392
1306.166016	127.790573
1305.104492	-33.253407
1304.042969	116.551651
1302.980469	-37.323425
1301.917969	206.579819
1300.855469	-126.010300
1299.792969	139.019272
1298.729492	-12.299998
1297.666016	153.873093
1296.602539	-190.096420
1295.539063	53.638912
1294.474609	55.268875
1293.411133	209.616440
1292.346680	4.573136
1291.281250	-115.837715
1290.216797	601.917664
1289.151367	-117.034691
1288.085938	-21.400618
1287.020508	224.358749
1285.955078	111.161224
1284.888672	68.374550
1283.822266	-16.576355
1282.755859	-7.711183
1281.689453	183.960144
1280.622070	120.174614
1279.554688	147.788712
1278.487305	311.243713
1277.419922	200.693741
1276.351563	279.817322
1275.283203	225.521606
1274.214844	-8.908347
1273.146484	245.716766
1272.077148	256.995453
1271.008789	149.033081
1269.939453	211.794357
1268.869141	115.597610
1267.799805	-8.578884
1266.729492	124.307869
1265.659180	124.010628
1264.588867	25.644503
1263.517578	209.843338
1262.447266	244.589157
1261.375977	333.005219
1260.304688	293.068817
1259.232422	257.824036
1258.161133	462.838654
1257.088867	196.759583
1256.016602	480.983917
1254.943359	254.663284
1253.871094	573.734436
1252.797852	650.383545
1251.724609	556.984192
1250.650391	771.020081
1249.577148	749.837952
1248.502930	668.153503
1247.428711	619.099976
1246.354492	407.216339
1245.279297	537.377014
1244.204102	100.041481
1243.128906	348.820953
1242.053711	213.947815
1240.977539	323.169556
1239.902344	425.393280
1238.826172	488.088715
1237.750000	450.900787
1236.672852	448.567322
1235.595703	172.305466
1234.518555	255.939331
1233.441406	374.359497
1232.364258	239.858810
1231.286133	316.499451
1230.208008	17.443771
1229.129883	135.859634
1228.051758	298.280212
1226.972656	-16.763609
1225.893555	-123.127075
1224.814453	36.959244
1223.734375	215.510727
1222.655273	440.310852
1221.575195	144.161942
1220.495117	199.946884
1219.415039	33.587463
1218.333984	302.224121
1217.252930	175.253403
1216.171875	-53.393169
1215.090820	101.840935
1214.008789	208.477097
1212.926758	-29.236710
1211.844727	130.541229
1210.762695	45.422127
1209.679688	98.905907
1208.597656	-34.630657
1207.513672	155.054672
1206.430664	-56.882145
1205.347656	114.295151
1204.263672	-60.612671
1203.179688	-7.111691
1202.095703	-73.522362
1201.010742	88.321358
1199.925781	-37.987068
1198.840820	-14.455591
1197.755859	354.634369
1196.670898	124.739716
1195.584961	37.717899
1194.499023	-97.601357
1193.413086	-48.716267
1192.326172	-232.265427
1191.239258	249.164810
1190.152344	-116.060509
1189.065430	160.482239
1187.978516	-107.980576
1186.890625	163.853897
1185.802734	8.129670
1184.714844	199.420761
1183.625977	119.571030
1182.538086	14.511199
1181.449219	168.954651
1180.360352	454.185913
1179.270508	-31.847542
1178.180664	342.798920
1177.090820	175.892609
1176.000977	307.224274
1174.911133	530.227234
1173.820313	491.784515
1172.729492	467.116028
1171.638672	330.182434
1170.547852	319.319397
1169.456055	306.169617
1168.364258	437.298737
1167.272461	518.005249
1166.179688	552.896790
1165.087891	450.473877
1163.995117	716.452087
1162.902344	980.027832
1161.808594	998.785217
1160.715820	818.623169
1159.622070	1059.142090
1158.528320	801.340942
1157.433594	938.936768
1156.339844	571.629211
1155.245117	622.426758
1154.149414	501.946136
1153.054688	504.797211
1151.958984	468.839996
1150.863281	601.753174
1149.767578	415.221802
1148.671875	329.124359
1147.575195	199.734406
1146.478516	218.584061
1145.381836	654.530212
1144.285156	240.293152
1143.187500	398.077972
1142.089844	328.010559
1140.992188	-1.638183
1139.894531	74.113686
1138.795898	24.627518
1137.697266	-109.047043
1136.598633	48.558201
1135.499023	215.179581
1134.400391	54.235291
1133.300781	50.233704
1132.201172	-28.791187
1131.100586	153.560974
1130.000977	-7.272113
1128.900391	-63.555553
1127.799805	193.594223
1126.698242	164.507202
1125.596680	-82.513123
1124.495117	203.925186
1123.393555	61.354675
1122.291992	565.389893
1121.189453	520.292419
1120.086914	531.889221
1118.984375	994.613098
1117.881836	496.078674
1116.778320	1198.764160
1115.674805	865.748535
1114.571289	1049.294678
1113.466797	988.160156
1112.363281	1060.614868
1111.258789	929.289734
1110.153320	1105.765991
1109.048828	804.749207
1107.943359	917.788208
1106.837891	888.272400
1105.732422	695.953064
1104.625977	731.993713
1103.520508	578.158691
1102.414063	356.570770
1101.306641	690.754456
1100.200195	306.571869
1099.092773	308.633850
1097.985352	662.824280
1096.877930	263.003601
1095.769531	303.325409
1094.661133	131.538788
1093.552734	322.914398
1092.444336	293.187775
1091.335938	139.442062
1090.226563	429.740845
1089.117188	199.333282
1088.006836	399.286804
1086.897461	227.471954
1085.787109	348.428558
1084.676758	295.933319
1083.566406	349.209961
1082.455078	517.177307
1081.343750	552.283997
1080.232422	679.550720
1079.121094	347.951172
1078.008789	407.655945
1076.896484	514.486938
1075.784180	486.382721
1074.671875	440.266327
1073.558594	609.755432
1072.445313	433.265747
1071.332031	499.292572
1070.217773	307.078491
1069.104492	505.407349
1067.990234	292.974060
1066.875977	437.257080
1065.760742	121.649162
1064.645508	335.292969
1063.530273	391.859589
1062.415039	407.998627
1061.299805	242.570572
1060.183594	404.220001
1059.067383	43.880825
1057.951172	26.239750
1056.833984	304.042755
1055.716797	163.114502
1054.599609	333.221863
1053.482422	234.723465
1052.364258	281.579926
1051.247070	104.736908
1050.128906	55.329254
1049.009766	334.434204
1047.891602	139.605240
1046.772461	384.912415
1045.653320	415.606750
1044.533203	-98.675674
1043.414063	242.300766
1042.293945	-278.552521
1041.173828	-9.257615
1040.052734	195.131882
1038.932617	-222.976013
1037.811523	12.435177
1036.689453	-323.117737
1035.568359	-14.384501
1034.446289	77.949821
1033.324219	-186.327759
1032.202148	35.042027
1031.079102	269.585297
1029.957031	36.377178
1028.833984	43.595394
1027.709961	-0.467729
1026.586914	39.966518
1025.462891	-6.465518
1024.338867	-199.745712
1023.214844	-23.917406
1022.089844	-3.872827
1020.964844	98.308746
1019.839844	71.484428
1018.714844	-37.607788
1017.588867	215.274445
1016.462891	388.017059
1015.336914	89.963547
1014.210938	226.973114
1013.083984	283.940247
1011.957031	183.284454
1010.830078	350.960663
1009.702148	219.107391
1008.574219	541.697144
1007.446289	1254.145874
1006.318359	1817.713257
1005.190430	2536.016602
1004.061523	2640.362061
1002.932617	2086.890381
1001.802734	1225.841797
1000.673828	497.912384
999.543945	425.234070
998.414063	365.774261
997.283203	341.631989
996.153320	279.832458
995.022461	447.891785
993.891602	531.795410
992.759766	783.511292
991.628906	637.350464
990.497070	665.660706
989.364258	1192.943970
988.232422	949.377319
987.099609	1332.708252
985.966797	1437.716064
984.833984	1494.053589
983.700195	1631.885620
982.566406	1343.942993
981.432617	1119.989746
980.298828	1308.260986
979.164063	885.898132
978.029297	816.176941
976.894531	594.412781
975.759766	575.282043
974.624023	342.494415
973.488281	532.380859
972.352539	266.541840
971.215820	473.794281
970.080078	504.907410
968.943359	452.346252
967.805664	824.082275
966.668945	169.004349
965.531250	520.710022
964.393555	373.409912
963.254883	373.274323
962.117188	577.333252
960.978516	339.877411
959.839844	363.693848
958.700195	481.796631
957.561523	321.126434
956.421875	649.653320
955.281250	517.380493
954.141602	727.182556
953.000977	662.791260
951.860352	530.431763
950.719727	639.105591
949.578125	736.711426
948.436523	753.179871
947.294922	487.121857
946.153320	510.109344
945.010742	134.685577
943.868164	273.607544
942.725586	296.474640
941.583008	347.722229
940.439453	-12.200144
939.295898	52.119011
938.152344	107.626900
937.007813	10.101166
935.863281	209.697662
934.718750	-49.497658
933.574219	272.241821
932.428711	203.012161
931.283203	179.625656
930.137695	62.393009
928.992188	45.548748
927.845703	224.978058
926.699219	33.604767
925.552734	-94.471283
924.405273	161.096115
923.257813	43.906647
922.110352	61.837597
920.962891	118.959633
919.814453	165.152283
918.666016	24.089535
917.517578	361.945648
916.369141	-360.107025
915.219727	299.662689
914.070313	-108.828903
912.920898	-108.298134
911.770508	11.804711
910.621094	320.981476
909.470703	108.485397
908.319336	226.324936
907.168945	87.843636
906.017578	-65.761703
904.866211	-60.779930
903.713867	41.893661
902.562500	237.877838
901.410156	-28.317827
900.256836	204.516479
899.104492	-208.928436
897.951172	132.329971
896.797852	-79.245354
895.644531	73.389267
894.490234	280.157318
893.335938	66.674004
892.181641	-88.181076
891.027344	-80.526321
889.872070	74.362801
888.716797	84.259445
887.561523	107.199501
886.405273	-127.207535
885.249023	161.897232
884.092773	-109.016739
882.936523	-109.534645
881.779297	220.652481
880.622070	58.176689
879.464844	94.585526
878.307617	29.573023
877.149414	27.282463
875.991211	-15.920132
874.833008	-0.737252
873.673828	27.474606
872.514648	280.104584
871.355469	-133.631866
870.196289	69.548973
869.036133	93.830002
867.875977	96.666313
866.715820	-14.570532
865.554688	318.076050
864.394531	286.762695
863.233398	223.284973
862.071289	155.647476
860.910156	426.043243
859.748047	208.049606
858.585938	201.087341
857.422852	121.140945
856.259766	286.466797
855.096680	387.373596
853.933594	226.203293
852.770508	361.742981
851.606445	389.958069
850.442383	222.891159
849.277344	217.068375
848.113281	213.556427
846.948242	276.720154
845.783203	151.208847
844.617188	43.068478
843.451172	-47.704369
842.285156	251.928925
841.119141	82.169037
839.952148	-70.211212
838.785156	34.742950
837.618164	195.509323
836.451172	159.356674
835.283203	71.999557
834.115234	94.022728
832.947266	71.266991
831.778320	343.937378
830.609375	-3.641820
829.440430	309.901245
828.271484	206.574997
827.101563	584.395325
825.931641	267.707123
824.761719	-27.290075
823.590820	241.919861
822.420898	297.643616
821.250000	603.305664
820.078125	475.705200
818.907227	598.024841
817.735352	223.367264
816.562500	384.433899
815.390625	404.866943
814.217773	355.113556
813.044922	152.097885
811.872070	0.498980
810.698242	322.108948
809.524414	596.888306
808.350586	318.056763
807.176758	-137.171860
806.001953	48.650944
804.827148	-144.214569
803.651367	265.252472
802.476563	111.058945
801.300781	-47.150543
800.125000	305.117615
798.948242	119.640259
797.772461	367.912903
796.595703	350.670715
795.417969	329.349426
794.241211	299.705048
793.063477	319.057281
791.885742	228.188873
790.707031	517.345642
789.529297	356.766449
788.350586	472.134796
787.170898	451.879761
785.992188	440.258606
784.812500	594.099792
783.632813	853.953979
782.452148	274.895050
781.272461	299.864563
780.091797	356.708923
778.911133	538.550171
777.729492	231.512955
776.547852	301.381012
775.366211	22.269335
774.184570	316.558533
773.001953	-91.202950
771.819336	-12.454906
770.636719	-83.709648
769.453125	-116.809433
768.269531	-160.372330
767.085938	131.975784
765.902344	170.876511
764.717773	-199.707855
763.533203	-27.649910
762.348633	-121.476295
761.163086	255.218536
759.977539	91.874077
758.791992	-56.589283
757.606445	-141.704330
756.419922	129.428482
755.233398	-82.052605
754.046875	100.510849
752.859375	127.156921
751.672852	315.927124
750.485352	313.053619
749.296875	360.688782
748.108398	717.591553
746.919922	205.543213
745.731445	221.584702
744.542969	481.491364
743.353516	182.093948
742.164063	-89.877930
740.973633	314.781403
739.783203	538.551636
738.592773	79.635880
737.402344	-20.096743
736.211914	165.627243
735.020508	-3.470961
733.829102	284.819183
732.636719	371.517700
731.444336	562.940796
730.251953	345.338898
729.059570	41.800282
727.866211	220.290314
726.673828	176.501068
725.479492	226.872360
724.286133	-108.219452
723.091797	-68.519981
721.897461	96.616783
720.703125	-31.428839
719.507813	246.318573
718.312500	61.537144
717.117188	73.264061
715.921875	-30.154692
714.725586	263.450073
713.529297	448.093872
712.332031	101.836754
711.135742	29.196722
709.938477	326.031616
708.740234	424.223907
707.542969	586.902771
706.344727	778.545349
705.146484	1399.678223
703.948242	1897.289185
702.749023	1821.053589
701.549805	1771.780640
700.350586	1549.367798
699.150391	1164.356567
697.950195	808.523010
696.750000	592.234802
695.549805	646.575134
694.348633	236.495117
693.147461	382.148804
691.946289	527.580078
690.744141	312.903839
689.541992	487.108429
688.339844	322.171478
687.136719	180.049484
685.934570	314.294373
684.730469	371.478638
683.527344	418.152527
682.323242	385.792755
681.119141	293.159668
679.915039	75.957344
678.710938	414.994446
677.505859	289.066071
676.300781	314.606689
675.094727	97.485779
673.889648	-57.312363
672.683594	109.284470
671.476563	170.161850
670.270508	195.867950
669.063477	122.228966
667.856445	253.763687
666.648438	238.383957
665.440430	134.177582
664.232422	19.879795
663.024414	75.518318
661.815430	42.449070
660.606445	1.421556
659.397461	8.296359
658.188477	40.338055
656.978516	-169.003708
655.768555	87.040077
654.557617	229.847336
653.346680	3.488985
652.135742	37.941959
650.924805	-125.139061
649.712891	-161.592819
648.501953	42.006329
647.289063	0.854497
646.077148	-169.347855
644.864258	-76.756752
643.651367	-280.038177
642.438477	255.476318
641.224609	-50.733753
640.010742	48.034199
638.796875	230.350861
637.582031	80.402084
636.367188	259.143951
635.152344	319.923126
633.937500	581.759033
632.721680	238.410736
631.505859	565.193298
630.289063	655.195190
629.073242	613.465210
627.856445	820.341553
626.639648	1195.621460
625.421875	605.685364
624.204102	658.957642
622.986328	702.333618
621.768555	374.751434
620.549805	316.766876
619.331055	337.517273
618.111328	55.676689
616.892578	92.751915
