1721.000977	111.744270
1720.027344	106.987274
1719.052734	-254.971069
1718.078125	-32.711277
1717.104492	373.274597
1716.128906	88.296165
1715.154297	107.770142
1714.178711	182.834946
1713.204102	18.765085
1712.228516	-125.466377
1711.251953	-32.068611
1710.276367	-177.564758
1709.299805	175.753387
1708.324219	-50.312580
1707.347656	332.396271
1706.370117	-40.630478
1705.393555	-106.928551
1704.416016	-104.624146
1703.438477	314.143311
1702.460938	57.183807
1701.483398	-187.293167
1700.505859	176.323410
1699.527344	219.942734
1698.548828	252.980148
1697.570313	58.321720
1696.591797	-29.285854
1695.612305	-17.576214
1694.632813	180.233566
1693.653320	-135.334595
1692.673828	-40.136372
1691.694336	-14.080857
1690.713867	328.054871
1689.734375	274.585205
1688.753906	55.204216
1687.772461	151.849533
1686.791992	120.903107
1685.810547	10.822066
1684.830078	-259.807190
1683.848633	-158.564255
1682.866211	-93.133095
1681.884766	221.739624
1680.902344	-16.010035
1679.919922	-101.015427
1678.937500	226.180328
1677.955078	95.277802
1676.971680	-12.739037
1675.989258	59.843834
1675.005859	142.523880
1674.022461	105.692688
1673.038086	73.932266
1672.054688	154.013641
1671.070313	-12.362121
1670.085938	189.616959
1669.101563	-85.842278
1668.117188	88.195175
1667.131836	-44.952324
1666.146484	-327.728119
1665.161133	-67.397362
1664.175781	53.360447
1663.189453	98.011162
1662.204102	79.335434
1661.217773	-149.706085
1660.231445	-256.935730
1659.245117	-67.585091
1658.257813	-172.148239
1657.270508	37.481258
1656.284180	69.852661
1655.295898	221.228622
1654.308594	43.572647
1653.321289	134.329224
1652.333008	-260.709351
1651.344727	331.092926
1650.356445	72.912735
1649.367188	320.631927
1648.378906	105.701744
1647.389648	-0.392335
1646.400391	-15.386695
1645.411133	63.191433
1644.420898	12.965857
1643.431641	-44.707630
1642.441406	142.623520
1641.451172	-8.319211
1640.459961	-111.189491
1639.469727	23.291117
1638.478516	263.733643
1637.487305	234.259171
1636.496094	144.353134
1635.504883	39.434429
1634.512695	50.568138
1633.520508	608.667603
1632.528320	241.868332
1631.536133	316.153381
1630.543945	335.070251
1629.550781	459.789490
1628.557617	478.784332
1627.564453	633.760254
1626.571289	894.436340
1625.578125	989.008301
1624.583984	887.367554
1623.589844	1261.168335
1622.595703	1426.168701
1621.601563	1410.153931
1620.606445	1457.013794
1619.611328	1468.729980
1618.616211	1787.002197
1617.621094	1683.201294
1616.625977	1516.708496
1615.629883	1563.729980
1614.633789	1470.200439
1613.637695	1509.770264
1612.641602	1185.525635
1611.645508	1739.507568
1610.648438	1756.520142
1609.651367	1497.718628
1608.654297	1467.208496
1607.657227	1865.376465
1606.659180	1794.745850
1605.662109	1892.069580
1604.664063	1633.641846
1603.666016	1801.115601
1602.666992	1956.002563
1601.668945	1795.428345
1600.669922	2210.599854
1599.670898	1809.824097
1598.671875	1957.150391
1597.671875	1419.029785
1596.672852	1518.888916
1595.672852	1493.678955
1594.672852	1473.490234
1593.671875	983.430481
1592.671875	1120.793457
1591.670898	828.388000
1590.669922	845.825989
1589.668945	693.449768
1588.667969	743.369324
1587.666016	823.202454
1586.664063	950.416687
1585.662109	655.903198
1584.660156	249.254639
1583.658203	408.920959
1582.655273	189.477203
1581.652344	289.224976
1580.649414	309.163239
1579.646484	523.456970
1578.642578	149.648132
1577.638672	-4.814939
1576.634766	376.215240
1575.630859	82.312027
1574.626953	221.667984
1573.622070	34.893665
1572.618164	184.125015
1571.613281	206.380905
1570.607422	66.914612
1569.602539	171.215698
1568.596680	96.424255
1567.590820	31.588568
1566.584961	287.350739
1565.579102	-157.690063
1564.572266	-108.239349
1563.566406	214.392029
1562.559570	-51.649811
1561.551758	-4.816360
1560.544922	250.491867
1559.537109	-82.475449
1558.530273	-90.288620
1557.521484	-80.799591
1556.513672	159.323853
1555.505859	-46.976986
1554.497070	185.537994
1553.488281	-276.023651
1552.479492	-75.812202
1551.470703	-168.038498
1550.460938	71.631439
1549.451172	-179.136047
1548.441406	176.758896
1547.431641	-31.886606
1546.421875	-101.874992
1545.411133	-171.876053
1544.400391	-78.600182
1543.389648	-118.937599
1542.378906	85.522278
1541.367188	-165.025009
1540.355469	-259.770172
1539.343750	201.513916
1538.332031	22.696905
1537.320313	125.529396
1536.307617	-218.710907
1535.294922	-101.109077
1534.282227	-121.807014
1533.269531	-21.577461
1532.256836	-39.843536
1531.243164	-53.200462
1530.229492	-44.365967
1529.215820	105.014267
1528.202148	84.206673
1527.187500	-37.682713
1526.172852	-65.883232
1525.158203	-27.554161
1524.143555	-321.800079
1523.127930	-49.497250
1522.113281	45.420189
1521.097656	41.802326
1520.082031	-28.271500
1519.065430	-122.946999
1518.049805	171.156174
1517.033203	12.526891
1516.016602	72.834373
1515.000000	128.202713
1513.982422	161.404297
1512.965820	130.721756
1511.948242	65.636360
1510.930664	-63.288158
1509.913086	159.070389
1508.894531	0.711125
1507.875977	36.377422
1506.857422	0.857528
1505.838867	-54.265400
1504.820313	94.289070
1503.800781	2.381523
1502.781250	280.849030
1501.761719	157.098984
1500.742188	-106.310806
1499.721680	265.171753
1498.702148	124.408859
1497.681641	-141.236633
1496.661133	16.992102
1495.639648	349.022339
1494.618164	306.345215
1493.597656	178.063110
1492.576172	-224.255737
1491.553711	58.698578
1490.532227	143.438019
1489.509766	120.538933
1488.487305	127.025429
1487.464844	221.552948
1486.442383	5.663633
1485.418945	217.521454
1484.395508	-25.097727
1483.372070	79.277931
1482.348633	-58.120014
1481.324219	-151.492676
1480.300781	89.665138
1479.276367	-120.760826
1478.251953	274.077271
1477.226563	-53.328194
1476.202148	-75.650208
1475.176758	-168.653015
1474.151367	50.491425
1473.125000	91.638969
1472.099609	130.403229
1471.073242	57.106304
1470.046875	273.767365
1469.020508	444.115875
1467.994141	127.471146
1466.966797	171.283096
1465.939453	373.330353
1464.912109	232.252472
1463.884766	193.470291
1462.856445	-3.357099
1461.829102	386.040710
1460.800781	323.098236
1459.772461	299.136627
1458.743164	554.703857
1457.714844	637.737671
1456.685547	674.626160
1455.656250	779.567200
1454.625977	794.667480
1453.596680	642.340637
1452.566406	800.799622
1451.536133	779.689026
1450.505859	377.759521
1449.474609	308.356476
1448.444336	372.451263
1447.413086	749.339478
1446.381836	483.766815
1445.350586	557.673340
1444.318359	442.609680
1443.286133	741.913147
1442.253906	484.109528
1441.221680	534.015747
1440.189453	675.972168
1439.156250	307.213287
1438.123047	362.173553
1437.089844	226.054520
1436.056641	157.799881
1435.022461	220.226563
1433.988281	40.916924
1432.954102	43.064651
1431.919922	146.795029
1430.885742	120.079025
1429.850586	110.349068
1428.815430	23.411638
1427.780273	-143.096344
1426.744141	122.681587
1425.708984	23.970613
1424.672852	-77.049698
1423.636719	253.928558
1422.600586	-348.672638
1421.563477	61.954647
1420.527344	9.558093
1419.490234	34.392235
1418.452148	-232.347351
1417.415039	93.891129
1416.376953	-187.039688
1415.338867	-2.908916
1414.300781	304.035339
1413.262695	-65.595718
1412.224609	-175.024826
1411.185547	57.384735
1410.146484	66.017616
1409.107422	-204.311905
1408.067383	-7.890740
1407.027344	-530.412659
1405.987305	2.709978
1404.947266	-21.915632
1403.907227	102.532509
1402.866211	29.994370
1401.826172	166.546249
1400.785156	394.359467
1399.743164	62.732727
1398.702148	218.616806
1397.660156	405.697083
1396.618164	441.616699
1395.576172	458.408417
1394.533203	796.631897
1393.491211	1077.252563
1392.448242	1156.444824
1391.405273	1003.193176
1390.361328	1544.983276
1389.318359	1679.354004
1388.274414	1854.447266
1387.230469	2324.090820
1386.186523	2542.217529
1385.141602	2374.925049
1384.097656	2717.536621
1383.052734	2490.608398
1382.007813	2766.200439
1380.961914	2675.812744
1379.916992	2356.000244
1378.871094	2328.036865
1377.825195	2417.269043
1376.778320	2102.681152
1375.732422	1747.695313
1374.685547	1514.733887
1373.638672	1623.430420
1372.591797	1529.206055
1371.543945	1618.875732
1370.497070	1493.801514
1369.449219	1082.512695
1368.400391	1267.822876
1367.352539	1019.064880
1366.303711	1209.205444
1365.255859	841.494751
1364.206055	1193.774780
1363.157227	1074.159058
1362.108398	1309.632690
1361.058594	1037.710571
1360.008789	1196.993652
1358.958984	1056.275879
1357.908203	1179.882935
1356.857422	1232.097168
1355.806641	972.654175
1354.755859	1060.683838
1353.705078	984.626831
1352.653320	851.578308
1351.601563	1065.720947
1350.549805	1051.653320
1349.498047	502.988098
1348.445313	874.006104
1347.393555	748.504333
1346.340820	786.947876
1345.287109	495.398621
1344.234375	574.326965
1343.180664	776.663269
1342.126953	544.759521
1341.073242	144.577637
1340.019531	86.128609
1338.964844	418.971130
1337.910156	313.150391
1336.855469	375.692810
1335.799805	305.540161
1334.745117	154.921783
1333.689453	63.608665
1332.633789	52.887928
1331.578125	46.944279
1330.521484	166.481369
1329.464844	37.518589
1328.408203	185.469193
1327.351563	103.937820
1326.294922	-289.703278
1325.237305	-134.593979
1324.179688	-211.189713
1323.122070	-195.543976
1322.064453	-40.464195
1321.005859	55.507530
1319.947266	-176.838196
1318.888672	77.392365
1317.830078	12.821517
1316.770508	0.223731
1315.710938	-168.094894
1314.651367	-121.613602
1313.591797	94.707878
1312.531250	79.831665
1311.471680	-71.756531
1310.411133	-46.467613
1309.349609	63.664577
1308.289063	65.391251
1307.227539	8.235251
1306.166016	-41.811943
1305.104492	-9.403349
1304.042969	-153.555252
1302.980469	10.698681
1301.917969	-241.618896
1300.855469	63.778496
1299.792969	272.620697
1298.729492	51.020664
1297.666016	-142.254868
1296.602539	82.984909
1295.539063	-11.479324
1294.474609	-58.905609
1293.411133	58.148182
1292.346680	-141.909592
1291.281250	0.945984
1290.216797	115.586639
1289.151367	14.249005
1288.085938	372.891174
1287.020508	-70.963951
1285.955078	-111.184006
1284.888672	366.865784
1283.822266	63.989208
1282.755859	206.615479
1281.689453	93.744164
1280.622070	194.131241
1279.554688	453.767975
1278.487305	162.937164
1277.419922	473.991943
1276.351563	560.176636
1275.283203	321.009888
1274.214844	156.827225
1273.146484	299.184998
1272.077148	27.487747
1271.008789	-96.758232
1269.939453	457.028076
1268.869141	56.922573
1267.799805	479.574066
1266.729492	259.540253
1265.659180	660.937378
1264.588867	513.359009
1263.517578	463.899231
1262.447266	64.326073
1261.375977	493.416077
1260.304688	105.672234
1259.232422	539.223999
1258.161133	454.833405
1257.088867	258.548615
1256.016602	726.751587
1254.943359	351.017090
1253.871094	544.029053
1252.797852	692.683411
1251.724609	1088.168701
1250.650391	1041.018921
1249.577148	828.597473
1248.502930	874.630554
1247.428711	597.169983
1246.354492	585.065369
1245.279297	886.987305
1244.204102	786.440857
1243.128906	678.961182
1242.053711	711.007141
1240.977539	582.663513
1239.902344	802.924866
1238.826172	319.185272
1237.750000	627.652954
1236.672852	371.715515
1235.595703	336.436584
1234.518555	375.446991
1233.441406	108.127686
1232.364258	184.289215
1231.286133	501.633698
1230.208008	482.586090
1229.129883	361.531250
1228.051758	328.613708
1226.972656	52.365738
1225.893555	211.827530
1224.814453	51.547985
1223.734375	122.926559
1222.655273	-85.888100
1221.575195	212.350082
1220.495117	3.601245
1219.415039	-184.232178
1218.333984	62.927036
1217.252930	150.388626
1216.171875	22.764036
1215.090820	107.885406
1214.008789	-95.959045
1212.926758	63.091164
1211.844727	-168.373993
1210.762695	150.003021
1209.679688	15.606184
1208.597656	-54.076172
1207.513672	53.996254
1206.430664	-384.913849
1205.347656	-221.430283
1204.263672	126.516434
1203.179688	-300.590179
1202.095703	-79.591827
1201.010742	-162.989227
1199.925781	244.562393
1198.840820	283.258453
1197.755859	213.667480
1196.670898	130.291504
1195.584961	-63.583042
1194.499023	-227.441528
1193.413086	230.227875
1192.326172	-97.005211
1191.239258	19.934372
1190.152344	86.222511
1189.065430	49.001881
1187.978516	239.415161
1186.890625	-133.421143
1185.802734	289.056366
1184.714844	277.105530
1183.625977	338.661285
1182.538086	-13.181091
1181.449219	190.776230
1180.360352	390.057465
1179.270508	527.281128
1178.180664	384.512390
1177.090820	191.341156
1176.000977	365.226440
1174.911133	493.179962
1173.820313	522.492126
1172.729492	927.685059
1171.638672	583.385681
1170.547852	385.865509
1169.456055	449.543793
1168.364258	558.997314
1167.272461	592.854919
1166.179688	567.180481
1165.087891	1012.949585
1163.995117	1058.127930
1162.902344	1162.762817
1161.808594	1265.060547
1160.715820	1333.028076
1159.622070	861.492310
1158.528320	1352.314941
1157.433594	1104.899658
1156.339844	1520.073486
1155.245117	847.938660
1154.149414	164.680679
1153.054688	862.860779
1151.958984	282.614563
1150.863281	307.313354
1149.767578	240.751801
1148.671875	388.617157
1147.575195	208.047409
1146.478516	22.999727
1145.381836	259.702332
1144.285156	1.807214
1143.187500	354.594940
1142.089844	456.671021
1140.992188	130.578049
1139.894531	59.626190
1138.795898	-36.343506
1137.697266	-104.961945
1136.598633	142.704041
1135.499023	-39.672504
1134.400391	-124.169479
1133.300781	-158.620087
1132.201172	-90.766640
1131.100586	156.587280
1130.000977	-239.191010
1128.900391	137.561356
1127.799805	23.566797
1126.698242	193.441620
1125.596680	-417.695313
1124.495117	6.385847
1123.393555	341.774353
1122.291992	391.157013
1121.189453	542.564148
1120.086914	981.880127
1118.984375	788.467529
1117.881836	989.519104
1116.778320	1362.678101
1115.674805	960.831116
1114.571289	1272.649048
1113.466797	968.341797
1112.363281	1178.104614
1111.258789	1442.068604
1110.153320	1280.444092
1109.048828	996.703491
1107.943359	982.243713
1106.837891	940.630554
1105.732422	880.929626
1104.625977	662.991150
1103.520508	677.914612
1102.414063	674.723633
1101.306641	258.106628
1100.200195	336.266754
1099.092773	301.457886
1097.985352	332.103333
1096.877930	130.241180
1095.769531	178.895187
1094.661133	502.721100
1093.552734	521.887817
1092.444336	189.247772
1091.335938	12.276459
1090.226563	599.411560
1089.117188	239.824432
1088.006836	33.546467
1086.897461	539.085815
1085.787109	630.002319
1084.676758	160.250656
1083.566406	361.421448
1082.455078	344.166901
1081.343750	576.609741
1080.232422	835.889404
1079.121094	678.977295
1078.008789	632.242371
1076.896484	491.074860
1075.784180	635.325195
1074.671875	779.460876
1073.558594	602.245056
1072.445313	609.212769
1071.332031	36.839302
1070.217773	147.067413
1069.104492	418.785156
1067.990234	275.215088
1066.875977	246.054520
1065.760742	284.117096
1064.645508	259.316986
1063.530273	328.617737
1062.415039	420.227051
1061.299805	231.641663
1060.183594	367.891724
1059.067383	38.153339
1057.951172	326.511200
1056.833984	368.397552
1055.716797	204.275864
1054.599609	33.439739
1053.482422	41.579285
1052.364258	141.329681
1051.247070	50.889290
1050.128906	416.473053
1049.009766	-31.795479
1047.891602	393.811707
1046.772461	34.946705
1045.653320	212.229782
1044.533203	-61.759018
1043.414063	70.634712
1042.293945	-2.488255
1041.173828	-55.583523
1040.052734	-278.323242
1038.932617	-115.153976
1037.811523	-79.280167
1036.689453	-99.269653
1035.568359	-112.652496
1034.446289	74.432846
1033.324219	87.543068
1032.202148	53.766888
1031.079102	342.810516
1029.957031	-103.126694
1028.833984	-12.504274
1027.709961	-157.950516
1026.586914	150.480591
1025.462891	-15.172921
1024.338867	88.244133
1023.214844	18.070597
1022.089844	-147.788635
1020.964844	-102.545280
1019.839844	-190.760803
1018.714844	5.300196
1017.588867	-169.760391
1016.462891	45.945816
1015.336914	314.714813
1014.210938	-113.672905
1013.083984	-9.445853
1011.957031	-198.224945
1010.830078	402.547699
1009.702148	401.987152
1008.574219	753.793152
1007.446289	1229.433838
1006.318359	2422.693848
1005.190430	3147.830078
1004.061523	4069.621826
1002.932617	3128.546387
1001.802734	1718.410156
1000.673828	660.736145
999.543945	318.168091
998.414063	402.613953
997.283203	159.520172
996.153320	166.309326
995.022461	360.870575
993.891602	544.163208
992.759766	320.609985
991.628906	388.677429
990.497070	631.070374
989.364258	806.952576
988.232422	861.205444
987.099609	670.271606
985.966797	852.248169
984.833984	1067.104004
983.700195	1215.542480
982.566406	1088.114258
981.432617	841.550293
980.298828	764.702209
979.164063	1011.703003
978.029297	846.439880
976.894531	844.128113
975.759766	570.807312
974.624023	583.700012
973.488281	651.486938
972.352539	285.563354
971.215820	463.128174
970.080078	314.934052
968.943359	322.811768
967.805664	570.211060
966.668945	333.772156
965.531250	514.872192
964.393555	87.126747
963.254883	241.578278
962.117188	617.672546
960.978516	708.008911
959.839844	664.281677
958.700195	464.607300
957.561523	912.225525
956.421875	424.981232
955.281250	1126.547607
954.141602	1025.168823
953.000977	1302.955200
951.860352	1109.293579
950.719727	1182.935425
949.578125	951.915100
948.436523	729.654968
947.294922	708.848328
946.153320	490.922791
945.010742	472.150848
943.868164	284.799164
942.725586	298.705750
941.583008	487.486084
940.439453	562.361694
939.295898	394.455322
938.152344	77.913765
937.007813	412.591431
935.863281	467.396484
934.718750	168.265030
933.574219	209.848068
932.428711	-102.355453
931.283203	-250.784576
930.137695	-108.991280
928.992188	113.390541
927.845703	-57.015141
926.699219	-44.228989
925.552734	92.759758
924.405273	-5.788131
923.257813	211.630386
922.110352	-11.176870
920.962891	-0.870817
919.814453	120.426605
918.666016	226.390656
917.517578	306.149628
916.369141	65.956924
915.219727	191.323502
914.070313	-35.754761
912.920898	65.608429
911.770508	125.580460
910.621094	48.598976
909.470703	182.405426
908.319336	346.538666
907.168945	-82.356506
906.017578	-202.714279
904.866211	17.844389
903.713867	114.565346
902.562500	146.175476
901.410156	130.033859
900.256836	155.113251
899.104492	-194.933716
897.951172	-174.075836
896.797852	28.874607
895.644531	-2.269716
894.490234	-61.543663
893.335938	74.193581
892.181641	-441.905396
891.027344	44.694801
889.872070	163.139343
888.716797	86.826744
887.561523	-8.859877
886.405273	124.830368
885.249023	42.284145
884.092773	74.439308
882.936523	-38.160809
881.779297	-144.155579
880.622070	141.044540
879.464844	-81.396027
878.307617	139.066101
877.149414	102.588806
875.991211	-35.211391
874.833008	6.283087
873.673828	-329.707062
872.514648	-44.202320
871.355469	-77.866425
870.196289	-109.226364
869.036133	-127.521919
867.875977	-42.231155
866.715820	-180.900665
865.554688	-37.203457
864.394531	147.516037
863.233398	-14.342329
862.071289	353.526764
860.910156	273.797455
859.748047	557.858704
858.585938	467.692047
857.422852	723.953369
856.259766	743.780151
855.096680	32.965340
853.933594	-152.979492
852.770508	589.492371
851.606445	150.420380
850.442383	117.628296
849.277344	175.210419
848.113281	44.102386
846.948242	136.434540
845.783203	31.557114
844.617188	-83.786682
843.451172	-117.368240
842.285156	-176.430466
841.119141	146.299286
839.952148	87.650673
838.785156	-118.562874
837.618164	-168.076767
836.451172	-127.384361
835.283203	-351.956268
834.115234	10.312694
832.947266	145.827362
831.778320	-75.769249
830.609375	17.420071
829.440430	95.854515
828.271484	-15.760745
827.101563	33.233387
825.931641	-62.841419
824.761719	206.731369
823.590820	354.689301
822.420898	54.409767
821.250000	40.616264
820.078125	189.314606
818.907227	114.161583
817.735352	233.455963
816.562500	640.910217
815.390625	370.339355
814.217773	321.890900
813.044922	393.108978
811.872070	155.579742
810.698242	-51.735512
809.524414	295.116364
808.350586	113.978874
807.176758	373.902344
806.001953	42.262463
804.827148	-116.575150
803.651367	-321.867462
802.476563	181.498291
801.300781	429.719971
800.125000	-44.725193
798.948242	101.960770
797.772461	265.852936
796.595703	-1.334111
795.417969	192.773178
794.241211	174.712814
793.063477	657.942383
791.885742	232.791733
790.707031	656.887268
789.529297	663.112183
788.350586	359.921082
787.170898	493.940155
785.992188	439.468658
784.812500	463.684601
783.632813	562.290100
782.452148	485.255310
781.272461	410.603729
780.091797	490.795532
778.911133	253.621017
777.729492	298.265259
776.547852	207.681885
775.366211	22.154564
774.184570	78.025459
773.001953	-43.555534
771.819336	-73.980064
770.636719	88.124710
769.453125	89.740608
768.269531	26.045275
767.085938	-96.592903
765.902344	-7.860412
764.717773	-355.994324
763.533203	283.904388
762.348633	-40.636444
761.163086	-303.717316
759.977539	-83.584602
758.791992	48.007816
757.606445	17.325447
756.419922	111.107384
755.233398	137.508591
754.046875	-234.147263
752.859375	68.378700
751.672852	440.313721
750.485352	184.827423
749.296875	443.024414
748.108398	814.761597
746.919922	281.826782
745.731445	438.968719
744.542969	554.002380
743.353516	570.189575
742.164063	535.925659
740.973633	486.960541
739.783203	175.423920
738.592773	145.411774
737.402344	528.988831
736.211914	404.356476
735.020508	-58.153637
733.829102	360.685883
732.636719	470.901886
731.444336	335.616425
730.251953	472.851349
729.059570	362.573883
727.866211	268.994354
726.673828	-101.222336
725.479492	4.077035
724.286133	14.947830
723.091797	-330.258270
721.897461	-191.948959
720.703125	-3.656072
719.507813	245.041763
718.312500	6.077697
717.117188	-69.856819
715.921875	17.109591
714.725586	235.504135
713.529297	-221.386780
712.332031	213.788528
711.135742	295.541443
709.938477	235.019913
708.740234	385.135895
707.542969	800.008545
706.344727	724.055481
705.146484	2028.946167
703.948242	2582.098877
702.749023	2373.621094
701.549805	2363.020508
700.350586	2185.420166
699.150391	1686.733398
697.950195	1190.095337
696.750000	857.955444
695.549805	577.755859
694.348633	520.162048
693.147461	337.453613
691.946289	-30.623907
690.744141	177.444443
689.541992	532.816650
688.339844	139.233200
687.136719	417.035583
685.934570	191.527847
684.730469	327.425049
683.527344	556.523987
682.323242	484.168304
681.119141	189.486069
679.915039	434.483643
678.710938	83.578880
677.505859	-14.182786
676.300781	132.750778
675.094727	211.056747
673.889648	-15.534610
672.683594	162.118973
671.476563	14.280459
670.270508	38.470619
669.063477	257.368073
667.856445	358.170105
666.648438	154.644333
665.440430	7.214633
664.232422	-88.258514
663.024414	-5.572654
661.815430	186.919998
660.606445	23.909468
659.397461	165.210587
658.188477	108.378891
656.978516	440.475281
655.768555	403.077789
654.557617	-377.348022
653.346680	3.698659
652.135742	32.177521
650.924805	-190.448837
649.712891	-75.845436
648.501953	-340.035522
647.289063	73.324898
646.077148	-85.754570
644.864258	-383.857239
643.651367	-183.938004
642.438477	-94.128166
641.224609	60.851734
640.010742	11.250607
638.796875	113.526894
637.582031	188.592957
636.367188	-30.980886
635.152344	376.932648
633.937500	165.394852
632.721680	692.353638
631.505859	729.887634
630.289063	985.633972
629.073242	925.203796
627.856445	1274.296265
626.639648	1196.697998
625.421875	1099.528809
624.204102	746.820374
622.986328	904.570313
621.768555	718.871948
620.549805	387.144257
619.331055	373.221405
618.111328	63.939678
616.892578	39.837879
