1721.000977	-146.471252
1720.027344	103.823235
1719.052734	161.308914
1718.078125	-36.108513
1717.104492	140.276154
1716.128906	56.703312
1715.154297	0.620235
1714.178711	166.824799
1713.204102	-75.267433
1712.228516	-64.284843
1711.251953	230.390335
1710.276367	106.796745
1709.299805	41.506992
1708.324219	1.283464
1707.347656	-223.836243
1706.370117	-24.585033
1705.393555	-25.507654
1704.416016	-47.434902
1703.438477	-207.965027
1702.460938	27.484674
1701.483398	-131.355240
1700.505859	118.440506
1699.527344	43.111805
1698.548828	18.524708
1697.570313	356.329437
1696.591797	-52.164139
1695.612305	-348.508698
1694.632813	-170.198090
1693.653320	191.505737
1692.673828	-59.710426
1691.694336	18.023317
1690.713867	-49.978352
1689.734375	75.649574
1688.753906	149.951065
1687.772461	-339.444702
1686.791992	37.764919
1685.810547	-232.687241
1684.830078	-385.990784
1683.848633	87.155884
1682.866211	-155.717468
1681.884766	136.066650
1680.902344	284.979645
1679.919922	-100.775780
1678.937500	-237.143494
1677.955078	244.608124
1676.971680	278.352539
1675.989258	-36.377846
1675.005859	45.498341
1674.022461	86.577065
1673.038086	145.296677
1672.054688	109.939079
1671.070313	94.806526
1670.085938	346.291046
1669.101563	33.891174
1668.117188	236.925430
1667.131836	241.806870
1666.146484	409.055634
1665.161133	160.102829
1664.175781	-218.148010
1663.189453	-38.374664
1662.204102	-99.535271
1661.217773	34.462402
1660.231445	-125.612694
1659.245117	-229.885422
1658.257813	344.801361
1657.270508	227.759033
1656.284180	-357.689606
1655.295898	140.664825
1654.308594	-29.415722
1653.321289	68.846138
1652.333008	187.286331
1651.344727	141.254166
1650.356445	446.818573
1649.367188	438.678436
1648.378906	223.290710
1647.389648	328.988007
1646.400391	356.325806
1645.411133	603.493469
1644.420898	443.849609
1643.431641	-69.228058
1642.441406	56.721886
1641.451172	281.109589
1640.459961	197.480865
1639.469727	187.138489
1638.478516	313.032104
1637.487305	489.360291
1636.496094	292.424774
1635.504883	410.769348
1634.512695	327.408386
1633.520508	481.028198
1632.528320	470.840363
1631.536133	697.509460
1630.543945	909.008484
1629.550781	664.640930
1628.557617	619.315125
1627.564453	999.437500
1626.571289	1130.309204
1625.578125	1568.125488
1624.583984	1482.537476
1623.589844	1437.269531
1622.595703	1676.200317
1621.601563	1610.888428
1620.606445	2299.637451
1619.611328	2093.553711
1618.616211	2523.230957
1617.621094	1880.208252
1616.625977	2146.598389
1615.629883	2041.286987
1614.633789	1735.239624
1613.637695	1775.709839
1612.641602	2230.232422
1611.645508	1911.920288
1610.648438	2060.272705
1609.651367	1812.395020
1608.654297	2166.373047
1607.657227	2149.264648
1606.659180	2332.655273
1605.662109	2373.228760
1604.664063	2203.362793
1603.666016	2511.975098
1602.666992	2424.826904
1601.668945	2588.136719
1600.669922	2523.610840
1599.670898	2346.538086
1598.671875	2107.031250
1597.671875	2090.249756
1596.672852	2043.532959
1595.672852	1779.306396
1594.672852	1735.210083
1593.671875	1536.177368
1592.671875	1314.804810
1591.670898	1108.514526
1590.669922	972.278259
1589.668945	758.720520
1588.667969	660.129944
1587.666016	676.397278
1586.664063	819.970642
1585.662109	738.951294
1584.660156	787.717529
1583.658203	100.741608
1582.655273	523.676331
1581.652344	689.680664
1580.649414	795.824524
1579.646484	77.107391
1578.642578	340.319122
1577.638672	13.095038
1576.634766	226.454330
1575.630859	198.236481
1574.626953	152.628662
1573.622070	400.713867
1572.618164	-130.088821
1571.613281	-28.773205
1570.607422	-76.749565
1569.602539	39.482964
1568.596680	-117.830803
1567.590820	-81.165154
1566.584961	52.428936
1565.579102	-45.079983
1564.572266	172.930679
1563.566406	-264.772980
1562.559570	-44.277565
1561.551758	-275.715912
1560.544922	-313.396301
1559.537109	311.497253
1558.530273	-88.472572
1557.521484	57.391270
1556.513672	-32.346619
1555.505859	26.745319
1554.497070	-276.119934
1553.488281	43.243210
1552.479492	-410.602753
1551.470703	77.166458
1550.460938	-113.935150
1549.451172	-116.729935
1548.441406	48.852512
1547.431641	-236.109558
1546.421875	-142.291794
1545.411133	65.300552
1544.400391	-147.709671
1543.389648	2.958960
1542.378906	-162.912109
1541.367188	-54.312260
1540.355469	-49.540649
1539.343750	232.024063
1538.332031	-190.629562
1537.320313	310.737000
1536.307617	-124.084114
1535.294922	-72.290596
1534.282227	223.899109
1533.269531	26.383759
1532.256836	-131.539429
1531.243164	68.316498
1530.229492	85.593521
1529.215820	9.190452
1528.202148	51.189709
1527.187500	31.548002
1526.172852	-17.627975
1525.158203	-103.708893
1524.143555	-103.502914
1523.127930	-184.572632
1522.113281	172.747574
1521.097656	197.578262
1520.082031	136.287598
1519.065430	380.156982
1518.049805	343.527496
1517.033203	-130.917435
1516.016602	115.420708
1515.000000	0.268995
1513.982422	-129.583084
1512.965820	-72.525398
1511.948242	-130.975525
1510.930664	61.215630
1509.913086	216.521240
1508.894531	-156.175156
1507.875977	168.560532
1506.857422	218.291351
1505.838867	604.244446
1504.820313	197.596115
1503.800781	225.312271
1502.781250	503.205627
1501.761719	153.331451
1500.742188	29.182501
1499.721680	321.752258
1498.702148	-10.573350
1497.681641	-114.905533
1496.661133	410.337616
1495.639648	719.880249
1494.618164	461.327667
1493.597656	48.757484
1492.576172	133.176239
1491.553711	557.678467
1490.532227	-20.878166
1489.509766	7.372620
1488.487305	87.016167
1487.464844	198.455383
1486.442383	-191.152878
1485.418945	191.627121
1484.395508	149.189041
1483.372070	109.267815
1482.348633	54.766365
1481.324219	422.714447
1480.300781	-66.226952
1479.276367	494.505096
1478.251953	-25.875877
1477.226563	166.332047
1476.202148	75.621277
1475.176758	-2.827503
1474.151367	433.234100
1473.125000	359.711365
1472.099609	-13.431197
1471.073242	-145.176437
1470.046875	281.020599
1469.020508	-60.050510
1467.994141	81.196640
1466.966797	215.113098
1465.939453	120.259109
1464.912109	302.912476
1463.884766	512.311951
1462.856445	296.011993
1461.829102	410.619965
1460.800781	692.974854
1459.772461	751.652039
1458.743164	625.647583
1457.714844	1044.048706
1456.685547	1107.652100
1455.656250	1358.306030
1454.625977	948.436768
1453.596680	720.911926
1452.566406	1141.575806
1451.536133	484.709808
1450.505859	1453.689453
1449.474609	680.726379
1448.444336	684.218689
1447.413086	976.276794
1446.381836	727.725037
1445.350586	942.243225
1444.318359	836.883362
1443.286133	465.168427
1442.253906	694.340942
1441.221680	753.983215
1440.189453	629.689148
1439.156250	348.167328
1438.123047	345.131714
1437.089844	-223.964310
1436.056641	230.445831
1435.022461	585.563110
1433.988281	48.417595
1432.954102	311.720367
1431.919922	475.897369
1430.885742	553.093323
1429.850586	156.818069
1428.815430	-87.051086
1427.780273	-352.467194
1426.744141	101.728378
1425.708984	-11.390614
1424.672852	247.227402
1423.636719	-198.697098
1422.600586	-91.957039
1421.563477	448.891724
1420.527344	80.609550
1419.490234	426.088654
1418.452148	217.145752
1417.415039	-34.975033
1416.376953	394.841705
1415.338867	234.452316
1414.300781	-173.818985
1413.262695	-394.050385
1412.224609	353.531525
1411.185547	-78.354912
1410.146484	-264.560822
1409.107422	201.284760
1408.067383	-148.302658
1407.027344	-7.151093
1405.987305	-142.432541
1404.947266	328.095062
1403.907227	137.693253
1402.866211	305.389679
1401.826172	302.581848
1400.785156	686.454102
1399.743164	-89.403625
1398.702148	484.179077
1397.660156	798.387024
1396.618164	431.129517
1395.576172	591.847717
1394.533203	1045.147949
1393.491211	1177.051270
1392.448242	1534.302002
1391.405273	1877.093994
1390.361328	1949.018433
1389.318359	2715.775146
1388.274414	2643.929199
1387.230469	2816.455811
1386.186523	2965.041992
1385.141602	3266.814453
1384.097656	3379.495361
1383.052734	4020.959717
1382.007813	3961.326172
1380.961914	4219.862305
1379.916992	3715.614014
1378.871094	3546.320313
1377.825195	3061.685059
1376.778320	3064.784912
1375.732422	2850.571777
1374.685547	2741.600586
1373.638672	2508.572021
1372.591797	2137.243408
1371.543945	2296.039063
1370.497070	2073.022949
1369.449219	1430.220459
1368.400391	1481.916382
1367.352539	1841.346069
1366.303711	1623.632813
1365.255859	1143.871094
1364.206055	1412.738770
1363.157227	1107.303223
1362.108398	1504.875977
1361.058594	1475.968018
1360.008789	1435.235474
1358.958984	1623.150635
1357.908203	1432.556641
1356.857422	1739.500122
1355.806641	1289.754028
1354.755859	1568.181030
1353.705078	1706.237671
1352.653320	1000.166077
1351.601563	1147.906860
1350.549805	1364.572876
1349.498047	1291.307983
1348.445313	1047.065552
1347.393555	1114.168091
1346.340820	696.842773
1345.287109	1215.175415
1344.234375	639.097412
1343.180664	751.531860
1342.126953	792.797607
1341.073242	656.194946
1340.019531	567.145142
1338.964844	712.914673
1337.910156	1019.880676
1336.855469	629.968384
1335.799805	214.194351
1334.745117	630.223083
1333.689453	399.494537
1332.633789	521.760620
1331.578125	286.532471
1330.521484	105.881676
1329.464844	-88.830772
1328.408203	409.832092
1327.351563	-132.477982
1326.294922	87.019722
1325.237305	107.842384
1324.179688	126.346809
1323.122070	130.712128
1322.064453	-162.601303
1321.005859	-96.665901
1319.947266	136.984283
1318.888672	-120.580994
1317.830078	-318.967773
1316.770508	-193.865463
1315.710938	49.226849
1314.651367	-340.046906
1313.591797	249.812759
1312.531250	30.542419
1311.471680	162.745346
1310.411133	-270.831146
1309.349609	-51.363274
1308.289063	3.134743
1307.227539	-267.460571
1306.166016	-163.410583
1305.104492	-47.586895
1304.042969	-261.365082
1302.980469	-140.793198
1301.917969	64.480507
1300.855469	-120.841393
1299.792969	354.924164
1298.729492	61.510544
1297.666016	172.663864
1296.602539	-40.585182
1295.539063	303.282410
1294.474609	-318.671661
1293.411133	88.607330
1292.346680	96.469933
1291.281250	-24.795176
1290.216797	-94.309326
1289.151367	94.403313
1288.085938	503.647034
1287.020508	131.515045
1285.955078	34.002956
1284.888672	-25.924799
1283.822266	57.223415
1282.755859	208.341614
1281.689453	298.495697
1280.622070	238.677643
1279.554688	769.218750
1278.487305	470.505249
1277.419922	132.149902
1276.351563	91.254227
1275.283203	186.153305
1274.214844	428.452118
1273.146484	186.415756
1272.077148	342.114685
1271.008789	670.824585
1269.939453	599.628235
1268.869141	320.451019
1267.799805	838.302795
1266.729492	87.301788
1265.659180	439.173309
1264.588867	321.510651
1263.517578	759.599365
1262.447266	364.187256
1261.375977	568.740479
1260.304688	103.574150
1259.232422	518.079346
1258.161133	158.124802
1257.088867	598.126099
1256.016602	315.273193
1254.943359	570.949524
1253.871094	581.875122
1252.797852	1030.786255
1251.724609	806.384277
1250.650391	1052.478638
1249.577148	1193.730591
1248.502930	992.755371
1247.428711	924.535706
1246.354492	1263.528198
1245.279297	816.139893
1244.204102	427.103546
1243.128906	775.317078
1242.053711	858.385498
1240.977539	874.024658
1239.902344	768.856262
1238.826172	640.503845
1237.750000	554.028076
1236.672852	669.609619
1235.595703	671.398987
1234.518555	601.247253
1233.441406	243.392197
1232.364258	720.911560
1231.286133	152.122925
1230.208008	666.563293
1229.129883	341.497864
1228.051758	292.426147
1226.972656	-101.931816
1225.893555	97.035110
1224.814453	256.541321
1223.734375	351.127197
1222.655273	-19.707365
1221.575195	313.349365
1220.495117	-379.017395
1219.415039	185.375549
1218.333984	2.287343
1217.252930	85.266502
1216.171875	-197.140564
1215.090820	-333.770264
1214.008789	123.667862
1212.926758	-373.469116
1211.844727	26.025314
1210.762695	205.912415
1209.679688	-281.681366
1208.597656	-339.608063
1207.513672	-219.795837
1206.430664	84.596527
1205.347656	185.820541
1204.263672	-68.259048
1203.179688	-354.511902
1202.095703	7.272428
1201.010742	-152.099884
1199.925781	352.356903
1198.840820	36.286846
1197.755859	275.548767
1196.670898	551.548340
1195.584961	247.134827
1194.499023	226.016541
1193.413086	115.138237
1192.326172	321.849121
1191.239258	-322.779236
1190.152344	90.936218
1189.065430	-203.825394
1187.978516	165.982208
1186.890625	-317.182404
1185.802734	213.322647
1184.714844	-10.030601
1183.625977	359.341400
1182.538086	361.097900
1181.449219	229.656586
1180.360352	433.417053
1179.270508	726.564392
1178.180664	679.974792
1177.090820	555.393738
1176.000977	806.996338
1174.911133	948.403076
1173.820313	789.400452
1172.729492	740.466309
1171.638672	670.912415
1170.547852	539.515442
1169.456055	948.694763
1168.364258	1133.256226
1167.272461	814.038879
1166.179688	698.641907
1165.087891	1020.380676
1163.995117	1376.258545
1162.902344	1249.308105
1161.808594	1810.737427
1160.715820	2458.791748
1159.622070	1837.845703
1158.528320	1722.216553
1157.433594	1739.124268
1156.339844	1139.228516
1155.245117	1206.446045
1154.149414	613.702148
1153.054688	527.996033
1151.958984	743.553284
1150.863281	637.242310
1149.767578	74.683441
1148.671875	721.172729
1147.575195	222.613388
1146.478516	109.526283
1145.381836	169.680084
1144.285156	124.945053
1143.187500	328.509491
1142.089844	35.390327
1140.992188	-54.960148
1139.894531	150.668106
1138.795898	-8.052353
1137.697266	-501.272461
1136.598633	50.006836
1135.499023	218.833038
1134.400391	-547.149353
1133.300781	271.921051
1132.201172	331.330902
1131.100586	24.752493
1130.000977	-93.138168
1128.900391	129.715332
1127.799805	245.670044
1126.698242	182.124664
1125.596680	77.694115
1124.495117	220.643051
1123.393555	735.615051
1122.291992	165.898102
1121.189453	682.789185
1120.086914	1319.571289
1118.984375	1305.356812
1117.881836	1449.746094
1116.778320	1890.852417
1115.674805	1846.865234
1114.571289	2443.845947
1113.466797	1668.161377
1112.363281	1995.363770
1111.258789	1817.566772
1110.153320	1875.120728
1109.048828	1647.519409
1107.943359	1392.790283
1106.837891	1597.189453
1105.732422	1480.360474
1104.625977	1460.697021
1103.520508	1269.224854
1102.414063	838.244080
1101.306641	766.538635
1100.200195	590.911865
1099.092773	681.710510
1097.985352	578.249817
1096.877930	887.770752
1095.769531	538.174561
1094.661133	497.713989
1093.552734	416.591156
1092.444336	1187.773682
1091.335938	524.721375
1090.226563	565.077209
1089.117188	341.680359
1088.006836	440.439209
1086.897461	786.838196
1085.787109	565.500000
1084.676758	776.431885
1083.566406	699.058655
1082.455078	956.913269
1081.343750	636.343201
1080.232422	936.632507
1079.121094	897.116089
1078.008789	637.162659
1076.896484	464.889496
1075.784180	1166.791626
1074.671875	738.133545
1073.558594	1127.193970
1072.445313	1098.258301
1071.332031	741.415466
1070.217773	413.787537
1069.104492	377.970856
1067.990234	373.452759
1066.875977	620.070068
1065.760742	440.319550
1064.645508	-24.227440
1063.530273	269.025757
1062.415039	414.109406
1061.299805	171.362411
1060.183594	219.816254
1059.067383	-291.797028
1057.951172	578.283325
1056.833984	50.885437
1055.716797	130.151825
1054.599609	121.991714
1053.482422	449.283142
1052.364258	758.389038
1051.247070	5.065129
1050.128906	432.366302
1049.009766	-204.607040
1047.891602	226.756958
1046.772461	38.918816
1045.653320	136.940002
1044.533203	-301.188232
1043.414063	1.998420
1042.293945	-145.993408
1041.173828	-365.461151
1040.052734	-65.144363
1038.932617	56.472919
1037.811523	-384.103394
1036.689453	-594.991455
1035.568359	29.997234
1034.446289	219.973511
1033.324219	-140.609207
1032.202148	95.814919
1031.079102	-10.998281
1029.957031	155.980789
1028.833984	-200.395905
1027.709961	-169.535385
1026.586914	92.588745
1025.462891	-72.679932
1024.338867	-48.976757
1023.214844	-267.794281
1022.089844	-524.471191
1020.964844	192.279587
1019.839844	-462.417358
1018.714844	-143.952835
1017.588867	-190.040878
1016.462891	67.945915
1015.336914	281.265167
1014.210938	-20.571569
1013.083984	28.147194
1011.957031	-29.790457
1010.830078	160.560730
1009.702148	166.603394
1008.574219	959.504944
1007.446289	1787.355225
1006.318359	3184.174072
1005.190430	4671.035645
1004.061523	4794.873047
1002.932617	3902.093262
1001.802734	2294.449707
1000.673828	1015.002136
999.543945	683.077820
998.414063	163.107208
997.283203	213.863205
996.153320	308.699524
995.022461	38.524723
993.891602	378.383179
992.759766	614.055237
991.628906	113.778496
990.497070	280.632660
989.364258	453.860168
988.232422	132.332245
987.099609	-12.629780
985.966797	259.417969
984.833984	535.609009
983.700195	573.274048
982.566406	394.661926
981.432617	220.394760
980.298828	537.629700
979.164063	435.829803
978.029297	404.440063
976.894531	643.871704
975.759766	521.879639
974.624023	283.083099
973.488281	167.536896
972.352539	454.644653
971.215820	352.017487
970.080078	139.343124
968.943359	208.112122
967.805664	821.985718
966.668945	356.136780
965.531250	655.160828
964.393555	516.668640
963.254883	595.567749
962.117188	564.524170
960.978516	792.445435
959.839844	447.184906
958.700195	685.732178
957.561523	632.254028
956.421875	1013.012878
955.281250	862.697937
954.141602	1403.074219
953.000977	1145.103149
951.860352	1358.357788
950.719727	1560.453369
949.578125	1376.762085
948.436523	1155.822266
947.294922	1195.460205
946.153320	700.822815
945.010742	930.738953
943.868164	311.446716
942.725586	197.706192
941.583008	545.414368
940.439453	81.603317
939.295898	46.409866
938.152344	168.516220
937.007813	498.052124
935.863281	488.740570
934.718750	223.814713
933.574219	172.937408
932.428711	-166.183517
931.283203	256.522980
930.137695	157.446426
928.992188	121.620911
927.845703	81.367607
926.699219	41.078136
925.552734	382.278900
924.405273	376.685638
923.257813	303.498749
922.110352	178.018188
920.962891	161.461914
919.814453	94.764465
918.666016	217.474136
917.517578	350.980865
916.369141	-370.802002
915.219727	19.419594
914.070313	9.229267
912.920898	140.376419
911.770508	545.350525
910.621094	-143.145401
909.470703	-14.284162
908.319336	-115.808372
907.168945	-334.542358
906.017578	-429.424377
904.866211	376.738708
903.713867	-143.700043
902.562500	91.325539
901.410156	-1.368585
900.256836	433.049377
899.104492	190.739273
897.951172	325.778992
896.797852	-5.232169
895.644531	-372.888214
894.490234	59.086216
893.335938	-306.194031
892.181641	-240.319046
891.027344	-243.699249
889.872070	-273.023773
888.716797	-176.763962
887.561523	-19.908304
886.405273	-165.907455
885.249023	148.845184
884.092773	-271.552917
882.936523	-114.559044
881.779297	191.528839
880.622070	-126.827499
879.464844	276.496674
878.307617	215.430847
877.149414	197.646103
875.991211	318.115540
874.833008	93.350601
873.673828	201.026581
872.514648	-12.629870
871.355469	-120.400322
870.196289	125.582054
869.036133	-238.456253
867.875977	-87.160233
866.715820	42.653301
865.554688	-42.886524
864.394531	-31.312656
863.233398	-54.081150
862.071289	541.046143
860.910156	542.121277
859.748047	659.501526
858.585938	391.954559
857.422852	604.223572
856.259766	1046.603394
855.096680	373.362762
853.933594	504.321167
852.770508	693.399597
851.606445	478.720642
850.442383	111.847694
849.277344	-22.823011
848.113281	334.315308
846.948242	200.025116
845.783203	-21.978863
844.617188	794.454041
843.451172	90.276428
842.285156	338.541565
841.119141	-101.154366
839.952148	-152.593796
838.785156	-98.821243
837.618164	128.634247
836.451172	259.825623
835.283203	91.412315
834.115234	19.614338
832.947266	-81.894501
831.778320	-67.626328
830.609375	291.227905
829.440430	228.861313
828.271484	395.513672
827.101563	243.806198
825.931641	744.171753
824.761719	139.986603
823.590820	170.673050
822.420898	541.132385
821.250000	412.055695
820.078125	616.225708
818.907227	568.749207
817.735352	929.005615
816.562500	438.257935
815.390625	832.966797
814.217773	487.922791
813.044922	288.219391
811.872070	308.333344
810.698242	733.453674
809.524414	36.118179
808.350586	-283.731903
807.176758	176.008575
806.001953	-36.842136
804.827148	-215.302155
803.651367	457.525116
802.476563	90.207726
801.300781	418.637177
800.125000	5.188560
798.948242	316.934570
797.772461	658.538696
796.595703	305.495239
795.417969	687.725098
794.241211	723.897949
793.063477	403.610443
791.885742	535.786072
790.707031	750.865295
789.529297	1042.453125
788.350586	256.655212
787.170898	480.778137
785.992188	620.230164
784.812500	1022.629272
783.632813	997.017761
782.452148	846.617737
781.272461	463.534607
780.091797	415.379547
778.911133	562.209229
777.729492	582.163940
776.547852	316.643372
775.366211	430.108704
774.184570	-173.276047
773.001953	10.383475
771.819336	-158.900818
770.636719	-2.457379
769.453125	18.838680
768.269531	-58.997616
767.085938	-216.892715
765.902344	159.656509
764.717773	-101.361641
763.533203	-334.671417
762.348633	-69.766075
761.163086	41.143547
759.977539	-364.577637
758.791992	174.643250
757.606445	207.800888
756.419922	-119.342804
755.233398	-7.951029
754.046875	309.927704
752.859375	-113.577400
751.672852	130.680374
750.485352	444.367340
749.296875	164.493622
748.108398	547.609924
746.919922	690.808167
745.731445	701.512085
744.542969	417.915100
743.353516	174.431824
742.164063	801.163330
740.973633	221.618149
739.783203	734.682373
738.592773	632.209534
737.402344	244.268112
736.211914	276.348419
735.020508	379.767792
733.829102	888.080444
732.636719	534.033508
731.444336	440.189117
730.251953	665.069214
729.059570	208.590393
727.866211	299.254120
726.673828	310.249146
725.479492	252.066986
724.286133	237.866638
723.091797	-17.140108
721.897461	-123.460350
720.703125	-321.848236
719.507813	-49.473141
718.312500	-438.239838
717.117188	-460.929138
715.921875	321.233093
714.725586	-215.941132
713.529297	465.347748
712.332031	-21.607300
711.135742	-220.160538
709.938477	186.874603
708.740234	420.352234
707.542969	705.837463
706.344727	1761.088013
705.146484	2150.265869
703.948242	3363.039795
702.749023	3230.193359
701.549805	3751.937500
700.350586	2385.059326
699.150391	1910.586426
697.950195	1648.762695
696.750000	622.638611
695.549805	538.117126
694.348633	210.013672
693.147461	341.972961
691.946289	222.060211
690.744141	75.120239
689.541992	42.612732
688.339844	-46.035366
687.136719	189.636520
685.934570	612.257141
684.730469	519.381897
683.527344	152.385849
682.323242	410.715607
681.119141	361.688873
679.915039	206.891693
678.710938	386.387787
677.505859	570.048706
676.300781	25.657503
675.094727	514.439941
673.889648	314.815674
672.683594	-114.613289
671.476563	-48.333752
670.270508	241.932541
669.063477	151.187469
667.856445	456.328156
666.648438	-221.790894
665.440430	-143.703400
664.232422	96.155586
663.024414	-286.409027
661.815430	-89.167328
660.606445	-32.123825
659.397461	153.621765
658.188477	193.127869
656.978516	379.966034
655.768555	141.817657
654.557617	32.576130
653.346680	153.391022
652.135742	411.249481
650.924805	-143.323914
649.712891	-21.908085
648.501953	-83.136131
647.289063	139.318344
646.077148	-74.331856
644.864258	-57.823051
643.651367	-105.975952
642.438477	-474.185211
641.224609	-185.664017
640.010742	343.163300
638.796875	125.907158
637.582031	727.726990
636.367188	404.911438
635.152344	86.201736
633.937500	555.440186
632.721680	855.864624
631.505859	736.830383
630.289063	1062.141113
629.073242	1192.398926
627.856445	1477.192139
626.639648	1326.966187
625.421875	1428.115356
624.204102	1148.183350
622.986328	477.309357
621.768555	1108.984497
620.549805	211.087662
619.331055	-174.196167
618.111328	149.820160
616.892578	-4.378538
