1721.000977	169.082581
1720.027344	-39.984879
1719.052734	-156.503311
1718.078125	34.050995
1717.104492	108.258934
1716.128906	168.790085
1715.154297	136.220566
1714.178711	131.109909
1713.204102	-64.369606
1712.228516	-37.516674
1711.251953	175.685944
1710.276367	-101.064476
1709.299805	-6.969525
1708.324219	-164.399536
1707.347656	30.941916
1706.370117	33.709061
1705.393555	53.899715
1704.416016	-174.570038
1703.438477	120.950241
1702.460938	-213.175598
1701.483398	35.362835
1700.505859	163.261978
1699.527344	-74.743095
1698.548828	-29.383995
1697.570313	130.580658
1696.591797	-154.248993
1695.612305	122.499039
1694.632813	-346.632538
1693.653320	-141.978943
1692.673828	235.870148
1691.694336	34.152592
1690.713867	-111.605392
1689.734375	-331.450043
1688.753906	-46.551842
1687.772461	59.570572
1686.791992	-132.703629
1685.810547	-80.443893
1684.830078	96.505959
1683.848633	33.791771
1682.866211	-141.095490
1681.884766	-206.517792
1680.902344	-83.665230
1679.919922	331.723175
1678.937500	-118.286728
1677.955078	-18.678337
1676.971680	27.383106
1675.989258	312.424835
1675.005859	68.450951
1674.022461	249.029190
1673.038086	-12.725980
1672.054688	139.776093
1671.070313	-91.417160
1670.085938	152.401489
1669.101563	121.870628
1668.117188	98.958664
1667.131836	223.246948
1666.146484	96.258041
1665.161133	202.746597
1664.175781	-63.679440
1663.189453	-28.209194
1662.204102	268.452118
1661.217773	197.411926
1660.231445	-50.984615
1659.245117	73.244247
1658.257813	42.892841
1657.270508	321.604431
1656.284180	106.447624
1655.295898	248.369400
1654.308594	-24.840103
1653.321289	-103.018288
1652.333008	84.538528
1651.344727	-59.328598
1650.356445	-96.856377
1649.367188	156.459351
1648.378906	187.268707
1647.389648	177.654526
1646.400391	-94.716988
1645.411133	39.860092
1644.420898	-15.038175
1643.431641	-107.714165
1642.441406	160.760712
1641.451172	133.817307
1640.459961	23.635040
1639.469727	-63.708603
1638.478516	23.099857
1637.487305	301.633209
1636.496094	10.174484
1635.504883	213.075073
1634.512695	320.139221
1633.520508	225.595352
1632.528320	292.415680
1631.536133	359.263733
1630.543945	393.400635
1629.550781	659.228333
1628.557617	660.652283
1627.564453	619.337769
1626.571289	817.172668
1625.578125	909.306396
1624.583984	1180.035645
1623.589844	1128.782715
1622.595703	1331.566284
1621.601563	933.479065
1620.606445	1216.727783
1619.611328	1281.283325
1618.616211	1473.992188
1617.621094	1734.486328
1616.625977	1517.764282
1615.629883	1416.654175
1614.633789	1438.632446
1613.637695	1197.117676
1612.641602	1357.223999
1611.645508	1304.061401
1610.648438	1454.100586
1609.651367	1255.552246
1608.654297	1287.776245
1607.657227	1706.042969
1606.659180	1522.684448
1605.662109	1797.973999
1604.664063	1647.302002
1603.666016	1689.572021
1602.666992	1704.288208
1601.668945	1683.995117
1600.669922	1766.339233
1599.670898	1703.532593
1598.671875	1485.657959
1597.671875	1500.504883
1596.672852	1297.812866
1595.672852	1122.709351
1594.672852	1230.177734
1593.671875	1015.191345
1592.671875	1130.167236
1591.670898	1150.156982
1590.669922	952.852783
1589.668945	865.521301
1588.667969	703.339172
1587.666016	543.713623
1586.664063	940.690552
1585.662109	591.474060
1584.660156	501.848328
1583.658203	384.833923
1582.655273	477.312927
1581.652344	193.313614
1580.649414	492.682831
1579.646484	248.681473
1578.642578	266.367554
1577.638672	219.285034
1576.634766	70.118713
1575.630859	-81.473892
1574.626953	322.125671
1573.622070	-200.311478
1572.618164	-55.641983
1571.613281	168.557953
1570.607422	288.174530
1569.602539	86.968330
1568.596680	248.814468
1567.590820	-11.981212
1566.584961	204.485168
1565.579102	102.818657
1564.572266	189.968430
1563.566406	130.560425
1562.559570	240.005127
1561.551758	-60.248493
1560.544922	155.907974
1559.537109	-203.769165
1558.530273	-0.091337
1557.521484	-121.489311
1556.513672	-289.942810
1555.505859	-121.123459
1554.497070	-316.806396
1553.488281	-1.861143
1552.479492	67.636055
1551.470703	213.894196
1550.460938	70.273064
1549.451172	228.819199
1548.441406	-18.742710
1547.431641	53.106976
1546.421875	-33.465603
1545.411133	48.221752
1544.400391	-70.503044
1543.389648	-85.307755
1542.378906	-149.567139
1541.367188	-275.628204
1540.355469	-3.703942
1539.343750	144.543823
1538.332031	-58.103321
1537.320313	-102.582527
1536.307617	-38.404709
1535.294922	-53.267162
1534.282227	-40.970253
1533.269531	-6.470582
1532.256836	-139.777451
1531.243164	32.856171
1530.229492	124.024078
1529.215820	81.992409
1528.202148	-41.380890
1527.187500	-98.168968
1526.172852	-34.176441
1525.158203	7.614853
1524.143555	-140.284729
1523.127930	-201.940399
1522.113281	-233.999146
1521.097656	-182.359543
1520.082031	255.685501
1519.065430	-96.372475
1518.049805	-253.895340
1517.033203	171.587631
1516.016602	240.314789
1515.000000	-116.330338
1513.982422	-340.092377
1512.965820	-42.712250
1511.948242	-62.433834
1510.930664	-33.005138
1509.913086	-67.433197
1508.894531	192.814835
1507.875977	369.494812
1506.857422	50.300922
1505.838867	23.282768
1504.820313	214.656006
1503.800781	-47.856899
1502.781250	62.534985
1501.761719	197.418427
1500.742188	16.030563
1499.721680	327.351807
1498.702148	170.558655
1497.681641	236.773193
1496.661133	9.061638
1495.639648	41.027550
1494.618164	-357.899658
1493.597656	119.697609
1492.576172	-41.638321
1491.553711	166.564209
1490.532227	24.912809
1489.509766	-92.212051
1488.487305	167.306335
1487.464844	91.820358
1486.442383	141.053513
1485.418945	214.715195
1484.395508	78.269608
1483.372070	10.309375
1482.348633	113.360703
1481.324219	62.566734
1480.300781	219.338959
1479.276367	53.912109
1478.251953	130.156372
1477.226563	47.822468
1476.202148	211.921097
1475.176758	-38.572399
1474.151367	130.415039
1473.125000	104.358948
1472.099609	-28.849554
1471.073242	11.009366
1470.046875	141.026138
1469.020508	227.195648
1467.994141	52.842800
1466.966797	151.242203
1465.939453	106.050453
1464.912109	94.994789
1463.884766	-40.082314
1462.856445	58.431812
1461.829102	176.427139
1460.800781	189.860794
1459.772461	495.031555
1458.743164	452.585480
1457.714844	487.976501
1456.685547	683.718750
1455.656250	668.136230
1454.625977	730.300842
1453.596680	549.746094
1452.566406	643.574463
1451.536133	599.101868
1450.505859	409.139191
1449.474609	483.688477
1448.444336	742.585266
1447.413086	363.758698
1446.381836	562.073059
1445.350586	265.964355
1444.318359	597.585144
1443.286133	354.996735
1442.253906	359.611542
1441.221680	436.933929
1440.189453	218.927094
1439.156250	228.581818
1438.123047	136.658157
1437.089844	272.261902
1436.056641	175.658981
1435.022461	28.359882
1433.988281	328.491516
1432.954102	106.413528
1431.919922	46.424976
1430.885742	189.494827
1429.850586	-66.051689
1428.815430	135.066208
1427.780273	56.051819
1426.744141	-22.878841
1425.708984	84.164993
1424.672852	-206.968750
1423.636719	37.711220
1422.600586	-91.535240
1421.563477	160.369492
1420.527344	-89.272507
1419.490234	-112.153687
1418.452148	-81.949570
1417.415039	-256.493317
1416.376953	-329.727020
1415.338867	-56.025314
1414.300781	-8.730011
1413.262695	101.207664
1412.224609	170.246628
1411.185547	-167.394302
1410.146484	87.058228
1409.107422	-324.854858
1408.067383	-3.016186
1407.027344	66.282928
1405.987305	-56.695961
1404.947266	-133.892471
1403.907227	26.904173
1402.866211	151.649536
1401.826172	45.838184
1400.785156	60.194023
1399.743164	-86.259537
1398.702148	-47.745190
1397.660156	141.998459
1396.618164	360.519043
1395.576172	247.974472
1394.533203	675.148926
1393.491211	689.799377
1392.448242	903.469177
1391.405273	1251.330444
1390.361328	1383.433228
1389.318359	1589.823120
1388.274414	1923.123779
1387.230469	1909.108765
1386.186523	1902.348022
1385.141602	2465.337158
1384.097656	2145.077881
1383.052734	2420.778564
1382.007813	2679.677246
1380.961914	2326.258057
1379.916992	2248.039795
1378.871094	2399.401123
1377.825195	2060.788818
1376.778320	1961.327637
1375.732422	1857.202148
1374.685547	1714.951538
1373.638672	1856.996948
1372.591797	1650.460693
1371.543945	1105.102905
1370.497070	1330.886353
1369.449219	1000.681152
1368.400391	1166.844482
1367.352539	1242.371948
1366.303711	926.862488
1365.255859	1078.803833
1364.206055	1144.907715
1363.157227	758.295105
1362.108398	1084.238037
1361.058594	938.469666
1360.008789	930.933533
1358.958984	1182.966797
1357.908203	1032.650513
1356.857422	960.984558
1355.806641	1117.814087
1354.755859	789.345398
1353.705078	741.706787
1352.653320	696.502930
1351.601563	1093.538086
1350.549805	1057.876221
1349.498047	877.327026
1348.445313	328.649658
1347.393555	540.333923
1346.340820	927.689514
1345.287109	251.272675
1344.234375	543.660645
1343.180664	653.220276
1342.126953	459.075684
1341.073242	295.892273
1340.019531	260.886200
1338.964844	434.584442
1337.910156	480.232208
1336.855469	234.377640
1335.799805	384.377960
1334.745117	126.878059
1333.689453	201.116562
1332.633789	190.106003
1331.578125	18.144529
1330.521484	213.171600
1329.464844	-69.890198
1328.408203	92.013145
1327.351563	74.101685
1326.294922	-90.398674
1325.237305	-167.321732
1324.179688	-161.442352
1323.122070	-330.429169
1322.064453	67.787529
1321.005859	-51.516571
1319.947266	-85.714104
1318.888672	-176.540085
1317.830078	-43.018574
1316.770508	47.975887
1315.710938	65.801018
1314.651367	-22.526222
1313.591797	-195.709579
1312.531250	-57.504307
1311.471680	-91.446602
1310.411133	-224.368622
1309.349609	-17.839226
1308.289063	-216.650620
1307.227539	-127.960945
1306.166016	-55.775982
1305.104492	-68.371681
1304.042969	-17.379480
1302.980469	-182.941086
1301.917969	46.925938
1300.855469	17.914408
1299.792969	-72.224274
1298.729492	-4.754746
1297.666016	-94.823547
1296.602539	57.277790
1295.539063	-114.992271
1294.474609	109.906418
1293.411133	43.440907
1292.346680	-32.386116
1291.281250	267.520630
1290.216797	-188.606277
1289.151367	148.780914
1288.085938	272.496490
1287.020508	-23.772465
1285.955078	170.313400
1284.888672	85.261276
1283.822266	408.199860
1282.755859	-5.009943
1281.689453	50.668568
1280.622070	361.709442
1279.554688	-39.489136
1278.487305	182.457245
1277.419922	-75.682274
1276.351563	-127.708969
1275.283203	108.167946
1274.214844	252.692245
1273.146484	62.623352
1272.077148	321.703033
1271.008789	293.061981
1269.939453	138.186035
1268.869141	177.375717
1267.799805	317.044861
1266.729492	367.868866
1265.659180	285.533020
1264.588867	602.576111
1263.517578	179.339676
1262.447266	384.227692
1261.375977	462.995850
1260.304688	310.737579
1259.232422	125.882385
1258.161133	500.859650
1257.088867	136.503189
1256.016602	306.160400
1254.943359	298.602661
1253.871094	640.589355
1252.797852	644.612671
1251.724609	704.535583
1250.650391	1020.580627
1249.577148	537.931091
1248.502930	409.290131
1247.428711	559.966064
1246.354492	729.187195
1245.279297	354.012207
1244.204102	602.268860
1243.128906	531.875061
1242.053711	659.102173
1240.977539	718.868164
1239.902344	-2.110633
1238.826172	884.787170
1237.750000	463.690155
1236.672852	86.887474
1235.595703	474.039063
1234.518555	257.549072
1233.441406	143.257355
1232.364258	337.575867
1231.286133	19.188366
1230.208008	419.828979
1229.129883	326.454651
1228.051758	240.073151
1226.972656	223.245209
1225.893555	116.060394
1224.814453	-58.254749
1223.734375	105.624168
1222.655273	183.765045
1221.575195	95.187828
1220.495117	-97.498360
1219.415039	-260.022034
1218.333984	-33.834187
1217.252930	384.219269
1216.171875	226.308228
1215.090820	130.885818
1214.008789	308.235474
1212.926758	-92.205528
1211.844727	73.558876
1210.762695	190.741592
1209.679688	-6.203997
1208.597656	-311.569427
1207.513672	-32.818726
1206.430664	-169.585510
1205.347656	113.628540
1204.263672	-343.764160
1203.179688	-143.672119
1202.095703	406.803162
1201.010742	-98.773613
1199.925781	6.624654
1198.840820	-10.150475
1197.755859	-155.925171
1196.670898	200.458786
1195.584961	27.056404
1194.499023	47.113464
1193.413086	-324.123932
1192.326172	213.750793
1191.239258	314.262695
1190.152344	-275.314758
1189.065430	301.282104
1187.978516	178.687988
1186.890625	-136.946335
1185.802734	149.661957
1184.714844	112.180855
1183.625977	63.221992
1182.538086	193.421371
1181.449219	314.371460
1180.360352	380.171509
1179.270508	262.329651
1178.180664	103.236122
1177.090820	120.849846
1176.000977	390.744995
1174.911133	236.306290
1173.820313	469.362183
1172.729492	120.144638
1171.638672	103.346962
1170.547852	320.232727
1169.456055	351.483948
1168.364258	366.689941
1167.272461	473.463898
1166.179688	255.149887
1165.087891	762.373901
1163.995117	841.517578
1162.902344	1025.843994
1161.808594	1013.404358
1160.715820	1666.316650
1159.622070	1356.566040
1158.528320	1028.665527
1157.433594	1160.160522
1156.339844	1131.694336
1155.245117	895.398621
1154.149414	586.128601
1153.054688	509.848083
1151.958984	817.024536
1150.863281	225.016724
1149.767578	180.783356
1148.671875	309.908203
1147.575195	598.582947
1146.478516	280.697388
1145.381836	38.163498
1144.285156	46.396980
1143.187500	77.396065
1142.089844	76.484230
1140.992188	-56.514591
1139.894531	42.768436
1138.795898	-12.795472
1137.697266	-204.884811
1136.598633	-221.705002
1135.499023	-161.193451
1134.400391	67.580254
1133.300781	-42.547443
1132.201172	190.617950
1131.100586	37.303047
1130.000977	133.992920
1128.900391	187.459473
1127.799805	-192.899673
1126.698242	-55.400967
1125.596680	25.269197
1124.495117	-50.711899
1123.393555	193.272476
1122.291992	432.596832
1121.189453	590.140015
1120.086914	645.555359
1118.984375	535.432251
1117.881836	862.793640
1116.778320	1282.893188
1115.674805	1254.204590
1114.571289	1336.498901
1113.466797	1160.572754
1112.363281	1181.684570
1111.258789	777.213318
1110.153320	956.759949
1109.048828	973.311707
1107.943359	978.514832
1106.837891	1110.339233
1105.732422	778.577209
1104.625977	532.831909
1103.520508	549.338501
1102.414063	437.014679
1101.306641	378.924255
1100.200195	585.081787
1099.092773	533.705688
1097.985352	468.779449
1096.877930	507.675385
1095.769531	32.047176
1094.661133	104.796326
1093.552734	283.486572
1092.444336	186.964813
1091.335938	252.773270
1090.226563	417.682617
1089.117188	291.797607
1088.006836	98.339966
1086.897461	364.426300
1085.787109	551.534119
1084.676758	-69.718109
1083.566406	686.795715
1082.455078	187.228912
1081.343750	680.026123
1080.232422	403.290009
1079.121094	630.375305
1078.008789	652.708496
1076.896484	218.685532
1075.784180	461.252869
1074.671875	622.782654
1073.558594	373.113495
1072.445313	507.539795
1071.332031	444.273621
1070.217773	336.084991
1069.104492	418.667603
1067.990234	371.017334
1066.875977	397.364471
1065.760742	268.888977
1064.645508	191.991043
1063.530273	404.257721
1062.415039	262.262360
1061.299805	111.310707
1060.183594	-3.792409
1059.067383	120.745972
1057.951172	-54.881657
1056.833984	11.281730
1055.716797	-5.457094
1054.599609	-40.151730
1053.482422	211.466492
1052.364258	149.766525
1051.247070	143.943390
1050.128906	522.581543
1049.009766	-95.902130
1047.891602	14.330349
1046.772461	157.949036
1045.653320	-156.459534
1044.533203	-231.858765
1043.414063	78.956879
1042.293945	-291.241364
1041.173828	-101.210487
1040.052734	-71.986343
1038.932617	166.836304
1037.811523	-176.585022
1036.689453	-312.585236
1035.568359	104.221710
1034.446289	101.782120
1033.324219	-41.101940
1032.202148	34.301228
1031.079102	-264.564178
1029.957031	-138.092651
1028.833984	-111.940063
1027.709961	-134.853348
1026.586914	-249.052795
1025.462891	-256.516846
1024.338867	-350.798248
1023.214844	-122.712135
1022.089844	-79.332253
1020.964844	-267.199432
1019.839844	-90.659966
1018.714844	-7.589386
1017.588867	-162.299973
1016.462891	20.484215
1015.336914	-94.377975
1014.210938	-118.279587
1013.083984	248.263794
1011.957031	239.633896
1010.830078	182.121323
1009.702148	195.491577
1008.574219	306.310303
1007.446289	1110.727539
1006.318359	2054.289795
1005.190430	3338.502441
1004.061523	3270.927979
1002.932617	2552.253418
1001.802734	1437.511597
1000.673828	987.218079
999.543945	236.069626
998.414063	153.310394
997.283203	94.810844
996.153320	137.981995
995.022461	408.744537
993.891602	277.001312
992.759766	525.306152
991.628906	488.408661
990.497070	731.943970
989.364258	1176.218506
988.232422	1024.091797
987.099609	969.048279
985.966797	896.280457
984.833984	788.149902
983.700195	1220.385864
982.566406	1511.189209
981.432617	1292.454590
980.298828	959.100464
979.164063	1110.629395
978.029297	589.988525
976.894531	730.330750
975.759766	652.488586
974.624023	193.669525
973.488281	639.692322
972.352539	471.403320
971.215820	575.921997
970.080078	451.538483
968.943359	357.899414
967.805664	202.634201
966.668945	275.984711
965.531250	423.923401
964.393555	354.178162
963.254883	398.596771
962.117188	449.513580
960.978516	146.793274
959.839844	491.722717
958.700195	498.407471
957.561523	349.233246
956.421875	474.248016
955.281250	807.464478
954.141602	629.563782
953.000977	563.456848
951.860352	1036.460693
950.719727	1156.390991
949.578125	838.038696
948.436523	745.351746
947.294922	565.048523
946.153320	343.163574
945.010742	438.655792
943.868164	148.920868
942.725586	161.151733
941.583008	348.287537
940.439453	279.419952
939.295898	101.218384
938.152344	-61.661133
937.007813	-99.984344
935.863281	200.273880
934.718750	439.185699
933.574219	134.211990
932.428711	58.542091
931.283203	-8.407939
930.137695	99.195930
928.992188	141.258072
927.845703	124.352646
926.699219	-106.281784
925.552734	96.993660
924.405273	103.960190
923.257813	-61.258667
922.110352	194.038559
920.962891	135.543610
919.814453	66.145180
918.666016	-22.837673
917.517578	284.337677
916.369141	5.984155
915.219727	84.523796
914.070313	-280.702698
912.920898	182.740738
911.770508	-28.016735
910.621094	-19.135954
909.470703	59.258030
908.319336	70.247925
907.168945	-413.979401
906.017578	-196.580124
904.866211	331.187042
903.713867	-194.017258
902.562500	-31.041349
901.410156	-221.779449
900.256836	84.282990
899.104492	-173.579376
897.951172	-56.244953
896.797852	123.920128
895.644531	219.516342
894.490234	-57.558945
893.335938	118.230408
892.181641	-126.136162
891.027344	-166.837433
889.872070	143.160904
888.716797	-10.038706
887.561523	308.529510
886.405273	38.646137
885.249023	-36.428318
884.092773	176.137192
882.936523	79.568230
881.779297	177.585068
880.622070	-67.897682
879.464844	88.566231
878.307617	-44.344501
877.149414	-19.522619
875.991211	5.366108
874.833008	218.070663
873.673828	-26.643299
872.514648	-240.955460
871.355469	38.760082
870.196289	-13.583700
869.036133	-192.994263
867.875977	125.578743
866.715820	-135.447815
865.554688	122.846527
864.394531	36.588120
863.233398	557.605469
862.071289	258.387909
860.910156	336.033691
859.748047	174.936386
858.585938	467.893372
857.422852	264.063965
856.259766	722.649597
855.096680	409.490692
853.933594	328.700928
852.770508	523.085510
851.606445	266.431000
850.442383	108.820938
849.277344	217.637833
848.113281	96.889030
846.948242	55.733910
845.783203	124.163391
844.617188	12.525180
843.451172	115.538361
842.285156	96.452888
841.119141	0.368280
839.952148	-161.953384
838.785156	-186.920776
837.618164	-121.749054
836.451172	-2.909267
835.283203	-27.412477
834.115234	-342.836182
832.947266	339.276062
831.778320	105.542320
830.609375	391.857086
829.440430	199.198044
828.271484	231.288895
827.101563	545.677673
825.931641	383.552856
824.761719	279.368317
823.590820	141.225067
822.420898	473.138092
821.250000	435.718781
820.078125	569.245422
818.907227	557.790283
817.735352	563.582642
816.562500	558.880920
815.390625	392.305054
814.217773	441.309509
813.044922	439.320190
811.872070	460.951996
810.698242	109.919823
809.524414	-66.109047
808.350586	51.989735
807.176758	-121.452560
806.001953	386.466614
804.827148	-3.674410
803.651367	-253.047241
802.476563	-87.360825
801.300781	-47.043236
800.125000	184.765945
798.948242	259.348358
797.772461	385.073486
796.595703	661.740540
795.417969	825.869385
794.241211	363.672089
793.063477	381.639709
791.885742	416.742096
790.707031	331.030579
789.529297	534.041687
788.350586	520.767090
787.170898	492.806030
785.992188	454.408600
784.812500	498.834534
783.632813	445.907349
782.452148	532.963562
781.272461	664.593628
780.091797	423.618408
778.911133	309.903320
777.729492	323.355164
776.547852	121.092926
775.366211	196.173141
774.184570	290.369019
773.001953	-59.416603
771.819336	191.444138
770.636719	307.024933
769.453125	-270.417969
768.269531	185.518127
767.085938	-535.060242
765.902344	-15.757477
764.717773	277.498962
763.533203	11.404048
762.348633	85.216301
761.163086	-260.741730
759.977539	289.861115
758.791992	-104.365265
757.606445	-97.830566
756.419922	-339.948700
755.233398	22.804382
754.046875	37.839142
752.859375	219.266968
751.672852	432.217285
750.485352	257.748535
749.296875	39.173382
748.108398	982.140503
746.919922	437.448792
745.731445	103.309280
744.542969	393.776703
743.353516	269.976044
742.164063	179.833267
740.973633	85.498726
739.783203	312.558655
738.592773	64.849174
737.402344	35.565884
736.211914	88.107536
735.020508	281.165558
733.829102	644.014160
732.636719	526.270691
731.444336	379.145111
730.251953	301.196899
729.059570	-3.180464
727.866211	-154.527603
726.673828	326.832001
725.479492	112.442207
724.286133	-85.194778
723.091797	77.256882
721.897461	174.632202
720.703125	-178.072357
719.507813	-191.804840
718.312500	-136.629608
717.117188	-215.438049
715.921875	123.792793
714.725586	-105.792511
713.529297	-172.407059
712.332031	203.775894
711.135742	122.231834
709.938477	257.756897
708.740234	317.922913
707.542969	724.398682
706.344727	1113.854126
705.146484	1657.369019
703.948242	2701.062500
702.749023	2121.834229
701.549805	2468.363770
700.350586	1559.908447
699.150391	997.659058
697.950195	895.953247
696.750000	644.234131
695.549805	384.199371
694.348633	157.497101
693.147461	193.050522
691.946289	22.512794
690.744141	109.934731
689.541992	363.634857
688.339844	132.696777
687.136719	-0.472542
685.934570	296.610352
684.730469	142.651886
683.527344	425.012390
682.323242	17.753754
681.119141	225.319153
679.915039	173.366104
678.710938	133.971268
677.505859	117.513969
676.300781	36.883675
675.094727	255.070084
673.889648	-51.229004
672.683594	-6.873523
671.476563	-47.279785
670.270508	186.083664
669.063477	86.132294
667.856445	38.325836
666.648438	299.387329
665.440430	144.674164
664.232422	-108.862839
663.024414	93.363846
661.815430	233.957397
660.606445	-92.300407
659.397461	-186.235886
658.188477	-56.233788
656.978516	-103.293556
655.768555	-62.792557
654.557617	129.295319
653.346680	-57.778572
652.135742	-181.883209
650.924805	-84.070572
649.712891	27.157833
648.501953	-233.931259
647.289063	-2.784022
646.077148	-285.966736
644.864258	-93.479095
643.651367	61.211418
642.438477	-132.925018
641.224609	-212.027191
640.010742	171.971054
638.796875	326.987366
637.582031	549.729675
636.367188	342.184692
635.152344	145.093353
633.937500	653.856567
632.721680	667.044189
631.505859	723.809937
630.289063	836.610962
629.073242	1198.660767
627.856445	1039.475586
626.639648	1437.967896
625.421875	1204.840942
624.204102	1100.340210
622.986328	1147.093018
621.768555	963.442627
620.549805	344.591064
619.331055	712.465332
618.111328	446.507355
616.892578	229.970276
