1721.000977	141.282776
1720.027344	466.506470
1719.052734	141.470032
1718.078125	20.876345
1717.104492	186.751358
1716.128906	72.068275
1715.154297	-22.880920
1714.178711	230.026093
1713.204102	-327.878632
1712.228516	46.447994
1711.251953	-31.051434
1710.276367	-321.796936
1709.299805	114.208580
1708.324219	91.096794
1707.347656	-129.760529
1706.370117	-271.803467
1705.393555	28.370358
1704.416016	-68.693352
1703.438477	342.772919
1702.460938	208.878571
1701.483398	-344.732544
1700.505859	261.961609
1699.527344	121.684959
1698.548828	175.254761
1697.570313	64.921455
1696.591797	-94.260422
1695.612305	-177.152908
1694.632813	120.060173
1693.653320	54.384647
1692.673828	-182.541473
1691.694336	-80.307327
1690.713867	-146.779221
1689.734375	33.954830
1688.753906	-196.183014
1687.772461	-237.839340
1686.791992	18.565557
1685.810547	119.185493
1684.830078	5.615530
1683.848633	3.957064
1682.866211	12.291740
1681.884766	-241.735062
1680.902344	41.288383
1679.919922	-167.126770
1678.937500	59.541260
1677.955078	-1.459629
1676.971680	130.730103
1675.989258	321.305359
1675.005859	125.236908
1674.022461	-213.169006
1673.038086	15.183763
1672.054688	484.805573
1671.070313	1.532562
1670.085938	-70.142624
1669.101563	5.454456
1668.117188	-20.560673
1667.131836	-188.765762
1666.146484	158.225250
1665.161133	289.402039
1664.175781	-109.632683
1663.189453	143.225830
1662.204102	317.418793
1661.217773	194.908386
1660.231445	356.321228
1659.245117	294.688477
1658.257813	192.527939
1657.270508	-5.823526
1656.284180	-226.818512
1655.295898	121.889694
1654.308594	394.581177
1653.321289	-251.485016
1652.333008	367.844757
1651.344727	73.718460
1650.356445	247.653717
1649.367188	-76.629776
1648.378906	-13.890107
1647.389648	334.450623
1646.400391	-42.585720
1645.411133	149.060730
1644.420898	436.621002
1643.431641	-149.676102
1642.441406	150.552017
1641.451172	475.955139
1640.459961	218.197678
1639.469727	220.554321
1638.478516	-127.760223
1637.487305	220.297668
1636.496094	444.693085
1635.504883	563.152771
1634.512695	232.876053
1633.520508	119.534889
1632.528320	631.187744
1631.536133	580.896973
1630.543945	485.342010
1629.550781	639.140198
1628.557617	689.704895
1627.564453	1065.004517
1626.571289	1077.815674
1625.578125	1148.536621
1624.583984	1687.132202
1623.589844	1071.167480
1622.595703	1851.044312
1621.601563	2286.230469
1620.606445	2183.371094
1619.611328	2118.296387
1618.616211	2141.228027
1617.621094	2314.907715
1616.625977	2026.474854
1615.629883	1697.996460
1614.633789	2506.853271
1613.637695	1621.329346
1612.641602	1842.791016
1611.645508	1835.905273
1610.648438	2330.665039
1609.651367	1446.036499
1608.654297	1732.651489
1607.657227	2312.458252
1606.659180	2275.523926
1605.662109	2496.750244
1604.664063	2199.335205
1603.666016	2665.955566
1602.666992	2806.854736
1601.668945	2349.433838
1600.669922	2535.453857
1599.670898	2103.329834
1598.671875	2429.486572
1597.671875	2032.600952
1596.672852	1673.456665
1595.672852	1599.487183
1594.672852	1678.064087
1593.671875	1284.228271
1592.671875	985.567627
1591.670898	1461.476807
1590.669922	698.335205
1589.668945	844.513306
1588.667969	898.271851
1587.666016	824.690979
1586.664063	648.833618
1585.662109	398.214691
1584.660156	464.528748
1583.658203	807.669617
1582.655273	362.690308
1581.652344	428.981842
1580.649414	360.660828
1579.646484	98.011787
1578.642578	19.810585
1577.638672	360.135773
1576.634766	70.256332
1575.630859	305.874908
1574.626953	172.975433
1573.622070	127.220726
1572.618164	123.830704
1571.613281	520.951904
1570.607422	504.990295
1569.602539	-135.096008
1568.596680	100.214775
1567.590820	293.176971
1566.584961	158.020828
1565.579102	-93.847633
1564.572266	-209.011169
1563.566406	1.269460
1562.559570	159.289948
1561.551758	-263.707581
1560.544922	120.184097
1559.537109	94.432709
1558.530273	-159.519455
1557.521484	-1.665756
1556.513672	-396.872162
1555.505859	-234.025681
1554.497070	216.279694
1553.488281	51.759315
1552.479492	23.596920
1551.470703	290.265350
1550.460938	133.248978
1549.451172	-80.647003
1548.441406	29.886242
1547.431641	-381.901001
1546.421875	-261.434174
1545.411133	98.962746
1544.400391	167.313690
1543.389648	-221.896591
1542.378906	432.547150
1541.367188	-188.952225
1540.355469	-345.507568
1539.343750	-146.141846
1538.332031	-342.143616
1537.320313	74.534554
1536.307617	-79.458191
1535.294922	1.191078
1534.282227	-362.517059
1533.269531	-20.203066
1532.256836	-220.866348
1531.243164	200.216751
1530.229492	120.448967
1529.215820	146.764542
1528.202148	-268.218628
1527.187500	-170.343079
1526.172852	122.200073
1525.158203	-70.740761
1524.143555	-194.606247
1523.127930	102.714432
1522.113281	-156.513596
1521.097656	165.336838
1520.082031	135.117447
1519.065430	43.384548
1518.049805	146.110046
1517.033203	71.687111
1516.016602	-546.161560
1515.000000	-313.013275
1513.982422	23.274599
1512.965820	170.247711
1511.948242	-53.868202
1510.930664	-64.131897
1509.913086	338.266144
1508.894531	-214.722672
1507.875977	-35.832951
1506.857422	253.467468
1505.838867	231.031082
1504.820313	-4.816937
1503.800781	181.355606
1502.781250	136.962265
1501.761719	413.832123
1500.742188	90.028641
1499.721680	430.566284
1498.702148	268.712006
1497.681641	-277.689728
1496.661133	116.735237
1495.639648	452.236023
1494.618164	89.878067
1493.597656	77.789047
1492.576172	325.134399
1491.553711	445.165253
1490.532227	205.631897
1489.509766	-70.467781
1488.487305	-21.178152
1487.464844	-228.549042
1486.442383	-171.802155
1485.418945	38.898193
1484.395508	-75.371513
1483.372070	213.502914
1482.348633	206.819305
1481.324219	161.105011
1480.300781	-87.105972
1479.276367	155.373093
1478.251953	151.368179
1477.226563	481.613983
1476.202148	128.897766
1475.176758	-101.706436
1474.151367	-56.654251
1473.125000	266.285431
1472.099609	265.078827
1471.073242	224.929520
1470.046875	131.276077
1469.020508	-8.533068
1467.994141	-101.946312
1466.966797	94.412422
1465.939453	-32.936684
1464.912109	338.675110
1463.884766	218.779800
1462.856445	235.191299
1461.829102	472.995026
1460.800781	679.142334
1459.772461	656.793396
1458.743164	442.516357
1457.714844	374.223999
1456.685547	1044.493286
1455.656250	1027.241943
1454.625977	932.350769
1453.596680	1085.235718
1452.566406	1111.896362
1451.536133	706.698975
1450.505859	495.847443
1449.474609	1114.691772
1448.444336	224.998291
1447.413086	594.087891
1446.381836	609.197449
1445.350586	1138.179077
1444.318359	799.562805
1443.286133	642.862732
1442.253906	973.141724
1441.221680	821.501709
1440.189453	720.857239
1439.156250	678.410767
1438.123047	824.831909
1437.089844	-115.031319
1436.056641	464.661194
1435.022461	-97.293877
1433.988281	233.272507
1432.954102	341.395813
1431.919922	87.048943
1430.885742	132.525146
1429.850586	559.750366
1428.815430	-61.345196
1427.780273	-44.577763
1426.744141	397.158600
1425.708984	88.160477
1424.672852	37.581032
1423.636719	-444.755646
1422.600586	-63.220566
1421.563477	-58.000290
1420.527344	-81.588448
1419.490234	20.255028
1418.452148	66.698486
1417.415039	-89.162552
1416.376953	-442.431183
1415.338867	213.754776
1414.300781	-192.206284
1413.262695	-8.040977
1412.224609	-81.409492
1411.185547	-113.763153
1410.146484	-44.947460
1409.107422	-45.825806
1408.067383	-56.243755
1407.027344	-109.844063
1405.987305	38.615292
1404.947266	100.583366
1403.907227	342.845123
1402.866211	-17.932802
1401.826172	270.083801
1400.785156	-97.529388
1399.743164	236.145676
1398.702148	480.989441
1397.660156	457.015625
1396.618164	267.599854
1395.576172	639.683167
1394.533203	817.421204
1393.491211	1136.669800
1392.448242	1364.760132
1391.405273	1937.985107
1390.361328	2098.879639
1389.318359	2072.958740
1388.274414	2823.175537
1387.230469	2737.408447
1386.186523	3216.801514
1385.141602	3231.690918
1384.097656	4000.535889
1383.052734	3515.372559
1382.007813	3836.660645
1380.961914	3947.420166
1379.916992	4055.852051
1378.871094	3502.114014
1377.825195	3407.598877
1376.778320	2722.968018
1375.732422	3011.096680
1374.685547	2424.956299
1373.638672	2615.271240
1372.591797	2165.736328
1371.543945	2341.860596
1370.497070	2007.303955
1369.449219	2138.229736
1368.400391	1708.575073
1367.352539	1687.042114
1366.303711	1586.896362
1365.255859	1260.429565
1364.206055	1622.952881
1363.157227	1618.454590
1362.108398	1837.990967
1361.058594	1826.451050
1360.008789	1998.366577
1358.958984	1748.873413
1357.908203	1537.638306
1356.857422	1902.493408
1355.806641	1601.059082
1354.755859	1404.502563
1353.705078	1434.049683
1352.653320	1230.617432
1351.601563	1165.228882
1350.549805	1066.676392
1349.498047	1355.564453
1348.445313	955.423828
1347.393555	743.195129
1346.340820	1264.893188
1345.287109	710.912170
1344.234375	1130.469604
1343.180664	897.276184
1342.126953	659.510559
1341.073242	770.625122
1340.019531	544.986206
1338.964844	407.230499
1337.910156	594.372253
1336.855469	392.805237
1335.799805	582.353699
1334.745117	262.554321
1333.689453	310.068207
1332.633789	220.280411
1331.578125	357.877625
1330.521484	441.016541
1329.464844	-150.269592
1328.408203	22.975464
1327.351563	172.551682
1326.294922	104.548080
1325.237305	1.145117
1324.179688	-336.182892
1323.122070	-191.167191
1322.064453	-86.328140
1321.005859	-231.910828
1319.947266	130.433823
1318.888672	-10.298896
1317.830078	-54.121506
1316.770508	15.408662
1315.710938	129.800583
1314.651367	-199.364502
1313.591797	221.771973
1312.531250	60.254498
1311.471680	-360.484772
1310.411133	-132.750549
1309.349609	-77.133308
1308.289063	-106.298866
1307.227539	22.413240
1306.166016	125.206795
1305.104492	82.006798
1304.042969	-130.636734
1302.980469	104.047745
1301.917969	37.463036
1300.855469	-560.758789
1299.792969	-333.063843
1298.729492	-9.028002
1297.666016	-202.346298
1296.602539	-560.085876
1295.539063	-38.677197
1294.474609	188.819687
1293.411133	543.124329
1292.346680	-335.722473
1291.281250	-209.182281
1290.216797	-52.129513
1289.151367	219.883133
1288.085938	81.160263
1287.020508	231.095688
1285.955078	52.622292
1284.888672	75.918716
1283.822266	228.180023
1282.755859	284.303955
1281.689453	502.133575
1280.622070	417.632843
1279.554688	129.406860
1278.487305	679.755737
1277.419922	653.893616
1276.351563	653.804138
1275.283203	599.912659
1274.214844	412.695007
1273.146484	410.396667
1272.077148	373.020966
1271.008789	-75.850807
1269.939453	506.480133
1268.869141	214.392120
1267.799805	768.407715
1266.729492	469.425079
1265.659180	675.130981
1264.588867	813.040344
1263.517578	287.809265
1262.447266	491.143494
1261.375977	757.406372
1260.304688	395.913452
1259.232422	461.480957
1258.161133	226.189560
1257.088867	643.891052
1256.016602	518.248596
1254.943359	537.164429
1253.871094	232.199493
1252.797852	686.854309
1251.724609	1024.862183
1250.650391	1635.176270
1249.577148	1076.505737
1248.502930	846.277222
1247.428711	893.091064
1246.354492	1044.595093
1245.279297	949.457581
1244.204102	745.067871
1243.128906	557.050476
1242.053711	841.022095
1240.977539	464.814972
1239.902344	565.134155
1238.826172	581.769714
1237.750000	575.177429
1236.672852	754.345886
1235.595703	464.488678
1234.518555	671.464661
1233.441406	418.894440
1232.364258	52.754047
1231.286133	558.899414
1230.208008	348.254944
1229.129883	230.445160
1228.051758	-218.780457
1226.972656	407.484863
1225.893555	-180.611893
1224.814453	209.092865
1223.734375	84.474655
1222.655273	223.882584
1221.575195	416.458801
1220.495117	-441.794281
1219.415039	183.540878
1218.333984	-75.132874
1217.252930	242.210342
1216.171875	-37.176052
1215.090820	113.559021
1214.008789	174.068512
1212.926758	45.061806
1211.844727	66.272804
1210.762695	-155.060684
1209.679688	50.909595
1208.597656	-77.983078
1207.513672	-169.919479
1206.430664	-7.954196
1205.347656	-415.965515
1204.263672	-450.120758
1203.179688	60.004234
1202.095703	362.381622
1201.010742	164.359695
1199.925781	141.577438
1198.840820	192.530472
1197.755859	542.929199
1196.670898	-161.703430
1195.584961	94.172241
1194.499023	202.578018
1193.413086	-22.814753
1192.326172	64.818741
1191.239258	196.113571
1190.152344	364.135620
1189.065430	490.673370
1187.978516	297.562286
1186.890625	102.209106
1185.802734	157.416901
1184.714844	302.188995
1183.625977	-251.454575
1182.538086	196.456146
1181.449219	81.598495
1180.360352	790.873169
1179.270508	411.944702
1178.180664	379.643433
1177.090820	404.679749
1176.000977	787.474854
1174.911133	734.403198
1173.820313	1016.023743
1172.729492	600.725464
1171.638672	893.660095
1170.547852	391.463684
1169.456055	633.855286
1168.364258	386.059814
1167.272461	502.369659
1166.179688	1067.222412
1165.087891	1197.002563
1163.995117	1026.960938
1162.902344	1909.177979
1161.808594	2141.474365
1160.715820	2574.855469
1159.622070	2100.493896
1158.528320	1882.270996
1157.433594	1527.003296
1156.339844	1669.868042
1155.245117	937.897461
1154.149414	420.840546
1153.054688	454.152191
1151.958984	437.188507
1150.863281	212.541702
1149.767578	613.043030
1148.671875	128.367523
1147.575195	204.803925
1146.478516	297.124268
1145.381836	22.398064
1144.285156	-72.231026
1143.187500	630.521790
1142.089844	194.030075
1140.992188	133.433670
1139.894531	-157.131592
1138.795898	-231.392853
1137.697266	217.750198
1136.598633	-500.547119
1135.499023	-206.344070
1134.400391	-203.403748
1133.300781	-80.031372
1132.201172	118.248451
1131.100586	289.098907
1130.000977	3.120482
1128.900391	-12.472896
1127.799805	510.149780
1126.698242	144.635895
1125.596680	473.890717
1124.495117	319.506958
1123.393555	503.225891
1122.291992	568.831604
1121.189453	833.920410
1120.086914	1389.081421
1118.984375	1479.168945
1117.881836	1501.154663
1116.778320	2354.693359
1115.674805	2133.897705
1114.571289	2092.071045
1113.466797	1468.184448
1112.363281	1885.980347
1111.258789	1848.526611
1110.153320	1661.638428
1109.048828	1728.175537
1107.943359	1778.756226
1106.837891	2055.384277
1105.732422	1576.632568
1104.625977	1066.350586
1103.520508	1699.785522
1102.414063	597.554932
1101.306641	943.716125
1100.200195	655.024475
1099.092773	1052.780762
1097.985352	1012.321106
1096.877930	755.120972
1095.769531	538.548584
1094.661133	802.491089
1093.552734	448.236359
1092.444336	312.771545
1091.335938	118.657928
1090.226563	598.431458
1089.117188	266.670929
1088.006836	610.806641
1086.897461	517.743958
1085.787109	1199.246948
1084.676758	718.632874
1083.566406	582.513977
1082.455078	1047.171631
1081.343750	1203.286743
1080.232422	742.905151
1079.121094	883.056824
1078.008789	638.554077
1076.896484	744.707214
1075.784180	1131.616577
1074.671875	653.210693
1073.558594	1152.028198
1072.445313	1432.660767
1071.332031	1320.126831
1070.217773	1160.359375
1069.104492	663.926636
1067.990234	605.105408
1066.875977	579.839722
1065.760742	444.542389
1064.645508	-33.877678
1063.530273	489.844086
1062.415039	807.007385
1061.299805	314.997833
1060.183594	188.216248
1059.067383	298.767365
1057.951172	256.872803
1056.833984	84.995552
1055.716797	-272.704620
1054.599609	-23.970892
1053.482422	235.699646
1052.364258	-39.468655
1051.247070	-86.544685
1050.128906	165.815689
1049.009766	413.431519
1047.891602	314.445557
1046.772461	-86.271370
1045.653320	341.722870
1044.533203	619.741821
1043.414063	107.159599
1042.293945	469.631439
1041.173828	-132.267227
1040.052734	-136.125626
1038.932617	49.486130
1037.811523	-302.609650
1036.689453	85.503906
1035.568359	-233.308945
1034.446289	254.589844
1033.324219	-171.391281
1032.202148	21.922840
1031.079102	-107.948395
1029.957031	-113.209755
1028.833984	-38.509399
1027.709961	-406.906799
1026.586914	-183.414536
1025.462891	-64.759529
1024.338867	-199.856384
1023.214844	-168.287552
1022.089844	-154.702347
1020.964844	-481.327454
1019.839844	-283.577209
1018.714844	124.966034
1017.588867	-117.613045
1016.462891	177.111877
1015.336914	387.179657
1014.210938	565.914368
1013.083984	262.865173
1011.957031	106.208977
1010.830078	-21.706579
1009.702148	468.913452
1008.574219	1034.516113
1007.446289	1859.023193
1006.318359	3762.145752
1005.190430	4848.958496
1004.061523	5476.595215
1002.932617	4055.457275
1001.802734	2169.854248
1000.673828	849.389954
999.543945	483.097809
998.414063	333.617828
997.283203	445.021301
996.153320	-1.028603
995.022461	357.688477
993.891602	316.008423
992.759766	103.994431
991.628906	700.568665
990.497070	194.466232
989.364258	-26.718676
988.232422	253.245499
987.099609	-63.082420
985.966797	187.728348
984.833984	537.553711
983.700195	876.003174
982.566406	232.773651
981.432617	374.600555
980.298828	150.289703
979.164063	672.993286
978.029297	-221.419281
976.894531	349.287659
975.759766	419.662262
974.624023	500.836975
973.488281	416.732666
972.352539	521.784363
971.215820	507.800140
970.080078	328.726898
968.943359	431.069885
967.805664	810.240601
966.668945	292.241394
965.531250	433.635681
964.393555	730.837769
963.254883	430.221771
962.117188	632.584045
960.978516	674.405334
959.839844	740.225525
958.700195	1246.996826
957.561523	680.469482
956.421875	669.061340
955.281250	1405.391602
954.141602	1308.070679
953.000977	1199.683960
951.860352	1238.080811
950.719727	1626.935791
949.578125	1239.970093
948.436523	903.451599
947.294922	864.781372
946.153320	1196.001099
945.010742	614.257813
943.868164	573.167603
942.725586	698.264526
941.583008	208.621597
940.439453	16.471916
939.295898	-11.712621
938.152344	78.059250
937.007813	14.719745
935.863281	-472.489380
934.718750	108.501434
933.574219	658.582031
932.428711	254.282379
931.283203	127.301567
930.137695	109.424202
928.992188	-183.385452
927.845703	-142.433350
926.699219	347.655731
925.552734	181.260315
924.405273	217.570572
923.257813	66.418999
922.110352	80.879501
920.962891	127.971359
919.814453	137.959106
918.666016	-246.133148
917.517578	207.921005
916.369141	15.445672
915.219727	255.955551
914.070313	161.385040
912.920898	-200.621323
911.770508	233.216919
910.621094	-48.215748
909.470703	2.938538
908.319336	-124.105186
907.168945	-201.087509
906.017578	-323.650299
904.866211	-31.460617
903.713867	-99.721962
902.562500	133.746765
901.410156	208.733780
900.256836	12.563738
899.104492	76.784668
897.951172	-203.724991
896.797852	-63.550446
895.644531	24.605511
894.490234	-168.897507
893.335938	322.218445
892.181641	-3.225987
891.027344	-378.242157
889.872070	-339.614594
888.716797	-309.577362
887.561523	116.459702
886.405273	375.802216
885.249023	62.059601
884.092773	397.161896
882.936523	178.867310
881.779297	-67.338531
880.622070	90.696365
879.464844	-217.789398
878.307617	212.544327
877.149414	-136.624924
875.991211	30.377722
874.833008	199.599396
873.673828	230.768738
872.514648	29.114883
871.355469	427.204437
870.196289	171.994553
869.036133	-195.051254
867.875977	-113.532654
866.715820	159.862900
865.554688	532.357117
864.394531	416.038025
863.233398	136.290497
862.071289	177.548508
860.910156	584.836548
859.748047	774.794128
858.585938	915.382568
857.422852	413.086090
856.259766	820.658386
855.096680	499.575653
853.933594	131.567825
852.770508	335.439087
851.606445	524.365723
850.442383	556.658875
849.277344	213.409119
848.113281	417.921326
846.948242	32.401081
845.783203	293.072388
844.617188	172.026428
843.451172	-90.255531
842.285156	-272.852844
841.119141	-112.169174
839.952148	-309.210449
838.785156	312.503326
837.618164	113.810455
836.451172	217.408417
835.283203	-173.372253
834.115234	5.646381
832.947266	-5.611887
831.778320	-316.152100
830.609375	759.765198
829.440430	227.321182
828.271484	195.673645
827.101563	51.005493
825.931641	235.765701
824.761719	390.803009
823.590820	249.117142
822.420898	306.395264
821.250000	504.803741
820.078125	353.324432
818.907227	483.892548
817.735352	766.136597
816.562500	481.135529
815.390625	742.475098
814.217773	189.546585
813.044922	300.033020
811.872070	8.000426
810.698242	493.977020
809.524414	-338.441223
808.350586	1.010492
807.176758	-379.012604
806.001953	-109.415550
804.827148	-514.236694
803.651367	357.865112
802.476563	100.425766
801.300781	349.461151
800.125000	273.376587
798.948242	918.107361
797.772461	151.839096
796.595703	335.811584
795.417969	600.655701
794.241211	583.223206
793.063477	621.239136
791.885742	1137.043457
790.707031	689.462585
789.529297	558.447327
788.350586	733.145752
787.170898	867.699158
785.992188	1089.353516
784.812500	1014.394409
783.632813	668.467712
782.452148	1043.196899
781.272461	852.481934
780.091797	708.636597
778.911133	823.344482
777.729492	72.541573
776.547852	122.141327
775.366211	535.771118
774.184570	562.355164
773.001953	235.974075
771.819336	89.614120
770.636719	-60.730663
769.453125	-158.026489
768.269531	-261.455963
767.085938	-493.513733
765.902344	-5.292295
764.717773	187.289017
763.533203	468.554321
762.348633	11.305347
761.163086	258.966431
759.977539	-206.228836
758.791992	-160.834549
757.606445	101.763031
756.419922	-211.039093
755.233398	388.737946
754.046875	-195.565750
752.859375	334.559998
751.672852	504.458496
750.485352	449.083557
749.296875	808.364990
748.108398	889.776978
746.919922	794.487366
745.731445	1029.441406
744.542969	814.349670
743.353516	599.359314
742.164063	836.303467
740.973633	-82.471619
739.783203	557.796997
738.592773	414.406036
737.402344	749.757874
736.211914	398.504944
735.020508	441.895813
733.829102	919.518066
732.636719	868.241455
731.444336	779.173401
730.251953	742.482422
729.059570	435.325470
727.866211	463.506195
726.673828	259.025330
725.479492	272.358887
724.286133	-22.255554
723.091797	168.863235
721.897461	-180.261322
720.703125	-259.404388
719.507813	-60.397957
718.312500	-620.897156
717.117188	29.499546
715.921875	367.928467
714.725586	145.867096
713.529297	109.736420
712.332031	495.459839
711.135742	-50.705261
709.938477	319.923889
708.740234	612.954529
707.542969	792.974548
706.344727	1759.413452
705.146484	2360.138184
703.948242	3377.543701
702.749023	3399.642822
701.549805	3304.816162
700.350586	2884.734375
699.150391	2270.884521
697.950195	1594.673584
696.750000	1097.746948
695.549805	890.337036
694.348633	177.007996
693.147461	211.053406
691.946289	190.852936
690.744141	191.340530
689.541992	33.656857
688.339844	308.442505
687.136719	578.849304
685.934570	159.077911
684.730469	580.935547
683.527344	173.724731
682.323242	256.803650
681.119141	113.525116
679.915039	364.741638
678.710938	242.322876
677.505859	59.845490
676.300781	95.355644
675.094727	454.468628
673.889648	320.117645
672.683594	559.107849
671.476563	-167.540085
670.270508	22.181814
669.063477	156.151733
667.856445	406.341644
666.648438	89.475090
665.440430	-268.241760
664.232422	24.449942
663.024414	7.154944
661.815430	-295.045013
660.606445	-50.572765
659.397461	349.480591
658.188477	551.620117
656.978516	12.557074
655.768555	13.791020
654.557617	214.188583
653.346680	-150.355515
652.135742	-272.154205
650.924805	42.705204
649.712891	-345.067047
648.501953	38.110115
647.289063	-373.688812
646.077148	-220.932434
644.864258	-151.253311
643.651367	4.512158
642.438477	180.456741
641.224609	125.351364
640.010742	418.199280
638.796875	-61.273964
637.582031	534.157166
636.367188	464.746002
635.152344	54.137047
633.937500	475.252686
632.721680	637.640869
631.505859	704.038391
630.289063	972.753540
629.073242	1877.376953
627.856445	1289.031250
626.639648	1550.663452
625.421875	1540.562378
624.204102	815.567505
622.986328	731.147095
621.768555	431.251495
620.549805	638.474792
619.331055	-107.867294
618.111328	40.866459
616.892578	319.399109
