1721.000977	38.873508
1720.027344	46.471889
1719.052734	-42.073456
1718.078125	107.555939
1717.104492	238.720810
1716.128906	-74.329475
1715.154297	-67.131310
1714.178711	249.855499
1713.204102	-25.738930
1712.228516	108.421669
1711.251953	6.457641
1710.276367	27.176277
1709.299805	19.389654
1708.324219	-257.522522
1707.347656	59.290554
1706.370117	142.786636
1705.393555	197.866043
1704.416016	-77.355881
1703.438477	79.583900
1702.460938	11.208372
1701.483398	57.717815
1700.505859	114.248566
1699.527344	-123.337395
1698.548828	35.061409
1697.570313	-59.664097
1696.591797	80.485985
1695.612305	31.467188
1694.632813	74.257912
1693.653320	-301.689972
1692.673828	1.238146
1691.694336	15.635962
1690.713867	88.595390
1689.734375	77.304092
1688.753906	17.482658
1687.772461	-98.478859
1686.791992	20.058752
1685.810547	-287.076782
1684.830078	167.659576
1683.848633	-180.210861
1682.866211	-250.398056
1681.884766	-43.034431
1680.902344	133.658218
1679.919922	-168.207718
1678.937500	-251.126404
1677.955078	123.906799
1676.971680	145.221649
1675.989258	186.896194
1675.005859	-2.818184
1674.022461	-29.759750
1673.038086	47.503010
1672.054688	127.311775
1671.070313	161.365524
1670.085938	35.425690
1669.101563	-49.805763
1668.117188	75.742081
1667.131836	-47.491417
1666.146484	70.441856
1665.161133	15.836920
1664.175781	85.586288
1663.189453	-24.728544
1662.204102	184.539230
1661.217773	89.544762
1660.231445	-203.054062
1659.245117	112.665825
1658.257813	-30.267242
1657.270508	16.874386
1656.284180	15.950830
1655.295898	101.125107
1654.308594	-140.207870
1653.321289	-97.940132
1652.333008	-55.656921
1651.344727	-28.516344
1650.356445	31.546253
1649.367188	71.388878
1648.378906	-45.462009
1647.389648	27.346125
1646.400391	140.607574
1645.411133	-24.047003
1644.420898	-42.087811
1643.431641	15.713762
1642.441406	139.175339
1641.451172	-98.362534
1640.459961	15.061568
1639.469727	-159.164291
1638.478516	62.808994
1637.487305	196.456299
1636.496094	87.997589
1635.504883	123.348122
1634.512695	297.358032
1633.520508	214.273300
1632.528320	282.452393
1631.536133	353.167847
1630.543945	512.049561
1629.550781	461.883331
1628.557617	243.100266
1627.564453	437.253998
1626.571289	623.814209
1625.578125	953.752563
1624.583984	677.329468
1623.589844	738.071411
1622.595703	1118.160889
1621.601563	1075.780396
1620.606445	1350.128174
1619.611328	1129.349365
1618.616211	1225.255493
1617.621094	1338.734009
1616.625977	1459.725342
1615.629883	1389.859253
1614.633789	1043.915649
1613.637695	1119.782227
1612.641602	1077.705811
1611.645508	1286.542603
1610.648438	1199.331055
1609.651367	1220.007080
1608.654297	1258.243530
1607.657227	1371.679688
1606.659180	1407.383545
1605.662109	1408.024902
1604.664063	1408.667969
1603.666016	1321.664795
1602.666992	1502.624390
1601.668945	1573.382324
1600.669922	1634.094971
1599.670898	1502.104614
1598.671875	1442.736450
1597.671875	1325.851318
1596.672852	1579.165894
1595.672852	1399.807373
1594.672852	1120.538086
1593.671875	996.328247
1592.671875	1037.109375
1591.670898	1020.401550
1590.669922	783.904358
1589.668945	624.917725
1588.667969	620.794495
1587.666016	624.143921
1586.664063	325.521179
1585.662109	610.876770
1584.660156	397.192444
1583.658203	418.035797
1582.655273	196.979248
1581.652344	372.400330
1580.649414	365.790619
1579.646484	329.274567
1578.642578	240.432419
1577.638672	602.477783
1576.634766	389.081970
1575.630859	-68.241791
1574.626953	181.595886
1573.622070	155.044571
1572.618164	73.768326
1571.613281	-79.645752
1570.607422	-121.092537
1569.602539	111.027649
1568.596680	109.317612
1567.590820	-73.858467
1566.584961	150.600723
1565.579102	265.630493
1564.572266	124.717728
1563.566406	43.475967
1562.559570	265.179993
1561.551758	-59.406677
1560.544922	-43.809067
1559.537109	140.499603
1558.530273	-102.003685
1557.521484	30.108992
1556.513672	-31.268084
1555.505859	98.285744
1554.497070	210.404022
1553.488281	-76.560410
1552.479492	-63.591854
1551.470703	147.550018
1550.460938	-3.046107
1549.451172	12.326237
1548.441406	131.661346
1547.431641	-13.919526
1546.421875	-10.965006
1545.411133	-198.554291
1544.400391	-163.441742
1543.389648	54.665859
1542.378906	-137.797623
1541.367188	-194.235550
1540.355469	-146.851410
1539.343750	9.235966
1538.332031	-131.226974
1537.320313	-81.443031
1536.307617	146.106415
1535.294922	252.569504
1534.282227	144.216171
1533.269531	107.472626
1532.256836	50.999416
1531.243164	-44.944530
1530.229492	-128.521530
1529.215820	345.233704
1528.202148	-201.899033
1527.187500	86.778671
1526.172852	-41.149368
1525.158203	237.512680
1524.143555	62.796574
1523.127930	-106.939034
1522.113281	-335.683258
1521.097656	78.177139
1520.082031	211.278763
1519.065430	-150.300919
1518.049805	-137.760056
1517.033203	410.979584
1516.016602	56.964710
1515.000000	-1.856792
1513.982422	202.356277
1512.965820	-13.754406
1511.948242	20.840643
1510.930664	-62.491528
1509.913086	-108.941704
1508.894531	-25.236954
1507.875977	68.259277
1506.857422	-42.003155
1505.838867	12.206853
1504.820313	7.518847
1503.800781	123.022247
1502.781250	358.658264
1501.761719	-254.168198
1500.742188	162.873611
1499.721680	-8.482281
1498.702148	192.721848
1497.681641	-37.339542
1496.661133	146.651596
1495.639648	29.357115
1494.618164	-95.219444
1493.597656	76.472252
1492.576172	37.626404
1491.553711	277.730072
1490.532227	109.242531
1489.509766	104.692146
1488.487305	217.531509
1487.464844	63.872601
1486.442383	8.063679
1485.418945	404.364471
1484.395508	35.813412
1483.372070	209.704086
1482.348633	0.130835
1481.324219	32.374973
1480.300781	62.199924
1479.276367	150.597412
1478.251953	90.138855
1477.226563	-14.193152
1476.202148	-198.928436
1475.176758	-25.114100
1474.151367	12.127768
1473.125000	-26.194759
1472.099609	218.228058
1471.073242	-2.797148
1470.046875	-26.388708
1469.020508	137.584747
1467.994141	-2.841115
1466.966797	287.693512
1465.939453	-3.552965
1464.912109	128.753952
1463.884766	98.040512
1462.856445	356.801392
1461.829102	345.574005
1460.800781	387.859009
1459.772461	473.912628
1458.743164	338.801910
1457.714844	390.884247
1456.685547	515.844177
1455.656250	373.631012
1454.625977	680.712402
1453.596680	553.165955
1452.566406	527.635620
1451.536133	550.687622
1450.505859	544.652405
1449.474609	470.732117
1448.444336	590.898499
1447.413086	485.557434
1446.381836	467.566010
1445.350586	408.422546
1444.318359	550.440674
1443.286133	387.203857
1442.253906	173.216278
1441.221680	225.722275
1440.189453	353.296295
1439.156250	311.416168
1438.123047	613.221741
1437.089844	382.674194
1436.056641	-17.056465
1435.022461	93.689430
1433.988281	431.709686
1432.954102	242.647003
1431.919922	102.046463
1430.885742	-55.367245
1429.850586	272.893829
1428.815430	197.705292
1427.780273	38.077034
1426.744141	18.573235
1425.708984	-17.762402
1424.672852	114.874275
1423.636719	134.102768
1422.600586	109.946503
1421.563477	-184.276199
1420.527344	-49.129597
1419.490234	-10.434128
1418.452148	102.990021
1417.415039	-82.368988
1416.376953	-125.481735
1415.338867	33.790348
1414.300781	-235.597748
1413.262695	-131.655853
1412.224609	-6.052027
1411.185547	-171.659012
1410.146484	26.157530
1409.107422	166.200226
1408.067383	-83.391838
1407.027344	-29.869259
1405.987305	-48.447025
1404.947266	146.935257
1403.907227	-56.611275
1402.866211	145.970642
1401.826172	372.538696
1400.785156	-111.770988
1399.743164	134.025940
1398.702148	84.525131
1397.660156	455.052429
1396.618164	355.190735
1395.576172	514.488525
1394.533203	558.628479
1393.491211	557.244690
1392.448242	738.083435
1391.405273	868.555420
1390.361328	1166.737793
1389.318359	1364.223389
1388.274414	1470.633789
1387.230469	1545.908813
1386.186523	1424.864380
1385.141602	2000.464844
1384.097656	1750.224243
1383.052734	1691.530151
1382.007813	2015.642578
1380.961914	1825.443481
1379.916992	1917.527100
1378.871094	2014.376831
1377.825195	1862.654663
1376.778320	1629.778076
1375.732422	1404.213989
1374.685547	1310.145142
1373.638672	1273.463989
1372.591797	1308.461304
1371.543945	1121.474487
1370.497070	762.786194
1369.449219	1220.283081
1368.400391	833.150452
1367.352539	875.522156
1366.303711	710.449158
1365.255859	948.377686
1364.206055	564.142395
1363.157227	973.622620
1362.108398	794.507874
1361.058594	1058.520752
1360.008789	839.033569
1358.958984	1181.553589
1357.908203	712.249146
1356.857422	826.236389
1355.806641	875.962097
1354.755859	985.164246
1353.705078	908.842346
1352.653320	858.727234
1351.601563	613.725891
1350.549805	473.435699
1349.498047	777.590515
1348.445313	547.091248
1347.393555	537.621216
1346.340820	411.812714
1345.287109	513.997375
1344.234375	613.799927
1343.180664	426.419037
1342.126953	144.238190
1341.073242	184.815552
1340.019531	106.816704
1338.964844	360.822418
1337.910156	237.813675
1336.855469	-138.719727
1335.799805	233.713242
1334.745117	96.662560
1333.689453	9.425138
1332.633789	31.175184
1331.578125	-1.515438
1330.521484	-107.559875
1329.464844	238.466003
1328.408203	513.382141
1327.351563	2.856095
1326.294922	-43.895699
1325.237305	-5.497193
1324.179688	56.542049
1323.122070	132.752914
1322.064453	-41.523174
1321.005859	-159.015518
1319.947266	-148.897827
1318.888672	-41.953636
1317.830078	145.232712
1316.770508	86.865601
1315.710938	7.300570
1314.651367	59.908379
1313.591797	79.483635
1312.531250	-254.691086
1311.471680	-305.761963
1310.411133	-220.081406
1309.349609	-247.557922
1308.289063	-20.525253
1307.227539	3.820520
1306.166016	-51.913219
1305.104492	-199.443542
1304.042969	22.715595
1302.980469	233.014969
1301.917969	189.087311
1300.855469	-31.262953
1299.792969	-37.457943
1298.729492	-76.570244
1297.666016	-190.890991
1296.602539	-333.359863
1295.539063	-5.729041
1294.474609	105.594994
1293.411133	-3.928925
1292.346680	168.429443
1291.281250	293.753937
1290.216797	69.249397
1289.151367	260.277069
1288.085938	110.977325
1287.020508	534.189880
1285.955078	-13.829551
1284.888672	-205.163086
1283.822266	100.632423
1282.755859	286.758026
1281.689453	158.781906
1280.622070	70.694374
1279.554688	214.555695
1278.487305	121.824760
1277.419922	277.335449
1276.351563	353.187439
1275.283203	258.159790
1274.214844	219.340317
1273.146484	332.607819
1272.077148	141.767181
1271.008789	25.854946
1269.939453	75.980934
1268.869141	268.662720
1267.799805	367.802032
1266.729492	135.135727
1265.659180	229.595154
1264.588867	155.877548
1263.517578	42.498825
1262.447266	291.001282
1261.375977	135.649292
1260.304688	314.030365
1259.232422	247.392975
1258.161133	348.720703
1257.088867	419.690155
1256.016602	313.463043
1254.943359	365.772278
1253.871094	343.503723
1252.797852	433.072357
1251.724609	496.985626
1250.650391	665.663940
1249.577148	440.819305
1248.502930	500.050385
1247.428711	768.704468
1246.354492	648.699524
1245.279297	519.444336
1244.204102	348.389709
1243.128906	526.186096
1242.053711	555.138184
1240.977539	412.094391
1239.902344	464.309448
1238.826172	321.364746
1237.750000	308.552704
1236.672852	497.768616
1235.595703	519.756104
1234.518555	560.312134
1233.441406	271.345032
1232.364258	302.673248
1231.286133	81.164780
1230.208008	-12.692651
1229.129883	289.962402
1228.051758	110.352684
1226.972656	146.350174
1225.893555	-91.061378
1224.814453	257.702148
1223.734375	326.088928
1222.655273	56.408039
1221.575195	124.827232
1220.495117	5.757933
1219.415039	97.317459
1218.333984	100.930611
1217.252930	102.241219
1216.171875	8.753297
1215.090820	382.312683
1214.008789	96.977028
1212.926758	151.472153
1211.844727	-318.490906
1210.762695	-95.288971
1209.679688	-234.743225
1208.597656	-25.488316
1207.513672	-220.278976
1206.430664	-73.412956
1205.347656	-67.344269
1204.263672	-91.261208
1203.179688	-57.498676
1202.095703	47.740299
1201.010742	247.451050
1199.925781	-39.211143
1198.840820	250.322159
1197.755859	173.449478
1196.670898	115.047859
1195.584961	201.749405
1194.499023	-218.056351
1193.413086	142.605301
1192.326172	194.757111
1191.239258	28.337399
1190.152344	71.316917
1189.065430	-140.968338
1187.978516	-24.371859
1186.890625	-162.966522
1185.802734	-67.079720
1184.714844	14.993616
1183.625977	-45.383797
1182.538086	172.174026
1181.449219	120.999878
1180.360352	260.395142
1179.270508	450.224548
1178.180664	561.971008
1177.090820	412.159882
1176.000977	276.189606
1174.911133	328.321869
1173.820313	437.749481
1172.729492	256.058838
1171.638672	411.310425
1170.547852	151.840057
1169.456055	362.037933
1168.364258	208.048904
1167.272461	152.589661
1166.179688	561.819885
1165.087891	382.755798
1163.995117	647.636841
1162.902344	834.640930
1161.808594	822.605530
1160.715820	870.040833
1159.622070	1166.623779
1158.528320	1015.149536
1157.433594	834.047302
1156.339844	707.866150
1155.245117	727.912048
1154.149414	400.886047
1153.054688	151.639801
1151.958984	507.327057
1150.863281	443.012146
1149.767578	317.138184
1148.671875	376.075958
1147.575195	67.862221
1146.478516	-7.665336
1145.381836	108.311325
1144.285156	297.162964
1143.187500	-161.093185
1142.089844	399.021057
1140.992188	202.845215
1139.894531	77.341759
1138.795898	93.024010
1137.697266	40.432579
1136.598633	301.852203
1135.499023	-269.389343
1134.400391	101.154671
1133.300781	-219.670425
1132.201172	-31.154165
1131.100586	-97.265724
1130.000977	-154.247910
1128.900391	-152.145996
1127.799805	-297.665619
1126.698242	-88.904922
1125.596680	33.500759
1124.495117	40.099686
1123.393555	259.992859
1122.291992	137.228531
1121.189453	214.103088
1120.086914	572.127563
1118.984375	653.400940
1117.881836	838.899170
1116.778320	1040.168579
1115.674805	1182.438965
1114.571289	892.012268
1113.466797	712.667297
1112.363281	990.741028
1111.258789	689.211487
1110.153320	813.253784
1109.048828	794.698914
1107.943359	748.991821
1106.837891	721.389282
1105.732422	456.382874
1104.625977	611.930847
1103.520508	731.241211
1102.414063	231.383667
1101.306641	359.724609
1100.200195	469.931061
1099.092773	121.701492
1097.985352	261.222534
1096.877930	312.643738
1095.769531	409.145935
1094.661133	38.607071
1093.552734	299.735291
1092.444336	114.252396
1091.335938	-109.494888
1090.226563	18.439783
1089.117188	17.850431
1088.006836	213.232162
1086.897461	23.349815
1085.787109	11.419080
1084.676758	148.056290
1083.566406	475.926483
1082.455078	481.813751
1081.343750	638.408630
1080.232422	497.989410
1079.121094	323.867676
1078.008789	412.841003
1076.896484	227.506287
1075.784180	493.926941
1074.671875	272.637177
1073.558594	678.121948
1072.445313	250.194946
1071.332031	352.310333
1070.217773	281.484161
1069.104492	134.351089
1067.990234	483.106384
1066.875977	59.981949
1065.760742	72.091362
1064.645508	234.377487
1063.530273	-2.482957
1062.415039	105.864464
1061.299805	178.262466
1060.183594	6.388923
1059.067383	291.440765
1057.951172	-236.516602
1056.833984	64.022675
1055.716797	75.644333
1054.599609	22.312183
1053.482422	-10.916197
1052.364258	389.718811
1051.247070	56.661640
1050.128906	137.284088
1049.009766	251.329132
1047.891602	412.196625
1046.772461	291.420135
1045.653320	447.605377
1044.533203	313.339783
1043.414063	-8.460749
1042.293945	-37.784523
1041.173828	19.870888
1040.052734	59.573185
1038.932617	-59.175343
1037.811523	-30.763763
1036.689453	-24.738111
1035.568359	197.437469
1034.446289	-75.309982
1033.324219	-16.028402
1032.202148	156.755936
1031.079102	-31.405302
1029.957031	85.487305
1028.833984	-9.233527
1027.709961	-299.846161
1026.586914	-189.895737
1025.462891	-106.776405
1024.338867	-79.379234
1023.214844	-43.181576
1022.089844	-160.481766
1020.964844	160.018814
1019.839844	-66.321198
1018.714844	29.472097
1017.588867	198.416550
1016.462891	54.109978
1015.336914	-28.061581
1014.210938	191.563339
1013.083984	-103.808144
1011.957031	-99.646240
1010.830078	248.204727
1009.702148	139.004425
1008.574219	641.634521
1007.446289	1081.881592
1006.318359	1807.688599
1005.190430	2672.640869
1004.061523	2730.866943
1002.932617	2202.151367
1001.802734	1131.163818
1000.673828	518.753357
999.543945	39.290531
998.414063	208.177505
997.283203	356.974152
996.153320	213.712112
995.022461	337.921631
993.891602	625.546204
992.759766	424.547882
991.628906	376.000061
990.497070	769.135559
989.364258	1042.729492
988.232422	914.283630
987.099609	1136.750977
985.966797	1504.669678
984.833984	1117.754517
983.700195	1633.088501
982.566406	1389.457764
981.432617	1216.393921
980.298828	1314.437988
979.164063	1117.016479
978.029297	1109.070557
976.894531	801.450073
975.759766	694.280273
974.624023	543.012878
973.488281	510.587494
972.352539	390.045593
971.215820	388.266327
970.080078	725.166626
968.943359	615.353943
967.805664	507.682159
966.668945	514.285522
965.531250	531.769287
964.393555	481.034912
963.254883	500.514099
962.117188	671.443420
960.978516	328.390564
959.839844	398.105133
958.700195	647.651489
957.561523	330.899780
956.421875	345.442657
955.281250	375.232086
954.141602	663.671936
953.000977	868.577271
951.860352	641.540283
950.719727	576.671570
949.578125	432.873230
948.436523	698.626404
947.294922	646.672729
946.153320	603.419861
945.010742	380.627136
943.868164	389.807495
942.725586	492.978088
941.583008	429.806427
940.439453	134.792175
939.295898	84.692734
938.152344	-170.900375
937.007813	52.090572
935.863281	165.681091
934.718750	329.392517
933.574219	132.668091
932.428711	40.751579
931.283203	300.223267
930.137695	44.540234
928.992188	137.979874
927.845703	342.547638
926.699219	-120.294945
925.552734	284.712067
924.405273	53.027279
923.257813	377.079224
922.110352	132.325272
920.962891	183.869232
919.814453	211.384659
918.666016	167.009308
917.517578	231.452637
916.369141	-256.888367
915.219727	-61.912407
914.070313	106.850594
912.920898	-157.227676
911.770508	46.208103
910.621094	429.957031
909.470703	259.365875
908.319336	125.763565
907.168945	111.691429
906.017578	-43.544621
904.866211	-77.132431
903.713867	-32.577751
902.562500	118.305412
901.410156	-303.651489
900.256836	-115.914223
899.104492	-175.453079
897.951172	36.042118
896.797852	-86.344879
895.644531	-347.343475
894.490234	238.902252
893.335938	-177.969193
892.181641	145.994431
891.027344	73.639992
889.872070	33.809994
888.716797	-53.570057
887.561523	-24.038025
886.405273	66.078865
885.249023	97.813484
884.092773	-186.067322
882.936523	-78.529114
881.779297	95.997658
880.622070	73.899208
879.464844	-110.125923
878.307617	-0.303034
877.149414	312.474823
875.991211	38.068249
874.833008	270.998077
873.673828	-37.642220
872.514648	156.525360
871.355469	-123.736183
870.196289	92.101776
869.036133	-108.087646
867.875977	84.122032
866.715820	-107.154663
865.554688	72.234970
864.394531	167.678833
863.233398	263.174469
862.071289	14.332806
860.910156	243.478577
859.748047	390.867737
858.585938	308.160217
857.422852	210.554291
856.259766	506.569000
855.096680	310.351959
853.933594	180.982285
852.770508	305.332092
851.606445	129.041565
850.442383	124.775467
849.277344	54.094048
848.113281	88.787872
846.948242	46.355480
845.783203	-21.646418
844.617188	47.813526
843.451172	239.639313
842.285156	9.183167
841.119141	23.357811
839.952148	-90.888985
838.785156	-7.800497
837.618164	-250.151657
836.451172	118.106758
835.283203	4.649467
834.115234	-1.546938
832.947266	43.806812
831.778320	-11.233401
830.609375	-83.168228
829.440430	298.476929
828.271484	83.649284
827.101563	52.932446
825.931641	43.801357
824.761719	92.560402
823.590820	186.346222
822.420898	158.579773
821.250000	218.560135
820.078125	-15.841701
818.907227	277.170837
817.735352	156.358566
816.562500	409.076569
815.390625	288.715790
814.217773	507.602295
813.044922	123.397507
811.872070	476.900940
810.698242	140.181793
809.524414	-142.913742
808.350586	-1.895135
807.176758	-122.586395
806.001953	-74.859367
804.827148	-165.251923
803.651367	216.909180
802.476563	267.308411
801.300781	200.942688
800.125000	115.692848
798.948242	-209.480515
797.772461	237.083618
796.595703	93.049164
795.417969	170.189117
794.241211	196.547806
793.063477	479.985138
791.885742	305.047760
790.707031	194.061874
789.529297	221.237762
788.350586	335.565186
787.170898	271.925568
785.992188	149.162476
784.812500	410.285858
783.632813	245.572556
782.452148	324.759155
781.272461	310.913910
780.091797	-75.409515
778.911133	459.531281
777.729492	213.420227
776.547852	147.471786
775.366211	-49.424801
774.184570	56.394970
773.001953	-19.506037
771.819336	-105.770027
770.636719	-158.010284
769.453125	-95.956917
768.269531	-35.885818
767.085938	-275.594269
765.902344	-39.946140
764.717773	-163.134476
763.533203	-104.615936
762.348633	-301.301666
761.163086	-103.277390
759.977539	-46.525925
758.791992	56.711098
757.606445	119.963417
756.419922	423.559235
755.233398	71.829247
754.046875	103.757866
752.859375	253.704407
751.672852	-55.341000
750.485352	-176.806320
749.296875	228.001617
748.108398	314.976685
746.919922	29.647577
745.731445	352.292816
744.542969	218.579575
743.353516	-118.924309
742.164063	254.100113
740.973633	166.845551
739.783203	169.980316
738.592773	252.932800
737.402344	243.473175
736.211914	156.353928
735.020508	306.412018
733.829102	187.830948
732.636719	218.217072
731.444336	267.435455
730.251953	264.179779
729.059570	317.477661
727.866211	58.456715
726.673828	-5.658909
725.479492	1.415146
724.286133	-108.862732
723.091797	94.877319
721.897461	-124.380249
720.703125	-186.681931
719.507813	43.843655
718.312500	-133.721024
717.117188	90.181221
715.921875	67.152596
714.725586	355.439362
713.529297	131.482178
712.332031	149.828033
711.135742	195.165039
709.938477	323.846222
708.740234	327.040588
707.542969	595.130798
706.344727	931.776245
705.146484	1138.732056
703.948242	1687.453491
702.749023	1912.511475
701.549805	1787.027344
700.350586	1542.594116
699.150391	866.733826
697.950195	768.032349
696.750000	598.345093
695.549805	505.555237
694.348633	358.455292
693.147461	521.302979
691.946289	144.920212
690.744141	350.955536
689.541992	130.301498
688.339844	140.314484
687.136719	87.716255
685.934570	558.634399
684.730469	451.458435
683.527344	371.103394
682.323242	498.227478
681.119141	494.248077
679.915039	433.992462
678.710938	286.374603
677.505859	221.592529
676.300781	424.211639
675.094727	191.013199
673.889648	366.172455
672.683594	-60.082787
671.476563	384.064331
670.270508	343.005585
669.063477	26.298849
667.856445	256.300171
666.648438	-37.769993
665.440430	71.798378
664.232422	-15.395842
663.024414	-17.824919
661.815430	254.757324
660.606445	12.230142
659.397461	294.900452
658.188477	128.885040
656.978516	202.650146
655.768555	-29.362679
654.557617	98.169304
653.346680	83.229767
652.135742	-131.853897
650.924805	41.327408
649.712891	-10.336152
648.501953	-160.795044
647.289063	-298.582886
646.077148	-411.282806
644.864258	-136.055954
643.651367	151.760666
642.438477	497.528595
641.224609	46.331043
640.010742	5.690018
638.796875	-15.858470
637.582031	288.448761
636.367188	41.690243
635.152344	203.159088
633.937500	-21.421350
632.721680	149.804489
631.505859	315.673157
630.289063	394.033569
629.073242	646.018188
627.856445	940.082581
626.639648	627.157654
625.421875	699.687805
624.204102	381.372162
622.986328	99.536263
621.768555	227.745239
620.549805	316.484772
619.331055	101.263847
618.111328	99.199280
616.892578	-151.091599
