1721.000977	-94.307205
1720.027344	522.698608
1719.052734	348.190613
1718.078125	64.988998
1717.104492	142.666672
1716.128906	144.962387
1715.154297	-7.458843
1714.178711	-53.020920
1713.204102	-373.609589
1712.228516	99.525597
1711.251953	182.251526
1710.276367	79.817009
1709.299805	161.101898
1708.324219	170.027771
1707.347656	-39.307411
1706.370117	91.213051
1705.393555	-254.816330
1704.416016	-168.924744
1703.438477	-229.388336
1702.460938	16.548676
1701.483398	-47.460316
1700.505859	18.479500
1699.527344	293.486938
1698.548828	-178.125717
1697.570313	195.647430
1696.591797	150.030319
1695.612305	96.391434
1694.632813	193.076981
1693.653320	243.469070
1692.673828	-35.656372
1691.694336	-121.023994
1690.713867	-61.250320
1689.734375	-93.517319
1688.753906	-118.380981
1687.772461	-339.783752
1686.791992	-150.892487
1685.810547	-301.219025
1684.830078	302.514648
1683.848633	-39.204964
1682.866211	21.407652
1681.884766	-353.479462
1680.902344	-63.971920
1679.919922	388.189362
1678.937500	-22.527971
1677.955078	146.870651
1676.971680	-342.681580
1675.989258	103.751175
1675.005859	-248.424545
1674.022461	169.688889
1673.038086	-9.676316
1672.054688	-148.304291
1671.070313	-53.235565
1670.085938	110.344109
1669.101563	-231.464798
1668.117188	323.027679
1667.131836	255.391602
1666.146484	167.486740
1665.161133	277.525574
1664.175781	32.407837
1663.189453	-156.832718
1662.204102	87.645218
1661.217773	63.302330
1660.231445	-156.155792
1659.245117	-263.990967
1658.257813	347.716309
1657.270508	37.233223
1656.284180	213.182007
1655.295898	-362.928467
1654.308594	8.003939
1653.321289	264.956329
1652.333008	30.945019
1651.344727	-412.877747
1650.356445	76.825851
1649.367188	457.614777
1648.378906	224.009003
1647.389648	-236.961487
1646.400391	83.201981
1645.411133	191.070786
1644.420898	185.254272
1643.431641	-141.194016
1642.441406	171.353683
1641.451172	-182.620697
1640.459961	304.058411
1639.469727	169.888626
1638.478516	96.357346
1637.487305	373.539398
1636.496094	247.184769
1635.504883	736.152649
1634.512695	821.630310
1633.520508	534.140991
1632.528320	392.992950
1631.536133	430.838013
1630.543945	430.956879
1629.550781	839.052368
1628.557617	1065.776001
1627.564453	975.322266
1626.571289	882.455933
1625.578125	1038.785522
1624.583984	1494.428101
1623.589844	1633.053955
1622.595703	2101.087646
1621.601563	1779.606567
1620.606445	1996.157349
1619.611328	2074.468506
1618.616211	2228.183105
1617.621094	2062.886230
1616.625977	1927.849854
1615.629883	2081.636719
1614.633789	1894.014038
1613.637695	1914.835571
1612.641602	2061.162842
1611.645508	2157.310791
1610.648438	1453.314941
1609.651367	1700.070923
1608.654297	1939.253052
1607.657227	1895.129517
1606.659180	2257.021484
1605.662109	2498.579590
1604.664063	2306.666016
1603.666016	2385.367432
1602.666992	2884.708008
1601.668945	2550.260254
1600.669922	2230.968506
1599.670898	2414.837402
1598.671875	1735.509888
1597.671875	2006.983521
1596.672852	1903.290771
1595.672852	1797.131104
1594.672852	1573.559204
1593.671875	1585.002441
1592.671875	1336.637573
1591.670898	1353.180176
1590.669922	1104.985474
1589.668945	1161.576050
1588.667969	559.044189
1587.666016	583.282837
1586.664063	774.744751
1585.662109	279.987579
1584.660156	104.768127
1583.658203	682.847107
1582.655273	353.016022
1581.652344	414.747192
1580.649414	229.707733
1579.646484	151.916351
1578.642578	637.207642
1577.638672	287.843109
1576.634766	83.083717
1575.630859	239.456070
1574.626953	470.455566
1573.622070	-57.762550
1572.618164	-15.889566
1571.613281	657.842773
1570.607422	35.394897
1569.602539	233.880173
1568.596680	-32.671169
1567.590820	-132.560104
1566.584961	-361.630798
1565.579102	182.135895
1564.572266	208.942612
1563.566406	-315.585693
1562.559570	240.226257
1561.551758	-13.543593
1560.544922	-46.266426
1559.537109	-9.520642
1558.530273	-143.939148
1557.521484	-50.162670
1556.513672	16.339941
1555.505859	-410.599335
1554.497070	-205.257736
1553.488281	-163.568924
1552.479492	96.158569
1551.470703	192.276382
1550.460938	-268.969086
1549.451172	-157.984085
1548.441406	-267.385651
1547.431641	-257.919647
1546.421875	-238.554611
1545.411133	75.213951
1544.400391	-6.945974
1543.389648	138.473755
1542.378906	73.661003
1541.367188	-119.703789
1540.355469	-38.624458
1539.343750	-93.487289
1538.332031	22.157389
1537.320313	318.079590
1536.307617	-341.871979
1535.294922	-275.634735
1534.282227	-169.915207
1533.269531	9.810658
1532.256836	-202.858871
1531.243164	-40.481094
1530.229492	-442.973938
1529.215820	-63.582829
1528.202148	51.864811
1527.187500	53.862679
1526.172852	-491.222046
1525.158203	338.779388
1524.143555	13.141157
1523.127930	-332.080292
1522.113281	-93.530563
1521.097656	-22.499855
1520.082031	-47.468742
1519.065430	-168.404022
1518.049805	111.782860
1517.033203	163.091125
1516.016602	246.372147
1515.000000	194.415878
1513.982422	120.349556
1512.965820	-10.144846
1511.948242	279.576904
1510.930664	144.209732
1509.913086	75.250755
1508.894531	62.792297
1507.875977	67.560478
1506.857422	182.814102
1505.838867	106.644020
1504.820313	349.492645
1503.800781	162.972153
1502.781250	52.593594
1501.761719	109.033791
1500.742188	-6.108577
1499.721680	251.345322
1498.702148	-57.275425
1497.681641	445.151520
1496.661133	364.464996
1495.639648	575.238647
1494.618164	274.268219
1493.597656	382.290680
1492.576172	323.866486
1491.553711	245.910934
1490.532227	576.595825
1489.509766	-36.892914
1488.487305	-295.509979
1487.464844	-377.945679
1486.442383	52.984596
1485.418945	31.679317
1484.395508	91.066422
1483.372070	-191.481964
1482.348633	56.089844
1481.324219	-11.381888
1480.300781	-117.789238
1479.276367	100.472961
1478.251953	69.824348
1477.226563	107.527245
1476.202148	86.778770
1475.176758	183.118286
1474.151367	-78.894302
1473.125000	-413.883087
1472.099609	133.543671
1471.073242	-20.909998
1470.046875	104.901413
1469.020508	-307.486053
1467.994141	120.405083
1466.966797	-140.767624
1465.939453	182.375351
1464.912109	271.854370
1463.884766	261.627289
1462.856445	263.613770
1461.829102	523.481018
1460.800781	452.633911
1459.772461	1086.818481
1458.743164	721.954773
1457.714844	797.142639
1456.685547	775.182312
1455.656250	1484.346680
1454.625977	653.810059
1453.596680	272.855042
1452.566406	1083.845093
1451.536133	875.400208
1450.505859	887.904053
1449.474609	864.077942
1448.444336	491.172363
1447.413086	976.778137
1446.381836	604.159363
1445.350586	677.718994
1444.318359	916.073364
1443.286133	909.748047
1442.253906	765.469971
1441.221680	744.837402
1440.189453	416.850800
1439.156250	1057.240234
1438.123047	332.620422
1437.089844	597.941040
1436.056641	481.061798
1435.022461	-0.872714
1433.988281	85.693100
1432.954102	-28.322441
1431.919922	-221.942474
1430.885742	12.302064
1429.850586	203.036606
1428.815430	294.761444
1427.780273	108.847954
1426.744141	203.144470
1425.708984	130.974533
1424.672852	220.597260
1423.636719	-186.733826
1422.600586	9.258812
1421.563477	91.892715
1420.527344	3.423824
1419.490234	40.424732
1418.452148	159.431000
1417.415039	59.236885
1416.376953	84.435135
1415.338867	-58.874065
1414.300781	36.379581
1413.262695	-75.358643
1412.224609	-54.557545
1411.185547	-462.050995
1410.146484	122.014496
1409.107422	-422.251862
1408.067383	-170.156250
1407.027344	-649.029236
1405.987305	-117.925705
1404.947266	28.497972
1403.907227	189.378281
1402.866211	21.136011
1401.826172	343.081390
1400.785156	-33.838306
1399.743164	26.439518
1398.702148	446.868896
1397.660156	209.639923
1396.618164	164.557541
1395.576172	349.883087
1394.533203	566.385742
1393.491211	1593.369995
1392.448242	1409.366699
1391.405273	1822.336426
1390.361328	1938.064331
1389.318359	1914.916504
1388.274414	2914.615967
1387.230469	2781.282959
1386.186523	3107.788086
1385.141602	2883.682617
1384.097656	3784.581543
1383.052734	3787.923584
1382.007813	3777.004395
1380.961914	4029.242432
1379.916992	3525.892578
1378.871094	3261.894287
1377.825195	3466.562256
1376.778320	3116.827393
1375.732422	2776.916016
1374.685547	2492.155029
1373.638672	2059.550293
1372.591797	1897.015015
1371.543945	2243.050781
1370.497070	2090.269531
1369.449219	1846.952881
1368.400391	1506.006226
1367.352539	2121.682129
1366.303711	1301.722900
1365.255859	1981.720337
1364.206055	1693.795410
1363.157227	1937.493408
1362.108398	2204.992432
1361.058594	1719.767456
1360.008789	2137.369385
1358.958984	1762.051147
1357.908203	1660.694458
1356.857422	1578.502319
1355.806641	1758.149658
1354.755859	1224.159058
1353.705078	1808.271851
1352.653320	1324.569214
1351.601563	1278.569946
1350.549805	1308.718750
1349.498047	1277.151367
1348.445313	1152.999878
1347.393555	862.727966
1346.340820	843.351013
1345.287109	1244.270630
1344.234375	636.293640
1343.180664	1108.420166
1342.126953	405.945862
1341.073242	849.592346
1340.019531	538.936829
1338.964844	856.811523
1337.910156	778.722412
1336.855469	103.465500
1335.799805	347.951233
1334.745117	516.598267
1333.689453	171.240143
1332.633789	294.968506
1331.578125	54.106705
1330.521484	26.420935
1329.464844	-157.384079
1328.408203	-184.891296
1327.351563	173.242126
1326.294922	230.929321
1325.237305	-288.301422
1324.179688	-76.792603
1323.122070	-174.927963
1322.064453	253.963470
1321.005859	191.320374
1319.947266	109.862511
1318.888672	-186.395416
1317.830078	190.377716
1316.770508	-100.965118
1315.710938	-106.591103
1314.651367	-362.258972
1313.591797	-450.293793
1312.531250	-120.834625
1311.471680	-425.711578
1310.411133	254.927246
1309.349609	-391.579041
1308.289063	-168.275772
1307.227539	252.833847
1306.166016	-195.281128
1305.104492	-221.664551
1304.042969	6.256940
1302.980469	184.676865
1301.917969	-552.346069
1300.855469	-371.457184
1299.792969	14.030128
1298.729492	211.231461
1297.666016	-122.982124
1296.602539	1.365129
1295.539063	59.881744
1294.474609	-97.777428
1293.411133	-46.244831
1292.346680	-51.092709
1291.281250	-55.923317
1290.216797	19.111160
1289.151367	-67.822998
1288.085938	-37.362843
1287.020508	394.283813
1285.955078	-58.500999
1284.888672	253.398880
1283.822266	316.670532
1282.755859	131.469391
1281.689453	321.333801
1280.622070	363.512909
1279.554688	59.006145
1278.487305	518.136963
1277.419922	145.869568
1276.351563	160.019547
1275.283203	532.273804
1274.214844	363.858185
1273.146484	434.150909
1272.077148	488.045898
1271.008789	439.057953
1269.939453	593.483459
1268.869141	235.958572
1267.799805	596.036987
1266.729492	642.882507
1265.659180	376.716888
1264.588867	752.895081
1263.517578	596.565063
1262.447266	444.999176
1261.375977	120.795013
1260.304688	81.400917
1259.232422	359.273682
1258.161133	581.076050
1257.088867	369.066010
1256.016602	464.883209
1254.943359	730.789246
1253.871094	861.446838
1252.797852	486.492889
1251.724609	1250.684326
1250.650391	819.911682
1249.577148	843.345337
1248.502930	1176.333374
1247.428711	1097.273315
1246.354492	1122.945801
1245.279297	953.202454
1244.204102	888.182861
1243.128906	272.144318
1242.053711	772.184021
1240.977539	965.208313
1239.902344	679.504578
1238.826172	289.374390
1237.750000	668.179871
1236.672852	707.780579
1235.595703	756.648193
1234.518555	218.270416
1233.441406	448.217163
1232.364258	399.659882
1231.286133	954.176880
1230.208008	413.876495
1229.129883	555.441895
1228.051758	198.575699
1226.972656	319.243073
1225.893555	-167.189880
1224.814453	117.959991
1223.734375	-0.010128
1222.655273	331.269073
1221.575195	294.310242
1220.495117	-31.942322
1219.415039	113.971878
1218.333984	171.893005
1217.252930	-50.082378
1216.171875	79.510193
1215.090820	-89.192947
1214.008789	-40.582108
1212.926758	40.349445
1211.844727	185.917740
1210.762695	-98.213547
1209.679688	-250.614395
1208.597656	-3.524857
1207.513672	-232.095551
1206.430664	-61.317242
1205.347656	282.415863
1204.263672	-68.368530
1203.179688	554.230835
1202.095703	-54.731766
1201.010742	572.150269
1199.925781	419.743103
1198.840820	-85.156837
1197.755859	-163.667068
1196.670898	-163.850464
1195.584961	146.797180
1194.499023	-35.377556
1193.413086	12.679662
1192.326172	-226.964493
1191.239258	430.731903
1190.152344	418.776276
1189.065430	-179.597366
1187.978516	277.567627
1186.890625	495.439392
1185.802734	209.911514
1184.714844	14.092939
1183.625977	539.608826
1182.538086	734.180359
1181.449219	120.405800
1180.360352	755.670959
1179.270508	796.194702
1178.180664	774.722168
1177.090820	1037.698242
1176.000977	816.598999
1174.911133	914.299011
1173.820313	956.896118
1172.729492	1116.338379
1171.638672	789.891235
1170.547852	287.151642
1169.456055	941.283752
1168.364258	873.755371
1167.272461	1016.862915
1166.179688	514.375854
1165.087891	1071.648315
1163.995117	1594.305664
1162.902344	1903.971924
1161.808594	1774.365723
1160.715820	2445.040527
1159.622070	2107.289307
1158.528320	1810.795166
1157.433594	1831.979492
1156.339844	1565.305908
1155.245117	962.973816
1154.149414	808.396545
1153.054688	699.526306
1151.958984	643.144104
1150.863281	547.960144
1149.767578	427.684692
1148.671875	537.789917
1147.575195	298.900177
1146.478516	522.882019
1145.381836	384.312958
1144.285156	298.180573
1143.187500	75.331886
1142.089844	144.094360
1140.992188	-310.985779
1139.894531	-87.436562
1138.795898	-262.387695
1137.697266	-551.089783
1136.598633	-68.410690
1135.499023	-445.851379
1134.400391	18.302767
1133.300781	-20.301073
1132.201172	-63.483692
1131.100586	-315.796967
1130.000977	397.641846
1128.900391	133.874207
1127.799805	-334.225281
1126.698242	-123.263374
1125.596680	262.353333
1124.495117	-237.415024
1123.393555	513.274536
1122.291992	660.116455
1121.189453	1113.019409
1120.086914	1053.182373
1118.984375	1548.749023
1117.881836	1821.913940
1116.778320	2335.077637
1115.674805	2036.880737
1114.571289	1931.283203
1113.466797	1744.126953
1112.363281	1953.221680
1111.258789	1587.197144
1110.153320	1612.759399
1109.048828	1525.132446
1107.943359	1901.172363
1106.837891	1218.590332
1105.732422	1804.666626
1104.625977	1407.078613
1103.520508	1506.808472
1102.414063	1005.383789
1101.306641	592.190063
1100.200195	391.420746
1099.092773	673.852966
1097.985352	621.979553
1096.877930	217.963470
1095.769531	793.329285
1094.661133	632.921448
1093.552734	332.672516
1092.444336	521.788513
1091.335938	223.784012
1090.226563	505.062164
1089.117188	207.010605
1088.006836	204.114349
1086.897461	532.247925
1085.787109	752.034546
1084.676758	825.299622
1083.566406	455.014893
1082.455078	903.918762
1081.343750	882.305664
1080.232422	1141.776123
1079.121094	985.000854
1078.008789	744.995544
1076.896484	403.843811
1075.784180	957.177490
1074.671875	876.561829
1073.558594	890.207520
1072.445313	1186.714111
1071.332031	755.510315
1070.217773	299.685303
1069.104492	573.362000
1067.990234	525.934814
1066.875977	375.230225
1065.760742	516.024719
1064.645508	490.715454
1063.530273	463.062988
1062.415039	356.871002
1061.299805	239.404083
1060.183594	780.481262
1059.067383	143.109390
1057.951172	166.474960
1056.833984	268.045166
1055.716797	270.967804
1054.599609	128.319977
1053.482422	175.772598
1052.364258	216.354996
1051.247070	10.833577
1050.128906	19.881222
1049.009766	281.352173
1047.891602	-179.189743
1046.772461	-31.990118
1045.653320	291.470856
1044.533203	556.573486
1043.414063	89.144188
1042.293945	-134.922791
1041.173828	85.064713
1040.052734	170.931931
1038.932617	-260.853210
1037.811523	-636.846436
1036.689453	195.607422
1035.568359	227.324554
1034.446289	-293.813843
1033.324219	-213.282715
1032.202148	437.327301
1031.079102	392.637665
1029.957031	-108.592812
1028.833984	0.172320
1027.709961	-923.923401
1026.586914	121.426468
1025.462891	-146.335983
1024.338867	-98.309723
1023.214844	-92.702339
1022.089844	112.806091
1020.964844	-106.425964
1019.839844	-374.594299
1018.714844	-294.011902
1017.588867	83.968918
1016.462891	-0.230299
1015.336914	19.796310
1014.210938	-366.498505
1013.083984	141.442780
1011.957031	-98.614021
1010.830078	515.190247
1009.702148	596.354126
1008.574219	941.143982
1007.446289	1595.922974
1006.318359	3285.085449
1005.190430	4749.564453
1004.061523	5440.191406
1002.932617	4268.028809
1001.802734	2327.997314
1000.673828	696.381958
999.543945	393.069275
998.414063	556.549622
997.283203	-164.976151
996.153320	325.531982
995.022461	-70.922928
993.891602	352.693024
992.759766	-136.736023
991.628906	-95.825226
990.497070	209.947250
989.364258	-41.106071
988.232422	-190.607285
987.099609	-172.464844
985.966797	-108.143745
984.833984	357.551880
983.700195	198.607117
982.566406	39.580875
981.432617	-115.112091
980.298828	517.052368
979.164063	489.813019
978.029297	224.479355
976.894531	104.501472
975.759766	-2.350180
974.624023	344.237061
973.488281	838.003052
972.352539	319.046509
971.215820	240.203339
970.080078	170.086197
968.943359	772.799377
967.805664	381.234497
966.668945	460.161163
965.531250	699.319946
964.393555	215.338684
963.254883	214.697403
962.117188	1028.752808
960.978516	612.662659
959.839844	330.543732
958.700195	529.036072
957.561523	780.001160
956.421875	1539.635498
955.281250	796.416931
954.141602	1246.274170
953.000977	1649.743164
951.860352	1509.359497
950.719727	1379.882935
949.578125	1513.199341
948.436523	1004.618164
947.294922	1113.645508
946.153320	666.463196
945.010742	847.499878
943.868164	553.510925
942.725586	-62.028667
941.583008	477.430298
940.439453	168.089859
939.295898	83.967575
938.152344	207.429230
937.007813	435.598724
935.863281	342.431396
934.718750	225.191650
933.574219	450.753265
932.428711	590.958801
931.283203	-277.353027
930.137695	279.586121
928.992188	116.259659
927.845703	-62.360901
926.699219	-406.690491
925.552734	-133.956589
924.405273	70.992065
923.257813	-75.048286
922.110352	214.644257
920.962891	72.889267
919.814453	-44.927567
918.666016	712.455139
917.517578	-239.178085
916.369141	-10.968432
915.219727	38.665207
914.070313	-33.554634
912.920898	279.125488
911.770508	178.532867
910.621094	41.042912
909.470703	62.205246
908.319336	-277.335907
907.168945	13.197256
906.017578	-404.372040
904.866211	539.503235
903.713867	119.799034
902.562500	-26.245785
901.410156	53.383579
900.256836	-88.285583
899.104492	-95.393471
897.951172	-98.175018
896.797852	-48.911293
895.644531	175.885941
894.490234	-63.056843
893.335938	376.108154
892.181641	-297.970673
891.027344	108.652069
889.872070	400.386688
888.716797	404.217529
887.561523	70.589966
886.405273	213.012238
885.249023	-12.199423
884.092773	205.974579
882.936523	495.448364
881.779297	73.859398
880.622070	-217.827927
879.464844	-135.613541
878.307617	166.920578
877.149414	402.443481
875.991211	-259.983093
874.833008	-376.031067
873.673828	-131.648224
872.514648	270.187744
871.355469	-141.050568
870.196289	-150.968597
869.036133	250.908051
867.875977	113.972282
866.715820	-3.381470
865.554688	221.903564
864.394531	227.592499
863.233398	181.717041
862.071289	506.199249
860.910156	615.514343
859.748047	479.628265
858.585938	660.151428
857.422852	359.012390
856.259766	709.622009
855.096680	656.128235
853.933594	422.315735
852.770508	682.930054
851.606445	651.447327
850.442383	678.140503
849.277344	348.583527
848.113281	347.798431
846.948242	375.070587
845.783203	177.254135
844.617188	-131.842148
843.451172	61.205734
842.285156	303.677948
841.119141	-293.993073
839.952148	-286.892639
838.785156	406.003815
837.618164	-443.418396
836.451172	131.835342
835.283203	-543.304199
834.115234	278.276337
832.947266	108.891533
831.778320	16.804605
830.609375	66.163101
829.440430	423.664215
828.271484	287.364471
827.101563	420.652466
825.931641	98.944046
824.761719	548.885254
823.590820	31.243967
822.420898	302.086334
821.250000	432.118622
820.078125	357.397156
818.907227	568.931824
817.735352	682.449402
816.562500	403.673767
815.390625	560.316345
814.217773	582.803955
813.044922	616.181702
811.872070	300.316925
810.698242	148.869263
809.524414	-59.761826
808.350586	-272.307007
807.176758	15.803752
806.001953	123.085854
804.827148	-139.699371
803.651367	12.725416
802.476563	252.549591
801.300781	-243.265289
800.125000	345.638306
798.948242	700.690369
797.772461	220.726440
796.595703	289.322479
795.417969	634.227417
794.241211	594.876709
793.063477	267.042450
791.885742	536.013306
790.707031	665.020447
789.529297	815.434570
788.350586	599.056213
787.170898	522.945740
785.992188	807.503479
784.812500	1024.311890
783.632813	660.633911
782.452148	983.716614
781.272461	951.051941
780.091797	711.078796
778.911133	33.211128
777.729492	-87.514748
776.547852	-11.201283
775.366211	25.080997
774.184570	44.609108
773.001953	-24.506163
771.819336	-120.888054
770.636719	-542.529480
769.453125	-101.706253
768.269531	-423.538605
767.085938	-71.328354
765.902344	-335.686096
764.717773	82.077301
763.533203	86.133560
762.348633	109.317123
761.163086	320.360138
759.977539	-411.296814
758.791992	-368.651611
757.606445	163.153244
756.419922	-479.087463
755.233398	-233.851959
754.046875	127.232735
752.859375	519.816895
751.672852	324.874817
750.485352	384.810822
749.296875	720.478271
748.108398	637.355286
746.919922	66.310524
745.731445	208.533142
744.542969	201.462204
743.353516	-177.634445
742.164063	246.291153
740.973633	-96.852440
739.783203	198.767883
738.592773	229.665543
737.402344	149.287643
736.211914	247.382126
735.020508	167.045456
733.829102	380.478149
732.636719	417.593292
731.444336	425.325928
730.251953	26.291782
729.059570	0.532431
727.866211	414.828735
726.673828	242.271866
725.479492	-158.570297
724.286133	-377.067780
723.091797	248.214127
721.897461	-35.268425
720.703125	-370.987885
719.507813	-484.845581
718.312500	-172.017120
717.117188	136.420456
715.921875	-475.242340
714.725586	16.910810
713.529297	46.948051
712.332031	101.954361
711.135742	257.135345
709.938477	-270.676819
708.740234	427.146851
707.542969	629.919128
706.344727	1462.696289
705.146484	2265.803955
703.948242	3179.002686
702.749023	3559.967041
701.549805	3302.771240
700.350586	2601.700684
699.150391	1963.416626
697.950195	1264.975952
696.750000	823.002563
695.549805	495.738220
694.348633	235.206726
693.147461	120.480042
691.946289	59.900425
690.744141	26.392906
689.541992	298.649597
688.339844	281.793182
687.136719	167.279266
685.934570	547.529846
684.730469	526.639709
683.527344	96.646248
682.323242	505.994781
681.119141	250.865845
679.915039	270.027435
678.710938	112.963791
677.505859	362.841187
676.300781	330.724457
675.094727	143.338104
673.889648	120.142700
672.683594	387.473267
671.476563	414.633148
670.270508	73.387260
669.063477	167.718460
667.856445	-331.868195
666.648438	-52.250267
665.440430	-93.040436
664.232422	42.684937
663.024414	-100.312439
661.815430	47.030300
660.606445	91.654388
659.397461	-127.569885
658.188477	348.663788
656.978516	-83.651276
655.768555	102.945496
654.557617	21.985769
653.346680	303.551331
652.135742	8.118356
650.924805	-83.642685
649.712891	248.995285
648.501953	-182.483200
647.289063	-337.933105
646.077148	118.633110
644.864258	-689.113525
643.651367	-330.210724
642.438477	20.085846
641.224609	-373.537354
640.010742	349.326355
638.796875	382.186676
637.582031	633.497192
636.367188	535.175659
635.152344	647.259705
633.937500	747.557129
632.721680	665.531433
631.505859	919.570984
630.289063	931.977905
629.073242	1422.303223
627.856445	1552.127075
626.639648	1808.664551
625.421875	1575.924683
624.204102	1531.944092
622.986328	755.090576
621.768555	916.565735
620.549805	875.179749
619.331055	292.772491
618.111328	500.912140
616.892578	180.801956
