1721.000977	34.575222
1720.027344	-0.683312
1719.052734	240.745865
1718.078125	206.823334
1717.104492	174.802628
1716.128906	167.781265
1715.154297	47.319508
1714.178711	123.706108
1713.204102	-15.805315
1712.228516	192.702789
1711.251953	193.069687
1710.276367	0.834074
1709.299805	-104.728584
1708.324219	-123.630928
1707.347656	49.032959
1706.370117	100.917336
1705.393555	-6.245845
1704.416016	-83.039513
1703.438477	-75.738686
1702.460938	130.698120
1701.483398	216.574493
1700.505859	-63.415070
1699.527344	-80.338783
1698.548828	27.688015
1697.570313	12.806346
1696.591797	23.244545
1695.612305	58.989826
1694.632813	-38.236473
1693.653320	-25.849209
1692.673828	-59.573330
1691.694336	100.466301
1690.713867	214.363876
1689.734375	139.365829
1688.753906	89.759476
1687.772461	-130.756073
1686.791992	46.342293
1685.810547	136.619263
1684.830078	61.190231
1683.848633	16.270084
1682.866211	17.130201
1681.884766	-86.442940
1680.902344	-75.483009
1679.919922	4.148458
1678.937500	83.713730
1677.955078	-162.412979
1676.971680	181.616791
1675.989258	27.085798
1675.005859	75.992233
1674.022461	102.000069
1673.038086	18.708469
1672.054688	-23.871534
1671.070313	35.178017
1670.085938	101.841209
1669.101563	-115.894249
1668.117188	-77.102425
1667.131836	55.603481
1666.146484	114.695679
1665.161133	77.391373
1664.175781	60.436817
1663.189453	-55.387398
1662.204102	-41.789249
1661.217773	-23.091665
1660.231445	140.115448
1659.245117	163.940613
1658.257813	78.859970
1657.270508	-99.845993
1656.284180	0.158406
1655.295898	49.516541
1654.308594	-68.137993
1653.321289	54.745449
1652.333008	71.356323
1651.344727	37.429802
1650.356445	-158.287415
1649.367188	70.949562
1648.378906	-197.877975
1647.389648	-125.309196
1646.400391	20.582468
1645.411133	277.648560
1644.420898	261.847656
1643.431641	-34.200661
1642.441406	86.552559
1641.451172	192.174591
1640.459961	-47.974739
1639.469727	118.322853
1638.478516	2.039354
1637.487305	-28.371843
1636.496094	193.476135
1635.504883	27.011106
1634.512695	155.596741
1633.520508	85.088242
1632.528320	203.647614
1631.536133	234.044220
1630.543945	355.156769
1629.550781	473.744476
1628.557617	355.678589
1627.564453	391.259491
1626.571289	338.797394
1625.578125	525.432495
1624.583984	704.479797
1623.589844	566.609802
1622.595703	753.212646
1621.601563	934.752625
1620.606445	676.399353
1619.611328	973.547668
1618.616211	1031.935303
1617.621094	909.484375
1616.625977	1103.548950
1615.629883	888.295654
1614.633789	891.560486
1613.637695	899.876099
1612.641602	732.571838
1611.645508	1054.566162
1610.648438	1188.328491
1609.651367	1033.679199
1608.654297	1014.505188
1607.657227	1007.894775
1606.659180	1209.303101
1605.662109	1393.118896
1604.664063	1258.724731
1603.666016	1166.979614
1602.666992	1107.829102
1601.668945	1221.468506
1600.669922	1292.510010
1599.670898	1383.552979
1598.671875	1271.912231
1597.671875	1150.308960
1596.672852	1266.356079
1595.672852	1259.831421
1594.672852	1093.325317
1593.671875	1091.832520
1592.671875	967.913330
1591.670898	771.584778
1590.669922	775.153320
1589.668945	703.802124
1588.667969	619.992981
1587.666016	670.994019
1586.664063	599.681030
1585.662109	448.547119
1584.660156	237.596909
1583.658203	303.564636
1582.655273	332.080017
1581.652344	191.046387
1580.649414	309.277161
1579.646484	188.214706
1578.642578	239.086456
1577.638672	170.355469
1576.634766	203.743515
1575.630859	8.029029
1574.626953	11.527584
1573.622070	47.347561
1572.618164	157.793289
1571.613281	-57.740894
1570.607422	189.415192
1569.602539	133.071899
1568.596680	233.350159
1567.590820	288.819946
1566.584961	205.071518
1565.579102	245.565262
1564.572266	114.600151
1563.566406	68.117828
1562.559570	143.289963
1561.551758	136.466690
1560.544922	196.645538
1559.537109	23.496202
1558.530273	73.693130
1557.521484	-20.049595
1556.513672	25.108124
1555.505859	99.971260
1554.497070	83.041985
1553.488281	-134.660751
1552.479492	6.992820
1551.470703	14.779963
1550.460938	-9.676996
1549.451172	-24.247576
1548.441406	-73.503052
1547.431641	8.423786
1546.421875	-35.926945
1545.411133	-53.084267
1544.400391	-260.740662
1543.389648	-65.204613
1542.378906	21.421543
1541.367188	-50.248611
1540.355469	14.023275
1539.343750	-3.307460
1538.332031	16.400080
1537.320313	45.951862
1536.307617	13.711490
1535.294922	-156.809006
1534.282227	-85.368057
1533.269531	57.589439
1532.256836	232.537521
1531.243164	173.010696
1530.229492	7.426493
1529.215820	88.480698
1528.202148	248.370087
1527.187500	191.245422
1526.172852	1.043870
1525.158203	-78.226181
1524.143555	106.093063
1523.127930	130.216812
1522.113281	-178.090225
1521.097656	-11.174571
1520.082031	52.278118
1519.065430	44.310204
1518.049805	233.158264
1517.033203	-146.297729
1516.016602	-55.904438
1515.000000	189.331024
1513.982422	144.371933
1512.965820	-16.080114
1511.948242	-4.492843
1510.930664	80.774490
1509.913086	-23.125980
1508.894531	-146.651871
1507.875977	-68.821564
1506.857422	70.327644
1505.838867	209.407883
1504.820313	95.710953
1503.800781	-37.582039
1502.781250	49.895336
1501.761719	-68.634415
1500.742188	-157.702698
1499.721680	54.711445
1498.702148	48.959236
1497.681641	-20.503202
1496.661133	326.451324
1495.639648	193.274506
1494.618164	91.981186
1493.597656	262.448578
1492.576172	222.366272
1491.553711	20.804468
1490.532227	-53.452091
1489.509766	53.297943
1488.487305	98.876083
1487.464844	90.658173
1486.442383	89.781784
1485.418945	27.809000
1484.395508	34.278084
1483.372070	150.672287
1482.348633	32.583282
1481.324219	170.910110
1480.300781	-8.137946
1479.276367	37.420971
1478.251953	-100.030266
1477.226563	123.629128
1476.202148	32.587761
1475.176758	-24.272970
1474.151367	274.850616
1473.125000	286.233643
1472.099609	-58.153236
1471.073242	94.643791
1470.046875	54.958546
1469.020508	46.969521
1467.994141	207.012421
1466.966797	-37.107224
1465.939453	193.498947
1464.912109	3.064103
1463.884766	289.565491
1462.856445	152.738403
1461.829102	354.023590
1460.800781	190.548096
1459.772461	112.245049
1458.743164	80.165215
1457.714844	436.893585
1456.685547	397.527161
1455.656250	499.071167
1454.625977	374.770752
1453.596680	316.110992
1452.566406	432.249725
1451.536133	92.167458
1450.505859	293.281769
1449.474609	188.709106
1448.444336	21.173326
1447.413086	149.527847
1446.381836	343.311584
1445.350586	299.542603
1444.318359	209.778854
1443.286133	243.637238
1442.253906	153.996124
1441.221680	-78.436050
1440.189453	146.827469
1439.156250	163.865280
1438.123047	96.236366
1437.089844	106.096382
1436.056641	183.720108
1435.022461	225.064178
1433.988281	227.744965
1432.954102	114.431747
1431.919922	6.040831
1430.885742	93.459221
1429.850586	139.801895
1428.815430	70.232819
1427.780273	-257.645233
1426.744141	278.950745
1425.708984	4.354826
1424.672852	-14.290958
1423.636719	-281.394257
1422.600586	54.708210
1421.563477	-62.696487
1420.527344	56.297424
1419.490234	170.451508
1418.452148	-31.136318
1417.415039	-37.406330
1416.376953	-19.547895
1415.338867	82.648048
1414.300781	-46.332130
1413.262695	19.800667
1412.224609	-183.642029
1411.185547	-153.528076
1410.146484	102.782936
1409.107422	-119.667053
1408.067383	-55.793636
1407.027344	77.826591
1405.987305	35.944546
1404.947266	-164.503342
1403.907227	-74.065994
1402.866211	-65.315117
1401.826172	178.870911
1400.785156	185.250168
1399.743164	114.833412
1398.702148	308.538788
1397.660156	55.823864
1396.618164	95.978645
1395.576172	328.065430
1394.533203	466.552795
1393.491211	396.424866
1392.448242	453.415863
1391.405273	647.040222
1390.361328	636.933533
1389.318359	902.391113
1388.274414	935.431702
1387.230469	1198.391602
1386.186523	1111.725708
1385.141602	1288.436035
1384.097656	1288.023438
1383.052734	935.921997
1382.007813	1093.538208
1380.961914	1028.696533
1379.916992	1054.791870
1378.871094	1143.063354
1377.825195	882.381287
1376.778320	985.056396
1375.732422	860.772339
1374.685547	760.457153
1373.638672	543.207153
1372.591797	614.978088
1371.543945	691.520447
1370.497070	610.564331
1369.449219	453.319214
1368.400391	534.716431
1367.352539	446.787598
1366.303711	676.055908
1365.255859	390.334961
1364.206055	564.756836
1363.157227	600.934631
1362.108398	563.274353
1361.058594	637.603882
1360.008789	807.186218
1358.958984	729.118469
1357.908203	341.661255
1356.857422	623.134033
1355.806641	642.789246
1354.755859	396.038452
1353.705078	632.217041
1352.653320	414.157166
1351.601563	310.327423
1350.549805	598.734131
1349.498047	421.299622
1348.445313	236.831680
1347.393555	442.012909
1346.340820	191.179230
1345.287109	-66.652260
1344.234375	233.474304
1343.180664	179.884247
1342.126953	294.798889
1341.073242	314.800629
1340.019531	356.159515
1338.964844	160.403214
1337.910156	135.435608
1336.855469	243.223892
1335.799805	104.541992
1334.745117	-185.675156
1333.689453	85.593483
1332.633789	105.749695
1331.578125	31.212837
1330.521484	37.197380
1329.464844	-18.333458
1328.408203	224.290695
1327.351563	-70.139694
1326.294922	-137.390762
1325.237305	154.794052
1324.179688	52.085884
1323.122070	100.696136
1322.064453	19.336206
1321.005859	49.050819
1319.947266	22.079428
1318.888672	-73.349953
1317.830078	1.256327
1316.770508	9.743835
1315.710938	51.275818
1314.651367	-69.996834
1313.591797	-54.394913
1312.531250	-123.696800
1311.471680	-42.055126
1310.411133	-132.530075
1309.349609	-128.693344
1308.289063	-89.501328
1307.227539	-104.509247
1306.166016	-67.688667
1305.104492	284.656250
1304.042969	53.003647
1302.980469	216.875046
1301.917969	-54.663994
1300.855469	193.864624
1299.792969	16.543524
1298.729492	32.132614
1297.666016	-13.411958
1296.602539	-9.571027
1295.539063	114.127701
1294.474609	94.439316
1293.411133	112.354561
1292.346680	196.016785
1291.281250	141.098541
1290.216797	274.018280
1289.151367	36.036636
1288.085938	-180.723267
1287.020508	390.883789
1285.955078	289.071411
1284.888672	105.219795
1283.822266	113.697205
1282.755859	173.736801
1281.689453	231.405731
1280.622070	52.398674
1279.554688	86.632782
1278.487305	15.461354
1277.419922	-46.316990
1276.351563	191.563766
1275.283203	1.038388
1274.214844	77.343994
1273.146484	109.163040
1272.077148	38.046726
1271.008789	116.621643
1269.939453	5.783374
1268.869141	180.141159
1267.799805	172.150696
1266.729492	304.332611
1265.659180	102.429337
1264.588867	218.212296
1263.517578	249.881180
1262.447266	176.494324
1261.375977	86.791100
1260.304688	32.121449
1259.232422	199.078690
1258.161133	93.088333
1257.088867	173.673035
1256.016602	130.662231
1254.943359	427.945190
1253.871094	294.008026
1252.797852	299.901733
1251.724609	240.569061
1250.650391	181.250870
1249.577148	457.217499
1248.502930	532.872498
1247.428711	401.373505
1246.354492	421.157104
1245.279297	457.204468
1244.204102	397.881195
1243.128906	445.534119
1242.053711	256.051941
1240.977539	408.283997
1239.902344	342.032959
1238.826172	254.892807
1237.750000	121.335762
1236.672852	282.727783
1235.595703	281.536133
1234.518555	180.536407
1233.441406	14.603699
1232.364258	138.741104
1231.286133	42.462048
1230.208008	120.145996
1229.129883	253.436676
1228.051758	217.452408
1226.972656	387.731110
1225.893555	-229.835114
1224.814453	-124.399330
1223.734375	89.830246
1222.655273	49.273514
1221.575195	136.046143
1220.495117	171.862579
1219.415039	71.141006
1218.333984	266.570740
1217.252930	50.219746
1216.171875	-87.414673
1215.090820	-67.783470
1214.008789	25.795866
1212.926758	-12.384085
1211.844727	-96.752769
1210.762695	267.021118
1209.679688	-76.021523
1208.597656	-123.377792
1207.513672	-69.159775
1206.430664	-38.036137
1205.347656	-203.043106
1204.263672	-81.942436
1203.179688	-62.367355
1202.095703	107.073997
1201.010742	4.418697
1199.925781	-298.698914
1198.840820	80.369896
1197.755859	90.680031
1196.670898	110.202461
1195.584961	-19.960257
1194.499023	4.184582
1193.413086	9.910670
1192.326172	-67.209702
1191.239258	21.356203
1190.152344	-170.729263
1189.065430	131.696259
1187.978516	20.153517
1186.890625	81.054703
1185.802734	45.414894
1184.714844	136.165009
1183.625977	302.682068
1182.538086	23.599453
1181.449219	63.795994
1180.360352	299.106049
1179.270508	334.643036
1178.180664	393.116272
1177.090820	153.350189
1176.000977	292.128204
1174.911133	245.120453
1173.820313	278.373962
1172.729492	311.621368
1171.638672	253.202789
1170.547852	66.526550
1169.456055	168.534256
1168.364258	254.478043
1167.272461	397.631531
1166.179688	337.006622
1165.087891	356.521362
1163.995117	273.076385
1162.902344	308.622986
1161.808594	591.147644
1160.715820	681.503906
1159.622070	444.942047
1158.528320	617.581238
1157.433594	607.357178
1156.339844	615.431885
1155.245117	516.165100
1154.149414	325.615479
1153.054688	379.431213
1151.958984	275.749420
1150.863281	626.208679
1149.767578	616.074585
1148.671875	250.149887
1147.575195	445.348999
1146.478516	152.597397
1145.381836	324.961517
1144.285156	257.990112
1143.187500	316.359344
1142.089844	101.383240
1140.992188	271.368439
1139.894531	-89.191017
1138.795898	240.117310
1137.697266	91.386719
1136.598633	26.917891
1135.499023	-64.814247
1134.400391	-138.295044
1133.300781	-86.683914
1132.201172	24.018557
1131.100586	86.949417
1130.000977	-47.810425
1128.900391	-187.047287
1127.799805	46.257671
1126.698242	-79.299507
1125.596680	-9.559415
1124.495117	69.239441
1123.393555	-146.975464
1122.291992	24.850315
1121.189453	8.347940
1120.086914	184.610306
1118.984375	471.887115
1117.881836	416.789368
1116.778320	620.053711
1115.674805	458.474121
1114.571289	514.423279
1113.466797	436.737427
1112.363281	451.924622
1111.258789	383.354950
1110.153320	362.338593
1109.048828	492.932312
1107.943359	553.346130
1106.837891	369.490906
1105.732422	97.543999
1104.625977	108.279068
1103.520508	347.276215
1102.414063	294.690735
1101.306641	253.418564
1100.200195	198.621765
1099.092773	349.318909
1097.985352	179.391479
1096.877930	413.532288
1095.769531	47.350914
1094.661133	-16.374722
1093.552734	41.720032
1092.444336	-64.824417
1091.335938	31.575281
1090.226563	49.034504
1089.117188	98.028397
1088.006836	63.633247
1086.897461	146.376129
1085.787109	233.574326
1084.676758	408.529083
1083.566406	389.821777
1082.455078	337.354736
1081.343750	419.894073
1080.232422	324.687103
1079.121094	499.369812
1078.008789	397.414825
1076.896484	486.556946
1075.784180	357.658722
1074.671875	318.674408
1073.558594	171.865662
1072.445313	317.061035
1071.332031	426.247986
1070.217773	117.836525
1069.104492	460.388947
1067.990234	264.259277
1066.875977	-34.991524
1065.760742	91.987885
1064.645508	5.875700
1063.530273	-95.910965
1062.415039	64.548897
1061.299805	200.262238
1060.183594	161.148621
1059.067383	43.636288
1057.951172	-11.152581
1056.833984	213.887039
1055.716797	24.730337
1054.599609	368.198669
1053.482422	-6.652229
1052.364258	41.360714
1051.247070	353.190918
1050.128906	146.168259
1049.009766	62.133545
1047.891602	132.298172
1046.772461	162.173477
1045.653320	203.166489
1044.533203	152.540115
1043.414063	52.783344
1042.293945	-0.098579
1041.173828	16.184286
1040.052734	74.801010
1038.932617	137.815018
1037.811523	98.168816
1036.689453	132.064560
1035.568359	190.425247
1034.446289	45.906090
1033.324219	-22.839432
1032.202148	6.410461
1031.079102	22.228872
1029.957031	-144.579926
1028.833984	-184.486069
1027.709961	-73.095985
1026.586914	53.771801
1025.462891	11.457480
1024.338867	29.157866
1023.214844	191.321350
1022.089844	-113.481171
1020.964844	-315.968750
1019.839844	-34.026962
1018.714844	7.806334
1017.588867	9.578433
1016.462891	-33.122849
1015.336914	-15.925200
1014.210938	76.664803
1013.083984	-28.344751
1011.957031	-62.379467
1010.830078	87.626381
1009.702148	44.575317
1008.574219	8.127864
1007.446289	417.134949
1006.318359	1218.105713
1005.190430	1726.207642
1004.061523	1742.292114
1002.932617	1293.274048
1001.802734	1008.213867
1000.673828	386.783905
999.543945	106.343933
998.414063	372.422272
997.283203	249.007034
996.153320	390.948822
995.022461	448.731964
993.891602	510.838318
992.759766	515.376892
991.628906	760.667603
990.497070	968.213928
989.364258	1246.247925
988.232422	1535.129028
987.099609	1971.684570
985.966797	2057.078613
984.833984	1910.693970
983.700195	2103.988770
982.566406	1917.803345
981.432617	1987.385376
980.298828	1847.449829
979.164063	1685.454834
978.029297	1287.705811
976.894531	1191.843262
975.759766	743.582214
974.624023	676.349426
973.488281	833.601013
972.352539	515.337097
971.215820	778.003967
970.080078	468.545563
968.943359	458.242920
967.805664	483.039551
966.668945	725.385620
965.531250	567.546326
964.393555	488.804718
963.254883	282.604919
962.117188	458.579407
960.978516	447.752777
959.839844	147.088150
958.700195	223.970993
957.561523	370.971863
956.421875	158.054550
955.281250	519.774292
954.141602	668.575073
953.000977	571.701843
951.860352	663.290100
950.719727	686.842651
949.578125	594.197998
948.436523	635.132629
947.294922	345.340881
946.153320	307.372559
945.010742	186.179398
943.868164	301.299988
942.725586	29.090866
941.583008	393.410645
940.439453	79.629036
939.295898	37.015377
938.152344	-88.688812
937.007813	141.778748
935.863281	-27.704916
934.718750	274.609650
933.574219	329.983673
932.428711	208.439133
931.283203	-96.441467
930.137695	183.583633
928.992188	-86.335526
927.845703	160.739136
926.699219	47.857155
925.552734	98.494858
924.405273	216.625519
923.257813	53.562550
922.110352	389.438660
920.962891	396.232239
919.814453	209.174454
918.666016	-147.639755
917.517578	-25.466251
916.369141	203.253632
915.219727	144.653473
914.070313	114.336227
912.920898	-0.793648
911.770508	12.370160
910.621094	-141.841370
909.470703	-39.582939
908.319336	-22.123789
907.168945	-37.251957
906.017578	-54.561508
904.866211	-204.300735
903.713867	106.174042
902.562500	123.561188
901.410156	-45.649208
900.256836	-130.194885
899.104492	15.185079
897.951172	112.801224
896.797852	199.546051
895.644531	164.914337
894.490234	-73.348381
893.335938	13.425834
892.181641	-75.223267
891.027344	78.677681
889.872070	161.095154
888.716797	200.228302
887.561523	33.843536
886.405273	62.233654
885.249023	56.052841
884.092773	-4.133616
882.936523	-98.830742
881.779297	154.479126
880.622070	-76.231575
879.464844	-97.258850
878.307617	19.988035
877.149414	74.620743
875.991211	38.634991
874.833008	7.047299
873.673828	87.725403
872.514648	21.760561
871.355469	-59.192024
870.196289	4.421294
869.036133	7.722448
867.875977	-126.810867
866.715820	23.195299
865.554688	261.527161
864.394531	97.148262
863.233398	251.573563
862.071289	44.397930
860.910156	319.474976
859.748047	211.556519
858.585938	359.762054
857.422852	327.358887
856.259766	409.032654
855.096680	282.286133
853.933594	164.311493
852.770508	293.589874
851.606445	425.070587
850.442383	234.497314
849.277344	293.182800
848.113281	158.798462
846.948242	318.602020
845.783203	55.811192
844.617188	24.932419
843.451172	73.556137
842.285156	145.885895
841.119141	353.367371
839.952148	91.587402
838.785156	-0.663039
837.618164	207.157272
836.451172	134.507477
835.283203	237.601746
834.115234	92.517365
832.947266	-56.616741
831.778320	74.749771
830.609375	118.523682
829.440430	500.321991
828.271484	106.036995
827.101563	49.820972
825.931641	297.253662
824.761719	-8.595087
823.590820	414.233856
822.420898	412.094086
821.250000	316.193481
820.078125	359.254395
818.907227	323.527710
817.735352	292.263000
816.562500	90.561226
815.390625	407.330292
814.217773	270.029449
813.044922	49.853001
811.872070	134.697983
810.698242	298.514526
809.524414	87.574310
808.350586	34.502594
807.176758	190.285858
806.001953	41.813908
804.827148	-23.404337
803.651367	-105.424248
802.476563	-155.305496
801.300781	-164.572754
800.125000	-24.825647
798.948242	295.708771
797.772461	63.793316
796.595703	-6.367364
795.417969	-1.967138
794.241211	289.286743
793.063477	-13.841896
791.885742	135.443802
790.707031	123.573303
789.529297	-59.949524
788.350586	401.573486
787.170898	254.480774
785.992188	338.712402
784.812500	323.465149
783.632813	285.088531
782.452148	274.443756
781.272461	33.111843
780.091797	-32.190365
778.911133	-38.020657
777.729492	157.380630
776.547852	166.640701
775.366211	167.590363
774.184570	204.646194
773.001953	-28.822800
771.819336	61.407185
770.636719	75.648827
769.453125	-222.699646
768.269531	-115.172997
767.085938	30.449242
765.902344	-51.915321
764.717773	3.100201
763.533203	-83.198151
762.348633	-19.533772
761.163086	-105.561378
759.977539	-204.102570
758.791992	24.323957
757.606445	-259.513519
756.419922	-75.256195
755.233398	85.820358
754.046875	179.488007
752.859375	241.595566
751.672852	34.229267
750.485352	201.721146
749.296875	192.409149
748.108398	168.421021
746.919922	-95.317749
745.731445	51.200302
744.542969	6.347769
743.353516	262.137054
742.164063	103.812500
740.973633	134.675400
739.783203	-23.526230
738.592773	38.853291
737.402344	65.502541
736.211914	1.860043
735.020508	194.258072
733.829102	67.622116
732.636719	20.723759
731.444336	334.504089
730.251953	65.229645
729.059570	196.379776
727.866211	195.384033
726.673828	45.559734
725.479492	124.049080
724.286133	49.539818
723.091797	-121.330780
721.897461	-49.416039
720.703125	160.472626
719.507813	35.407043
718.312500	-16.508619
717.117188	159.406631
715.921875	111.406151
714.725586	123.905518
713.529297	-18.380905
712.332031	213.210510
711.135742	137.498581
709.938477	331.035522
708.740234	386.524414
707.542969	253.965134
706.344727	498.981934
705.146484	983.609741
703.948242	1154.961182
702.749023	1225.950439
701.549805	1394.687866
700.350586	889.939331
699.150391	724.871338
697.950195	665.918091
696.750000	552.629517
695.549805	412.112823
694.348633	275.607635
693.147461	326.261261
691.946289	77.043449
690.744141	143.923187
689.541992	337.416962
688.339844	295.640594
687.136719	149.726196
685.934570	228.118240
684.730469	424.688263
683.527344	338.442993
682.323242	449.321167
681.119141	375.151398
679.915039	304.968048
678.710938	207.644073
677.505859	159.972061
676.300781	195.114532
675.094727	180.291275
673.889648	248.250351
672.683594	195.791992
671.476563	-57.807472
670.270508	295.647034
669.063477	79.178787
667.856445	218.905258
666.648438	85.177605
665.440430	197.762299
664.232422	-107.783890
663.024414	44.011120
661.815430	-62.840439
660.606445	186.050400
659.397461	95.792587
658.188477	150.316757
656.978516	138.762115
655.768555	42.617165
654.557617	-171.080994
653.346680	-14.879734
652.135742	81.575607
650.924805	-218.065582
649.712891	0.639901
648.501953	71.017151
647.289063	32.389034
646.077148	97.273964
644.864258	-88.946785
643.651367	-39.638992
642.438477	-35.158855
641.224609	-40.399715
640.010742	29.139629
638.796875	74.625565
637.582031	-80.900566
636.367188	-15.330071
635.152344	474.946594
633.937500	381.707611
632.721680	293.636780
631.505859	48.364727
630.289063	-41.458103
629.073242	375.553741
627.856445	604.657959
626.639648	516.653870
625.421875	407.595734
624.204102	140.017975
622.986328	311.462982
621.768555	-1.777294
620.549805	58.376698
619.331055	-12.851620
618.111328	61.612640
616.892578	-29.898800
