1721.000977	-130.242584
1720.027344	151.641708
1719.052734	134.189468
1718.078125	-37.030006
1717.104492	264.102570
1716.128906	47.376938
1715.154297	141.453796
1714.178711	169.349808
1713.204102	-173.807297
1712.228516	-357.271301
1711.251953	-201.725357
1710.276367	169.769653
1709.299805	27.233730
1708.324219	49.618221
1707.347656	-39.622215
1706.370117	2.786747
1705.393555	-89.247269
1704.416016	165.338989
1703.438477	-31.621161
1702.460938	557.936462
1701.483398	-93.917992
1700.505859	-56.416950
1699.527344	-119.669655
1698.548828	-89.343513
1697.570313	519.933411
1696.591797	244.355637
1695.612305	274.448486
1694.632813	127.577225
1693.653320	84.670044
1692.673828	148.263031
1691.694336	93.797050
1690.713867	-247.002350
1689.734375	90.194908
1688.753906	0.842559
1687.772461	7.854969
1686.791992	-67.129936
1685.810547	125.002769
1684.830078	-22.156652
1683.848633	273.541718
1682.866211	125.612061
1681.884766	354.299530
1680.902344	-46.196598
1679.919922	-90.479233
1678.937500	68.587433
1677.955078	466.520966
1676.971680	273.970917
1675.989258	175.475723
1675.005859	229.386215
1674.022461	120.477577
1673.038086	-80.011047
1672.054688	60.018425
1671.070313	77.955528
1670.085938	-76.861267
1669.101563	-277.336670
1668.117188	37.619865
1667.131836	296.574493
1666.146484	45.374352
1665.161133	63.252274
1664.175781	-32.969769
1663.189453	263.959259
1662.204102	23.352051
1661.217773	-128.389145
1660.231445	-186.187271
1659.245117	133.706009
1658.257813	291.402466
1657.270508	13.500458
1656.284180	65.104965
1655.295898	-35.163811
1654.308594	115.401512
1653.321289	-4.730373
1652.333008	-127.223381
1651.344727	248.868332
1650.356445	-93.317101
1649.367188	166.606384
1648.378906	-243.314301
1647.389648	14.382771
1646.400391	140.753601
1645.411133	444.133423
1644.420898	-83.526253
1643.431641	68.641640
1642.441406	-11.385107
1641.451172	183.993500
1640.459961	-92.517639
1639.469727	-381.281097
1638.478516	44.228298
1637.487305	240.233414
1636.496094	35.402477
1635.504883	98.122231
1634.512695	297.116760
1633.520508	276.978119
1632.528320	289.810974
1631.536133	219.719910
1630.543945	706.496704
1629.550781	966.607666
1628.557617	992.677734
1627.564453	855.326233
1626.571289	977.449768
1625.578125	1192.815674
1624.583984	1229.652344
1623.589844	1337.090332
1622.595703	1555.318848
1621.601563	1663.034180
1620.606445	1750.754028
1619.611328	1569.740723
1618.616211	2024.619995
1617.621094	1695.791138
1616.625977	1716.356323
1615.629883	2128.739990
1614.633789	1316.101440
1613.637695	1495.327515
1612.641602	1797.598633
1611.645508	1598.160889
1610.648438	1587.048706
1609.651367	1759.154419
1608.654297	1821.021118
1607.657227	1945.680176
1606.659180	2273.388916
1605.662109	2385.656494
1604.664063	2034.548462
1603.666016	2430.065430
1602.666992	2404.839844
1601.668945	1924.153564
1600.669922	1851.736816
1599.670898	2202.378906
1598.671875	2087.634277
1597.671875	1792.913940
1596.672852	1658.513428
1595.672852	1504.235107
1594.672852	1180.128906
1593.671875	1026.180542
1592.671875	1274.716064
1591.670898	1051.034790
1590.669922	592.745056
1589.668945	1156.085327
1588.667969	872.887939
1587.666016	532.443665
1586.664063	534.110779
1585.662109	513.385742
1584.660156	884.382141
1583.658203	137.940231
1582.655273	85.043007
1581.652344	111.993782
1580.649414	395.711121
1579.646484	101.215157
1578.642578	330.063507
1577.638672	15.829036
1576.634766	456.356293
1575.630859	0.376581
1574.626953	181.890884
1573.622070	176.664337
1572.618164	89.380669
1571.613281	22.026407
1570.607422	49.208313
1569.602539	4.309319
1568.596680	217.980408
1567.590820	98.489975
1566.584961	-30.887064
1565.579102	-11.117911
1564.572266	-130.499039
1563.566406	142.618240
1562.559570	-210.153442
1561.551758	30.531536
1560.544922	99.876686
1559.537109	-205.555847
1558.530273	-131.242157
1557.521484	158.777390
1556.513672	-99.382172
1555.505859	93.811554
1554.497070	-313.019135
1553.488281	48.613735
1552.479492	18.568125
1551.470703	82.659126
1550.460938	-21.752396
1549.451172	-59.283653
1548.441406	-183.470901
1547.431641	-74.955803
1546.421875	-119.942436
1545.411133	-211.975876
1544.400391	116.538010
1543.389648	-49.760906
1542.378906	-67.650650
1541.367188	40.491920
1540.355469	-29.402822
1539.343750	68.742783
1538.332031	30.928320
1537.320313	12.864396
1536.307617	-123.790443
1535.294922	43.277401
1534.282227	232.458405
1533.269531	80.939987
1532.256836	-38.465378
1531.243164	91.283913
1530.229492	255.478409
1529.215820	-78.545799
1528.202148	-84.561935
1527.187500	-63.516502
1526.172852	105.350082
1525.158203	-226.047729
1524.143555	-64.666527
1523.127930	96.590309
1522.113281	-441.519745
1521.097656	32.340717
1520.082031	40.791027
1519.065430	255.888916
1518.049805	-21.150826
1517.033203	-59.533669
1516.016602	-225.800186
1515.000000	-214.996384
1513.982422	230.845810
1512.965820	180.062592
1511.948242	55.538445
1510.930664	422.365875
1509.913086	84.127983
1508.894531	43.109417
1507.875977	26.641069
1506.857422	5.255374
1505.838867	540.926208
1504.820313	190.650894
1503.800781	-22.156826
1502.781250	145.252075
1501.761719	126.230476
1500.742188	-34.970249
1499.721680	17.091114
1498.702148	480.821503
1497.681641	81.965256
1496.661133	383.794983
1495.639648	462.623108
1494.618164	414.105072
1493.597656	299.548523
1492.576172	434.643402
1491.553711	-125.225815
1490.532227	393.972656
1489.509766	211.007065
1488.487305	-8.545337
1487.464844	324.508453
1486.442383	217.478683
1485.418945	-50.794514
1484.395508	284.516083
1483.372070	-47.130878
1482.348633	43.863926
1481.324219	349.680664
1480.300781	147.671005
1479.276367	-120.146141
1478.251953	156.302338
1477.226563	200.880402
1476.202148	184.525330
1475.176758	163.307144
1474.151367	-106.544945
1473.125000	13.716012
1472.099609	409.370636
1471.073242	49.575314
1470.046875	-88.358963
1469.020508	56.311630
1467.994141	169.315277
1466.966797	143.528122
1465.939453	456.104675
1464.912109	423.062195
1463.884766	300.074097
1462.856445	568.762878
1461.829102	582.079712
1460.800781	529.775879
1459.772461	419.212402
1458.743164	794.773743
1457.714844	781.512024
1456.685547	1207.972046
1455.656250	1403.588623
1454.625977	1157.234741
1453.596680	809.118225
1452.566406	1271.854492
1451.536133	591.522827
1450.505859	988.741577
1449.474609	793.993469
1448.444336	880.739258
1447.413086	640.177124
1446.381836	773.096680
1445.350586	658.838989
1444.318359	648.867432
1443.286133	605.068909
1442.253906	810.835205
1441.221680	539.565918
1440.189453	537.223083
1439.156250	658.379761
1438.123047	445.621490
1437.089844	448.367279
1436.056641	656.809509
1435.022461	267.884888
1433.988281	91.990898
1432.954102	121.733925
1431.919922	458.493774
1430.885742	386.849426
1429.850586	428.843384
1428.815430	14.427141
1427.780273	15.624968
1426.744141	193.135773
1425.708984	662.751526
1424.672852	-243.294754
1423.636719	-188.595047
1422.600586	22.968412
1421.563477	-216.463669
1420.527344	313.493195
1419.490234	42.967548
1418.452148	230.557831
1417.415039	-343.242828
1416.376953	56.557957
1415.338867	87.777138
1414.300781	73.336952
1413.262695	-22.852104
1412.224609	112.179008
1411.185547	-409.744629
1410.146484	35.876858
1409.107422	-103.120415
1408.067383	-237.168930
1407.027344	-46.445034
1405.987305	101.027924
1404.947266	181.253937
1403.907227	218.295532
1402.866211	34.384693
1401.826172	244.592728
1400.785156	48.961761
1399.743164	300.062347
1398.702148	85.515831
1397.660156	444.708649
1396.618164	458.353607
1395.576172	831.919312
1394.533203	862.454712
1393.491211	1461.380737
1392.448242	1652.600342
1391.405273	1913.345215
1390.361328	1833.797485
1389.318359	1823.888794
1388.274414	2839.226074
1387.230469	3061.579346
1386.186523	2682.999023
1385.141602	3645.128662
1384.097656	3558.757813
1383.052734	3836.193604
1382.007813	3812.201904
1380.961914	3651.976807
1379.916992	3491.944336
1378.871094	3456.372803
1377.825195	3055.234375
1376.778320	2816.837646
1375.732422	2516.548096
1374.685547	2300.064941
1373.638672	2609.141113
1372.591797	2469.326904
1371.543945	2148.235107
1370.497070	1956.265869
1369.449219	1895.689575
1368.400391	1799.427612
1367.352539	1471.980713
1366.303711	1726.553589
1365.255859	1623.536987
1364.206055	1592.118042
1363.157227	1760.986694
1362.108398	1248.506714
1361.058594	1905.823364
1360.008789	1750.895020
1358.958984	1667.544678
1357.908203	1755.683594
1356.857422	1524.968994
1355.806641	1532.368408
1354.755859	1366.193237
1353.705078	1766.208008
1352.653320	1490.820435
1351.601563	1203.741699
1350.549805	1309.033203
1349.498047	1447.619507
1348.445313	1324.877319
1347.393555	1252.155151
1346.340820	1110.656982
1345.287109	636.885559
1344.234375	766.321899
1343.180664	772.349915
1342.126953	747.598083
1341.073242	898.467468
1340.019531	786.081848
1338.964844	569.466797
1337.910156	962.250549
1336.855469	496.955231
1335.799805	358.907471
1334.745117	325.235352
1333.689453	564.007568
1332.633789	56.793301
1331.578125	556.059998
1330.521484	84.669746
1329.464844	32.410294
1328.408203	-90.754822
1327.351563	-157.045670
1326.294922	-166.498734
1325.237305	-232.657883
1324.179688	218.959656
1323.122070	-66.963852
1322.064453	91.511696
1321.005859	65.678558
1319.947266	-153.777573
1318.888672	-51.947861
1317.830078	-247.595306
1316.770508	146.959259
1315.710938	-121.743195
1314.651367	-76.496910
1313.591797	74.911667
1312.531250	25.814247
1311.471680	99.391281
1310.411133	-152.356537
1309.349609	93.304016
1308.289063	74.998489
1307.227539	129.739548
1306.166016	175.063950
1305.104492	340.486084
1304.042969	-233.370239
1302.980469	-65.547943
1301.917969	471.677124
1300.855469	53.495213
1299.792969	305.881683
1298.729492	172.493011
1297.666016	215.514236
1296.602539	202.116074
1295.539063	233.391159
1294.474609	156.566406
1293.411133	185.512802
1292.346680	-13.369348
1291.281250	257.450195
1290.216797	46.916553
1289.151367	-111.894028
1288.085938	88.398705
1287.020508	363.680450
1285.955078	33.696320
1284.888672	353.423492
1283.822266	595.640625
1282.755859	542.413269
1281.689453	981.341919
1280.622070	-63.045227
1279.554688	148.589066
1278.487305	636.482178
1277.419922	555.187988
1276.351563	705.664307
1275.283203	645.432068
1274.214844	643.717041
1273.146484	365.948120
1272.077148	768.899597
1271.008789	811.571289
1269.939453	459.098602
1268.869141	527.484741
1267.799805	432.264709
1266.729492	26.327827
1265.659180	545.546814
1264.588867	483.034210
1263.517578	334.130981
1262.447266	325.356506
1261.375977	778.647217
1260.304688	531.739136
1259.232422	574.176270
1258.161133	672.568054
1257.088867	938.772766
1256.016602	689.639771
1254.943359	755.232788
1253.871094	466.602631
1252.797852	648.666321
1251.724609	916.816223
1250.650391	1159.194214
1249.577148	931.175537
1248.502930	908.056030
1247.428711	1182.798584
1246.354492	896.684082
1245.279297	1254.999023
1244.204102	910.796021
1243.128906	775.985046
1242.053711	1120.077637
1240.977539	1101.426514
1239.902344	901.536194
1238.826172	922.390076
1237.750000	887.470703
1236.672852	875.748291
1235.595703	715.432007
1234.518555	594.619324
1233.441406	-201.435913
1232.364258	445.887238
1231.286133	485.176147
1230.208008	566.167419
1229.129883	554.361145
1228.051758	403.456360
1226.972656	410.165436
1225.893555	-83.610710
1224.814453	340.120087
1223.734375	168.429535
1222.655273	177.408630
1221.575195	38.192986
1220.495117	35.562527
1219.415039	241.161850
1218.333984	388.800964
1217.252930	46.017685
1216.171875	281.456635
1215.090820	-165.229721
1214.008789	231.885818
1212.926758	402.341156
1211.844727	-182.781555
1210.762695	193.217117
1209.679688	176.432312
1208.597656	152.721100
1207.513672	-238.049347
1206.430664	-132.480179
1205.347656	-24.675428
1204.263672	-223.750854
1203.179688	301.401917
1202.095703	381.294861
1201.010742	186.796555
1199.925781	257.402161
1198.840820	33.018219
1197.755859	522.863708
1196.670898	-159.854095
1195.584961	281.409241
1194.499023	-25.753462
1193.413086	134.439362
1192.326172	-165.702286
1191.239258	120.937912
1190.152344	317.723541
1189.065430	1.588517
1187.978516	-151.185654
1186.890625	-166.007721
1185.802734	145.492599
1184.714844	296.003113
1183.625977	232.790802
1182.538086	148.931961
1181.449219	234.991516
1180.360352	509.230408
1179.270508	338.079712
1178.180664	807.167542
1177.090820	1165.919922
1176.000977	753.872375
1174.911133	715.755554
1173.820313	1016.918579
1172.729492	818.278564
1171.638672	718.245911
1170.547852	785.484985
1169.456055	715.243164
1168.364258	809.894653
1167.272461	703.017822
1166.179688	435.938202
1165.087891	709.048462
1163.995117	1357.233765
1162.902344	1760.368164
1161.808594	1715.058350
1160.715820	2033.310547
1159.622070	1709.060303
1158.528320	1636.334106
1157.433594	1287.145142
1156.339844	1223.663086
1155.245117	1221.847290
1154.149414	400.283905
1153.054688	362.107574
1151.958984	328.488495
1150.863281	310.843689
1149.767578	42.255276
1148.671875	558.375610
1147.575195	127.916809
1146.478516	-10.547989
1145.381836	140.508606
1144.285156	88.676422
1143.187500	-33.781765
1142.089844	37.414207
1140.992188	-55.391953
1139.894531	-166.380005
1138.795898	-188.572388
1137.697266	-219.868729
1136.598633	-130.573807
1135.499023	-166.448425
1134.400391	-43.112038
1133.300781	-10.804893
1132.201172	16.932695
1131.100586	76.449242
1130.000977	-134.445129
1128.900391	79.528816
1127.799805	98.072861
1126.698242	-94.581749
1125.596680	157.778427
1124.495117	-146.042221
1123.393555	274.108246
1122.291992	240.334976
1121.189453	716.872925
1120.086914	907.462891
1118.984375	1152.366089
1117.881836	1662.335938
1116.778320	1913.708984
1115.674805	1884.026611
1114.571289	1788.651611
1113.466797	1772.545288
1112.363281	1921.720703
1111.258789	1446.058228
1110.153320	1789.791504
1109.048828	1884.488159
1107.943359	1142.161499
1106.837891	1655.282104
1105.732422	1288.623047
1104.625977	1130.055420
1103.520508	1023.529663
1102.414063	935.089966
1101.306641	905.379944
1100.200195	988.596191
1099.092773	626.919250
1097.985352	400.820099
1096.877930	748.059448
1095.769531	445.242767
1094.661133	201.184616
1093.552734	340.630096
1092.444336	292.820404
1091.335938	87.188126
1090.226563	587.072815
1089.117188	277.726563
1088.006836	139.688019
1086.897461	465.677277
1085.787109	690.132141
1084.676758	542.968750
1083.566406	470.107758
1082.455078	786.536865
1081.343750	425.570618
1080.232422	552.832825
1079.121094	1006.068298
1078.008789	701.350464
1076.896484	1122.767334
1075.784180	1074.255127
1074.671875	989.765686
1073.558594	777.204163
1072.445313	778.037598
1071.332031	787.791992
1070.217773	759.309814
1069.104492	553.495544
1067.990234	195.125458
1066.875977	455.994751
1065.760742	-50.354980
1064.645508	-16.159742
1063.530273	280.235260
1062.415039	85.601929
1061.299805	247.259109
1060.183594	368.431641
1059.067383	-34.612400
1057.951172	144.641098
1056.833984	348.350342
1055.716797	-182.239822
1054.599609	32.482254
1053.482422	291.765015
1052.364258	387.559418
1051.247070	165.704849
1050.128906	174.120316
1049.009766	-65.668655
1047.891602	-68.556656
1046.772461	252.406158
1045.653320	155.437729
1044.533203	120.929886
1043.414063	-315.515350
1042.293945	51.688030
1041.173828	101.734779
1040.052734	22.239086
1038.932617	181.362183
1037.811523	-386.712891
1036.689453	151.219025
1035.568359	229.624344
1034.446289	-21.962799
1033.324219	209.945892
1032.202148	89.680847
1031.079102	67.328278
1029.957031	20.394543
1028.833984	-42.231598
1027.709961	-318.622284
1026.586914	-7.583100
1025.462891	145.231247
1024.338867	-37.971424
1023.214844	-145.622284
1022.089844	31.176691
1020.964844	-194.503036
1019.839844	184.165192
1018.714844	398.140869
1017.588867	-58.869675
1016.462891	-93.919548
1015.336914	-98.006218
1014.210938	-306.424011
1013.083984	113.060371
1011.957031	237.156097
1010.830078	616.115784
1009.702148	214.203659
1008.574219	958.480957
1007.446289	1702.274536
1006.318359	3436.094971
1005.190430	4442.319824
1004.061523	5148.900879
1002.932617	3997.118164
1001.802734	2546.810059
1000.673828	944.309082
999.543945	302.752960
998.414063	260.895569
997.283203	325.043213
996.153320	329.322693
995.022461	-75.593971
993.891602	299.770416
992.759766	418.440582
991.628906	161.325684
990.497070	67.596985
989.364258	176.894104
988.232422	433.924011
987.099609	456.669830
985.966797	296.074707
984.833984	437.650024
983.700195	360.599457
982.566406	587.749573
981.432617	675.725098
980.298828	759.080566
979.164063	264.812317
978.029297	367.696869
976.894531	256.695099
975.759766	416.455505
974.624023	-93.393082
973.488281	380.797760
972.352539	515.680481
971.215820	392.876068
970.080078	525.158936
968.943359	327.298004
967.805664	580.078430
966.668945	571.010071
965.531250	906.798767
964.393555	405.117737
963.254883	909.583557
962.117188	989.801147
960.978516	542.815308
959.839844	765.417358
958.700195	768.254822
957.561523	933.324524
956.421875	1150.783813
955.281250	979.754761
954.141602	1284.488770
953.000977	1551.631104
951.860352	1474.392456
950.719727	1646.832886
949.578125	923.025146
948.436523	1222.207886
947.294922	752.523499
946.153320	755.770447
945.010742	892.349670
943.868164	562.637207
942.725586	388.256165
941.583008	410.657684
940.439453	568.457458
939.295898	221.040085
938.152344	162.153870
937.007813	116.242485
935.863281	188.191071
934.718750	54.666153
933.574219	355.623444
932.428711	278.604218
931.283203	-154.267487
930.137695	431.991638
928.992188	472.458679
927.845703	41.643600
926.699219	-332.387451
925.552734	15.263156
924.405273	619.816345
923.257813	520.135620
922.110352	69.646111
920.962891	296.659851
919.814453	421.104858
918.666016	495.325623
917.517578	388.774963
916.369141	-39.871555
915.219727	197.302444
914.070313	114.559937
912.920898	120.939980
911.770508	-235.844101
910.621094	181.292969
909.470703	-95.058083
908.319336	-434.369720
907.168945	-208.806305
906.017578	-185.378601
904.866211	37.735809
903.713867	147.813049
902.562500	331.618835
901.410156	-29.275433
900.256836	501.423889
899.104492	164.471008
897.951172	-27.109390
896.797852	-121.072533
895.644531	276.922333
894.490234	-168.074768
893.335938	140.915482
892.181641	259.206604
891.027344	59.202084
889.872070	-240.286041
888.716797	87.955971
887.561523	115.347336
886.405273	-51.936337
885.249023	-117.466454
884.092773	-22.925276
882.936523	91.075279
881.779297	321.746368
880.622070	673.360229
879.464844	65.840195
878.307617	95.726799
877.149414	9.067532
875.991211	209.611023
874.833008	8.765051
873.673828	647.343079
872.514648	248.214584
871.355469	-310.200897
870.196289	104.106026
869.036133	238.097702
867.875977	352.756531
866.715820	387.771545
865.554688	190.253952
864.394531	184.650223
863.233398	6.931265
862.071289	414.895905
860.910156	562.462402
859.748047	447.618103
858.585938	279.219269
857.422852	474.479523
856.259766	379.579010
855.096680	349.394104
853.933594	534.308838
852.770508	422.844147
851.606445	277.237762
850.442383	-100.018776
849.277344	197.234512
848.113281	363.653870
846.948242	51.644161
845.783203	-23.995502
844.617188	95.801689
843.451172	160.025757
842.285156	-146.447540
841.119141	-111.719124
839.952148	83.942474
838.785156	48.385456
837.618164	-31.878038
836.451172	-152.527390
835.283203	-13.818835
834.115234	-332.956268
832.947266	499.630676
831.778320	-182.649780
830.609375	399.798218
829.440430	148.263443
828.271484	-66.512390
827.101563	108.106087
825.931641	24.373404
824.761719	141.804352
823.590820	690.937012
822.420898	-58.217690
821.250000	333.339233
820.078125	592.673645
818.907227	387.020813
817.735352	277.771667
816.562500	708.518921
815.390625	887.777039
814.217773	203.816879
813.044922	91.739952
811.872070	-17.823511
810.698242	17.849539
809.524414	-95.254166
808.350586	224.311493
807.176758	120.394791
806.001953	468.086365
804.827148	-194.832108
803.651367	125.773186
802.476563	59.474636
801.300781	142.379547
800.125000	542.353516
798.948242	640.647888
797.772461	433.249878
796.595703	464.209595
795.417969	397.776459
794.241211	796.759460
793.063477	949.608276
791.885742	485.075592
790.707031	553.690430
789.529297	976.895325
788.350586	946.328796
787.170898	801.574463
785.992188	699.615417
784.812500	676.430969
783.632813	604.828674
782.452148	986.912048
781.272461	682.899414
780.091797	616.478088
778.911133	594.836548
777.729492	480.359436
776.547852	719.593567
775.366211	-47.986206
774.184570	187.579163
773.001953	40.564953
771.819336	-120.917633
770.636719	106.816216
769.453125	-159.759064
768.269531	222.571732
767.085938	169.883331
765.902344	22.425962
764.717773	485.334015
763.533203	42.820923
762.348633	434.179169
761.163086	30.253878
759.977539	-78.031853
758.791992	-512.913574
757.606445	41.244099
756.419922	-77.007072
755.233398	-121.304062
754.046875	595.015137
752.859375	376.041199
751.672852	492.078247
750.485352	490.278198
749.296875	669.568237
748.108398	1217.071167
746.919922	479.119720
745.731445	666.929382
744.542969	673.883423
743.353516	636.731689
742.164063	1068.275635
740.973633	594.073608
739.783203	521.313293
738.592773	341.482758
737.402344	778.995850
736.211914	424.922485
735.020508	513.773621
733.829102	952.912354
732.636719	1098.115112
731.444336	700.018372
730.251953	587.164551
729.059570	520.373413
727.866211	715.452332
726.673828	648.425659
725.479492	340.399719
724.286133	392.568298
723.091797	431.979767
721.897461	176.068634
720.703125	22.635668
719.507813	492.527039
718.312500	-255.353165
717.117188	65.480019
715.921875	53.519585
714.725586	427.990784
713.529297	595.158691
712.332031	573.947998
711.135742	406.276306
709.938477	292.686981
708.740234	335.428253
707.542969	828.689819
706.344727	1930.718140
705.146484	2543.731689
703.948242	3160.301758
702.749023	3907.612549
701.549805	3693.174072
700.350586	2882.406982
699.150391	2596.770020
697.950195	1810.940186
696.750000	1114.687988
695.549805	699.511108
694.348633	671.366516
693.147461	875.978577
691.946289	557.859558
690.744141	264.487823
689.541992	474.204956
688.339844	870.604492
687.136719	875.643738
685.934570	722.399902
684.730469	523.159058
683.527344	473.260376
682.323242	732.504395
681.119141	694.403564
679.915039	558.463135
678.710938	990.947388
677.505859	686.381714
676.300781	728.133667
675.094727	605.786377
673.889648	790.163574
672.683594	582.489746
671.476563	72.172684
670.270508	488.113190
669.063477	601.314758
667.856445	165.613052
666.648438	570.644165
665.440430	238.604187
664.232422	200.613968
663.024414	539.269653
661.815430	197.362244
660.606445	542.344238
659.397461	478.030914
658.188477	399.553040
656.978516	544.608643
655.768555	-163.252563
654.557617	399.924683
653.346680	-29.901356
652.135742	222.346069
650.924805	165.536316
649.712891	282.812714
648.501953	-44.745785
647.289063	-127.886604
646.077148	-146.065399
644.864258	-210.571243
643.651367	-24.473928
642.438477	-34.996746
641.224609	48.574619
640.010742	-216.513901
638.796875	152.282532
637.582031	285.903931
636.367188	415.158630
635.152344	733.595215
633.937500	383.400513
632.721680	430.531219
631.505859	1004.385986
630.289063	1060.488281
629.073242	1491.290894
627.856445	1739.897461
626.639648	1823.036011
625.421875	1122.874878
624.204102	1155.397095
622.986328	807.713501
621.768555	663.121704
620.549805	71.326843
619.331055	122.044884
618.111328	361.863098
616.892578	-64.142570
