1721.000977	-129.065552
1720.027344	-49.220467
1719.052734	15.181855
1718.078125	-3.297096
1717.104492	28.823235
1716.128906	67.934090
1715.154297	108.938766
1714.178711	113.404854
1713.204102	-31.389175
1712.228516	-87.007820
1711.251953	-99.600769
1710.276367	76.850723
1709.299805	-82.765450
1708.324219	131.048416
1707.347656	47.366188
1706.370117	45.185139
1705.393555	-108.364685
1704.416016	103.600388
1703.438477	248.612396
1702.460938	22.417116
1701.483398	-227.018631
1700.505859	113.829887
1699.527344	96.446007
1698.548828	-13.185614
1697.570313	12.370064
1696.591797	-130.889038
1695.612305	152.122589
1694.632813	-27.285473
1693.653320	33.125229
1692.673828	-123.582207
1691.694336	-132.403809
1690.713867	26.975857
1689.734375	84.149559
1688.753906	156.461365
1687.772461	45.067265
1686.791992	15.192142
1685.810547	206.922195
1684.830078	52.014977
1683.848633	-141.118332
1682.866211	32.473064
1681.884766	91.376938
1680.902344	15.284176
1679.919922	43.535458
1678.937500	59.025539
1677.955078	-22.182257
1676.971680	77.205132
1675.989258	201.989349
1675.005859	57.213383
1674.022461	54.851681
1673.038086	118.567123
1672.054688	29.838688
1671.070313	-104.566177
1670.085938	-167.771957
1669.101563	116.960518
1668.117188	94.428711
1667.131836	244.534241
1666.146484	120.558609
1665.161133	-87.040352
1664.175781	-144.838242
1663.189453	-35.185207
1662.204102	-90.313820
1661.217773	11.802527
1660.231445	-157.246826
1659.245117	0.724062
1658.257813	16.816525
1657.270508	-12.616284
1656.284180	69.474586
1655.295898	7.269534
1654.308594	-211.761368
1653.321289	-71.249001
1652.333008	-52.177586
1651.344727	-86.157410
1650.356445	-155.449417
1649.367188	25.699284
1648.378906	113.325752
1647.389648	89.773804
1646.400391	-67.620705
1645.411133	-25.264914
1644.420898	55.038181
1643.431641	-21.178797
1642.441406	-127.590302
1641.451172	-9.195496
1640.459961	114.271881
1639.469727	-39.794365
1638.478516	13.152314
1637.487305	91.383507
1636.496094	207.491165
1635.504883	157.224365
1634.512695	38.987064
1633.520508	150.221085
1632.528320	97.703613
1631.536133	206.514511
1630.543945	88.673042
1629.550781	177.434769
1628.557617	163.008408
1627.564453	115.937439
1626.571289	295.448914
1625.578125	379.344055
1624.583984	312.328796
1623.589844	459.183441
1622.595703	613.584167
1621.601563	624.687439
1620.606445	580.541077
1619.611328	619.398743
1618.616211	801.503784
1617.621094	707.283142
1616.625977	738.723267
1615.629883	915.819519
1614.633789	1015.074036
1613.637695	983.827759
1612.641602	701.718567
1611.645508	974.196655
1610.648438	802.646301
1609.651367	1012.373962
1608.654297	961.310425
1607.657227	1065.716553
1606.659180	972.125061
1605.662109	1086.578247
1604.664063	1153.410034
1603.666016	1155.127075
1602.666992	1149.351929
1601.668945	1328.871826
1600.669922	1295.581665
1599.670898	1384.947754
1598.671875	1236.617676
1597.671875	1288.471313
1596.672852	1325.323853
1595.672852	1187.145630
1594.672852	1124.033813
1593.671875	1048.456177
1592.671875	947.942932
1591.670898	869.956665
1590.669922	719.577087
1589.668945	524.317200
1588.667969	631.240784
1587.666016	510.965302
1586.664063	428.175903
1585.662109	480.157196
1584.660156	310.097137
1583.658203	319.677887
1582.655273	369.139038
1581.652344	423.559418
1580.649414	36.778473
1579.646484	131.101501
1578.642578	195.469391
1577.638672	105.362457
1576.634766	351.485504
1575.630859	146.822678
1574.626953	64.209663
1573.622070	-5.948651
1572.618164	220.022827
1571.613281	30.411600
1570.607422	111.965584
1569.602539	325.271179
1568.596680	165.522156
1567.590820	-193.038040
1566.584961	40.003731
1565.579102	39.364326
1564.572266	110.731972
1563.566406	72.772583
1562.559570	134.119354
1561.551758	34.035133
1560.544922	77.933136
1559.537109	-84.192154
1558.530273	-137.106049
1557.521484	65.446075
1556.513672	-114.026009
1555.505859	125.574265
1554.497070	-9.285516
1553.488281	9.539258
1552.479492	-110.438210
1551.470703	-49.550385
1550.460938	-157.157791
1549.451172	-106.267914
1548.441406	1.508536
1547.431641	-21.984993
1546.421875	-164.294678
1545.411133	-19.574003
1544.400391	-53.059662
1543.389648	17.307728
1542.378906	-21.189768
1541.367188	41.642998
1540.355469	-147.697037
1539.343750	38.619164
1538.332031	-37.064705
1537.320313	-83.112915
1536.307617	-129.187759
1535.294922	-54.295918
1534.282227	-95.493965
1533.269531	87.877373
1532.256836	53.995934
1531.243164	-132.869934
1530.229492	-26.185614
1529.215820	-82.333725
1528.202148	-57.136326
1527.187500	-88.686424
1526.172852	30.067411
1525.158203	77.283669
1524.143555	129.371826
1523.127930	-15.632257
1522.113281	24.072706
1521.097656	73.564003
1520.082031	-59.132999
1519.065430	-95.848671
1518.049805	2.740061
1517.033203	96.326538
1516.016602	42.288864
1515.000000	-4.382258
1513.982422	-16.659832
1512.965820	59.520775
1511.948242	-151.853317
1510.930664	108.498528
1509.913086	-105.312767
1508.894531	-51.415543
1507.875977	157.098907
1506.857422	-37.046165
1505.838867	95.246498
1504.820313	11.549782
1503.800781	114.279266
1502.781250	-50.378838
1501.761719	160.155212
1500.742188	-41.263439
1499.721680	56.379391
1498.702148	136.816086
1497.681641	-89.047707
1496.661133	64.813263
1495.639648	7.977583
1494.618164	100.493019
1493.597656	85.256027
1492.576172	84.680908
1491.553711	162.373810
1490.532227	-31.506800
1489.509766	29.024609
1488.487305	-59.644249
1487.464844	-84.729431
1486.442383	-56.045647
1485.418945	9.256167
1484.395508	-37.866898
1483.372070	-77.655304
1482.348633	170.731537
1481.324219	16.127995
1480.300781	-21.236950
1479.276367	41.456085
1478.251953	104.114441
1477.226563	127.695526
1476.202148	224.439087
1475.176758	40.699642
1474.151367	100.828865
1473.125000	246.229477
1472.099609	-61.698620
1471.073242	44.684223
1470.046875	82.812691
1469.020508	335.237305
1467.994141	190.668777
1466.966797	102.141624
1465.939453	184.020203
1464.912109	73.632362
1463.884766	63.038380
1462.856445	220.268906
1461.829102	319.082092
1460.800781	330.322723
1459.772461	224.885376
1458.743164	185.104401
1457.714844	283.850159
1456.685547	239.227249
1455.656250	335.493439
1454.625977	436.572021
1453.596680	391.966980
1452.566406	403.203888
1451.536133	310.100983
1450.505859	151.542664
1449.474609	281.696350
1448.444336	135.358871
1447.413086	192.747284
1446.381836	184.674805
1445.350586	113.606865
1444.318359	197.646454
1443.286133	-151.963593
1442.253906	292.999939
1441.221680	-46.766205
1440.189453	240.654541
1439.156250	126.166008
1438.123047	200.498169
1437.089844	-66.321129
1436.056641	116.903870
1435.022461	-28.838978
1433.988281	120.477081
1432.954102	240.740173
1431.919922	109.621597
1430.885742	256.454773
1429.850586	21.539148
1428.815430	-119.058670
1427.780273	-235.429138
1426.744141	104.557312
1425.708984	-9.354429
1424.672852	-19.434898
1423.636719	-51.203598
1422.600586	-49.165108
1421.563477	-59.173191
1420.527344	-8.864139
1419.490234	-129.718246
1418.452148	84.502151
1417.415039	-62.777931
1416.376953	-87.115799
1415.338867	-22.300791
1414.300781	-181.440125
1413.262695	-29.909582
1412.224609	-90.239243
1411.185547	-119.241707
1410.146484	-56.776836
1409.107422	-52.045647
1408.067383	32.066074
1407.027344	29.606546
1405.987305	-105.043259
1404.947266	108.891182
1403.907227	-90.545128
1402.866211	34.449631
1401.826172	17.714481
1400.785156	-30.214420
1399.743164	109.164040
1398.702148	73.292191
1397.660156	181.445602
1396.618164	16.054874
1395.576172	236.972565
1394.533203	198.797501
1393.491211	270.972656
1392.448242	331.148804
1391.405273	400.913605
1390.361328	473.063232
1389.318359	485.324524
1388.274414	598.198120
1387.230469	708.656250
1386.186523	495.875610
1385.141602	601.566528
1384.097656	695.279724
1383.052734	662.161560
1382.007813	578.848145
1380.961914	619.953186
1379.916992	546.302612
1378.871094	690.246094
1377.825195	521.051453
1376.778320	512.049194
1375.732422	517.419556
1374.685547	432.039612
1373.638672	334.781616
1372.591797	438.142395
1371.543945	336.193909
1370.497070	387.057281
1369.449219	213.632477
1368.400391	231.137115
1367.352539	248.665802
1366.303711	323.431122
1365.255859	312.373291
1364.206055	306.094666
1363.157227	249.809769
1362.108398	255.514420
1361.058594	313.632324
1360.008789	345.552765
1358.958984	263.201263
1357.908203	395.130493
1356.857422	217.646591
1355.806641	271.054962
1354.755859	393.446136
1353.705078	244.680161
1352.653320	236.281448
1351.601563	296.846100
1350.549805	172.019318
1349.498047	204.096680
1348.445313	150.646637
1347.393555	11.738393
1346.340820	250.480865
1345.287109	114.007576
1344.234375	279.077026
1343.180664	107.095146
1342.126953	253.142166
1341.073242	90.763680
1340.019531	-2.749661
1338.964844	148.011612
1337.910156	-165.914352
1336.855469	274.001404
1335.799805	0.490684
1334.745117	-159.163025
1333.689453	-65.304436
1332.633789	123.250053
1331.578125	-86.007713
1330.521484	-112.908386
1329.464844	77.936638
1328.408203	46.308273
1327.351563	-68.084824
1326.294922	70.635918
1325.237305	-64.975288
1324.179688	73.702492
1323.122070	94.161133
1322.064453	74.452065
1321.005859	298.084625
1319.947266	129.554733
1318.888672	-402.545166
1317.830078	158.683044
1316.770508	-73.412354
1315.710938	166.574646
1314.651367	10.095904
1313.591797	-205.276642
1312.531250	117.144241
1311.471680	36.255695
1310.411133	-110.601707
1309.349609	46.631340
1308.289063	-41.241810
1307.227539	-74.893204
1306.166016	-84.969658
1305.104492	112.180908
1304.042969	-27.400757
1302.980469	9.605508
1301.917969	77.194473
1300.855469	203.576813
1299.792969	101.748398
1298.729492	122.250137
1297.666016	25.189081
1296.602539	57.461491
1295.539063	-37.181881
1294.474609	37.385872
1293.411133	135.423965
1292.346680	64.317299
1291.281250	84.813759
1290.216797	-26.151703
1289.151367	29.569567
1288.085938	-17.978870
1287.020508	-23.274733
1285.955078	-37.946121
1284.888672	104.501183
1283.822266	249.233780
1282.755859	103.248589
1281.689453	-0.486769
1280.622070	50.455578
1279.554688	31.103554
1278.487305	285.771484
1277.419922	-54.398167
1276.351563	26.944380
1275.283203	66.126862
1274.214844	32.755630
1273.146484	83.618675
1272.077148	-17.572851
1271.008789	77.711617
1269.939453	135.542938
1268.869141	60.114410
1267.799805	167.000534
1266.729492	-109.325432
1265.659180	-74.863869
1264.588867	-68.440010
1263.517578	54.716976
1262.447266	44.771393
1261.375977	130.510071
1260.304688	-77.781242
1259.232422	257.549194
1258.161133	-34.638012
1257.088867	60.367825
1256.016602	-180.366257
1254.943359	210.627899
1253.871094	242.604462
1252.797852	202.340576
1251.724609	211.008774
1250.650391	249.940536
1249.577148	167.798187
1248.502930	246.294525
1247.428711	147.895020
1246.354492	156.564575
1245.279297	-85.996101
1244.204102	41.324944
1243.128906	112.788528
1242.053711	246.987518
1240.977539	299.778900
1239.902344	73.726349
1238.826172	61.490032
1237.750000	195.584259
1236.672852	136.883636
1235.595703	17.851698
1234.518555	38.136990
1233.441406	176.762100
1232.364258	41.567017
1231.286133	-70.377319
1230.208008	72.821312
1229.129883	-80.806664
1228.051758	131.875610
1226.972656	121.986015
1225.893555	-87.154533
1224.814453	-71.503891
1223.734375	145.624222
1222.655273	40.822582
1221.575195	195.335663
1220.495117	-18.206060
1219.415039	-7.199894
1218.333984	-26.274942
1217.252930	243.773468
1216.171875	-48.197075
1215.090820	-60.299660
1214.008789	-9.990509
1212.926758	-40.576698
1211.844727	206.095276
1210.762695	-152.508575
1209.679688	-150.700882
1208.597656	-280.483765
1207.513672	-66.278809
1206.430664	-147.551758
1205.347656	-44.199184
1204.263672	-14.708478
1203.179688	-208.929749
1202.095703	-89.476105
1201.010742	-62.283119
1199.925781	-108.844505
1198.840820	-166.899338
1197.755859	23.881681
1196.670898	81.000671
1195.584961	-168.160522
1194.499023	-94.897408
1193.413086	176.286270
1192.326172	120.588799
1191.239258	-128.330307
1190.152344	0.095512
1189.065430	-267.064240
1187.978516	10.798061
1186.890625	54.082855
1185.802734	198.474976
1184.714844	172.791977
1183.625977	234.414810
1182.538086	98.520470
1181.449219	192.298508
1180.360352	157.495163
1179.270508	125.008087
1178.180664	177.444809
1177.090820	179.401169
1176.000977	188.249344
1174.911133	112.262886
1173.820313	155.526978
1172.729492	79.600220
1171.638672	310.779602
1170.547852	-21.713118
1169.456055	26.166254
1168.364258	122.127625
1167.272461	34.901535
1166.179688	103.369102
1165.087891	201.575912
1163.995117	148.741150
1162.902344	233.188904
1161.808594	114.070824
1160.715820	402.004578
1159.622070	312.645050
1158.528320	387.885559
1157.433594	497.372833
1156.339844	467.484253
1155.245117	499.279999
1154.149414	291.317688
1153.054688	718.096619
1151.958984	412.062775
1150.863281	539.726501
1149.767578	596.624817
1148.671875	639.825073
1147.575195	575.839294
1146.478516	803.709106
1145.381836	561.955750
1144.285156	723.667053
1143.187500	696.217468
1142.089844	541.236206
1140.992188	431.882385
1139.894531	265.669464
1138.795898	254.322495
1137.697266	-59.679764
1136.598633	92.890060
1135.499023	234.023605
1134.400391	88.561234
1133.300781	-20.451092
1132.201172	-115.765190
1131.100586	-31.489023
1130.000977	-135.826309
1128.900391	77.922279
1127.799805	-178.545944
1126.698242	-117.003021
1125.596680	101.161415
1124.495117	21.914816
1123.393555	-32.327106
1122.291992	94.952896
1121.189453	129.185928
1120.086914	-90.559792
1118.984375	161.356018
1117.881836	116.242554
1116.778320	343.080719
1115.674805	343.265778
1114.571289	280.035645
1113.466797	384.410248
1112.363281	343.849396
1111.258789	221.819199
1110.153320	113.419792
1109.048828	190.606049
1107.943359	457.763977
1106.837891	238.580704
1105.732422	152.897522
1104.625977	239.045883
1103.520508	196.343796
1102.414063	117.503448
1101.306641	187.787003
1100.200195	181.254623
1099.092773	330.518860
1097.985352	109.492310
1096.877930	57.833569
1095.769531	123.524384
1094.661133	263.628693
1093.552734	87.906609
1092.444336	-105.780190
1091.335938	124.443649
1090.226563	84.084236
1089.117188	30.217155
1088.006836	-75.455215
1086.897461	233.354706
1085.787109	217.742752
1084.676758	159.352844
1083.566406	274.294617
1082.455078	6.609255
1081.343750	85.510010
1080.232422	103.629951
1079.121094	166.705643
1078.008789	130.807495
1076.896484	151.106750
1075.784180	117.446419
1074.671875	110.746635
1073.558594	252.283783
1072.445313	326.365845
1071.332031	328.546722
1070.217773	135.406494
1069.104492	72.507271
1067.990234	61.215954
1066.875977	-17.388918
1065.760742	40.822414
1064.645508	-116.271698
1063.530273	-60.354691
1062.415039	78.438835
1061.299805	-78.632187
1060.183594	39.882221
1059.067383	26.172968
1057.951172	72.900360
1056.833984	-77.432976
1055.716797	-174.012039
1054.599609	31.508032
1053.482422	89.250427
1052.364258	-61.081158
1051.247070	-191.248215
1050.128906	-10.639415
1049.009766	147.495300
1047.891602	200.500076
1046.772461	293.652069
1045.653320	-39.898499
1044.533203	4.054780
1043.414063	110.467613
1042.293945	181.073013
1041.173828	44.065243
1040.052734	11.933811
1038.932617	28.852472
1037.811523	18.953405
1036.689453	127.175156
1035.568359	-36.638393
1034.446289	-117.972443
1033.324219	3.436879
1032.202148	-133.654388
1031.079102	-48.032341
1029.957031	-31.515787
1028.833984	-6.158618
1027.709961	-210.100372
1026.586914	-167.017990
1025.462891	158.501221
1024.338867	-158.922043
1023.214844	-247.233841
1022.089844	4.551951
1020.964844	-259.450684
1019.839844	-76.769745
1018.714844	123.542328
1017.588867	-18.331228
1016.462891	-29.191225
1015.336914	-44.546097
1014.210938	-20.001913
1013.083984	102.097069
1011.957031	13.326256
1010.830078	197.341354
1009.702148	48.587048
1008.574219	-97.945015
1007.446289	451.484863
1006.318359	486.506134
1005.190430	791.727600
1004.061523	870.816589
1002.932617	936.516907
1001.802734	457.494720
1000.673828	346.055176
999.543945	416.049500
998.414063	286.829346
997.283203	261.551941
996.153320	572.353943
995.022461	535.831360
993.891602	623.037354
992.759766	955.421997
991.628906	1345.035522
990.497070	1610.698242
989.364258	1986.577881
988.232422	2527.811768
987.099609	3126.112061
985.966797	3265.046387
984.833984	3399.431641
983.700195	3209.423584
982.566406	3127.491211
981.432617	3065.366699
980.298828	2683.577637
979.164063	2343.754395
978.029297	1823.346924
976.894531	1675.379395
975.759766	1274.145264
974.624023	831.181885
973.488281	1024.521362
972.352539	907.392639
971.215820	378.788086
970.080078	490.498016
968.943359	459.126251
967.805664	436.485535
966.668945	193.971054
965.531250	369.063385
964.393555	293.520996
963.254883	439.807861
962.117188	441.017975
960.978516	407.021332
959.839844	105.156731
958.700195	198.405762
957.561523	348.607056
956.421875	281.488708
955.281250	229.681229
954.141602	90.135956
953.000977	674.010498
951.860352	444.436249
950.719727	164.510849
949.578125	316.209869
948.436523	312.278290
947.294922	78.375320
946.153320	172.900421
945.010742	83.468826
943.868164	107.808243
942.725586	70.829987
941.583008	-29.611252
940.439453	90.785294
939.295898	171.726151
938.152344	99.586639
937.007813	-90.574669
935.863281	199.927490
934.718750	-75.439651
933.574219	-77.769394
932.428711	120.699020
931.283203	9.103260
930.137695	87.365776
928.992188	-59.152473
927.845703	165.141312
926.699219	-99.158859
925.552734	-108.296440
924.405273	26.383940
923.257813	-124.489388
922.110352	132.078537
920.962891	96.638336
919.814453	50.292717
918.666016	91.031548
917.517578	-48.925476
916.369141	102.760490
915.219727	-163.361481
914.070313	-13.934144
912.920898	28.858974
911.770508	28.130508
910.621094	-129.090546
909.470703	-12.449089
908.319336	49.810936
907.168945	1.276214
906.017578	48.303898
904.866211	56.234859
903.713867	-35.689140
902.562500	-60.279808
901.410156	-93.537239
900.256836	122.663979
899.104492	-68.897072
897.951172	162.406647
896.797852	33.811569
895.644531	-92.534378
894.490234	-231.807068
893.335938	116.368622
892.181641	-152.761703
891.027344	-53.681889
889.872070	-119.126198
888.716797	-13.545747
887.561523	141.786591
886.405273	-189.599625
885.249023	78.229179
884.092773	49.785332
882.936523	110.027428
881.779297	75.200104
880.622070	23.159651
879.464844	44.642025
878.307617	-54.758400
877.149414	169.792130
875.991211	111.541275
874.833008	-65.304268
873.673828	105.350182
872.514648	-114.415855
871.355469	-105.416214
870.196289	-1.477455
869.036133	46.442646
867.875977	14.690898
866.715820	32.593063
865.554688	110.880051
864.394531	249.528320
863.233398	15.731594
862.071289	36.125416
860.910156	159.913239
859.748047	206.283371
858.585938	345.229309
857.422852	206.797913
856.259766	348.038055
855.096680	154.005844
853.933594	157.885178
852.770508	241.371689
851.606445	39.251854
850.442383	195.974335
849.277344	-44.448685
848.113281	361.461090
846.948242	172.869492
845.783203	44.569305
844.617188	12.978300
843.451172	238.872375
842.285156	-39.032669
841.119141	255.634171
839.952148	-171.878967
838.785156	86.536140
837.618164	90.083382
836.451172	361.456787
835.283203	127.578606
834.115234	95.163773
832.947266	197.732330
831.778320	17.990898
830.609375	86.607956
829.440430	298.625793
828.271484	262.697998
827.101563	117.930847
825.931641	225.551590
824.761719	476.425446
823.590820	441.121857
822.420898	361.156158
821.250000	274.982666
820.078125	334.153198
818.907227	378.528778
817.735352	457.179474
816.562500	290.666687
815.390625	241.689148
814.217773	359.189606
813.044922	203.977737
811.872070	368.650299
810.698242	243.666962
809.524414	40.102310
808.350586	164.739319
807.176758	72.330551
806.001953	286.629791
804.827148	-141.650696
803.651367	115.478325
802.476563	6.817756
801.300781	-42.088020
800.125000	92.026993
798.948242	-137.214111
797.772461	88.560303
796.595703	-25.526602
795.417969	51.755569
794.241211	116.420868
793.063477	0.759890
791.885742	-131.672119
790.707031	-17.739248
789.529297	109.021194
788.350586	-122.573250
787.170898	106.232338
785.992188	-48.640484
784.812500	182.447479
783.632813	106.315361
782.452148	89.674232
781.272461	151.541855
780.091797	-46.938217
778.911133	44.831467
777.729492	-43.216400
776.547852	116.470261
775.366211	-89.779068
774.184570	10.860110
773.001953	-78.741142
771.819336	-151.278732
770.636719	-16.555470
769.453125	-107.884010
768.269531	52.314503
767.085938	-53.583431
765.902344	-321.929932
764.717773	-212.194092
763.533203	-49.667923
762.348633	-218.417786
761.163086	-62.151169
759.977539	-47.198746
758.791992	-55.386948
757.606445	-40.330383
756.419922	-212.801239
755.233398	-136.516556
754.046875	45.096279
752.859375	81.341042
751.672852	43.898903
750.485352	217.001068
749.296875	135.388779
748.108398	291.580627
746.919922	75.373352
745.731445	27.508877
744.542969	84.785767
743.353516	-9.326745
742.164063	-4.642408
740.973633	-39.907948
739.783203	237.795227
738.592773	34.407047
737.402344	167.002136
736.211914	-9.086056
735.020508	83.470596
733.829102	121.365173
732.636719	167.561417
731.444336	180.101151
730.251953	190.452560
729.059570	70.747940
727.866211	57.877586
726.673828	103.570152
725.479492	-62.425510
724.286133	52.150806
723.091797	49.306526
721.897461	-45.765137
720.703125	-50.945095
719.507813	232.450714
718.312500	168.350510
717.117188	91.579819
715.921875	-71.030838
714.725586	292.991699
713.529297	136.343414
712.332031	100.766075
711.135742	167.371857
709.938477	317.287231
708.740234	327.067078
707.542969	150.888687
706.344727	400.281616
705.146484	570.081238
703.948242	581.081299
702.749023	767.025452
701.549805	875.537537
700.350586	579.447449
699.150391	575.005371
697.950195	520.350403
696.750000	484.249298
695.549805	310.519989
694.348633	286.540527
693.147461	185.349091
691.946289	414.829590
690.744141	300.739990
689.541992	290.480072
688.339844	724.980286
687.136719	493.853424
685.934570	314.595520
684.730469	486.361237
683.527344	360.802887
682.323242	606.861450
681.119141	445.665222
679.915039	226.249298
678.710938	147.894653
677.505859	382.717987
676.300781	293.686523
675.094727	129.900024
673.889648	461.606659
672.683594	73.758301
671.476563	77.671715
670.270508	168.528381
669.063477	37.634575
667.856445	28.941124
666.648438	125.808922
665.440430	-7.134814
664.232422	137.300262
663.024414	-250.006729
661.815430	-68.256859
660.606445	24.572165
659.397461	-103.744614
658.188477	-163.647446
656.978516	119.677834
655.768555	173.750626
654.557617	19.419088
653.346680	-270.852783
652.135742	-44.553459
650.924805	-142.058197
649.712891	37.379204
648.501953	-92.281296
647.289063	40.532890
646.077148	60.401131
644.864258	-13.996792
643.651367	75.091164
642.438477	-47.417381
641.224609	82.196342
640.010742	-65.495583
638.796875	108.957123
637.582031	-162.463257
636.367188	89.991119
635.152344	-45.500847
633.937500	17.683865
632.721680	-22.838737
631.505859	81.872803
630.289063	263.965179
629.073242	56.936455
627.856445	209.062088
626.639648	210.738266
625.421875	41.639534
624.204102	-74.225075
622.986328	15.106845
621.768555	-35.178043
620.549805	-34.039635
619.331055	57.552681
618.111328	55.109642
616.892578	-14.571858
