1721.000977	230.542038
1720.027344	-13.288397
1719.052734	160.863251
1718.078125	-48.160244
1717.104492	298.808472
1716.128906	-11.704132
1715.154297	90.052193
1714.178711	134.669800
1713.204102	24.840908
1712.228516	-16.395235
1711.251953	72.433174
1710.276367	209.332291
1709.299805	-158.912506
1708.324219	-171.608765
1707.347656	45.568264
1706.370117	19.010946
1705.393555	-97.540474
1704.416016	-48.211414
1703.438477	-88.846405
1702.460938	-124.751518
1701.483398	-107.331093
1700.505859	-57.050671
1699.527344	-83.828217
1698.548828	142.037582
1697.570313	-33.576794
1696.591797	171.145996
1695.612305	-125.014198
1694.632813	-40.913677
1693.653320	-230.215179
1692.673828	-167.029236
1691.694336	140.849503
1690.713867	-28.650391
1689.734375	130.745514
1688.753906	-171.649551
1687.772461	186.156494
1686.791992	-93.515335
1685.810547	-105.678276
1684.830078	-0.751865
1683.848633	244.073532
1682.866211	-400.127960
1681.884766	109.252968
1680.902344	22.627644
1679.919922	177.731613
1678.937500	-66.803574
1677.955078	-67.083008
1676.971680	148.742432
1675.989258	-154.316864
1675.005859	295.231598
1674.022461	-79.024757
1673.038086	88.123146
1672.054688	191.674957
1671.070313	-111.313774
1670.085938	177.569489
1669.101563	115.904419
1668.117188	173.577011
1667.131836	-167.301010
1666.146484	-170.527100
1665.161133	178.916855
1664.175781	5.681507
1663.189453	81.043709
1662.204102	-59.104977
1661.217773	11.208623
1660.231445	-73.089767
1659.245117	194.897507
1658.257813	37.159325
1657.270508	-310.447632
1656.284180	286.729858
1655.295898	339.294952
1654.308594	-18.167351
1653.321289	32.018547
1652.333008	46.778324
1651.344727	147.588470
1650.356445	-146.151016
1649.367188	17.946239
1648.378906	78.396919
1647.389648	277.870514
1646.400391	78.030014
1645.411133	50.132225
1644.420898	209.205734
1643.431641	146.045303
1642.441406	62.744305
1641.451172	274.896484
1640.459961	257.313507
1639.469727	136.361465
1638.478516	154.249084
1637.487305	293.262848
1636.496094	23.736765
1635.504883	462.871948
1634.512695	133.015106
1633.520508	272.122040
1632.528320	391.071411
1631.536133	464.683167
1630.543945	558.468628
1629.550781	518.786255
1628.557617	446.444672
1627.564453	771.894531
1626.571289	734.873474
1625.578125	1108.039063
1624.583984	1224.493896
1623.589844	976.278625
1622.595703	1281.404053
1621.601563	1445.672241
1620.606445	1381.174072
1619.611328	1439.887329
1618.616211	1488.574829
1617.621094	1574.965820
1616.625977	1721.641602
1615.629883	1551.916016
1614.633789	1475.186279
1613.637695	1175.164063
1612.641602	1567.860229
1611.645508	1222.871338
1610.648438	1382.191162
1609.651367	1714.513306
1608.654297	1384.850586
1607.657227	1431.355957
1606.659180	1638.246216
1605.662109	1890.208008
1604.664063	2112.015381
1603.666016	2008.178101
1602.666992	1921.920898
1601.668945	1960.926147
1600.669922	2152.604980
1599.670898	1766.172241
1598.671875	1715.183350
1597.671875	1574.173828
1596.672852	1445.774902
1595.672852	1474.952759
1594.672852	1191.668335
1593.671875	1158.431519
1592.671875	1150.240723
1591.670898	939.697266
1590.669922	886.617249
1589.668945	965.929382
1588.667969	778.085999
1587.666016	725.107117
1586.664063	400.146698
1585.662109	644.221436
1584.660156	648.729004
1583.658203	376.408722
1582.655273	395.939240
1581.652344	240.962677
1580.649414	322.851349
1579.646484	175.456100
1578.642578	-61.581444
1577.638672	354.115265
1576.634766	590.336548
1575.630859	-221.771683
1574.626953	186.254745
1573.622070	-105.266487
1572.618164	6.470945
1571.613281	120.634270
1570.607422	38.240601
1569.602539	-173.401810
1568.596680	-123.918549
1567.590820	-161.450592
1566.584961	-67.248352
1565.579102	183.455353
1564.572266	155.808655
1563.566406	-90.358772
1562.559570	-222.217056
1561.551758	-48.682480
1560.544922	-66.315956
1559.537109	134.415649
1558.530273	-329.825958
1557.521484	64.338295
1556.513672	14.443076
1555.505859	-127.167885
1554.497070	135.327744
1553.488281	58.171921
1552.479492	102.468117
1551.470703	-46.490730
1550.460938	-148.345047
1549.451172	54.434307
1548.441406	148.195023
1547.431641	110.726219
1546.421875	-275.669281
1545.411133	-258.616058
1544.400391	-73.354515
1543.389648	87.097946
1542.378906	-256.942078
1541.367188	-66.868622
1540.355469	24.263567
1539.343750	9.099252
1538.332031	21.123068
1537.320313	-78.008453
1536.307617	-93.150093
1535.294922	20.108259
1534.282227	-64.158836
1533.269531	56.461082
1532.256836	11.712525
1531.243164	174.194016
1530.229492	122.030518
1529.215820	18.111124
1528.202148	-270.663330
1527.187500	120.981590
1526.172852	-182.485397
1525.158203	-278.850922
1524.143555	-45.079327
1523.127930	-72.478065
1522.113281	-92.446274
1521.097656	187.922150
1520.082031	49.765804
1519.065430	147.892609
1518.049805	275.534180
1517.033203	248.149536
1516.016602	48.648762
1515.000000	-40.114025
1513.982422	-158.344421
1512.965820	-70.045357
1511.948242	303.236633
1510.930664	59.770893
1509.913086	-294.098145
1508.894531	-205.818115
1507.875977	-223.123611
1506.857422	181.777069
1505.838867	31.917793
1504.820313	83.332458
1503.800781	120.007225
1502.781250	235.166367
1501.761719	141.886749
1500.742188	377.159302
1499.721680	335.386383
1498.702148	384.339661
1497.681641	70.696228
1496.661133	428.336395
1495.639648	185.865768
1494.618164	398.914612
1493.597656	173.765427
1492.576172	-2.332126
1491.553711	137.286850
1490.532227	73.858322
1489.509766	409.124390
1488.487305	74.291290
1487.464844	255.465179
1486.442383	113.965134
1485.418945	43.404984
1484.395508	-117.485802
1483.372070	193.156754
1482.348633	293.681000
1481.324219	318.491974
1480.300781	67.510277
1479.276367	175.414413
1478.251953	229.632767
1477.226563	405.826385
1476.202148	272.251434
1475.176758	141.194199
1474.151367	280.850433
1473.125000	-6.083486
1472.099609	41.029026
1471.073242	88.146515
1470.046875	300.931305
1469.020508	248.216034
1467.994141	429.315796
1466.966797	118.626419
1465.939453	24.729931
1464.912109	310.521454
1463.884766	477.032776
1462.856445	470.810364
1461.829102	333.345123
1460.800781	458.545776
1459.772461	362.548676
1458.743164	529.089905
1457.714844	802.538635
1456.685547	886.429260
1455.656250	700.755066
1454.625977	1071.244507
1453.596680	1026.522339
1452.566406	693.027466
1451.536133	325.756866
1450.505859	766.591858
1449.474609	440.792480
1448.444336	566.269714
1447.413086	844.480652
1446.381836	671.759827
1445.350586	571.877258
1444.318359	602.921204
1443.286133	604.940918
1442.253906	405.995270
1441.221680	713.281860
1440.189453	449.152588
1439.156250	267.473389
1438.123047	562.658325
1437.089844	427.125610
1436.056641	490.061005
1435.022461	499.809296
1433.988281	-104.518578
1432.954102	123.038506
1431.919922	186.217087
1430.885742	445.154053
1429.850586	104.911224
1428.815430	267.253418
1427.780273	246.067505
1426.744141	-195.139252
1425.708984	179.763580
1424.672852	-111.492760
1423.636719	17.248753
1422.600586	-8.379009
1421.563477	342.274078
1420.527344	-213.738480
1419.490234	-145.108643
1418.452148	265.782928
1417.415039	-161.969650
1416.376953	-59.487709
1415.338867	-26.831673
1414.300781	-27.837524
1413.262695	452.732971
1412.224609	13.672696
1411.185547	-13.633263
1410.146484	-57.706726
1409.107422	-80.043900
1408.067383	39.570541
1407.027344	317.895782
1405.987305	334.134766
1404.947266	98.068642
1403.907227	140.908142
1402.866211	56.450909
1401.826172	313.181274
1400.785156	-71.322876
1399.743164	175.819321
1398.702148	146.892532
1397.660156	403.607819
1396.618164	417.946259
1395.576172	473.118469
1394.533203	792.133545
1393.491211	1022.367065
1392.448242	1130.290649
1391.405273	1087.234497
1390.361328	1727.174561
1389.318359	1645.800537
1388.274414	2156.129395
1387.230469	2007.754517
1386.186523	2302.429443
1385.141602	2601.812500
1384.097656	2508.660400
1383.052734	2994.620117
1382.007813	2753.216064
1380.961914	2851.573242
1379.916992	2290.010986
1378.871094	2742.352051
1377.825195	1963.657959
1376.778320	2349.069580
1375.732422	2156.229736
1374.685547	1913.358032
1373.638672	1780.496460
1372.591797	1597.609253
1371.543945	1166.595337
1370.497070	1487.581299
1369.449219	1321.728760
1368.400391	1222.783447
1367.352539	1133.484985
1366.303711	1132.493164
1365.255859	1071.965332
1364.206055	925.689880
1363.157227	1220.379272
1362.108398	1553.110474
1361.058594	1371.249634
1360.008789	1234.765503
1358.958984	1457.897705
1357.908203	1183.479370
1356.857422	1173.387451
1355.806641	899.246155
1354.755859	1474.502319
1353.705078	1088.727539
1352.653320	819.665466
1351.601563	928.751099
1350.549805	930.882263
1349.498047	735.826050
1348.445313	1035.040894
1347.393555	911.393188
1346.340820	1008.677612
1345.287109	861.409363
1344.234375	681.026672
1343.180664	994.371460
1342.126953	676.495422
1341.073242	396.749695
1340.019531	100.565186
1338.964844	295.357910
1337.910156	395.279114
1336.855469	281.888763
1335.799805	246.770905
1334.745117	249.618912
1333.689453	171.960953
1332.633789	428.268372
1331.578125	232.300308
1330.521484	311.016083
1329.464844	-78.837708
1328.408203	-68.636642
1327.351563	145.026855
1326.294922	8.613156
1325.237305	-167.916351
1324.179688	-100.852310
1323.122070	4.031248
1322.064453	212.866547
1321.005859	-164.248138
1319.947266	233.535080
1318.888672	-268.518768
1317.830078	8.765556
1316.770508	285.947388
1315.710938	-8.049347
1314.651367	-115.506447
1313.591797	-64.846359
1312.531250	-209.935364
1311.471680	-43.696846
1310.411133	-56.669399
1309.349609	76.498070
1308.289063	-7.137508
1307.227539	257.930359
1306.166016	-266.105072
1305.104492	-121.144753
1304.042969	-56.271217
1302.980469	90.967888
1301.917969	-187.769440
1300.855469	70.047523
1299.792969	285.433929
1298.729492	-127.161682
1297.666016	-292.686859
1296.602539	-150.186966
1295.539063	-160.492615
1294.474609	172.260925
1293.411133	-28.356375
1292.346680	-50.384121
1291.281250	338.521057
1290.216797	138.036423
1289.151367	216.946747
1288.085938	108.110970
1287.020508	468.546234
1285.955078	-27.283064
1284.888672	265.036896
1283.822266	123.505569
1282.755859	87.528839
1281.689453	234.371918
1280.622070	165.599075
1279.554688	167.139465
1278.487305	269.397003
1277.419922	109.375206
1276.351563	476.136505
1275.283203	330.193970
1274.214844	291.959381
1273.146484	211.643326
1272.077148	33.126644
1271.008789	584.281433
1269.939453	415.129547
1268.869141	409.664825
1267.799805	366.829590
1266.729492	415.128235
1265.659180	148.075714
1264.588867	619.107300
1263.517578	326.447723
1262.447266	150.646667
1261.375977	500.021149
1260.304688	723.252136
1259.232422	568.470642
1258.161133	157.224442
1257.088867	765.127441
1256.016602	799.286377
1254.943359	546.742554
1253.871094	748.717407
1252.797852	724.616089
1251.724609	987.021790
1250.650391	716.036499
1249.577148	428.883514
1248.502930	914.638000
1247.428711	1030.164429
1246.354492	817.585632
1245.279297	884.230225
1244.204102	846.193176
1243.128906	963.960632
1242.053711	867.813660
1240.977539	769.377869
1239.902344	589.669250
1238.826172	944.341492
1237.750000	478.993256
1236.672852	232.115417
1235.595703	482.158356
1234.518555	230.750870
1233.441406	545.660400
1232.364258	83.228661
1231.286133	458.333191
1230.208008	272.078674
1229.129883	199.511887
1228.051758	222.013596
1226.972656	304.752411
1225.893555	317.946320
1224.814453	400.628387
1223.734375	332.728973
1222.655273	274.131348
1221.575195	139.159119
1220.495117	-18.899412
1219.415039	-3.343160
1218.333984	-45.638199
1217.252930	73.986122
1216.171875	-220.356979
1215.090820	-75.316002
1214.008789	30.359816
1212.926758	145.232117
1211.844727	211.535217
1210.762695	166.938995
1209.679688	124.662971
1208.597656	375.629272
1207.513672	-1.386212
1206.430664	-131.296188
1205.347656	27.261440
1204.263672	5.812893
1203.179688	-43.302895
1202.095703	-48.589878
1201.010742	215.829727
1199.925781	122.900307
1198.840820	186.696030
1197.755859	61.560581
1196.670898	-100.373268
1195.584961	-130.991394
1194.499023	-78.718575
1193.413086	24.167778
1192.326172	-89.311943
1191.239258	15.819807
1190.152344	288.814911
1189.065430	205.243591
1187.978516	381.510101
1186.890625	-214.648392
1185.802734	-54.465302
1184.714844	294.047546
1183.625977	75.014114
1182.538086	294.731171
1181.449219	473.011139
1180.360352	263.261108
1179.270508	457.521088
1178.180664	676.934448
1177.090820	180.507004
1176.000977	681.982727
1174.911133	715.457214
1173.820313	700.763428
1172.729492	766.292725
1171.638672	595.765686
1170.547852	322.217346
1169.456055	177.045059
1168.364258	505.956635
1167.272461	532.510498
1166.179688	559.039490
1165.087891	420.793396
1163.995117	1174.889282
1162.902344	1320.193237
1161.808594	1211.569214
1160.715820	1436.815674
1159.622070	1047.036255
1158.528320	1036.805786
1157.433594	1181.931641
1156.339844	739.917358
1155.245117	665.784363
1154.149414	781.188721
1153.054688	590.641602
1151.958984	614.705505
1150.863281	255.402435
1149.767578	115.259506
1148.671875	438.176788
1147.575195	364.160889
1146.478516	292.448730
1145.381836	270.905212
1144.285156	235.688187
1143.187500	179.966324
1142.089844	140.203094
1140.992188	86.784821
1139.894531	-128.271271
1138.795898	-133.833694
1137.697266	-203.128464
1136.598633	-10.749764
1135.499023	51.861626
1134.400391	-17.462791
1133.300781	-168.631561
1132.201172	128.074554
1131.100586	45.085781
1130.000977	46.200432
1128.900391	219.937607
1127.799805	-94.717857
1126.698242	65.308746
1125.596680	-221.970428
1124.495117	-320.759003
1123.393555	54.727654
1122.291992	464.059296
1121.189453	551.107422
1120.086914	456.688873
1118.984375	1092.297241
1117.881836	1158.687744
1116.778320	1347.388062
1115.674805	1452.156494
1114.571289	1146.875122
1113.466797	1269.702515
1112.363281	871.729980
1111.258789	910.767212
1110.153320	1212.262695
1109.048828	1090.515015
1107.943359	896.403931
1106.837891	994.086121
1105.732422	727.678101
1104.625977	836.592102
1103.520508	507.001587
1102.414063	769.501099
1101.306641	844.351563
1100.200195	442.609497
1099.092773	350.345734
1097.985352	231.000305
1096.877930	535.984558
1095.769531	249.597015
1094.661133	376.143036
1093.552734	561.233154
1092.444336	590.614563
1091.335938	121.723976
1090.226563	304.371582
1089.117188	119.597084
1088.006836	153.384384
1086.897461	407.858887
1085.787109	-44.922977
1084.676758	470.545441
1083.566406	400.517212
1082.455078	463.231873
1081.343750	546.123840
1080.232422	725.657104
1079.121094	311.365967
1078.008789	641.399963
1076.896484	505.939728
1075.784180	588.480469
1074.671875	947.286865
1073.558594	710.602173
1072.445313	76.468399
1071.332031	560.714722
1070.217773	229.828339
1069.104492	379.314545
1067.990234	241.468842
1066.875977	262.897949
1065.760742	223.692383
1064.645508	159.783142
1063.530273	207.927109
1062.415039	195.474960
1061.299805	176.242142
1060.183594	121.104095
1059.067383	-119.970833
1057.951172	57.729332
1056.833984	-28.894754
1055.716797	-21.542561
1054.599609	-5.312654
1053.482422	-96.541885
1052.364258	158.871384
1051.247070	241.928131
1050.128906	206.371567
1049.009766	398.731842
1047.891602	92.615814
1046.772461	164.121780
1045.653320	121.607422
1044.533203	154.947449
1043.414063	47.553864
1042.293945	-178.186417
1041.173828	370.463470
1040.052734	126.733482
1038.932617	-192.795898
1037.811523	-193.371033
1036.689453	-98.168686
1035.568359	-217.076736
1034.446289	143.119080
1033.324219	-189.863434
1032.202148	-88.407845
1031.079102	146.523926
1029.957031	-304.502136
1028.833984	-223.401276
1027.709961	-162.467422
1026.586914	-152.817719
1025.462891	-205.563141
1024.338867	-302.856293
1023.214844	-24.424419
1022.089844	-177.491592
1020.964844	-37.210159
1019.839844	-197.057312
1018.714844	82.923386
1017.588867	142.792770
1016.462891	71.531677
1015.336914	279.916901
1014.210938	64.194000
1013.083984	207.927505
1011.957031	182.895508
1010.830078	479.374878
1009.702148	485.121368
1008.574219	231.382111
1007.446289	1152.363770
1006.318359	2329.874512
1005.190430	3037.070313
1004.061523	3599.862793
1002.932617	2911.151855
1001.802734	1784.283081
1000.673828	837.123474
999.543945	171.316849
998.414063	414.998047
997.283203	-177.640320
996.153320	94.547195
995.022461	-228.229797
993.891602	414.960815
992.759766	209.155243
991.628906	694.878540
990.497070	530.855469
989.364258	461.745911
988.232422	789.989685
987.099609	758.166565
985.966797	891.764099
984.833984	1252.442627
983.700195	1048.148193
982.566406	993.806030
981.432617	787.244690
980.298828	906.913696
979.164063	883.161011
978.029297	555.256409
976.894531	663.555664
975.759766	353.262421
974.624023	98.037086
973.488281	467.989594
972.352539	349.097107
971.215820	344.555023
970.080078	542.306274
968.943359	627.690308
967.805664	627.164734
966.668945	316.602600
965.531250	368.694702
964.393555	460.216003
963.254883	452.728851
962.117188	361.708740
960.978516	483.599884
959.839844	769.986267
958.700195	792.762207
957.561523	826.419556
956.421875	846.792664
955.281250	623.605225
954.141602	591.208984
953.000977	823.977112
951.860352	1074.088135
950.719727	1012.848145
949.578125	938.385559
948.436523	699.613586
947.294922	668.889221
946.153320	445.448334
945.010742	526.239624
943.868164	173.657196
942.725586	232.444885
941.583008	192.705902
940.439453	39.189739
939.295898	357.884644
938.152344	280.757263
937.007813	162.064850
935.863281	-28.735291
934.718750	160.530640
933.574219	236.095078
932.428711	449.086395
931.283203	46.419228
930.137695	165.412109
928.992188	-51.675030
927.845703	117.325272
926.699219	4.898310
925.552734	230.390091
924.405273	283.530609
923.257813	114.332741
922.110352	186.994156
920.962891	547.095398
919.814453	-51.164696
918.666016	108.445724
917.517578	429.019043
916.369141	-1.336712
915.219727	40.565666
914.070313	-95.928459
912.920898	39.441414
911.770508	-323.153046
910.621094	-44.371258
909.470703	75.615791
908.319336	34.752312
907.168945	-43.007698
906.017578	124.633606
904.866211	-118.134361
903.713867	-65.608398
902.562500	-158.479004
901.410156	-34.362160
900.256836	-192.286041
899.104492	-174.448990
897.951172	-33.044888
896.797852	6.439972
895.644531	76.270454
894.490234	39.915806
893.335938	-236.821182
892.181641	229.379089
891.027344	9.086263
889.872070	31.344049
888.716797	140.197357
887.561523	296.641663
886.405273	37.748238
885.249023	77.456421
884.092773	104.226578
882.936523	163.472198
881.779297	-25.782017
880.622070	35.735134
879.464844	-101.426102
878.307617	-50.570950
877.149414	-260.920471
875.991211	133.292358
874.833008	69.906891
873.673828	-92.621910
872.514648	16.793089
871.355469	160.760757
870.196289	-66.070999
869.036133	-195.719498
867.875977	-129.094055
866.715820	323.257904
865.554688	269.311523
864.394531	443.790771
863.233398	437.439514
862.071289	228.862991
860.910156	476.749268
859.748047	589.085022
858.585938	467.049927
857.422852	740.877563
856.259766	70.876198
855.096680	458.873230
853.933594	552.422607
852.770508	547.250061
851.606445	434.820404
850.442383	464.327667
849.277344	25.932064
848.113281	343.470886
846.948242	313.363129
845.783203	182.602997
844.617188	-138.840271
843.451172	-13.910349
842.285156	68.258835
841.119141	-87.353409
839.952148	59.433552
838.785156	49.940842
837.618164	224.846832
836.451172	187.857178
835.283203	39.738884
834.115234	-3.234668
832.947266	-110.186142
831.778320	5.608859
830.609375	145.079224
829.440430	412.996643
828.271484	-39.492294
827.101563	124.020859
825.931641	259.885864
824.761719	430.085022
823.590820	57.878662
822.420898	608.595276
821.250000	435.511658
820.078125	354.504791
818.907227	297.241699
817.735352	400.234314
816.562500	375.414185
815.390625	374.302277
814.217773	-31.658871
813.044922	85.006363
811.872070	408.552734
810.698242	118.597191
809.524414	-49.576981
808.350586	251.038559
807.176758	55.705971
806.001953	301.280853
804.827148	10.728852
803.651367	84.343254
802.476563	22.037844
801.300781	76.949867
800.125000	-125.171165
798.948242	300.046509
797.772461	274.815369
796.595703	-160.198898
795.417969	261.179382
794.241211	192.082932
793.063477	384.369751
791.885742	491.900330
790.707031	50.015686
789.529297	578.092590
788.350586	278.962646
787.170898	391.566284
785.992188	625.192688
784.812500	733.877441
783.632813	514.291199
782.452148	428.494171
781.272461	601.351685
780.091797	405.896332
778.911133	225.567017
777.729492	68.814743
776.547852	-98.234703
775.366211	185.599243
774.184570	200.899353
773.001953	-153.644958
771.819336	-19.495110
770.636719	-284.662506
769.453125	-137.484970
768.269531	145.012619
767.085938	-273.626831
765.902344	-275.923035
764.717773	-88.053658
763.533203	-130.150177
762.348633	-100.318634
761.163086	-139.955414
759.977539	-42.329536
758.791992	316.862701
757.606445	-152.426651
756.419922	-56.531483
755.233398	54.203957
754.046875	-224.690536
752.859375	263.271484
751.672852	228.952240
750.485352	5.310474
749.296875	263.825012
748.108398	509.697205
746.919922	540.987427
745.731445	481.927856
744.542969	549.133423
743.353516	572.246826
742.164063	229.745682
740.973633	173.225769
739.783203	-17.647924
738.592773	-59.268646
737.402344	4.157798
736.211914	159.956818
735.020508	173.013077
733.829102	190.284088
732.636719	534.799011
731.444336	153.565964
730.251953	449.726685
729.059570	114.821251
727.866211	98.601471
726.673828	-24.476046
725.479492	-32.306446
724.286133	-327.054871
723.091797	159.226547
721.897461	8.928966
720.703125	-51.360420
719.507813	-15.432645
718.312500	-59.064259
717.117188	91.734573
715.921875	-48.206379
714.725586	227.782990
713.529297	171.305710
712.332031	18.660919
711.135742	287.908966
709.938477	396.138580
708.740234	537.613770
707.542969	505.673401
706.344727	1460.644531
705.146484	2031.178955
703.948242	2701.432617
702.749023	2620.564941
701.549805	2662.600098
700.350586	1910.394043
699.150391	1787.689087
697.950195	1335.752563
696.750000	431.930176
695.549805	473.731567
694.348633	661.087646
693.147461	49.002369
691.946289	352.596344
690.744141	439.547577
689.541992	520.065002
688.339844	-17.143270
687.136719	447.727020
685.934570	272.119507
684.730469	489.151733
683.527344	344.497681
682.323242	181.082687
681.119141	607.288940
679.915039	389.668915
678.710938	76.565010
677.505859	311.255035
676.300781	4.327891
675.094727	614.090332
673.889648	512.319763
672.683594	547.333557
671.476563	55.885559
670.270508	256.631500
669.063477	192.106415
667.856445	24.047127
666.648438	21.693211
665.440430	114.569092
664.232422	550.958984
663.024414	0.316298
661.815430	122.249100
660.606445	178.040833
659.397461	126.422478
658.188477	12.966317
656.978516	-215.986832
655.768555	-105.811943
654.557617	105.745544
653.346680	300.950378
652.135742	23.590015
650.924805	-61.351063
649.712891	365.862457
648.501953	-326.927368
647.289063	22.634953
646.077148	-37.819771
644.864258	-211.086411
643.651367	-123.992462
642.438477	-289.750244
641.224609	391.947998
640.010742	-3.086947
638.796875	-88.271294
637.582031	383.270569
636.367188	501.519257
635.152344	347.038849
633.937500	280.087555
632.721680	477.551178
631.505859	421.160400
630.289063	503.812836
629.073242	867.275696
627.856445	1034.768066
626.639648	1357.767578
625.421875	1199.626587
624.204102	1012.479309
622.986328	498.791901
621.768555	537.244690
620.549805	536.675232
619.331055	31.574238
618.111328	111.372559
616.892578	168.852036
