1721.000977	-68.196793
1720.027344	37.041508
1719.052734	-12.353724
1718.078125	139.898804
1717.104492	385.993652
1716.128906	112.877327
1715.154297	-37.976093
1714.178711	117.931854
1713.204102	44.802273
1712.228516	27.202234
1711.251953	-211.567276
1710.276367	240.618881
1709.299805	46.464684
1708.324219	-53.559830
1707.347656	-74.907761
1706.370117	-345.204071
1705.393555	39.085274
1704.416016	49.055431
1703.438477	99.361366
1702.460938	-155.220840
1701.483398	-223.583893
1700.505859	-16.355619
1699.527344	174.934052
1698.548828	232.817947
1697.570313	78.205093
1696.591797	-61.433666
1695.612305	227.547028
1694.632813	199.456345
1693.653320	-395.631409
1692.673828	40.181686
1691.694336	-62.859486
1690.713867	247.045853
1689.734375	74.555511
1688.753906	-279.209045
1687.772461	24.603359
1686.791992	-301.458954
1685.810547	141.921585
1684.830078	-314.398376
1683.848633	179.338318
1682.866211	-63.335941
1681.884766	-214.381363
1680.902344	-223.008057
1679.919922	539.381714
1678.937500	-243.220062
1677.955078	-28.364882
1676.971680	92.136993
1675.989258	-102.800850
1675.005859	116.627014
1674.022461	183.360245
1673.038086	-70.257057
1672.054688	-79.874817
1671.070313	111.095558
1670.085938	-71.411423
1669.101563	-233.571793
1668.117188	-25.050198
1667.131836	25.952215
1666.146484	145.423462
1665.161133	137.975281
1664.175781	107.687851
1663.189453	396.917450
1662.204102	-89.812965
1661.217773	234.831848
1660.231445	14.435822
1659.245117	-69.019890
1658.257813	141.421387
1657.270508	199.819321
1656.284180	-369.766846
1655.295898	273.594116
1654.308594	78.892105
1653.321289	-62.546162
1652.333008	636.129517
1651.344727	-317.366577
1650.356445	290.108826
1649.367188	-63.563232
1648.378906	65.881851
1647.389648	124.515953
1646.400391	132.634247
1645.411133	97.859558
1644.420898	457.181854
1643.431641	157.289978
1642.441406	185.794846
1641.451172	120.947533
1640.459961	227.780731
1639.469727	6.626644
1638.478516	63.111942
1637.487305	283.592346
1636.496094	458.658264
1635.504883	58.856987
1634.512695	581.861694
1633.520508	754.398376
1632.528320	627.084412
1631.536133	545.236267
1630.543945	415.635162
1629.550781	683.989380
1628.557617	1216.652954
1627.564453	1021.715576
1626.571289	1108.786255
1625.578125	1339.306030
1624.583984	1401.217529
1623.589844	1432.987549
1622.595703	1560.361450
1621.601563	2311.209717
1620.606445	1797.518433
1619.611328	2105.823730
1618.616211	2215.585938
1617.621094	2021.432861
1616.625977	2254.348389
1615.629883	1929.791260
1614.633789	1801.234497
1613.637695	1858.509277
1612.641602	1544.458618
1611.645508	1968.151611
1610.648438	1847.414551
1609.651367	1508.618530
1608.654297	2340.852539
1607.657227	1821.724731
1606.659180	1786.510742
1605.662109	2650.894775
1604.664063	2452.796143
1603.666016	2612.976074
1602.666992	2102.030762
1601.668945	2445.065918
1600.669922	2257.344727
1599.670898	1806.995850
1598.671875	1754.678101
1597.671875	1434.745850
1596.672852	1912.796143
1595.672852	1323.015015
1594.672852	1535.956299
1593.671875	1206.470581
1592.671875	1286.994263
1591.670898	915.303894
1590.669922	898.480408
1589.668945	841.745422
1588.667969	932.375427
1587.666016	616.092346
1586.664063	806.586426
1585.662109	777.466187
1584.660156	179.621231
1583.658203	355.218719
1582.655273	211.566956
1581.652344	414.527863
1580.649414	437.975616
1579.646484	169.878204
1578.642578	599.493408
1577.638672	122.257233
1576.634766	150.797928
1575.630859	-266.338379
1574.626953	98.382813
1573.622070	-44.784294
1572.618164	451.665588
1571.613281	353.311951
1570.607422	70.923859
1569.602539	87.123642
1568.596680	-577.922974
1567.590820	-131.561325
1566.584961	-68.084831
1565.579102	-228.240051
1564.572266	-38.072987
1563.566406	40.300152
1562.559570	-50.223858
1561.551758	-495.738983
1560.544922	-69.810829
1559.537109	-18.792292
1558.530273	153.829102
1557.521484	88.194328
1556.513672	87.122910
1555.505859	150.530243
1554.497070	-239.754074
1553.488281	-0.337205
1552.479492	-135.168442
1551.470703	-324.431458
1550.460938	-137.147995
1549.451172	-311.472076
1548.441406	148.104126
1547.431641	216.400925
1546.421875	-69.202690
1545.411133	177.256195
1544.400391	-58.747570
1543.389648	-386.143555
1542.378906	80.349632
1541.367188	-182.664200
1540.355469	-3.124341
1539.343750	-263.503204
1538.332031	61.781445
1537.320313	31.253357
1536.307617	13.071268
1535.294922	86.268501
1534.282227	349.532898
1533.269531	104.294472
1532.256836	-49.524502
1531.243164	270.367798
1530.229492	116.582764
1529.215820	-76.566696
1528.202148	-10.748093
1527.187500	464.209534
1526.172852	-241.453598
1525.158203	142.231750
1524.143555	-33.397976
1523.127930	-41.491890
1522.113281	-128.320435
1521.097656	250.157547
1520.082031	215.010239
1519.065430	-100.653450
1518.049805	198.930923
1517.033203	176.164291
1516.016602	59.985786
1515.000000	371.692932
1513.982422	363.707428
1512.965820	-93.964470
1511.948242	-327.843262
1510.930664	-3.943027
1509.913086	260.908752
1508.894531	142.579376
1507.875977	402.410095
1506.857422	-118.375771
1505.838867	-18.039200
1504.820313	396.338501
1503.800781	-40.636848
1502.781250	334.371887
1501.761719	25.170139
1500.742188	172.102371
1499.721680	37.126251
1498.702148	590.840454
1497.681641	201.128418
1496.661133	73.701874
1495.639648	306.323425
1494.618164	144.708679
1493.597656	392.022278
1492.576172	203.628555
1491.553711	370.114441
1490.532227	470.554291
1489.509766	199.219101
1488.487305	-216.222717
1487.464844	53.077217
1486.442383	510.518097
1485.418945	198.027191
1484.395508	313.272583
1483.372070	123.192543
1482.348633	231.186234
1481.324219	-207.760284
1480.300781	288.496399
1479.276367	-84.271461
1478.251953	331.306946
1477.226563	217.362534
1476.202148	-108.641609
1475.176758	75.164963
1474.151367	-118.929230
1473.125000	-173.980576
1472.099609	2.594552
1471.073242	64.616364
1470.046875	-94.998055
1469.020508	373.853516
1467.994141	375.070160
1466.966797	118.283386
1465.939453	431.187317
1464.912109	26.192680
1463.884766	188.280579
1462.856445	430.602356
1461.829102	522.150085
1460.800781	117.722107
1459.772461	284.757996
1458.743164	1158.960205
1457.714844	1214.077881
1456.685547	890.257629
1455.656250	1134.958252
1454.625977	1037.226196
1453.596680	1403.317749
1452.566406	1201.348755
1451.536133	664.664490
1450.505859	771.202759
1449.474609	996.592529
1448.444336	727.276672
1447.413086	1124.875732
1446.381836	758.808594
1445.350586	557.774841
1444.318359	957.778748
1443.286133	696.352051
1442.253906	619.182678
1441.221680	377.462280
1440.189453	450.648285
1439.156250	574.686584
1438.123047	805.225769
1437.089844	520.410583
1436.056641	741.346802
1435.022461	345.554871
1433.988281	510.956360
1432.954102	-205.960266
1431.919922	718.531738
1430.885742	482.881836
1429.850586	143.509262
1428.815430	161.823349
1427.780273	-0.894540
1426.744141	418.349365
1425.708984	-217.283600
1424.672852	-283.067688
1423.636719	-170.203506
1422.600586	-122.433174
1421.563477	127.956169
1420.527344	-284.722748
1419.490234	165.846481
1418.452148	-140.503860
1417.415039	-3.246780
1416.376953	545.969788
1415.338867	25.616232
1414.300781	49.797997
1413.262695	-5.399071
1412.224609	-154.365692
1411.185547	-385.032745
1410.146484	2.831386
1409.107422	332.878906
1408.067383	-138.016144
1407.027344	213.701736
1405.987305	216.774582
1404.947266	181.479523
1403.907227	-185.328186
1402.866211	243.284515
1401.826172	402.802521
1400.785156	173.287491
1399.743164	256.040222
1398.702148	562.095825
1397.660156	376.114166
1396.618164	487.805878
1395.576172	1266.405029
1394.533203	1130.970337
1393.491211	1621.524292
1392.448242	1277.672607
1391.405273	1789.688232
1390.361328	1800.727783
1389.318359	2257.472900
1388.274414	2625.452148
1387.230469	3163.375488
1386.186523	2820.082275
1385.141602	3283.666748
1384.097656	3512.618652
1383.052734	3667.350342
1382.007813	3829.273682
1380.961914	3768.757324
1379.916992	3866.176758
1378.871094	3915.800293
1377.825195	3301.027832
1376.778320	3217.056396
1375.732422	2772.471436
1374.685547	2808.225830
1373.638672	2385.535645
1372.591797	2094.416260
1371.543945	2006.364990
1370.497070	1803.892944
1369.449219	1747.105469
1368.400391	1998.115601
1367.352539	1869.898315
1366.303711	1391.274414
1365.255859	1647.199219
1364.206055	1633.711426
1363.157227	1286.712402
1362.108398	1587.938721
1361.058594	1839.068604
1360.008789	1806.766357
1358.958984	1612.648804
1357.908203	2047.073730
1356.857422	1912.592407
1355.806641	1611.680542
1354.755859	1746.286743
1353.705078	1635.930054
1352.653320	1601.753784
1351.601563	1593.804932
1350.549805	1267.434082
1349.498047	1259.683838
1348.445313	1230.592407
1347.393555	857.186584
1346.340820	916.176697
1345.287109	825.605225
1344.234375	656.822876
1343.180664	870.227722
1342.126953	808.369751
1341.073242	497.517822
1340.019531	599.518921
1338.964844	692.029114
1337.910156	891.227051
1336.855469	128.135498
1335.799805	410.395081
1334.745117	555.195190
1333.689453	621.802307
1332.633789	49.062607
1331.578125	295.784058
1330.521484	514.025574
1329.464844	-119.722191
1328.408203	261.868195
1327.351563	-227.160965
1326.294922	-202.728317
1325.237305	117.276131
1324.179688	94.416954
1323.122070	-393.986206
1322.064453	100.847275
1321.005859	-238.445099
1319.947266	-487.791138
1318.888672	-335.550842
1317.830078	85.806374
1316.770508	261.523712
1315.710938	-4.084611
1314.651367	-382.784882
1313.591797	-230.546494
1312.531250	-31.184595
1311.471680	177.573822
1310.411133	-276.135254
1309.349609	151.812668
1308.289063	384.053650
1307.227539	15.497372
1306.166016	33.395134
1305.104492	199.668198
1304.042969	281.151917
1302.980469	247.285446
1301.917969	-367.777710
1300.855469	-32.049904
1299.792969	185.956604
1298.729492	124.032730
1297.666016	-318.722900
1296.602539	-6.693658
1295.539063	150.115997
1294.474609	-106.659103
1293.411133	-154.208221
1292.346680	40.180332
1291.281250	-162.329819
1290.216797	240.966400
1289.151367	691.042603
1288.085938	591.848755
1287.020508	572.493652
1285.955078	-9.757536
1284.888672	498.687378
1283.822266	188.704025
1282.755859	124.998901
1281.689453	370.684814
1280.622070	670.162781
1279.554688	376.882416
1278.487305	584.933167
1277.419922	13.212925
1276.351563	216.599457
1275.283203	-34.125637
1274.214844	478.091858
1273.146484	643.872620
1272.077148	650.539795
1271.008789	180.207504
1269.939453	98.174904
1268.869141	238.226791
1267.799805	518.465454
1266.729492	188.795639
1265.659180	494.631592
1264.588867	613.527588
1263.517578	648.318726
1262.447266	428.689117
1261.375977	164.809448
1260.304688	176.390671
1259.232422	610.197754
1258.161133	565.730957
1257.088867	502.629913
1256.016602	243.746201
1254.943359	448.786255
1253.871094	712.023621
1252.797852	800.414612
1251.724609	944.677795
1250.650391	1535.984619
1249.577148	1002.549927
1248.502930	1176.958984
1247.428711	1127.891357
1246.354492	662.389648
1245.279297	790.250427
1244.204102	806.434387
1243.128906	69.284958
1242.053711	894.606506
1240.977539	792.242615
1239.902344	671.360779
1238.826172	504.066315
1237.750000	480.851074
1236.672852	439.062531
1235.595703	592.309692
1234.518555	186.127472
1233.441406	290.652222
1232.364258	613.215759
1231.286133	232.817963
1230.208008	68.263084
1229.129883	-86.937439
1228.051758	-47.358097
1226.972656	-172.342651
1225.893555	-53.985359
1224.814453	184.779892
1223.734375	472.066437
1222.655273	-85.884422
1221.575195	-344.978577
1220.495117	430.588074
1219.415039	-136.243362
1218.333984	-325.753967
1217.252930	167.121948
1216.171875	-142.608017
1215.090820	-160.905106
1214.008789	160.566788
1212.926758	112.158516
1211.844727	-100.255203
1210.762695	-229.420746
1209.679688	34.041000
1208.597656	-337.519684
1207.513672	-244.976547
1206.430664	-97.073616
1205.347656	-304.552856
1204.263672	60.121105
1203.179688	-317.978302
1202.095703	408.539185
1201.010742	279.474670
1199.925781	-133.008713
1198.840820	104.475464
1197.755859	187.501083
1196.670898	176.059982
1195.584961	33.355610
1194.499023	49.558868
1193.413086	185.442856
1192.326172	215.390671
1191.239258	346.553680
1190.152344	86.626831
1189.065430	413.219116
1187.978516	231.556717
1186.890625	436.120422
1185.802734	-274.059570
1184.714844	203.930359
1183.625977	157.949936
1182.538086	408.259033
1181.449219	93.596947
1180.360352	348.368774
1179.270508	391.859985
1178.180664	630.358459
1177.090820	692.102112
1176.000977	728.582520
1174.911133	471.525940
1173.820313	528.635620
1172.729492	594.875305
1171.638672	420.471008
1170.547852	754.726929
1169.456055	775.014343
1168.364258	531.929688
1167.272461	1049.042847
1166.179688	348.178009
1165.087891	1148.841187
1163.995117	1249.009644
1162.902344	1554.987061
1161.808594	1881.378662
1160.715820	2251.065674
1159.622070	1937.071899
1158.528320	1986.576050
1157.433594	1366.554688
1156.339844	1628.572021
1155.245117	1202.996216
1154.149414	836.939758
1153.054688	872.822510
1151.958984	527.500671
1150.863281	618.140747
1149.767578	482.863190
1148.671875	-15.024117
1147.575195	107.509979
1146.478516	353.077393
1145.381836	197.349258
1144.285156	194.344345
1143.187500	-36.527378
1142.089844	94.838181
1140.992188	196.510559
1139.894531	-184.565720
1138.795898	-226.355835
1137.697266	-67.892372
1136.598633	-248.543350
1135.499023	-267.656830
1134.400391	-88.925964
1133.300781	-60.389832
1132.201172	56.751034
1131.100586	155.605469
1130.000977	-97.792969
1128.900391	-362.491425
1127.799805	160.981522
1126.698242	-119.648270
1125.596680	47.024204
1124.495117	174.994095
1123.393555	23.764330
1122.291992	54.040981
1121.189453	853.135681
1120.086914	1091.726929
1118.984375	1434.450439
1117.881836	1330.453613
1116.778320	2484.110352
1115.674805	1899.501831
1114.571289	1827.013550
1113.466797	1543.878662
1112.363281	1475.920654
1111.258789	1509.778687
1110.153320	1595.599976
1109.048828	1737.903564
1107.943359	1762.441650
1106.837891	1388.881226
1105.732422	1289.010498
1104.625977	1252.397949
1103.520508	1041.738647
1102.414063	817.530701
1101.306641	295.159302
1100.200195	491.163635
1099.092773	763.763916
1097.985352	512.443970
1096.877930	290.507263
1095.769531	111.451828
1094.661133	534.738098
1093.552734	231.513412
1092.444336	178.643677
1091.335938	245.201950
1090.226563	358.971039
1089.117188	675.411682
1088.006836	-13.177752
1086.897461	422.418762
1085.787109	409.595886
1084.676758	275.115387
1083.566406	926.163574
1082.455078	631.663330
1081.343750	694.935303
1080.232422	809.818054
1079.121094	699.677490
1078.008789	1048.135620
1076.896484	895.075806
1075.784180	764.465454
1074.671875	1085.424438
1073.558594	687.308838
1072.445313	799.064636
1071.332031	618.784546
1070.217773	595.597595
1069.104492	704.749573
1067.990234	692.566467
1066.875977	581.580566
1065.760742	385.295990
1064.645508	310.069397
1063.530273	362.548126
1062.415039	-75.937012
1061.299805	104.105019
1060.183594	73.349625
1059.067383	-396.486572
1057.951172	260.091400
1056.833984	-122.518639
1055.716797	-30.580246
1054.599609	45.538280
1053.482422	-187.230560
1052.364258	51.897427
1051.247070	196.901260
1050.128906	384.166779
1049.009766	200.173126
1047.891602	192.688950
1046.772461	144.849594
1045.653320	469.915894
1044.533203	89.019142
1043.414063	-10.508651
1042.293945	421.103821
1041.173828	-131.753220
1040.052734	87.445694
1038.932617	-385.052460
1037.811523	-239.762283
1036.689453	-168.266983
1035.568359	-346.580627
1034.446289	-16.862934
1033.324219	-99.621231
1032.202148	142.737442
1031.079102	95.308174
1029.957031	-226.089859
1028.833984	-77.808746
1027.709961	-74.419815
1026.586914	-309.235962
1025.462891	-179.293472
1024.338867	-276.403320
1023.214844	346.801147
1022.089844	33.664272
1020.964844	-250.585388
1019.839844	-159.335068
1018.714844	91.668709
1017.588867	222.449646
1016.462891	124.314995
1015.336914	26.072969
1014.210938	-103.350983
1013.083984	-177.417831
1011.957031	12.395082
1010.830078	252.978149
1009.702148	236.053757
1008.574219	897.367676
1007.446289	2041.404175
1006.318359	3233.514648
1005.190430	4704.070313
1004.061523	5376.405762
1002.932617	4214.752930
1001.802734	2271.938721
1000.673828	958.487976
999.543945	402.266449
998.414063	182.427505
997.283203	256.688721
996.153320	27.826435
995.022461	386.982605
993.891602	210.912888
992.759766	-7.243578
991.628906	324.700836
990.497070	-8.550171
989.364258	104.261360
988.232422	-204.804993
987.099609	-143.073486
985.966797	-6.494349
984.833984	87.956551
983.700195	171.156082
982.566406	437.209198
981.432617	559.679199
980.298828	360.117767
979.164063	762.112488
978.029297	430.077545
976.894531	148.709213
975.759766	173.450043
974.624023	-125.655624
973.488281	299.451538
972.352539	550.362610
971.215820	224.524109
970.080078	10.906187
968.943359	50.138889
967.805664	550.930420
966.668945	438.071869
965.531250	859.153931
964.393555	666.881592
963.254883	270.240173
962.117188	697.271790
960.978516	471.816528
959.839844	483.423767
958.700195	819.695801
957.561523	574.250000
956.421875	1129.472656
955.281250	945.181946
954.141602	1216.972534
953.000977	1299.964600
951.860352	1235.962769
950.719727	1487.410400
949.578125	1780.229980
948.436523	1071.894043
947.294922	979.081055
946.153320	649.781433
945.010742	907.066101
943.868164	549.259644
942.725586	699.067932
941.583008	131.321548
940.439453	440.571777
939.295898	104.675026
938.152344	212.540314
937.007813	-42.488213
935.863281	333.883698
934.718750	-89.391815
933.574219	317.242889
932.428711	492.178864
931.283203	-66.398666
930.137695	-13.783448
928.992188	-92.148132
927.845703	-89.867271
926.699219	147.869736
925.552734	-50.574459
924.405273	189.093613
923.257813	345.801941
922.110352	188.682861
920.962891	401.872589
919.814453	394.965485
918.666016	83.237473
917.517578	254.828796
916.369141	-11.073380
915.219727	-394.386230
914.070313	-72.810310
912.920898	-16.689558
911.770508	556.793335
910.621094	214.964127
909.470703	-176.718033
908.319336	-46.831333
907.168945	-357.897644
906.017578	-180.234985
904.866211	-17.836748
903.713867	38.114773
902.562500	445.644440
901.410156	-309.897461
900.256836	136.563461
899.104492	-117.557465
897.951172	-232.796371
896.797852	-293.748260
895.644531	-179.100555
894.490234	-60.144363
893.335938	-6.174067
892.181641	-151.396530
891.027344	335.700104
889.872070	-101.643707
888.716797	91.015686
887.561523	67.311279
886.405273	-92.598289
885.249023	-269.652374
884.092773	320.981232
882.936523	301.884735
881.779297	181.299149
880.622070	-3.945718
879.464844	128.521362
878.307617	-170.861969
877.149414	156.087097
875.991211	200.236954
874.833008	-178.474808
873.673828	338.443542
872.514648	257.766205
871.355469	6.895576
870.196289	-43.211357
869.036133	79.257881
867.875977	277.240967
866.715820	-153.828629
865.554688	203.787689
864.394531	-32.938381
863.233398	85.818214
862.071289	157.307663
860.910156	175.160767
859.748047	468.539337
858.585938	564.067017
857.422852	840.342590
856.259766	751.180725
855.096680	651.498779
853.933594	1009.784363
852.770508	190.736084
851.606445	349.566498
850.442383	585.831299
849.277344	-36.619911
848.113281	489.811859
846.948242	74.100174
845.783203	295.998901
844.617188	335.666718
843.451172	64.587379
842.285156	250.517349
841.119141	-32.829983
839.952148	-345.846252
838.785156	344.189453
837.618164	556.470703
836.451172	62.210571
835.283203	270.627228
834.115234	-233.586975
832.947266	182.854919
831.778320	135.062073
830.609375	-263.254578
829.440430	63.800987
828.271484	423.015259
827.101563	51.283005
825.931641	133.009155
824.761719	494.823639
823.590820	230.863708
822.420898	823.623230
821.250000	128.957886
820.078125	403.900085
818.907227	585.090454
817.735352	115.733185
816.562500	862.618225
815.390625	686.071899
814.217773	546.092407
813.044922	-26.247322
811.872070	-86.635208
810.698242	-112.667297
809.524414	-95.834259
808.350586	27.722445
807.176758	200.443253
806.001953	243.482422
804.827148	150.562668
803.651367	26.014196
802.476563	371.848206
801.300781	296.714722
800.125000	128.319321
798.948242	646.758118
797.772461	510.727509
796.595703	353.738007
795.417969	602.725281
794.241211	938.911377
793.063477	780.506775
791.885742	966.249695
790.707031	608.896790
789.529297	508.648346
788.350586	675.899475
787.170898	557.014404
785.992188	673.730896
784.812500	591.362793
783.632813	964.821533
782.452148	554.461853
781.272461	741.777100
780.091797	736.500000
778.911133	769.521240
777.729492	745.558899
776.547852	442.479614
775.366211	383.005005
774.184570	344.883942
773.001953	336.537689
771.819336	222.659882
770.636719	-87.559593
769.453125	-129.136917
768.269531	-455.738647
767.085938	-220.249374
765.902344	-259.229645
764.717773	-211.519806
763.533203	93.775192
762.348633	196.485199
761.163086	113.609749
759.977539	-116.753548
758.791992	-108.638374
757.606445	-182.652664
756.419922	-203.859299
755.233398	-229.192520
754.046875	-201.772156
752.859375	381.686676
751.672852	246.954010
750.485352	634.379578
749.296875	981.675720
748.108398	979.579468
746.919922	546.291260
745.731445	580.117126
744.542969	763.230225
743.353516	136.966568
742.164063	433.602325
740.973633	566.208008
739.783203	240.821655
738.592773	304.097198
737.402344	403.016907
736.211914	369.633453
735.020508	768.533569
733.829102	403.509735
732.636719	770.676270
731.444336	502.201080
730.251953	869.079041
729.059570	181.387390
727.866211	170.834900
726.673828	-57.654148
725.479492	-133.213242
724.286133	-315.595673
723.091797	23.336596
721.897461	106.671761
720.703125	-157.491348
719.507813	9.362603
718.312500	-208.809631
717.117188	288.213043
715.921875	-268.781372
714.725586	-206.920547
713.529297	-72.034714
712.332031	-129.516220
711.135742	203.538589
709.938477	256.521454
708.740234	566.176575
707.542969	353.812195
706.344727	1287.059814
705.146484	2397.121582
703.948242	3663.013672
702.749023	3754.263184
701.549805	3522.285400
700.350586	2642.173340
699.150391	1947.881836
697.950195	1512.212036
696.750000	1287.080200
695.549805	399.899841
694.348633	325.012573
693.147461	-64.093056
691.946289	187.890335
690.744141	215.124222
689.541992	229.928772
688.339844	211.540771
687.136719	473.887421
685.934570	181.337814
684.730469	420.966156
683.527344	201.575882
682.323242	7.395217
681.119141	79.296547
679.915039	103.663551
678.710938	136.600311
677.505859	593.090759
676.300781	29.130571
675.094727	-150.526474
673.889648	184.516724
672.683594	181.975159
671.476563	-246.983810
670.270508	209.501633
669.063477	-145.629852
667.856445	-166.542618
666.648438	295.636688
665.440430	143.575684
664.232422	-245.600586
663.024414	477.270691
661.815430	247.165421
660.606445	55.368370
659.397461	178.960526
658.188477	32.834267
656.978516	9.882663
655.768555	176.207413
654.557617	521.424805
653.346680	-428.905945
652.135742	-70.458786
650.924805	97.458786
649.712891	-199.358337
648.501953	-160.055466
647.289063	-323.057831
646.077148	159.345123
644.864258	-230.469177
643.651367	-308.735382
642.438477	2.738171
641.224609	-13.085480
640.010742	113.711029
638.796875	-61.605183
637.582031	801.484009
636.367188	778.032654
635.152344	444.946747
633.937500	602.809265
632.721680	716.738342
631.505859	774.556213
630.289063	1230.807739
629.073242	1659.870728
627.856445	1788.766724
626.639648	1769.851685
625.421875	1845.812256
624.204102	1398.709351
622.986328	1209.148682
621.768555	1330.500244
620.549805	763.647888
619.331055	754.330933
618.111328	441.147339
616.892578	271.340149
