1721.000977	37.826626
1720.027344	117.718262
1719.052734	351.755676
1718.078125	231.197662
1717.104492	523.315918
1716.128906	94.201462
1715.154297	164.938522
1714.178711	376.275818
1713.204102	-189.416214
1712.228516	54.567814
1711.251953	49.605316
1710.276367	267.229309
1709.299805	-178.832626
1708.324219	53.573784
1707.347656	44.976871
1706.370117	28.447327
1705.393555	-18.985407
1704.416016	-20.582710
1703.438477	154.107269
1702.460938	123.951164
1701.483398	-95.569534
1700.505859	-373.962006
1699.527344	242.064911
1698.548828	206.122284
1697.570313	254.358124
1696.591797	197.722839
1695.612305	46.482288
1694.632813	-97.151680
1693.653320	-169.364380
1692.673828	-60.456711
1691.694336	-20.575535
1690.713867	26.832123
1689.734375	-78.855804
1688.753906	-289.140717
1687.772461	158.292145
1686.791992	-255.982498
1685.810547	53.540691
1684.830078	-16.700577
1683.848633	208.491714
1682.866211	110.103020
1681.884766	-44.267368
1680.902344	137.390244
1679.919922	308.767151
1678.937500	-125.548485
1677.955078	-2.560499
1676.971680	-34.813412
1675.989258	32.136688
1675.005859	172.759125
1674.022461	56.589787
1673.038086	-18.895056
1672.054688	4.773129
1671.070313	262.119690
1670.085938	222.214996
1669.101563	-38.577248
1668.117188	139.952240
1667.131836	148.337494
1666.146484	22.241978
1665.161133	208.284683
1664.175781	-62.317852
1663.189453	-3.119841
1662.204102	223.448822
1661.217773	49.389256
1660.231445	-139.776703
1659.245117	119.674751
1658.257813	-44.061012
1657.270508	309.015991
1656.284180	-133.168793
1655.295898	12.203171
1654.308594	144.916290
1653.321289	44.771027
1652.333008	255.900009
1651.344727	-193.287430
1650.356445	81.101585
1649.367188	261.824585
1648.378906	460.226593
1647.389648	56.980499
1646.400391	101.235336
1645.411133	711.457886
1644.420898	-14.842518
1643.431641	297.207733
1642.441406	-67.562019
1641.451172	254.512329
1640.459961	349.307343
1639.469727	146.354233
1638.478516	173.080170
1637.487305	149.379410
1636.496094	428.343323
1635.504883	371.887421
1634.512695	-7.199558
1633.520508	601.847412
1632.528320	328.762115
1631.536133	461.413116
1630.543945	485.735413
1629.550781	736.685669
1628.557617	484.034485
1627.564453	860.791016
1626.571289	882.581421
1625.578125	977.352356
1624.583984	1014.228638
1623.589844	1113.990234
1622.595703	1291.683472
1621.601563	1567.369995
1620.606445	1207.041870
1619.611328	1542.961548
1618.616211	1848.612549
1617.621094	1659.320313
1616.625977	1580.625122
1615.629883	1697.802490
1614.633789	1686.925049
1613.637695	1658.501709
1612.641602	1750.547607
1611.645508	1591.702393
1610.648438	1463.011230
1609.651367	1527.480469
1608.654297	1627.036987
1607.657227	1410.728882
1606.659180	2036.550781
1605.662109	1689.982178
1604.664063	1912.194458
1603.666016	1746.121460
1602.666992	2178.560547
1601.668945	2142.702393
1600.669922	2011.731812
1599.670898	1798.243042
1598.671875	1567.338989
1597.671875	1771.754639
1596.672852	1538.463501
1595.672852	1695.305298
1594.672852	1514.612549
1593.671875	1446.444336
1592.671875	1195.922607
1591.670898	1427.645386
1590.669922	1224.673218
1589.668945	1051.753784
1588.667969	851.447205
1587.666016	701.125488
1586.664063	770.484253
1585.662109	947.103088
1584.660156	649.679016
1583.658203	504.518341
1582.655273	194.821304
1581.652344	373.885132
1580.649414	520.471252
1579.646484	385.403656
1578.642578	544.359314
1577.638672	242.426468
1576.634766	-56.891174
1575.630859	151.851547
1574.626953	260.931824
1573.622070	260.433044
1572.618164	294.789703
1571.613281	28.086655
1570.607422	166.896179
1569.602539	439.951538
1568.596680	178.329987
1567.590820	-229.841095
1566.584961	15.760578
1565.579102	40.123337
1564.572266	96.744904
1563.566406	81.339035
1562.559570	135.442184
1561.551758	-120.824402
1560.544922	223.698334
1559.537109	22.111425
1558.530273	-209.140915
1557.521484	-80.668839
1556.513672	-76.227013
1555.505859	124.088768
1554.497070	-47.541836
1553.488281	8.913000
1552.479492	129.771927
1551.470703	99.459061
1550.460938	27.033087
1549.451172	-285.567902
1548.441406	-154.863052
1547.431641	-83.617653
1546.421875	-200.483658
1545.411133	16.705191
1544.400391	85.383080
1543.389648	-73.500328
1542.378906	-195.223892
1541.367188	-126.554848
1540.355469	216.444916
1539.343750	-182.034653
1538.332031	-306.102448
1537.320313	-178.162262
1536.307617	110.233688
1535.294922	134.326202
1534.282227	-130.401733
1533.269531	101.062141
1532.256836	-244.957382
1531.243164	156.651642
1530.229492	-51.112156
1529.215820	125.908051
1528.202148	-170.494156
1527.187500	105.076508
1526.172852	106.997513
1525.158203	-6.869190
1524.143555	-229.062027
1523.127930	-71.892616
1522.113281	-197.917419
1521.097656	-6.322768
1520.082031	86.758949
1519.065430	105.973282
1518.049805	-155.248154
1517.033203	-32.644180
1516.016602	-224.851181
1515.000000	-121.913399
1513.982422	84.223083
1512.965820	37.177124
1511.948242	-19.674547
1510.930664	-32.259476
1509.913086	193.424988
1508.894531	-108.930336
1507.875977	18.502781
1506.857422	55.090263
1505.838867	197.209778
1504.820313	0.717471
1503.800781	133.013367
1502.781250	27.394230
1501.761719	218.534607
1500.742188	95.841446
1499.721680	95.757866
1498.702148	125.130211
1497.681641	29.558926
1496.661133	404.338593
1495.639648	130.029678
1494.618164	-4.571337
1493.597656	64.105240
1492.576172	382.394653
1491.553711	101.106270
1490.532227	103.759583
1489.509766	152.901001
1488.487305	118.922394
1487.464844	229.234573
1486.442383	-31.974306
1485.418945	29.510944
1484.395508	254.703079
1483.372070	521.368347
1482.348633	-54.564884
1481.324219	-146.795303
1480.300781	78.418167
1479.276367	118.079903
1478.251953	150.448410
1477.226563	77.932617
1476.202148	-38.388985
1475.176758	-42.462769
1474.151367	163.178497
1473.125000	-269.850983
1472.099609	72.319763
1471.073242	31.858061
1470.046875	142.488708
1469.020508	-5.026065
1467.994141	137.322067
1466.966797	82.460098
1465.939453	56.882065
1464.912109	153.031815
1463.884766	188.376633
1462.856445	403.732361
1461.829102	397.775360
1460.800781	445.347839
1459.772461	456.494263
1458.743164	647.511169
1457.714844	515.369202
1456.685547	601.950195
1455.656250	343.679169
1454.625977	612.469971
1453.596680	575.339661
1452.566406	615.934204
1451.536133	625.023926
1450.505859	454.638428
1449.474609	665.184204
1448.444336	608.960693
1447.413086	564.928894
1446.381836	559.759155
1445.350586	680.676453
1444.318359	607.747498
1443.286133	459.812408
1442.253906	287.783539
1441.221680	212.748962
1440.189453	379.902283
1439.156250	445.375061
1438.123047	472.163177
1437.089844	218.352768
1436.056641	138.873688
1435.022461	117.517876
1433.988281	40.622711
1432.954102	79.858246
1431.919922	36.968727
1430.885742	20.743326
1429.850586	-46.160484
1428.815430	111.652863
1427.780273	-186.929855
1426.744141	74.772446
1425.708984	208.514999
1424.672852	16.466627
1423.636719	24.819340
1422.600586	240.682526
1421.563477	85.104744
1420.527344	-38.981796
1419.490234	213.098221
1418.452148	-291.662872
1417.415039	37.602261
1416.376953	294.502869
1415.338867	286.415894
1414.300781	-106.895065
1413.262695	20.060089
1412.224609	-23.873028
1411.185547	4.458258
1410.146484	-296.780487
1409.107422	-104.698769
1408.067383	41.657036
1407.027344	-45.217663
1405.987305	24.266806
1404.947266	2.455958
1403.907227	-28.894541
1402.866211	223.305954
1401.826172	261.705688
1400.785156	76.810402
1399.743164	74.510712
1398.702148	302.725891
1397.660156	418.098785
1396.618164	293.551758
1395.576172	279.469299
1394.533203	689.940613
1393.491211	613.559937
1392.448242	1292.406372
1391.405273	1460.511353
1390.361328	1690.893799
1389.318359	1736.782227
1388.274414	1734.793457
1387.230469	2209.415527
1386.186523	2236.179199
1385.141602	2344.363770
1384.097656	2481.292725
1383.052734	2383.727783
1382.007813	2877.127441
1380.961914	2612.210449
1379.916992	2481.383789
1378.871094	2544.296631
1377.825195	2282.188232
1376.778320	1967.668213
1375.732422	1997.377441
1374.685547	1585.234863
1373.638672	1803.770752
1372.591797	1382.410278
1371.543945	1452.999878
1370.497070	1148.945190
1369.449219	1105.138550
1368.400391	1288.011353
1367.352539	1024.886963
1366.303711	1288.878784
1365.255859	1073.651489
1364.206055	1354.296875
1363.157227	1022.480164
1362.108398	1226.897583
1361.058594	1243.097168
1360.008789	1247.434204
1358.958984	1054.209106
1357.908203	930.136047
1356.857422	1401.125000
1355.806641	1400.854980
1354.755859	1664.681274
1353.705078	1055.608887
1352.653320	803.502869
1351.601563	848.712280
1350.549805	863.051025
1349.498047	713.469849
1348.445313	725.538696
1347.393555	816.039856
1346.340820	690.438293
1345.287109	652.770569
1344.234375	605.680115
1343.180664	608.479675
1342.126953	371.682037
1341.073242	578.622620
1340.019531	484.316467
1338.964844	669.875122
1337.910156	480.840454
1336.855469	303.778351
1335.799805	58.105087
1334.745117	217.699448
1333.689453	90.658272
1332.633789	311.814240
1331.578125	331.672668
1330.521484	-15.338178
1329.464844	-172.840851
1328.408203	76.712959
1327.351563	-19.163588
1326.294922	-48.742477
1325.237305	-2.622599
1324.179688	76.610405
1323.122070	84.938461
1322.064453	204.357147
1321.005859	-9.353328
1319.947266	-267.815887
1318.888672	-145.947037
1317.830078	-323.930847
1316.770508	-169.002625
1315.710938	18.927504
1314.651367	-128.221039
1313.591797	-91.284660
1312.531250	-146.316849
1311.471680	194.825073
1310.411133	38.448727
1309.349609	80.129913
1308.289063	-271.668549
1307.227539	-76.756058
1306.166016	144.005798
1305.104492	-101.539673
1304.042969	-66.797234
1302.980469	208.025665
1301.917969	21.526270
1300.855469	-98.991150
1299.792969	112.228821
1298.729492	288.094086
1297.666016	-29.833328
1296.602539	-9.106603
1295.539063	42.185966
1294.474609	-21.660866
1293.411133	147.113754
1292.346680	31.648603
1291.281250	33.650406
1290.216797	87.329071
1289.151367	35.378258
1288.085938	70.293343
1287.020508	328.089569
1285.955078	301.981415
1284.888672	-12.540793
1283.822266	-139.345032
1282.755859	329.300781
1281.689453	22.066177
1280.622070	150.769760
1279.554688	101.406731
1278.487305	112.972855
1277.419922	419.577179
1276.351563	332.776642
1275.283203	121.988289
1274.214844	-9.133915
1273.146484	559.300354
1272.077148	152.172348
1271.008789	385.964691
1269.939453	610.311401
1268.869141	360.081329
1267.799805	266.551971
1266.729492	395.023438
1265.659180	523.451660
1264.588867	247.828568
1263.517578	441.625488
1262.447266	579.340332
1261.375977	156.886765
1260.304688	527.947266
1259.232422	485.950195
1258.161133	628.239136
1257.088867	420.708313
1256.016602	378.797974
1254.943359	362.547943
1253.871094	614.299683
1252.797852	667.918274
1251.724609	646.990417
1250.650391	651.690735
1249.577148	1098.760986
1248.502930	798.455078
1247.428711	921.834290
1246.354492	700.825989
1245.279297	682.290649
1244.204102	849.822510
1243.128906	580.167542
1242.053711	512.882080
1240.977539	592.043457
1239.902344	761.807068
1238.826172	392.544403
1237.750000	527.447449
1236.672852	483.493744
1235.595703	492.963196
1234.518555	168.207092
1233.441406	212.563171
1232.364258	461.070282
1231.286133	312.833160
1230.208008	53.354156
1229.129883	-150.359100
1228.051758	-103.632950
1226.972656	-54.614609
1225.893555	-112.188454
1224.814453	-14.530455
1223.734375	101.610672
1222.655273	120.468178
1221.575195	148.572144
1220.495117	216.016663
1219.415039	15.024180
1218.333984	-84.093407
1217.252930	196.148575
1216.171875	6.861252
1215.090820	120.517120
1214.008789	-29.374640
1212.926758	1.049497
1211.844727	-250.396194
1210.762695	-32.832993
1209.679688	39.142853
1208.597656	-255.999344
1207.513672	-170.155380
1206.430664	-54.338032
1205.347656	-169.295898
1204.263672	87.181450
1203.179688	-161.521072
1202.095703	-48.108734
1201.010742	166.677734
1199.925781	164.727112
1198.840820	171.996231
1197.755859	119.367706
1196.670898	-46.092266
1195.584961	-71.020866
1194.499023	145.790939
1193.413086	176.073410
1192.326172	158.009689
1191.239258	195.170090
1190.152344	92.007545
1189.065430	9.586259
1187.978516	352.538818
1186.890625	12.644050
1185.802734	-32.943748
1184.714844	208.687271
1183.625977	-110.287537
1182.538086	161.106552
1181.449219	131.585693
1180.360352	-8.109949
1179.270508	152.898087
1178.180664	244.994476
1177.090820	286.581268
1176.000977	-27.351582
1174.911133	436.183899
1173.820313	571.675598
1172.729492	195.984573
1171.638672	517.071594
1170.547852	425.633484
1169.456055	512.880798
1168.364258	579.475464
1167.272461	604.823303
1166.179688	584.367310
1165.087891	586.808533
1163.995117	760.827942
1162.902344	1385.384399
1161.808594	1424.197998
1160.715820	1469.854614
1159.622070	1206.878906
1158.528320	1154.265015
1157.433594	1042.254272
1156.339844	583.065430
1155.245117	738.422424
1154.149414	580.873657
1153.054688	530.684570
1151.958984	578.641602
1150.863281	434.890900
1149.767578	478.260162
1148.671875	291.237183
1147.575195	571.739319
1146.478516	418.940033
1145.381836	257.079163
1144.285156	-46.007919
1143.187500	-166.722275
1142.089844	15.545174
1140.992188	197.715759
1139.894531	131.622971
1138.795898	49.601948
1137.697266	-148.462845
1136.598633	44.881180
1135.499023	-105.368774
1134.400391	-123.659981
1133.300781	-5.548272
1132.201172	-239.854248
1131.100586	-94.545639
1130.000977	87.037781
1128.900391	-376.642395
1127.799805	-140.621552
1126.698242	142.944962
1125.596680	99.461182
1124.495117	251.160858
1123.393555	123.664436
1122.291992	89.211502
1121.189453	1077.658325
1120.086914	614.369995
1118.984375	1187.322388
1117.881836	978.016663
1116.778320	1312.625488
1115.674805	1125.972900
1114.571289	1197.589478
1113.466797	1212.520752
1112.363281	1345.151978
1111.258789	1314.707764
1110.153320	1180.132568
1109.048828	1007.130188
1107.943359	1207.395630
1106.837891	848.940796
1105.732422	617.225647
1104.625977	740.465454
1103.520508	479.422821
1102.414063	652.269104
1101.306641	574.241760
1100.200195	618.175781
1099.092773	296.250122
1097.985352	125.675850
1096.877930	61.209991
1095.769531	341.956177
1094.661133	259.324707
1093.552734	-89.454758
1092.444336	375.900208
1091.335938	157.914139
1090.226563	278.051788
1089.117188	156.973679
1088.006836	-54.226662
1086.897461	320.247437
1085.787109	413.005798
1084.676758	449.384796
1083.566406	577.979309
1082.455078	218.126816
1081.343750	414.091583
1080.232422	454.706757
1079.121094	648.166809
1078.008789	492.982880
1076.896484	418.729919
1075.784180	791.664917
1074.671875	818.363159
1073.558594	865.195007
1072.445313	417.868408
1071.332031	502.814178
1070.217773	536.013794
1069.104492	3.589575
1067.990234	346.395966
1066.875977	54.139194
1065.760742	380.935364
1064.645508	259.065063
1063.530273	403.947388
1062.415039	268.540466
1061.299805	81.583733
1060.183594	232.903946
1059.067383	95.158928
1057.951172	96.232635
1056.833984	365.863800
1055.716797	-98.830635
1054.599609	141.480621
1053.482422	72.872932
1052.364258	239.059418
1051.247070	-73.439316
1050.128906	7.590797
1049.009766	34.846077
1047.891602	32.968632
1046.772461	158.344040
1045.653320	263.476624
1044.533203	35.731461
1043.414063	-33.469498
1042.293945	-111.664986
1041.173828	-196.604279
1040.052734	64.214180
1038.932617	90.626999
1037.811523	-119.461693
1036.689453	-160.109390
1035.568359	102.337395
1034.446289	-132.407059
1033.324219	-88.630516
1032.202148	110.963318
1031.079102	319.270081
1029.957031	-142.788437
1028.833984	-43.781738
1027.709961	-180.833633
1026.586914	62.571960
1025.462891	-259.267731
1024.338867	-7.262786
1023.214844	-177.935165
1022.089844	-150.794006
1020.964844	-90.424904
1019.839844	-5.740367
1018.714844	-283.293488
1017.588867	-172.162033
1016.462891	167.527786
1015.336914	-54.691132
1014.210938	33.817638
1013.083984	188.739807
1011.957031	143.830399
1010.830078	172.032547
1009.702148	262.193909
1008.574219	576.122559
1007.446289	1135.830078
1006.318359	2351.093506
1005.190430	3463.788086
1004.061523	3714.259033
1002.932617	3003.457520
1001.802734	1489.217041
1000.673828	712.640015
999.543945	131.034164
998.414063	215.519058
997.283203	107.414413
996.153320	231.463821
995.022461	397.345642
993.891602	81.189690
992.759766	363.934570
991.628906	341.568787
990.497070	226.322937
989.364258	709.474426
988.232422	933.998596
987.099609	796.303467
985.966797	996.212891
984.833984	1023.836670
983.700195	965.304504
982.566406	878.030396
981.432617	742.186768
980.298828	976.629700
979.164063	1014.715210
978.029297	488.639069
976.894531	782.140198
975.759766	709.836487
974.624023	470.111145
973.488281	364.679962
972.352539	411.055420
971.215820	683.929260
970.080078	448.451721
968.943359	474.685120
967.805664	562.360657
966.668945	252.039200
965.531250	631.845337
964.393555	328.046387
963.254883	643.759705
962.117188	370.667908
960.978516	527.961609
959.839844	533.627258
958.700195	756.465759
957.561523	546.875244
956.421875	716.795837
955.281250	658.447571
954.141602	503.584503
953.000977	936.205200
951.860352	746.109436
950.719727	941.677490
949.578125	793.128113
948.436523	688.374512
947.294922	750.015930
946.153320	494.132172
945.010742	376.164459
943.868164	361.030334
942.725586	227.704193
941.583008	24.390972
940.439453	295.594330
939.295898	181.853287
938.152344	197.064255
937.007813	151.008255
935.863281	142.056549
934.718750	377.687683
933.574219	241.938889
932.428711	278.657593
931.283203	-162.683090
930.137695	-36.506809
928.992188	124.473778
927.845703	298.410858
926.699219	16.480902
925.552734	-49.516949
924.405273	211.401596
923.257813	143.131882
922.110352	244.793503
920.962891	108.970886
919.814453	214.886688
918.666016	409.991119
917.517578	498.337524
916.369141	-118.423187
915.219727	48.283340
914.070313	173.571533
912.920898	-57.833324
911.770508	245.670532
910.621094	-142.147629
909.470703	280.753021
908.319336	-113.441170
907.168945	-36.089821
906.017578	110.707397
904.866211	7.776008
903.713867	-145.031937
902.562500	-39.497978
901.410156	70.329247
900.256836	36.956612
899.104492	27.496988
897.951172	48.401993
896.797852	-132.245087
895.644531	20.949333
894.490234	156.759613
893.335938	-60.512264
892.181641	-136.882843
891.027344	191.693848
889.872070	173.824478
888.716797	-40.907890
887.561523	-34.804901
886.405273	-154.115158
885.249023	-160.857285
884.092773	-70.235252
882.936523	115.515701
881.779297	165.092590
880.622070	-38.054722
879.464844	-33.669250
878.307617	342.232513
877.149414	-165.007553
875.991211	100.821808
874.833008	-13.190395
873.673828	282.856537
872.514648	-163.146729
871.355469	141.619293
870.196289	159.602890
869.036133	-22.794882
867.875977	-148.964981
866.715820	227.029144
865.554688	150.616165
864.394531	154.049271
863.233398	148.975845
862.071289	251.641342
860.910156	440.477844
859.748047	483.043579
858.585938	465.497345
857.422852	396.467682
856.259766	415.761475
855.096680	254.635437
853.933594	514.924255
852.770508	3.943031
851.606445	358.965424
850.442383	275.895142
849.277344	287.470856
848.113281	86.715179
846.948242	42.856812
845.783203	-97.361366
844.617188	281.717651
843.451172	-158.390228
842.285156	75.079010
841.119141	62.115841
839.952148	-246.403580
838.785156	458.781982
837.618164	-121.352821
836.451172	-37.184891
835.283203	-89.904076
834.115234	167.957001
832.947266	-77.006142
831.778320	59.149776
830.609375	-230.217941
829.440430	126.560242
828.271484	149.845215
827.101563	470.416565
825.931641	295.259552
824.761719	663.047302
823.590820	-60.619984
822.420898	222.068771
821.250000	252.890915
820.078125	448.250305
818.907227	370.589417
817.735352	399.834930
816.562500	508.187256
815.390625	599.650024
814.217773	239.291397
813.044922	267.242035
811.872070	159.010056
810.698242	298.165436
809.524414	215.947449
808.350586	-36.370502
807.176758	50.145077
806.001953	-239.912094
804.827148	159.836716
803.651367	195.809616
802.476563	380.872284
801.300781	53.572239
800.125000	232.619095
798.948242	-13.310968
797.772461	10.962245
796.595703	139.526306
795.417969	246.989883
794.241211	486.273956
793.063477	621.615234
791.885742	462.072815
790.707031	508.635773
789.529297	483.254456
788.350586	449.592255
787.170898	687.557800
785.992188	594.892944
784.812500	729.246094
783.632813	389.076721
782.452148	377.612427
781.272461	440.476105
780.091797	700.414673
778.911133	206.761368
777.729492	454.286896
776.547852	289.249725
775.366211	25.033216
774.184570	21.255054
773.001953	256.576691
771.819336	-15.408617
770.636719	72.182076
769.453125	-188.759308
768.269531	27.996481
767.085938	-232.519577
765.902344	-21.901634
764.717773	306.964935
763.533203	-193.621277
762.348633	346.397552
761.163086	337.804047
759.977539	-219.010223
758.791992	-195.604858
757.606445	-47.727131
756.419922	7.452353
755.233398	106.953323
754.046875	8.485262
752.859375	106.014221
751.672852	235.162018
750.485352	433.791901
749.296875	533.484253
748.108398	426.996155
746.919922	190.200531
745.731445	506.677429
744.542969	417.252838
743.353516	163.955170
742.164063	39.005627
740.973633	225.104401
739.783203	-34.179810
738.592773	114.088150
737.402344	350.480103
736.211914	-97.537651
735.020508	229.035767
733.829102	240.729752
732.636719	430.701355
731.444336	138.229980
730.251953	254.703781
729.059570	327.073456
727.866211	590.070190
726.673828	417.111023
725.479492	26.339706
724.286133	14.732851
723.091797	-24.150990
721.897461	47.850903
720.703125	-150.212784
719.507813	160.123596
718.312500	-161.449478
717.117188	-142.109573
715.921875	52.735420
714.725586	96.891136
713.529297	128.376999
712.332031	285.076904
711.135742	238.985168
709.938477	265.871033
708.740234	365.682770
707.542969	623.935425
706.344727	1272.140503
705.146484	2049.237549
703.948242	2181.336182
702.749023	2225.637695
701.549805	2048.785889
700.350586	2171.989014
699.150391	1384.382690
697.950195	1124.049316
696.750000	634.573364
695.549805	505.395142
694.348633	484.358032
693.147461	288.339844
691.946289	140.110245
690.744141	609.615295
689.541992	361.215027
688.339844	48.313503
687.136719	388.131378
685.934570	363.937408
684.730469	449.710419
683.527344	416.889160
682.323242	629.000610
681.119141	672.683411
679.915039	325.959229
678.710938	493.948212
677.505859	360.883301
676.300781	161.391037
675.094727	391.170715
673.889648	318.039642
672.683594	313.263916
671.476563	310.480286
670.270508	148.114655
669.063477	116.275635
667.856445	361.917084
666.648438	232.682388
665.440430	-62.077801
664.232422	82.037636
663.024414	302.673157
661.815430	101.305069
660.606445	123.452980
659.397461	197.386276
658.188477	-276.327454
656.978516	213.305695
655.768555	-34.658253
654.557617	-166.624405
653.346680	-56.678425
652.135742	-115.795921
650.924805	97.877243
649.712891	136.392670
648.501953	-274.455231
647.289063	-214.433517
646.077148	-98.296638
644.864258	-245.584930
643.651367	110.647667
642.438477	-103.458221
641.224609	-24.279835
640.010742	154.422943
638.796875	300.851898
637.582031	550.958679
636.367188	340.805054
635.152344	72.017792
633.937500	106.749626
632.721680	214.519867
631.505859	125.979500
630.289063	429.268433
629.073242	1109.779907
627.856445	1174.932739
626.639648	1157.272095
625.421875	1050.790161
624.204102	642.098633
622.986328	274.305481
621.768555	739.619629
620.549805	121.262558
619.331055	-211.743774
618.111328	181.433975
616.892578	-42.567318
