1721.000977	-78.365799
1720.027344	-69.910034
1719.052734	-144.187057
1718.078125	-42.547375
1717.104492	70.761482
1716.128906	100.893379
1715.154297	12.029880
1714.178711	101.678261
1713.204102	-122.359390
1712.228516	-93.512604
1711.251953	98.424004
1710.276367	220.286987
1709.299805	-65.899643
1708.324219	64.629539
1707.347656	58.694130
1706.370117	93.009590
1705.393555	-103.649368
1704.416016	-32.241650
1703.438477	110.148796
1702.460938	-65.199692
1701.483398	-56.937416
1700.505859	22.372337
1699.527344	52.588169
1698.548828	89.986069
1697.570313	-51.900093
1696.591797	135.327972
1695.612305	56.499577
1694.632813	130.509583
1693.653320	40.773548
1692.673828	-59.464596
1691.694336	133.438751
1690.713867	308.101624
1689.734375	120.276237
1688.753906	-60.089378
1687.772461	144.312958
1686.791992	116.484032
1685.810547	302.500458
1684.830078	202.919266
1683.848633	82.815102
1682.866211	105.200394
1681.884766	-25.321693
1680.902344	111.352173
1679.919922	153.682571
1678.937500	185.712463
1677.955078	-24.044977
1676.971680	94.296257
1675.989258	-21.418350
1675.005859	68.775620
1674.022461	29.246542
1673.038086	-124.683121
1672.054688	191.489868
1671.070313	50.240566
1670.085938	-35.088619
1669.101563	-150.858658
1668.117188	-50.786419
1667.131836	120.309471
1666.146484	52.809948
1665.161133	-50.156258
1664.175781	-130.221512
1663.189453	111.850906
1662.204102	26.792675
1661.217773	-10.031872
1660.231445	-23.978361
1659.245117	-35.328220
1658.257813	-18.759071
1657.270508	-42.656879
1656.284180	-76.590797
1655.295898	-26.914391
1654.308594	172.180084
1653.321289	-8.348479
1652.333008	-117.885826
1651.344727	18.093182
1650.356445	73.168068
1649.367188	17.033739
1648.378906	49.514713
1647.389648	89.644844
1646.400391	-82.423355
1645.411133	-72.409241
1644.420898	5.889435
1643.431641	-6.651065
1642.441406	-26.674534
1641.451172	-132.421448
1640.459961	34.551403
1639.469727	-63.390968
1638.478516	-9.828661
1637.487305	-21.768789
1636.496094	175.711411
1635.504883	-70.539635
1634.512695	-56.957832
1633.520508	-171.812943
1632.528320	-37.065495
1631.536133	201.014297
1630.543945	-9.232553
1629.550781	165.974838
1628.557617	255.606873
1627.564453	131.344116
1626.571289	452.664917
1625.578125	303.443054
1624.583984	355.608887
1623.589844	380.179749
1622.595703	756.859253
1621.601563	819.226074
1620.606445	708.217407
1619.611328	808.425171
1618.616211	853.403381
1617.621094	785.413025
1616.625977	855.655457
1615.629883	627.151123
1614.633789	893.346741
1613.637695	820.689697
1612.641602	913.746338
1611.645508	939.101685
1610.648438	706.163208
1609.651367	969.908264
1608.654297	942.781067
1607.657227	998.447632
1606.659180	1041.614380
1605.662109	994.631897
1604.664063	1120.565430
1603.666016	1113.764038
1602.666992	1044.410889
1601.668945	1185.439087
1600.669922	1301.420288
1599.670898	1264.752930
1598.671875	1268.178101
1597.671875	1289.145996
1596.672852	1165.106567
1595.672852	1008.645752
1594.672852	1179.763428
1593.671875	768.502563
1592.671875	809.731934
1591.670898	641.115967
1590.669922	594.988281
1589.668945	816.108704
1588.667969	490.390289
1587.666016	569.199524
1586.664063	538.191467
1585.662109	437.352448
1584.660156	321.607330
1583.658203	133.598755
1582.655273	200.016785
1581.652344	368.632599
1580.649414	320.342865
1579.646484	272.082275
1578.642578	69.371193
1577.638672	193.061844
1576.634766	102.531487
1575.630859	144.004059
1574.626953	65.972092
1573.622070	42.717770
1572.618164	24.455236
1571.613281	123.115746
1570.607422	199.336487
1569.602539	161.135422
1568.596680	150.282745
1567.590820	87.225761
1566.584961	188.207275
1565.579102	241.925201
1564.572266	7.438372
1563.566406	217.612686
1562.559570	127.218483
1561.551758	208.135437
1560.544922	154.977661
1559.537109	104.296806
1558.530273	160.308655
1557.521484	179.051636
1556.513672	234.972656
1555.505859	104.887665
1554.497070	170.661362
1553.488281	-36.243660
1552.479492	-37.421944
1551.470703	35.695061
1550.460938	83.977013
1549.451172	77.731468
1548.441406	34.322029
1547.431641	104.765633
1546.421875	-12.933434
1545.411133	-61.342945
1544.400391	115.346909
1543.389648	39.662014
1542.378906	-13.768210
1541.367188	-79.577911
1540.355469	74.583992
1539.343750	-1.167633
1538.332031	145.434494
1537.320313	86.923279
1536.307617	-16.059992
1535.294922	-15.332898
1534.282227	-66.480583
1533.269531	-48.536392
1532.256836	48.324741
1531.243164	-118.866241
1530.229492	54.349747
1529.215820	183.071320
1528.202148	40.505516
1527.187500	-114.368500
1526.172852	16.656666
1525.158203	118.024452
1524.143555	-2.387085
1523.127930	-122.791168
1522.113281	-147.140823
1521.097656	-6.584260
1520.082031	-33.487019
1519.065430	-89.951965
1518.049805	215.237152
1517.033203	-25.803377
1516.016602	-42.987686
1515.000000	-124.124031
1513.982422	35.630993
1512.965820	155.974487
1511.948242	-180.800659
1510.930664	35.271553
1509.913086	204.555832
1508.894531	81.514671
1507.875977	64.063438
1506.857422	44.134270
1505.838867	-51.889496
1504.820313	315.808105
1503.800781	-35.409065
1502.781250	148.130402
1501.761719	76.562828
1500.742188	110.409340
1499.721680	173.617737
1498.702148	35.851860
1497.681641	152.896378
1496.661133	42.076233
1495.639648	264.311890
1494.618164	182.839447
1493.597656	-116.465195
1492.576172	-136.683716
1491.553711	-105.542969
1490.532227	38.101696
1489.509766	279.485931
1488.487305	175.973999
1487.464844	77.377144
1486.442383	181.671722
1485.418945	193.036942
1484.395508	38.248203
1483.372070	17.853174
1482.348633	-131.978439
1481.324219	-64.467819
1480.300781	20.099277
1479.276367	172.943741
1478.251953	130.509048
1477.226563	100.269295
1476.202148	28.580408
1475.176758	200.752106
1474.151367	-63.555317
1473.125000	96.350990
1472.099609	166.026199
1471.073242	337.985077
1470.046875	200.507095
1469.020508	106.920181
1467.994141	-113.244598
1466.966797	165.716339
1465.939453	291.224060
1464.912109	197.679688
1463.884766	410.708069
1462.856445	433.918091
1461.829102	294.200745
1460.800781	400.092346
1459.772461	309.051025
1458.743164	327.403381
1457.714844	287.448608
1456.685547	303.378326
1455.656250	399.453308
1454.625977	293.946533
1453.596680	411.846466
1452.566406	202.031342
1451.536133	339.320465
1450.505859	299.455719
1449.474609	240.203308
1448.444336	285.275146
1447.413086	276.990021
1446.381836	380.226654
1445.350586	228.962280
1444.318359	361.258026
1443.286133	302.135132
1442.253906	306.023956
1441.221680	152.531540
1440.189453	408.261993
1439.156250	95.088066
1438.123047	142.633362
1437.089844	25.656288
1436.056641	15.179876
1435.022461	45.829796
1433.988281	54.725666
1432.954102	56.386574
1431.919922	50.816948
1430.885742	-24.802044
1429.850586	-61.722588
1428.815430	157.414017
1427.780273	-38.859554
1426.744141	110.203598
1425.708984	73.377708
1424.672852	-26.160328
1423.636719	-350.012970
1422.600586	54.780197
1421.563477	51.843037
1420.527344	-119.838623
1419.490234	135.256088
1418.452148	-55.616547
1417.415039	-0.589077
1416.376953	-138.295776
1415.338867	-102.496658
1414.300781	-81.132813
1413.262695	2.846835
1412.224609	110.890800
1411.185547	-0.086794
1410.146484	-72.490700
1409.107422	-111.156609
1408.067383	73.879463
1407.027344	-190.770782
1405.987305	-135.549515
1404.947266	-3.411624
1403.907227	119.089340
1402.866211	-34.718266
1401.826172	140.641190
1400.785156	49.393604
1399.743164	63.847790
1398.702148	-10.478869
1397.660156	311.225616
1396.618164	155.356674
1395.576172	515.333313
1394.533203	318.771210
1393.491211	158.301529
1392.448242	520.531555
1391.405273	573.455994
1390.361328	616.796082
1389.318359	703.282349
1388.274414	708.318115
1387.230469	897.776917
1386.186523	804.670410
1385.141602	948.603699
1384.097656	1051.831299
1383.052734	942.092834
1382.007813	966.393311
1380.961914	899.826355
1379.916992	955.273987
1378.871094	912.707458
1377.825195	788.928711
1376.778320	638.941284
1375.732422	931.034363
1374.685547	628.277039
1373.638672	853.437744
1372.591797	546.114990
1371.543945	554.033203
1370.497070	464.140381
1369.449219	383.852570
1368.400391	461.065125
1367.352539	440.498199
1366.303711	512.956665
1365.255859	358.948639
1364.206055	302.741364
1363.157227	449.142242
1362.108398	435.889648
1361.058594	208.295319
1360.008789	361.847809
1358.958984	443.936554
1357.908203	390.331299
1356.857422	474.808685
1355.806641	387.966003
1354.755859	432.022766
1353.705078	447.548950
1352.653320	379.865234
1351.601563	174.357452
1350.549805	123.452972
1349.498047	127.251114
1348.445313	185.708405
1347.393555	161.039734
1346.340820	198.143875
1345.287109	320.720764
1344.234375	175.049576
1343.180664	216.940369
1342.126953	116.477829
1341.073242	-14.756341
1340.019531	157.659378
1338.964844	62.081154
1337.910156	-80.845879
1336.855469	13.321282
1335.799805	133.527740
1334.745117	139.996506
1333.689453	179.636703
1332.633789	62.989834
1331.578125	157.125839
1330.521484	28.734081
1329.464844	158.367691
1328.408203	46.632740
1327.351563	1.199781
1326.294922	45.674892
1325.237305	151.619598
1324.179688	21.140646
1323.122070	-40.723270
1322.064453	-15.115079
1321.005859	48.292454
1319.947266	-39.472137
1318.888672	28.669893
1317.830078	153.459412
1316.770508	117.700294
1315.710938	58.373154
1314.651367	157.164169
1313.591797	142.702896
1312.531250	38.639954
1311.471680	31.312719
1310.411133	-32.577747
1309.349609	77.969254
1308.289063	65.961884
1307.227539	-186.321533
1306.166016	-153.497177
1305.104492	58.286171
1304.042969	25.149311
1302.980469	109.719620
1301.917969	-55.175785
1300.855469	15.281159
1299.792969	90.424141
1298.729492	57.361080
1297.666016	87.804802
1296.602539	-159.130722
1295.539063	10.025932
1294.474609	33.435474
1293.411133	19.263947
1292.346680	-67.704010
1291.281250	-23.138535
1290.216797	-95.956657
1289.151367	-53.733017
1288.085938	0.212908
1287.020508	21.297882
1285.955078	21.272659
1284.888672	25.938749
1283.822266	-84.270409
1282.755859	112.640091
1281.689453	-11.586778
1280.622070	-18.608429
1279.554688	79.789810
1278.487305	68.079437
1277.419922	32.967319
1276.351563	152.372269
1275.283203	-102.738106
1274.214844	37.716103
1273.146484	72.841194
1272.077148	-55.772053
1271.008789	28.474697
1269.939453	-60.317924
1268.869141	171.146866
1267.799805	42.646107
1266.729492	73.072479
1265.659180	136.191406
1264.588867	126.893425
1263.517578	63.897346
1262.447266	236.704758
1261.375977	187.724091
1260.304688	57.105541
1259.232422	190.146088
1258.161133	43.267208
1257.088867	103.977036
1256.016602	313.864227
1254.943359	236.978760
1253.871094	164.797729
1252.797852	288.342072
1251.724609	230.160370
1250.650391	423.499939
1249.577148	525.966797
1248.502930	323.462708
1247.428711	374.711151
1246.354492	353.816589
1245.279297	339.908295
1244.204102	265.544556
1243.128906	405.127808
1242.053711	361.011597
1240.977539	377.339813
1239.902344	314.669525
1238.826172	442.518036
1237.750000	231.220016
1236.672852	300.983917
1235.595703	143.209885
1234.518555	199.046402
1233.441406	352.325592
1232.364258	245.699905
1231.286133	-41.799934
1230.208008	211.158829
1229.129883	72.186623
1228.051758	165.079468
1226.972656	121.201149
1225.893555	146.857071
1224.814453	-75.352097
1223.734375	107.826180
1222.655273	-65.640114
1221.575195	-63.095657
1220.495117	69.061760
1219.415039	-143.604248
1218.333984	-97.074501
1217.252930	16.514915
1216.171875	12.129954
1215.090820	151.090088
1214.008789	158.243652
1212.926758	29.062927
1211.844727	-130.087692
1210.762695	-67.418007
1209.679688	36.794357
1208.597656	41.695885
1207.513672	23.511126
1206.430664	35.347847
1205.347656	157.938232
1204.263672	-132.433762
1203.179688	107.770493
1202.095703	-175.526016
1201.010742	-59.887924
1199.925781	-87.184853
1198.840820	-146.718430
1197.755859	-153.231659
1196.670898	-19.236143
1195.584961	103.190872
1194.499023	-170.400406
1193.413086	-107.817459
1192.326172	92.813660
1191.239258	-65.535004
1190.152344	79.815376
1189.065430	114.730164
1187.978516	174.931168
1186.890625	-15.438107
1185.802734	274.593353
1184.714844	130.260971
1183.625977	75.585274
1182.538086	195.490417
1181.449219	317.645233
1180.360352	240.044083
1179.270508	61.501434
1178.180664	-130.716934
1177.090820	344.726959
1176.000977	143.381012
1174.911133	247.107605
1173.820313	410.400970
1172.729492	330.682037
1171.638672	273.926453
1170.547852	182.843231
1169.456055	201.750839
1168.364258	-129.702301
1167.272461	218.974045
1166.179688	-114.604744
1165.087891	458.205627
1163.995117	314.645660
1162.902344	351.868500
1161.808594	297.606750
1160.715820	531.473328
1159.622070	392.641388
1158.528320	619.547241
1157.433594	439.650024
1156.339844	648.194336
1155.245117	539.195313
1154.149414	357.186005
1153.054688	604.449036
1151.958984	573.164490
1150.863281	436.941437
1149.767578	766.180115
1148.671875	595.785583
1147.575195	724.194702
1146.478516	594.940063
1145.381836	481.710052
1144.285156	466.528870
1143.187500	480.977814
1142.089844	531.876587
1140.992188	343.649780
1139.894531	380.916321
1138.795898	13.000630
1137.697266	-165.854782
1136.598633	351.597839
1135.499023	61.299191
1134.400391	-37.821377
1133.300781	160.960510
1132.201172	57.327610
1131.100586	-59.891705
1130.000977	95.615601
1128.900391	55.692070
1127.799805	-109.119240
1126.698242	-46.789814
1125.596680	-70.747345
1124.495117	27.873001
1123.393555	-32.385235
1122.291992	283.980469
1121.189453	94.415573
1120.086914	347.123169
1118.984375	348.073486
1117.881836	260.630310
1116.778320	458.750824
1115.674805	321.479828
1114.571289	533.093140
1113.466797	592.882935
1112.363281	374.172485
1111.258789	452.080811
1110.153320	376.063385
1109.048828	472.035309
1107.943359	239.965073
1106.837891	478.392456
1105.732422	400.169403
1104.625977	238.335953
1103.520508	198.614792
1102.414063	271.876709
1101.306641	356.390594
1100.200195	251.154404
1099.092773	342.397339
1097.985352	164.954956
1096.877930	357.723999
1095.769531	65.259079
1094.661133	45.884033
1093.552734	236.261200
1092.444336	219.090012
1091.335938	39.598255
1090.226563	78.798454
1089.117188	329.786865
1088.006836	161.607224
1086.897461	254.768295
1085.787109	115.925705
1084.676758	-4.860426
1083.566406	130.988174
1082.455078	251.000504
1081.343750	433.935883
1080.232422	254.625534
1079.121094	482.414246
1078.008789	287.388550
1076.896484	157.615463
1075.784180	266.092102
1074.671875	372.248230
1073.558594	190.801163
1072.445313	121.699722
1071.332031	281.620728
1070.217773	302.259949
1069.104492	399.172302
1067.990234	278.360535
1066.875977	139.626038
1065.760742	43.530670
1064.645508	312.930603
1063.530273	46.401028
1062.415039	73.557243
1061.299805	194.776199
1060.183594	199.407669
1059.067383	203.999313
1057.951172	130.177155
1056.833984	226.486145
1055.716797	208.561935
1054.599609	78.720955
1053.482422	13.772799
1052.364258	114.319885
1051.247070	205.837036
1050.128906	62.517372
1049.009766	368.476990
1047.891602	3.860854
1046.772461	235.871628
1045.653320	184.056412
1044.533203	232.699051
1043.414063	2.195801
1042.293945	160.126938
1041.173828	159.487991
1040.052734	167.714005
1038.932617	345.411560
1037.811523	342.328583
1036.689453	-57.681522
1035.568359	133.142471
1034.446289	283.699554
1033.324219	-40.448914
1032.202148	205.743027
1031.079102	68.702286
1029.957031	-12.670757
1028.833984	-0.582995
1027.709961	4.752657
1026.586914	-76.751350
1025.462891	37.467339
1024.338867	-4.115402
1023.214844	-52.417355
1022.089844	165.987045
1020.964844	-26.939766
1019.839844	-66.532547
1018.714844	180.392548
1017.588867	-172.538895
1016.462891	196.271576
1015.336914	258.483429
1014.210938	87.550110
1013.083984	96.347023
1011.957031	76.222931
1010.830078	18.326626
1009.702148	244.205292
1008.574219	221.605362
1007.446289	367.385681
1006.318359	909.669739
1005.190430	1473.781250
1004.061523	1481.604126
1002.932617	1478.270874
1001.802734	967.864563
1000.673828	444.336975
999.543945	485.245178
998.414063	344.636200
997.283203	690.614380
996.153320	594.083252
995.022461	579.306519
993.891602	719.177307
992.759766	880.990173
991.628906	960.905212
990.497070	1201.936646
989.364258	1690.098877
988.232422	2021.203613
987.099609	2446.977783
985.966797	2565.720703
984.833984	2613.720947
983.700195	2831.452637
982.566406	2612.346191
981.432617	2549.794189
980.298828	2313.044922
979.164063	2038.843384
978.029297	1471.641968
976.894531	1382.622437
975.759766	938.988098
974.624023	858.757751
973.488281	732.251038
972.352539	552.898987
971.215820	591.362732
970.080078	464.750854
968.943359	450.266113
967.805664	495.061096
966.668945	394.677643
965.531250	489.847382
964.393555	529.961304
963.254883	319.536652
962.117188	366.098389
960.978516	318.131714
959.839844	261.326813
958.700195	450.268311
957.561523	406.468109
956.421875	309.952087
955.281250	230.939789
954.141602	428.179901
953.000977	149.537949
951.860352	563.526123
950.719727	503.955048
949.578125	150.778412
948.436523	448.177673
947.294922	311.816132
946.153320	455.663849
945.010742	176.954697
943.868164	145.571671
942.725586	116.328667
941.583008	329.811127
940.439453	-108.499977
939.295898	220.672226
938.152344	184.631073
937.007813	-72.160072
935.863281	31.578897
934.718750	285.922913
933.574219	103.371803
932.428711	19.086197
931.283203	-252.915207
930.137695	195.264984
928.992188	49.793713
927.845703	24.298491
926.699219	-25.212444
925.552734	10.286392
924.405273	69.697929
923.257813	246.720062
922.110352	-38.234863
920.962891	68.970100
919.814453	99.871750
918.666016	80.660431
917.517578	187.677322
916.369141	135.771469
915.219727	59.927990
914.070313	-48.521927
912.920898	-198.251602
911.770508	-117.481865
910.621094	-67.176659
909.470703	106.954353
908.319336	31.145206
907.168945	-68.511322
906.017578	-148.585144
904.866211	10.198574
903.713867	16.965954
902.562500	-69.559326
901.410156	56.573559
900.256836	-36.420628
899.104492	-59.949097
897.951172	85.652061
896.797852	194.361847
895.644531	-156.361771
894.490234	-175.424454
893.335938	-47.153893
892.181641	-163.610580
891.027344	-245.334503
889.872070	69.120438
888.716797	123.791763
887.561523	-115.752075
886.405273	-208.057922
885.249023	-4.001466
884.092773	156.778778
882.936523	140.300522
881.779297	37.443935
880.622070	-67.457825
879.464844	30.800468
878.307617	10.313716
877.149414	102.172340
875.991211	53.763935
874.833008	-134.806839
873.673828	41.403210
872.514648	4.078331
871.355469	-43.918037
870.196289	-1.244931
869.036133	106.163246
867.875977	-90.230339
866.715820	101.381088
865.554688	4.369022
864.394531	28.117794
863.233398	118.703384
862.071289	172.763855
860.910156	127.937744
859.748047	91.854332
858.585938	60.217075
857.422852	381.393219
856.259766	61.859360
855.096680	363.809753
853.933594	-36.955967
852.770508	134.102081
851.606445	90.417961
850.442383	122.063232
849.277344	-63.006359
848.113281	97.750984
846.948242	-99.794899
845.783203	286.477631
844.617188	153.641907
843.451172	-131.225784
842.285156	75.173805
841.119141	202.335129
839.952148	89.591599
838.785156	90.624237
837.618164	194.646072
836.451172	88.932556
835.283203	73.362389
834.115234	-91.851089
832.947266	17.112310
831.778320	19.231133
830.609375	10.843039
829.440430	34.723045
828.271484	161.405853
827.101563	18.897697
825.931641	9.140724
824.761719	478.149841
823.590820	188.867065
822.420898	335.556427
821.250000	110.889816
820.078125	396.657684
818.907227	321.859070
817.735352	127.820915
816.562500	222.020844
815.390625	265.204590
814.217773	93.242805
813.044922	-12.360900
811.872070	31.458057
810.698242	94.632660
809.524414	198.450851
808.350586	117.164352
807.176758	10.571625
806.001953	-85.126556
804.827148	85.419075
803.651367	2.919145
802.476563	92.948280
801.300781	23.649090
800.125000	243.713379
798.948242	68.539444
797.772461	-46.854675
796.595703	5.834601
795.417969	-45.380226
794.241211	81.997955
793.063477	-24.019682
791.885742	78.203804
790.707031	68.105911
789.529297	170.636978
788.350586	-214.521210
787.170898	212.826431
785.992188	86.837830
784.812500	111.568306
783.632813	-141.124680
782.452148	66.180786
781.272461	25.752216
780.091797	46.914997
778.911133	68.226608
777.729492	-1.322782
776.547852	-117.238770
775.366211	-76.406364
774.184570	-7.952941
773.001953	-152.954834
771.819336	-128.631622
770.636719	92.367378
769.453125	138.008682
768.269531	-247.199554
767.085938	-186.477402
765.902344	34.802658
764.717773	-43.678265
763.533203	63.704193
762.348633	139.479446
761.163086	-92.679382
759.977539	8.579929
758.791992	31.852783
757.606445	-159.835846
756.419922	-111.106071
755.233398	-110.803734
754.046875	-7.232339
752.859375	-17.387257
751.672852	41.981194
750.485352	250.810730
749.296875	87.065025
748.108398	255.852448
746.919922	182.661804
745.731445	195.731827
744.542969	278.172272
743.353516	148.258560
742.164063	306.297821
740.973633	252.030090
739.783203	-27.009089
738.592773	235.858078
737.402344	217.205795
736.211914	76.754745
735.020508	20.248491
733.829102	114.757690
732.636719	343.387054
731.444336	97.871391
730.251953	131.220398
729.059570	195.889099
727.866211	161.919373
726.673828	98.506592
725.479492	187.907135
724.286133	-76.783646
723.091797	140.039230
721.897461	302.185883
720.703125	212.975067
719.507813	242.891678
718.312500	-22.306177
717.117188	-5.256417
715.921875	423.452026
714.725586	166.188812
713.529297	-11.749612
712.332031	-20.593176
711.135742	187.571640
709.938477	347.387329
708.740234	435.916077
707.542969	505.381866
706.344727	593.354553
705.146484	737.368103
703.948242	1043.746094
702.749023	797.146179
701.549805	1255.035400
700.350586	730.779724
699.150391	654.505981
697.950195	802.989807
696.750000	457.526154
695.549805	311.848022
694.348633	338.751251
693.147461	338.311371
691.946289	271.014862
690.744141	347.012238
689.541992	443.498657
688.339844	421.152039
687.136719	332.024597
685.934570	494.151794
684.730469	433.611267
683.527344	379.080933
682.323242	494.621521
681.119141	327.485840
679.915039	232.847641
678.710938	337.258545
677.505859	331.434235
676.300781	356.518890
675.094727	217.558044
673.889648	88.854095
672.683594	30.514008
671.476563	-25.884945
670.270508	226.321381
669.063477	136.502701
667.856445	15.562490
666.648438	-14.307037
665.440430	106.878723
664.232422	-86.577660
663.024414	42.799767
661.815430	-32.650188
660.606445	262.137665
659.397461	-94.383163
658.188477	119.846077
656.978516	-27.521961
655.768555	11.287953
654.557617	103.989273
653.346680	-83.941772
652.135742	153.789795
650.924805	-14.860765
649.712891	-125.279968
648.501953	51.545277
647.289063	-233.246658
646.077148	57.934998
644.864258	161.963089
643.651367	-48.752140
642.438477	56.599213
641.224609	12.284199
640.010742	143.887650
638.796875	84.839119
637.582031	224.418472
636.367188	83.022118
635.152344	200.024261
633.937500	242.065918
632.721680	-6.652285
631.505859	29.877184
630.289063	174.766586
629.073242	312.931396
627.856445	481.473053
626.639648	-34.383862
625.421875	413.020782
624.204102	297.578949
622.986328	26.244150
621.768555	112.298203
620.549805	5.766677
619.331055	-38.744743
618.111328	-99.052719
616.892578	-17.188408
