1721.000977	-12.462806
1720.027344	-35.034863
1719.052734	100.596977
1718.078125	220.216583
1717.104492	244.342804
1716.128906	283.314728
1715.154297	260.244263
1714.178711	121.336288
1713.204102	-25.645071
1712.228516	219.068375
1711.251953	-8.164169
1710.276367	12.783587
1709.299805	202.359253
1708.324219	61.210999
1707.347656	175.760422
1706.370117	-88.868179
1705.393555	91.561676
1704.416016	153.925186
1703.438477	-60.258514
1702.460938	47.600639
1701.483398	-225.789612
1700.505859	-51.964184
1699.527344	-131.462036
1698.548828	-45.050205
1697.570313	153.530991
1696.591797	47.907944
1695.612305	54.496326
1694.632813	-66.732506
1693.653320	-70.646500
1692.673828	198.358658
1691.694336	-193.698074
1690.713867	-85.754219
1689.734375	-138.623566
1688.753906	-92.146835
1687.772461	186.185440
1686.791992	87.115631
1685.810547	-32.394764
1684.830078	-34.714073
1683.848633	-98.244019
1682.866211	95.391548
1681.884766	52.125488
1680.902344	296.469971
1679.919922	123.286369
1678.937500	-49.855774
1677.955078	107.770966
1676.971680	44.013149
1675.989258	125.233948
1675.005859	-45.304344
1674.022461	104.503403
1673.038086	94.124863
1672.054688	-55.971294
1671.070313	230.917770
1670.085938	-48.668159
1669.101563	202.581207
1668.117188	118.635178
1667.131836	-82.026031
1666.146484	217.341553
1665.161133	-51.702515
1664.175781	161.351318
1663.189453	-23.828812
1662.204102	-49.139030
1661.217773	-16.109179
1660.231445	32.153866
1659.245117	-43.722980
1658.257813	24.866356
1657.270508	-121.822304
1656.284180	164.651062
1655.295898	48.457539
1654.308594	71.604408
1653.321289	26.460869
1652.333008	-119.836189
1651.344727	2.133976
1650.356445	-138.929642
1649.367188	41.247406
1648.378906	208.782196
1647.389648	131.107590
1646.400391	38.360298
1645.411133	-185.673279
1644.420898	-35.715935
1643.431641	-373.173157
1642.441406	-127.173439
1641.451172	-12.489950
1640.459961	213.241364
1639.469727	161.374924
1638.478516	21.271742
1637.487305	20.014534
1636.496094	33.945656
1635.504883	179.035339
1634.512695	124.963089
1633.520508	141.536697
1632.528320	395.013367
1631.536133	260.479279
1630.543945	93.312698
1629.550781	399.666779
1628.557617	489.429840
1627.564453	347.632294
1626.571289	203.427582
1625.578125	600.284485
1624.583984	727.848572
1623.589844	586.301514
1622.595703	882.379822
1621.601563	937.040283
1620.606445	808.227478
1619.611328	1026.293701
1618.616211	1216.676392
1617.621094	1035.264160
1616.625977	1270.850708
1615.629883	1046.887573
1614.633789	833.094971
1613.637695	1093.774414
1612.641602	910.247131
1611.645508	1163.347778
1610.648438	1050.166748
1609.651367	1172.785278
1608.654297	1167.520508
1607.657227	1219.941772
1606.659180	1247.295532
1605.662109	1304.745239
1604.664063	1367.195557
1603.666016	1216.760864
1602.666992	1484.566772
1601.668945	1336.723633
1600.669922	1499.314331
1599.670898	1356.564209
1598.671875	1346.495728
1597.671875	1474.011963
1596.672852	1088.830566
1595.672852	1323.897827
1594.672852	1146.413818
1593.671875	709.078796
1592.671875	794.196106
1591.670898	671.923218
1590.669922	664.608643
1589.668945	390.108704
1588.667969	345.427399
1587.666016	455.521942
1586.664063	505.683197
1585.662109	336.261780
1584.660156	368.978485
1583.658203	339.336334
1582.655273	192.500732
1581.652344	417.190308
1580.649414	295.330994
1579.646484	347.962982
1578.642578	-40.424915
1577.638672	141.772659
1576.634766	12.592076
1575.630859	149.884171
1574.626953	135.264481
1573.622070	123.125237
1572.618164	297.624268
1571.613281	78.962837
1570.607422	151.385468
1569.602539	69.608612
1568.596680	221.553345
1567.590820	37.856464
1566.584961	149.968628
1565.579102	-88.311829
1564.572266	142.991562
1563.566406	294.728210
1562.559570	98.743172
1561.551758	-32.633892
1560.544922	-278.125763
1559.537109	-71.897079
1558.530273	-84.080742
1557.521484	149.274216
1556.513672	-14.263229
1555.505859	-76.084587
1554.497070	-36.266888
1553.488281	-98.092918
1552.479492	77.975220
1551.470703	-23.509893
1550.460938	-345.416260
1549.451172	130.180511
1548.441406	-156.984360
1547.431641	-243.541794
1546.421875	147.557953
1545.411133	-132.056915
1544.400391	-45.452145
1543.389648	18.844923
1542.378906	-97.403961
1541.367188	-186.434799
1540.355469	26.101805
1539.343750	30.963749
1538.332031	-127.251198
1537.320313	-3.818306
1536.307617	80.024559
1535.294922	-68.271545
1534.282227	-53.591190
1533.269531	74.599022
1532.256836	-132.853027
1531.243164	42.139061
1530.229492	-69.061417
1529.215820	330.223541
1528.202148	-118.773354
1527.187500	-185.543777
1526.172852	-20.642307
1525.158203	-67.713173
1524.143555	185.757660
1523.127930	-213.549545
1522.113281	-142.382904
1521.097656	-122.964249
1520.082031	302.550354
1519.065430	203.725998
1518.049805	-64.806503
1517.033203	28.332668
1516.016602	106.673019
1515.000000	246.443527
1513.982422	147.695694
1512.965820	-147.613464
1511.948242	-10.359918
1510.930664	-15.650828
1509.913086	160.809235
1508.894531	32.690971
1507.875977	108.393097
1506.857422	-12.300648
1505.838867	151.723557
1504.820313	146.386185
1503.800781	50.279881
1502.781250	253.414703
1501.761719	181.849792
1500.742188	-58.832207
1499.721680	-17.565960
1498.702148	-52.263634
1497.681641	216.827988
1496.661133	248.224808
1495.639648	27.371132
1494.618164	-7.310890
1493.597656	-59.092552
1492.576172	-3.177521
1491.553711	194.620407
1490.532227	128.162292
1489.509766	-26.317904
1488.487305	-29.118851
1487.464844	-34.353207
1486.442383	14.198395
1485.418945	38.291019
1484.395508	155.225555
1483.372070	91.369835
1482.348633	100.818199
1481.324219	342.214478
1480.300781	87.999466
1479.276367	114.557861
1478.251953	-17.481440
1477.226563	87.173889
1476.202148	-61.842155
1475.176758	96.462692
1474.151367	447.316864
1473.125000	142.352585
1472.099609	86.119690
1471.073242	151.739532
1470.046875	100.428696
1469.020508	-128.622787
1467.994141	192.730194
1466.966797	251.043869
1465.939453	289.886261
1464.912109	112.170052
1463.884766	51.329380
1462.856445	197.272141
1461.829102	442.895172
1460.800781	362.638733
1459.772461	374.810852
1458.743164	561.969910
1457.714844	328.750763
1456.685547	263.259918
1455.656250	574.273926
1454.625977	365.542816
1453.596680	431.269379
1452.566406	528.538940
1451.536133	397.698242
1450.505859	293.628601
1449.474609	466.142609
1448.444336	565.876282
1447.413086	289.780487
1446.381836	232.000610
1445.350586	297.880798
1444.318359	734.473999
1443.286133	289.128571
1442.253906	248.479645
1441.221680	219.990540
1440.189453	433.645996
1439.156250	303.532288
1438.123047	-138.656754
1437.089844	133.102646
1436.056641	100.004196
1435.022461	257.999542
1433.988281	-74.860298
1432.954102	37.251175
1431.919922	-5.321997
1430.885742	-84.081482
1429.850586	-240.085236
1428.815430	-53.012951
1427.780273	117.118050
1426.744141	-70.103607
1425.708984	63.835030
1424.672852	-169.064758
1423.636719	119.321716
1422.600586	4.789604
1421.563477	-66.251991
1420.527344	-211.954681
1419.490234	57.067970
1418.452148	-189.763824
1417.415039	-24.389103
1416.376953	169.856171
1415.338867	156.922409
1414.300781	30.858572
1413.262695	111.942101
1412.224609	-9.158938
1411.185547	43.095787
1410.146484	-176.507629
1409.107422	-37.551178
1408.067383	55.681389
1407.027344	76.786522
1405.987305	-116.026764
1404.947266	3.733736
1403.907227	-140.834305
1402.866211	27.008940
1401.826172	240.471329
1400.785156	280.973969
1399.743164	307.089264
1398.702148	28.401686
1397.660156	114.647049
1396.618164	73.731796
1395.576172	577.413635
1394.533203	394.995300
1393.491211	584.369263
1392.448242	754.517883
1391.405273	915.050415
1390.361328	792.789246
1389.318359	1130.618652
1388.274414	1453.962646
1387.230469	1805.949951
1386.186523	1377.320679
1385.141602	1298.387451
1384.097656	1348.772339
1383.052734	1743.712402
1382.007813	1691.193359
1380.961914	2021.391479
1379.916992	1595.906860
1378.871094	1354.713135
1377.825195	1321.604492
1376.778320	1398.464355
1375.732422	918.687256
1374.685547	1045.843140
1373.638672	1118.061646
1372.591797	1123.438232
1371.543945	1104.973633
1370.497070	773.937256
1369.449219	815.285767
1368.400391	1011.706482
1367.352539	833.652100
1366.303711	438.718292
1365.255859	644.755859
1364.206055	633.834656
1363.157227	692.071716
1362.108398	871.823425
1361.058594	779.991272
1360.008789	712.052063
1358.958984	737.030823
1357.908203	762.030396
1356.857422	684.722656
1355.806641	766.898315
1354.755859	639.740662
1353.705078	403.272675
1352.653320	369.044556
1351.601563	634.401917
1350.549805	944.838562
1349.498047	663.492798
1348.445313	360.910889
1347.393555	426.661102
1346.340820	561.274170
1345.287109	375.339539
1344.234375	68.466278
1343.180664	267.236023
1342.126953	250.040924
1341.073242	242.372772
1340.019531	241.852219
1338.964844	158.367752
1337.910156	183.996902
1336.855469	221.497086
1335.799805	131.043945
1334.745117	251.513397
1333.689453	16.669369
1332.633789	-2.553353
1331.578125	302.614319
1330.521484	-126.108803
1329.464844	162.434616
1328.408203	110.175774
1327.351563	17.750963
1326.294922	-29.670343
1325.237305	-166.904358
1324.179688	-114.938431
1323.122070	-223.683151
1322.064453	-27.539341
1321.005859	151.999146
1319.947266	-145.619598
1318.888672	-44.013199
1317.830078	-60.471146
1316.770508	-93.430550
1315.710938	-27.238342
1314.651367	140.396072
1313.591797	359.874573
1312.531250	246.748474
1311.471680	-7.771621
1310.411133	67.854797
1309.349609	-33.300369
1308.289063	-169.727783
1307.227539	-122.336044
1306.166016	33.394939
1305.104492	120.788956
1304.042969	15.115112
1302.980469	-36.368076
1301.917969	-214.884750
1300.855469	13.707232
1299.792969	221.048111
1298.729492	-30.271509
1297.666016	64.156990
1296.602539	-226.950012
1295.539063	128.371933
1294.474609	48.865883
1293.411133	72.775024
1292.346680	37.964798
1291.281250	-27.350300
1290.216797	158.574799
1289.151367	-101.519379
1288.085938	32.732677
1287.020508	237.318863
1285.955078	-118.757256
1284.888672	256.974060
1283.822266	191.782608
1282.755859	220.390671
1281.689453	188.063507
1280.622070	197.927231
1279.554688	303.835541
1278.487305	13.915038
1277.419922	178.370483
1276.351563	396.597534
1275.283203	-99.095009
1274.214844	268.866699
1273.146484	-16.019579
1272.077148	47.712196
1271.008789	310.191467
1269.939453	200.835098
1268.869141	194.369354
1267.799805	-43.431847
1266.729492	228.194122
1265.659180	240.427048
1264.588867	371.760773
1263.517578	78.098999
1262.447266	123.049545
1261.375977	69.959122
1260.304688	280.554352
1259.232422	43.162827
1258.161133	253.679428
1257.088867	291.550537
1256.016602	355.049683
1254.943359	274.012268
1253.871094	649.741394
1252.797852	550.040833
1251.724609	413.117828
1250.650391	488.161224
1249.577148	544.552307
1248.502930	382.112457
1247.428711	440.824280
1246.354492	585.597656
1245.279297	630.275879
1244.204102	288.880554
1243.128906	614.944641
1242.053711	552.655457
1240.977539	362.559418
1239.902344	274.791656
1238.826172	370.578064
1237.750000	224.774139
1236.672852	290.334595
1235.595703	228.177475
1234.518555	261.210785
1233.441406	254.778137
1232.364258	317.945770
1231.286133	176.961395
1230.208008	87.053566
1229.129883	289.313965
1228.051758	194.781479
1226.972656	123.455788
1225.893555	237.514709
1224.814453	13.319415
1223.734375	157.447723
1222.655273	236.683105
1221.575195	202.443008
1220.495117	96.469711
1219.415039	-71.938087
1218.333984	229.336502
1217.252930	-10.737691
1216.171875	36.022823
1215.090820	214.535904
1214.008789	152.578613
1212.926758	-38.763046
1211.844727	-12.854387
1210.762695	-127.859573
1209.679688	209.801193
1208.597656	-300.018311
1207.513672	-165.613632
1206.430664	157.968811
1205.347656	-56.189213
1204.263672	-92.644638
1203.179688	64.637802
1202.095703	-165.519714
1201.010742	120.784897
1199.925781	58.944305
1198.840820	17.862730
1197.755859	-18.596626
1196.670898	-43.531502
1195.584961	51.272671
1194.499023	268.046478
1193.413086	12.873822
1192.326172	-9.778775
1191.239258	48.094662
1190.152344	85.234283
1189.065430	366.112671
1187.978516	239.915298
1186.890625	79.282501
1185.802734	444.981964
1184.714844	-103.933624
1183.625977	229.465103
1182.538086	29.908947
1181.449219	-80.026413
1180.360352	319.696259
1179.270508	173.006332
1178.180664	372.849274
1177.090820	499.187836
1176.000977	503.904785
1174.911133	263.261749
1173.820313	460.578674
1172.729492	403.390900
1171.638672	332.469757
1170.547852	46.219494
1169.456055	419.741302
1168.364258	110.677879
1167.272461	236.740067
1166.179688	342.132599
1165.087891	296.437866
1163.995117	683.168945
1162.902344	982.796631
1161.808594	770.008118
1160.715820	781.377930
1159.622070	696.719910
1158.528320	1080.596680
1157.433594	737.693420
1156.339844	643.938171
1155.245117	383.484650
1154.149414	431.385345
1153.054688	387.945404
1151.958984	581.873108
1150.863281	364.975159
1149.767578	444.733856
1148.671875	590.590454
1147.575195	362.395966
1146.478516	560.613525
1145.381836	446.469421
1144.285156	400.729126
1143.187500	188.677277
1142.089844	90.595261
1140.992188	124.627411
1139.894531	131.310638
1138.795898	3.673655
1137.697266	-87.507988
1136.598633	-28.494282
1135.499023	-151.504578
1134.400391	39.373772
1133.300781	-206.403214
1132.201172	-192.940842
1131.100586	-115.868675
1130.000977	-275.145142
1128.900391	63.123245
1127.799805	1.503011
1126.698242	-23.781935
1125.596680	-42.260715
1124.495117	68.624992
1123.393555	245.247955
1122.291992	267.510254
1121.189453	384.998962
1120.086914	413.983795
1118.984375	558.558228
1117.881836	902.513000
1116.778320	756.814026
1115.674805	930.609985
1114.571289	968.404419
1113.466797	954.071411
1112.363281	828.793457
1111.258789	617.533936
1110.153320	852.157654
1109.048828	670.358826
1107.943359	809.821472
1106.837891	616.758667
1105.732422	466.718994
1104.625977	391.316528
1103.520508	528.370667
1102.414063	188.584732
1101.306641	472.397736
1100.200195	227.586136
1099.092773	278.646118
1097.985352	119.716721
1096.877930	37.570953
1095.769531	86.303307
1094.661133	85.357529
1093.552734	134.006653
1092.444336	331.431885
1091.335938	-7.806613
1090.226563	101.600357
1089.117188	159.102463
1088.006836	225.553802
1086.897461	226.637451
1085.787109	347.032715
1084.676758	262.470581
1083.566406	317.468170
1082.455078	338.650909
1081.343750	411.538971
1080.232422	533.850586
1079.121094	289.513062
1078.008789	324.040436
1076.896484	464.167725
1075.784180	273.841705
1074.671875	701.440857
1073.558594	627.881409
1072.445313	379.150482
1071.332031	377.476074
1070.217773	144.547806
1069.104492	106.947922
1067.990234	242.091248
1066.875977	69.810677
1065.760742	124.078911
1064.645508	119.988647
1063.530273	77.752319
1062.415039	239.445618
1061.299805	31.308329
1060.183594	96.525887
1059.067383	-82.457291
1057.951172	213.311462
1056.833984	-53.015701
1055.716797	-43.964977
1054.599609	244.746384
1053.482422	-303.417236
1052.364258	76.832893
1051.247070	72.253838
1050.128906	-95.576477
1049.009766	223.878494
1047.891602	178.905304
1046.772461	303.691071
1045.653320	19.620068
1044.533203	-70.093391
1043.414063	161.691055
1042.293945	0.461021
1041.173828	93.661507
1040.052734	43.971539
1038.932617	-30.274858
1037.811523	225.509277
1036.689453	-252.412888
1035.568359	47.785095
1034.446289	-111.296341
1033.324219	-268.127930
1032.202148	-1.704177
1031.079102	126.460335
1029.957031	-221.957916
1028.833984	-78.325638
1027.709961	-112.862053
1026.586914	-20.601341
1025.462891	84.902061
1024.338867	-129.955017
1023.214844	-62.383785
1022.089844	-97.164742
1020.964844	-71.978996
1019.839844	-44.637375
1018.714844	-77.345215
1017.588867	74.239929
1016.462891	-216.176132
1015.336914	-106.923698
1014.210938	-15.532288
1013.083984	18.059170
1011.957031	169.154358
1010.830078	87.237488
1009.702148	74.033585
1008.574219	127.284012
1007.446289	448.639008
1006.318359	1263.942261
1005.190430	2165.215088
1004.061523	2131.313232
1002.932617	1953.433472
1001.802734	726.173584
1000.673828	435.693176
999.543945	455.080597
998.414063	-41.086319
997.283203	141.952286
996.153320	68.336815
995.022461	244.514725
993.891602	369.714478
992.759766	609.701721
991.628906	599.871155
990.497070	877.125061
989.364258	873.725098
988.232422	1135.216797
987.099609	1480.400513
985.966797	1851.847046
984.833984	1757.531250
983.700195	1499.956787
982.566406	1515.903442
981.432617	1384.061157
980.298828	1267.650635
979.164063	1184.283081
978.029297	1169.197632
976.894531	1039.517578
975.759766	531.046204
974.624023	306.769226
973.488281	485.375427
972.352539	399.749908
971.215820	485.718445
970.080078	336.228577
968.943359	624.394226
967.805664	336.289948
966.668945	360.428131
965.531250	195.483017
964.393555	448.038269
963.254883	206.147995
962.117188	157.598389
960.978516	407.627930
959.839844	174.543167
958.700195	294.855255
957.561523	401.909271
956.421875	445.238525
955.281250	442.429596
954.141602	715.870850
953.000977	601.107178
951.860352	598.129150
950.719727	809.845764
949.578125	348.869720
948.436523	444.369415
947.294922	493.800934
946.153320	462.171112
945.010742	137.221420
943.868164	306.909607
942.725586	69.578552
941.583008	20.414854
940.439453	-44.080212
939.295898	42.266140
938.152344	414.859375
937.007813	53.028851
935.863281	29.953396
934.718750	312.640076
933.574219	51.441708
932.428711	43.570515
931.283203	260.484772
930.137695	219.787338
928.992188	-73.985298
927.845703	-149.542709
926.699219	54.034431
925.552734	-84.781761
924.405273	64.146805
923.257813	130.184906
922.110352	233.214844
920.962891	100.947098
919.814453	29.691732
918.666016	282.844849
917.517578	257.269318
916.369141	38.027264
915.219727	90.815536
914.070313	69.626038
912.920898	-147.270081
911.770508	98.999893
910.621094	-315.595520
909.470703	-49.839836
908.319336	-88.371971
907.168945	-113.836678
906.017578	84.377159
904.866211	-160.384964
903.713867	-131.545059
902.562500	55.720806
901.410156	164.797379
900.256836	332.395477
899.104492	-239.528183
897.951172	285.850708
896.797852	15.524125
895.644531	-111.631104
894.490234	-58.888248
893.335938	156.309036
892.181641	-48.676044
891.027344	-34.865051
889.872070	30.908356
888.716797	278.466064
887.561523	19.683008
886.405273	37.915127
885.249023	45.367020
884.092773	42.050358
882.936523	198.730728
881.779297	59.316990
880.622070	-127.511818
879.464844	212.836075
878.307617	220.516861
877.149414	-151.745941
875.991211	-33.798882
874.833008	235.213470
873.673828	48.919071
872.514648	-1.335436
871.355469	259.031921
870.196289	62.276901
869.036133	63.976933
867.875977	197.201035
866.715820	332.591675
865.554688	-27.433739
864.394531	239.457626
863.233398	418.022675
862.071289	86.435257
860.910156	142.451553
859.748047	321.151123
858.585938	433.172607
857.422852	261.355713
856.259766	539.053772
855.096680	363.174713
853.933594	307.813934
852.770508	632.851990
851.606445	448.757721
850.442383	305.647644
849.277344	29.582623
848.113281	234.566711
846.948242	-51.877556
845.783203	273.373627
844.617188	152.418442
843.451172	-122.775795
842.285156	61.077400
841.119141	-85.139786
839.952148	98.831245
838.785156	55.728745
837.618164	-30.078911
836.451172	42.737556
835.283203	211.972153
834.115234	218.571548
832.947266	278.784790
831.778320	388.288910
830.609375	136.381638
829.440430	419.327545
828.271484	221.223160
827.101563	275.550415
825.931641	287.235321
824.761719	467.823486
823.590820	276.789185
822.420898	389.211151
821.250000	424.845947
820.078125	315.440399
818.907227	485.771606
817.735352	451.332977
816.562500	355.177795
815.390625	357.297150
814.217773	291.317719
813.044922	436.515198
811.872070	383.594696
810.698242	-110.181831
809.524414	156.800613
808.350586	370.551605
807.176758	471.496674
806.001953	-36.219261
804.827148	-186.069809
803.651367	123.804924
802.476563	450.685730
801.300781	75.804474
800.125000	88.151703
798.948242	393.931152
797.772461	232.203720
796.595703	249.129593
795.417969	94.128021
794.241211	325.798035
793.063477	304.843262
791.885742	199.122009
790.707031	271.814819
789.529297	416.724701
788.350586	392.002960
787.170898	305.912109
785.992188	192.420242
784.812500	428.808014
783.632813	21.024305
782.452148	446.103302
781.272461	500.445648
780.091797	338.881287
778.911133	285.463898
777.729492	295.667084
776.547852	111.294220
775.366211	117.499214
774.184570	172.441757
773.001953	-138.359497
771.819336	130.312180
770.636719	26.969803
769.453125	-38.205894
768.269531	-244.807205
767.085938	-77.405319
765.902344	-247.846878
764.717773	160.283264
763.533203	-20.543322
762.348633	-61.954685
761.163086	-223.524002
759.977539	-178.272217
758.791992	73.652901
757.606445	26.175772
756.419922	183.201752
755.233398	49.432114
754.046875	-389.675629
752.859375	28.621758
751.672852	151.987549
750.485352	41.667492
749.296875	545.958862
748.108398	355.703156
746.919922	432.713104
745.731445	171.115997
744.542969	264.992096
743.353516	-57.372360
742.164063	93.277939
740.973633	304.795593
739.783203	-17.331652
738.592773	-135.599625
737.402344	90.515373
736.211914	56.228493
735.020508	124.775208
733.829102	287.690247
732.636719	322.552887
731.444336	91.046371
730.251953	245.397781
729.059570	259.209259
727.866211	80.183266
726.673828	-31.747238
725.479492	-82.923302
724.286133	-117.361549
723.091797	-187.423096
721.897461	-87.953133
720.703125	32.344490
719.507813	-234.514771
718.312500	-212.654907
717.117188	-245.232452
715.921875	138.184082
714.725586	94.964111
713.529297	60.060665
712.332031	271.628601
711.135742	-30.782972
709.938477	126.280159
708.740234	312.424377
707.542969	569.379578
706.344727	942.994751
705.146484	995.088379
703.948242	1101.314819
702.749023	1511.861938
701.549805	1480.185547
700.350586	985.759766
699.150391	1064.524902
697.950195	516.135620
696.750000	322.010132
695.549805	159.151154
694.348633	112.889198
693.147461	274.720551
691.946289	105.586700
690.744141	102.907341
689.541992	197.938126
688.339844	141.104431
687.136719	113.368484
685.934570	208.246277
684.730469	153.457321
683.527344	229.560699
682.323242	75.100235
681.119141	228.019394
679.915039	156.699020
678.710938	79.215897
677.505859	93.101974
676.300781	160.969528
675.094727	203.981079
673.889648	91.555634
672.683594	172.050201
671.476563	97.187271
670.270508	-68.672523
669.063477	-10.604478
667.856445	33.103104
666.648438	211.543640
665.440430	334.213837
664.232422	-130.666000
663.024414	13.184152
661.815430	-223.357895
660.606445	-14.889318
659.397461	-223.823853
658.188477	-41.659992
656.978516	89.130638
655.768555	102.505730
654.557617	-88.172859
653.346680	-111.025307
652.135742	75.146217
650.924805	-74.662117
649.712891	-83.500778
648.501953	-93.789360
647.289063	-60.095634
646.077148	-95.834679
644.864258	-202.962952
643.651367	-84.599152
642.438477	96.360306
641.224609	96.838356
640.010742	242.423218
638.796875	195.376617
637.582031	462.311523
636.367188	230.107162
635.152344	425.099945
633.937500	394.942810
632.721680	277.669556
631.505859	392.098419
630.289063	423.631561
629.073242	612.825134
627.856445	793.245728
626.639648	739.002258
625.421875	674.215515
624.204102	486.028564
622.986328	659.052673
621.768555	675.962524
620.549805	358.488159
619.331055	-73.578918
618.111328	77.219948
616.892578	160.582016
