1721.000977	-31.495100
1720.027344	37.721966
1719.052734	-3.701745
1718.078125	115.402405
1717.104492	130.761032
1716.128906	-42.172913
1715.154297	142.951248
1714.178711	-44.709141
1713.204102	-115.305336
1712.228516	-76.582520
1711.251953	-174.531265
1710.276367	131.474701
1709.299805	11.431967
1708.324219	-50.407082
1707.347656	-97.591972
1706.370117	72.089218
1705.393555	46.587524
1704.416016	79.295753
1703.438477	149.761261
1702.460938	45.733459
1701.483398	-217.306732
1700.505859	43.271122
1699.527344	144.780136
1698.548828	-94.050156
1697.570313	-72.650322
1696.591797	-84.879478
1695.612305	247.213287
1694.632813	290.305450
1693.653320	-169.811966
1692.673828	46.200150
1691.694336	95.971214
1690.713867	-33.154556
1689.734375	-55.361198
1688.753906	103.200432
1687.772461	95.732597
1686.791992	-205.039017
1685.810547	52.151459
1684.830078	-223.404297
1683.848633	-96.586891
1682.866211	-186.472183
1681.884766	146.213226
1680.902344	234.224884
1679.919922	306.810913
1678.937500	-200.897247
1677.955078	-67.399445
1676.971680	126.974258
1675.989258	-291.633453
1675.005859	261.050446
1674.022461	150.015839
1673.038086	257.512787
1672.054688	-79.688492
1671.070313	330.044250
1670.085938	185.920166
1669.101563	135.794815
1668.117188	151.695175
1667.131836	390.925537
1666.146484	145.375229
1665.161133	-21.404421
1664.175781	30.055536
1663.189453	122.073753
1662.204102	11.270084
1661.217773	-38.632690
1660.231445	7.840520
1659.245117	77.147339
1658.257813	161.654022
1657.270508	46.084644
1656.284180	-178.245453
1655.295898	78.585693
1654.308594	-29.110735
1653.321289	334.036224
1652.333008	-59.467625
1651.344727	103.808876
1650.356445	-180.573441
1649.367188	215.433823
1648.378906	27.376602
1647.389648	18.919636
1646.400391	172.287552
1645.411133	229.667145
1644.420898	-5.936611
1643.431641	39.004700
1642.441406	-178.607758
1641.451172	-95.624901
1640.459961	371.028290
1639.469727	-50.642673
1638.478516	95.581970
1637.487305	390.656952
1636.496094	236.812653
1635.504883	269.701172
1634.512695	146.354401
1633.520508	68.515251
1632.528320	467.028870
1631.536133	376.736420
1630.543945	286.572632
1629.550781	445.809662
1628.557617	353.304688
1627.564453	877.615234
1626.571289	878.343750
1625.578125	1012.504700
1624.583984	1061.145630
1623.589844	1180.265503
1622.595703	1261.700806
1621.601563	1511.616089
1620.606445	1293.982910
1619.611328	1581.614014
1618.616211	1615.447388
1617.621094	1428.295776
1616.625977	1407.042236
1615.629883	1616.840088
1614.633789	1304.480225
1613.637695	1175.529053
1612.641602	1297.621582
1611.645508	1419.724854
1610.648438	1313.574219
1609.651367	1167.403442
1608.654297	1833.665649
1607.657227	1557.216309
1606.659180	1759.580444
1605.662109	1774.015137
1604.664063	1713.322144
1603.666016	1928.201294
1602.666992	1955.214722
1601.668945	1844.593750
1600.669922	1891.726440
1599.670898	1853.796875
1598.671875	1625.777710
1597.671875	1382.864258
1596.672852	1615.271851
1595.672852	1577.558716
1594.672852	1239.914795
1593.671875	1189.842041
1592.671875	805.004700
1591.670898	1074.871826
1590.669922	660.279541
1589.668945	925.118591
1588.667969	915.234924
1587.666016	678.207214
1586.664063	765.726990
1585.662109	571.280762
1584.660156	591.464722
1583.658203	773.765503
1582.655273	591.927917
1581.652344	158.381866
1580.649414	238.481293
1579.646484	164.050888
1578.642578	224.175583
1577.638672	274.318451
1576.634766	-91.455513
1575.630859	-163.268692
1574.626953	-167.837234
1573.622070	270.588043
1572.618164	250.997208
1571.613281	114.466171
1570.607422	405.780914
1569.602539	229.476456
1568.596680	110.404259
1567.590820	130.574524
1566.584961	299.839783
1565.579102	-3.064639
1564.572266	235.675308
1563.566406	-42.274261
1562.559570	-148.801910
1561.551758	176.652100
1560.544922	-255.054565
1559.537109	-1.706867
1558.530273	-252.111099
1557.521484	-140.309509
1556.513672	-40.952530
1555.505859	68.264435
1554.497070	-162.217331
1553.488281	-60.510067
1552.479492	306.268555
1551.470703	-20.790064
1550.460938	122.853149
1549.451172	55.925953
1548.441406	1.387034
1547.431641	120.120888
1546.421875	199.189789
1545.411133	-243.884613
1544.400391	127.067070
1543.389648	77.394333
1542.378906	-137.949768
1541.367188	-286.494293
1540.355469	-150.759109
1539.343750	-0.273480
1538.332031	-57.404533
1537.320313	38.613441
1536.307617	104.915588
1535.294922	262.525238
1534.282227	-352.606262
1533.269531	64.132622
1532.256836	152.500000
1531.243164	-232.870850
1530.229492	151.436172
1529.215820	-125.309052
1528.202148	194.675110
1527.187500	162.006393
1526.172852	-99.855942
1525.158203	30.129562
1524.143555	-241.483871
1523.127930	-86.947548
1522.113281	-48.202618
1521.097656	27.415819
1520.082031	144.832031
1519.065430	-131.556763
1518.049805	-112.595863
1517.033203	46.528107
1516.016602	296.561798
1515.000000	180.136810
1513.982422	105.517593
1512.965820	114.499626
1511.948242	206.992081
1510.930664	51.317894
1509.913086	-15.879554
1508.894531	-85.530968
1507.875977	286.749146
1506.857422	-72.583313
1505.838867	149.831924
1504.820313	114.532852
1503.800781	130.739243
1502.781250	73.362038
1501.761719	121.443184
1500.742188	152.341019
1499.721680	173.406311
1498.702148	150.374008
1497.681641	313.526733
1496.661133	388.437500
1495.639648	487.789246
1494.618164	60.717472
1493.597656	326.578400
1492.576172	235.014191
1491.553711	211.984909
1490.532227	132.731201
1489.509766	51.057491
1488.487305	145.485977
1487.464844	-60.810421
1486.442383	26.296297
1485.418945	15.614256
1484.395508	0.065993
1483.372070	216.593964
1482.348633	-79.796860
1481.324219	97.606056
1480.300781	6.456991
1479.276367	-316.505524
1478.251953	12.183822
1477.226563	1.643982
1476.202148	-111.285477
1475.176758	187.944748
1474.151367	326.167084
1473.125000	-18.274845
1472.099609	107.805931
1471.073242	34.056637
1470.046875	50.500935
1469.020508	57.225784
1467.994141	178.421661
1466.966797	355.573059
1465.939453	-158.528976
1464.912109	125.755226
1463.884766	220.198151
1462.856445	548.120361
1461.829102	447.967712
1460.800781	308.979980
1459.772461	593.041687
1458.743164	675.299683
1457.714844	531.617432
1456.685547	473.047516
1455.656250	769.134338
1454.625977	802.880554
1453.596680	700.729004
1452.566406	880.199585
1451.536133	450.561127
1450.505859	300.158173
1449.474609	419.091156
1448.444336	579.269226
1447.413086	807.302551
1446.381836	303.229156
1445.350586	788.225525
1444.318359	756.950989
1443.286133	342.992065
1442.253906	234.433456
1441.221680	247.053268
1440.189453	390.455750
1439.156250	405.558167
1438.123047	285.196716
1437.089844	426.243164
1436.056641	458.440338
1435.022461	-38.954399
1433.988281	63.552982
1432.954102	59.716999
1431.919922	97.032387
1430.885742	-5.748343
1429.850586	150.052353
1428.815430	332.420288
1427.780273	-38.204582
1426.744141	-15.097675
1425.708984	-83.640175
1424.672852	-113.490822
1423.636719	-53.988468
1422.600586	130.992310
1421.563477	72.365829
1420.527344	-220.033142
1419.490234	-6.015015
1418.452148	-228.268677
1417.415039	-197.328964
1416.376953	240.790939
1415.338867	240.433105
1414.300781	-186.083847
1413.262695	11.213010
1412.224609	100.181351
1411.185547	109.753639
1410.146484	126.613235
1409.107422	-65.739662
1408.067383	11.408834
1407.027344	-2.773820
1405.987305	-216.402725
1404.947266	-256.819550
1403.907227	-114.520287
1402.866211	-147.599350
1401.826172	-41.264091
1400.785156	110.714592
1399.743164	44.206123
1398.702148	412.283844
1397.660156	607.474182
1396.618164	205.222931
1395.576172	532.459717
1394.533203	806.856262
1393.491211	644.824951
1392.448242	1161.355713
1391.405273	1382.936768
1390.361328	1558.957031
1389.318359	1629.576050
1388.274414	1546.932861
1387.230469	1809.238037
1386.186523	2152.907471
1385.141602	2333.720703
1384.097656	2404.459717
1383.052734	2355.594238
1382.007813	2383.373291
1380.961914	2442.291992
1379.916992	2692.561035
1378.871094	2249.505859
1377.825195	2251.274414
1376.778320	1856.429321
1375.732422	1805.866943
1374.685547	1506.973755
1373.638672	1533.057007
1372.591797	1306.122192
1371.543945	1275.078491
1370.497070	1108.100342
1369.449219	977.041931
1368.400391	1172.909058
1367.352539	1008.644897
1366.303711	1001.881653
1365.255859	570.861084
1364.206055	912.301636
1363.157227	1039.212402
1362.108398	1108.958130
1361.058594	938.159790
1360.008789	972.301025
1358.958984	887.449646
1357.908203	1164.500122
1356.857422	1215.414429
1355.806641	1009.404785
1354.755859	784.517639
1353.705078	1083.015991
1352.653320	584.880554
1351.601563	819.221313
1350.549805	972.713501
1349.498047	629.567322
1348.445313	652.480652
1347.393555	347.675201
1346.340820	650.974915
1345.287109	436.617584
1344.234375	319.744568
1343.180664	509.105865
1342.126953	363.900665
1341.073242	553.284607
1340.019531	-23.391531
1338.964844	455.373291
1337.910156	369.781891
1336.855469	146.814011
1335.799805	123.033310
1334.745117	179.872940
1333.689453	115.935532
1332.633789	71.019302
1331.578125	236.885254
1330.521484	-11.510163
1329.464844	-79.892334
1328.408203	-176.590103
1327.351563	119.473900
1326.294922	-142.677612
1325.237305	82.402290
1324.179688	-28.252285
1323.122070	64.443863
1322.064453	209.128662
1321.005859	103.368355
1319.947266	14.230075
1318.888672	29.074396
1317.830078	-258.238098
1316.770508	61.220360
1315.710938	-216.463776
1314.651367	-97.617424
1313.591797	-122.672951
1312.531250	-34.487602
1311.471680	-125.489723
1310.411133	137.171463
1309.349609	-33.901131
1308.289063	160.363892
1307.227539	76.592957
1306.166016	-75.411041
1305.104492	267.181244
1304.042969	11.681597
1302.980469	-194.257095
1301.917969	-40.031277
1300.855469	158.856369
1299.792969	61.313358
1298.729492	-47.923302
1297.666016	-103.009949
1296.602539	-17.003922
1295.539063	-213.025055
1294.474609	30.437256
1293.411133	-85.587494
1292.346680	75.590591
1291.281250	-164.810318
1290.216797	17.493006
1289.151367	30.741446
1288.085938	309.167114
1287.020508	195.704865
1285.955078	65.893158
1284.888672	8.846378
1283.822266	-113.801102
1282.755859	272.274323
1281.689453	264.491913
1280.622070	343.413483
1279.554688	63.921402
1278.487305	121.809952
1277.419922	-7.628478
1276.351563	127.527390
1275.283203	147.956711
1274.214844	154.352264
1273.146484	184.154907
1272.077148	567.121948
1271.008789	175.938263
1269.939453	479.277313
1268.869141	60.244053
1267.799805	375.185425
1266.729492	178.333542
1265.659180	355.310852
1264.588867	310.364868
1263.517578	167.380112
1262.447266	360.613464
1261.375977	294.711395
1260.304688	203.181015
1259.232422	202.668579
1258.161133	353.766937
1257.088867	252.972214
1256.016602	280.443909
1254.943359	335.871307
1253.871094	349.345215
1252.797852	928.928345
1251.724609	979.533997
1250.650391	918.337952
1249.577148	794.319580
1248.502930	670.352295
1247.428711	590.657959
1246.354492	1115.929688
1245.279297	847.751282
1244.204102	730.860535
1243.128906	325.708160
1242.053711	627.416870
1240.977539	436.275848
1239.902344	921.391357
1238.826172	353.933899
1237.750000	462.594086
1236.672852	450.450195
1235.595703	85.437126
1234.518555	433.142426
1233.441406	516.151794
1232.364258	374.084137
1231.286133	215.834122
1230.208008	215.342499
1229.129883	-65.687866
1228.051758	-112.479851
1226.972656	88.707008
1225.893555	37.254845
1224.814453	-167.063110
1223.734375	89.571754
1222.655273	42.775497
1221.575195	-145.220673
1220.495117	254.721268
1219.415039	15.847219
1218.333984	22.288343
1217.252930	-38.352486
1216.171875	-265.460205
1215.090820	-0.046677
1214.008789	-5.189717
1212.926758	181.463562
1211.844727	37.653267
1210.762695	152.601898
1209.679688	-166.664795
1208.597656	-236.436981
1207.513672	10.036668
1206.430664	-2.065731
1205.347656	-131.841461
1204.263672	-93.178841
1203.179688	-13.025719
1202.095703	122.422485
1201.010742	15.748185
1199.925781	-143.892960
1198.840820	484.571228
1197.755859	223.521500
1196.670898	-219.374268
1195.584961	210.632370
1194.499023	235.259613
1193.413086	-14.029771
1192.326172	307.463867
1191.239258	-45.283508
1190.152344	-80.461411
1189.065430	66.041412
1187.978516	-102.507561
1186.890625	142.753418
1185.802734	190.261292
1184.714844	-304.493805
1183.625977	186.408478
1182.538086	187.920212
1181.449219	285.852814
1180.360352	353.891327
1179.270508	403.522400
1178.180664	590.798279
1177.090820	213.650436
1176.000977	598.112061
1174.911133	441.241699
1173.820313	293.596283
1172.729492	111.626488
1171.638672	360.531403
1170.547852	838.414490
1169.456055	434.237030
1168.364258	524.863708
1167.272461	265.153809
1166.179688	353.463104
1165.087891	805.593384
1163.995117	758.736755
1162.902344	1080.166138
1161.808594	1220.770630
1160.715820	1237.843994
1159.622070	1424.049072
1158.528320	1473.037842
1157.433594	1085.574097
1156.339844	757.676331
1155.245117	765.632507
1154.149414	520.116211
1153.054688	617.130371
1151.958984	262.183502
1150.863281	441.329651
1149.767578	367.158478
1148.671875	386.523376
1147.575195	166.428421
1146.478516	292.949188
1145.381836	-164.096130
1144.285156	-46.697998
1143.187500	277.950378
1142.089844	-101.385971
1140.992188	-13.730705
1139.894531	80.704994
1138.795898	11.186859
1137.697266	-83.346268
1136.598633	181.634659
1135.499023	-17.565624
1134.400391	-7.457806
1133.300781	89.022926
1132.201172	-187.356476
1131.100586	59.081730
1130.000977	-176.298126
1128.900391	-43.587593
1127.799805	48.165852
1126.698242	-173.494904
1125.596680	-25.039240
1124.495117	-94.553429
1123.393555	31.091057
1122.291992	449.311829
1121.189453	549.784485
1120.086914	967.658813
1118.984375	936.440247
1117.881836	936.948730
1116.778320	1247.883179
1115.674805	940.155151
1114.571289	1486.473145
1113.466797	943.266541
1112.363281	850.833435
1111.258789	962.130615
1110.153320	1229.495483
1109.048828	1062.320068
1107.943359	1211.871338
1106.837891	1189.455566
1105.732422	615.339722
1104.625977	1076.755737
1103.520508	602.310486
1102.414063	568.642090
1101.306641	620.794800
1100.200195	302.516235
1099.092773	643.669006
1097.985352	305.145142
1096.877930	345.910828
1095.769531	-78.206520
1094.661133	479.165619
1093.552734	465.634064
1092.444336	131.877884
1091.335938	68.767509
1090.226563	-43.940128
1089.117188	201.656876
1088.006836	393.032135
1086.897461	395.091888
1085.787109	171.920700
1084.676758	137.926407
1083.566406	473.051697
1082.455078	688.711426
1081.343750	467.762695
1080.232422	836.200867
1079.121094	678.206909
1078.008789	576.441589
1076.896484	683.726990
1075.784180	716.759644
1074.671875	412.712524
1073.558594	589.457336
1072.445313	135.009537
1071.332031	533.928894
1070.217773	542.020508
1069.104492	440.101563
1067.990234	454.845428
1066.875977	705.076294
1065.760742	221.755386
1064.645508	229.654221
1063.530273	289.055206
1062.415039	178.043457
1061.299805	44.622124
1060.183594	218.107574
1059.067383	-18.408119
1057.951172	132.507813
1056.833984	234.038818
1055.716797	100.456779
1054.599609	13.866335
1053.482422	-50.372009
1052.364258	10.602753
1051.247070	82.677444
1050.128906	179.240860
1049.009766	18.645542
1047.891602	148.573532
1046.772461	41.548096
1045.653320	106.493851
1044.533203	204.832001
1043.414063	-172.479599
1042.293945	10.562361
1041.173828	5.996009
1040.052734	39.281410
1038.932617	99.257706
1037.811523	40.929764
1036.689453	-327.365479
1035.568359	229.508331
1034.446289	326.960052
1033.324219	-112.669037
1032.202148	22.532393
1031.079102	-345.726013
1029.957031	-246.311142
1028.833984	-213.810837
1027.709961	1.078691
1026.586914	82.299515
1025.462891	-41.263866
1024.338867	-42.531353
1023.214844	118.433876
1022.089844	116.954315
1020.964844	-142.417053
1019.839844	-79.567604
1018.714844	20.933670
1017.588867	10.243037
1016.462891	-20.513941
1015.336914	88.513695
1014.210938	-131.075027
1013.083984	177.446274
1011.957031	-133.208649
1010.830078	-64.544212
1009.702148	751.265381
1008.574219	631.065063
1007.446289	1423.996826
1006.318359	2076.872803
1005.190430	2758.155518
1004.061523	3279.553223
1002.932617	2500.756836
1001.802734	1514.105713
1000.673828	1096.664429
999.543945	617.343994
998.414063	-109.638733
997.283203	-230.341354
996.153320	442.811310
995.022461	293.102753
993.891602	227.359604
992.759766	152.697891
991.628906	318.804779
990.497070	310.227020
989.364258	513.544312
988.232422	908.764709
987.099609	992.457886
985.966797	1170.910278
984.833984	982.932312
983.700195	1094.918945
982.566406	1334.664673
981.432617	1047.253418
980.298828	1026.595581
979.164063	1093.986206
978.029297	685.335449
976.894531	924.397278
975.759766	599.463074
974.624023	518.964478
973.488281	577.085388
972.352539	190.527390
971.215820	576.329407
970.080078	290.941864
968.943359	234.299820
967.805664	241.337067
966.668945	395.570984
965.531250	417.760498
964.393555	294.826721
963.254883	239.939285
962.117188	472.706085
960.978516	206.827011
959.839844	513.930725
958.700195	774.698303
957.561523	126.863464
956.421875	672.600281
955.281250	744.249268
954.141602	710.542603
953.000977	966.117065
951.860352	1162.312866
950.719727	1034.035400
949.578125	960.485046
948.436523	639.391174
947.294922	552.659241
946.153320	358.616608
945.010742	541.018311
943.868164	316.256165
942.725586	478.735779
941.583008	89.899933
940.439453	197.523163
939.295898	449.310181
938.152344	32.098373
937.007813	-0.423652
935.863281	176.724472
934.718750	307.856842
933.574219	89.480957
932.428711	128.734573
931.283203	-148.577332
930.137695	329.195435
928.992188	97.658150
927.845703	-33.514271
926.699219	49.016655
925.552734	-3.710044
924.405273	296.613342
923.257813	71.583359
922.110352	323.723511
920.962891	318.682373
919.814453	84.937599
918.666016	256.195404
917.517578	153.084915
916.369141	176.196243
915.219727	177.487595
914.070313	-19.186140
912.920898	432.222290
911.770508	39.835224
910.621094	-52.426689
909.470703	-390.242981
908.319336	143.255997
907.168945	3.166830
906.017578	-451.766113
904.866211	-74.990295
903.713867	-173.765991
902.562500	-85.865570
901.410156	90.922218
900.256836	96.254379
899.104492	186.173065
897.951172	-164.079102
896.797852	29.888544
895.644531	-64.440735
894.490234	-126.235115
893.335938	-71.021873
892.181641	-241.034470
891.027344	-177.125458
889.872070	-13.673779
888.716797	9.066745
887.561523	21.007273
886.405273	4.835466
885.249023	-277.282623
884.092773	-38.187748
882.936523	-231.466705
881.779297	137.232452
880.622070	-84.010239
879.464844	-97.740562
878.307617	123.974258
877.149414	-1.974491
875.991211	-112.698364
874.833008	268.717865
873.673828	518.398071
872.514648	34.650551
871.355469	204.617020
870.196289	-123.453285
869.036133	57.386120
867.875977	65.822075
866.715820	121.738564
865.554688	141.082291
864.394531	218.668442
863.233398	186.492889
862.071289	500.965240
860.910156	421.593414
859.748047	443.465698
858.585938	261.092316
857.422852	352.008545
856.259766	535.443176
855.096680	626.481323
853.933594	154.567230
852.770508	41.787914
851.606445	350.173126
850.442383	177.511597
849.277344	155.333313
848.113281	562.606567
846.948242	-79.562752
845.783203	-157.036835
844.617188	387.693176
843.451172	147.444382
842.285156	-122.563766
841.119141	141.429153
839.952148	-213.876251
838.785156	232.422394
837.618164	12.518964
836.451172	71.271332
835.283203	16.677357
834.115234	-67.693375
832.947266	74.981682
831.778320	46.591312
830.609375	159.559937
829.440430	50.248974
828.271484	13.863563
827.101563	234.152206
825.931641	24.995487
824.761719	155.817062
823.590820	376.463379
822.420898	195.735016
821.250000	6.733344
820.078125	511.698608
818.907227	357.238770
817.735352	478.248901
816.562500	516.203369
815.390625	127.853447
814.217773	138.551941
813.044922	300.778259
811.872070	51.853626
810.698242	46.113636
809.524414	-144.732605
808.350586	103.381859
807.176758	-395.677277
806.001953	-40.798691
804.827148	135.372086
803.651367	-184.041763
802.476563	247.725571
801.300781	28.787476
800.125000	-49.528126
798.948242	78.564323
797.772461	151.555328
796.595703	252.328751
795.417969	264.044586
794.241211	460.707611
793.063477	154.331238
791.885742	391.651459
790.707031	387.149567
789.529297	187.683838
788.350586	550.561584
787.170898	347.289551
785.992188	335.115326
784.812500	562.635864
783.632813	415.182678
782.452148	757.354553
781.272461	665.369751
780.091797	270.810486
778.911133	274.616455
777.729492	96.577843
776.547852	-49.459908
775.366211	162.269852
774.184570	135.076630
773.001953	-215.456375
771.819336	-390.191925
770.636719	-317.402924
769.453125	-153.631210
768.269531	-32.025494
767.085938	-186.999741
765.902344	-193.948517
764.717773	-103.640182
763.533203	-25.896410
762.348633	-34.561375
761.163086	66.600441
759.977539	-116.870117
758.791992	73.076935
757.606445	-166.985077
756.419922	-16.922304
755.233398	-144.952606
754.046875	81.078995
752.859375	178.634415
751.672852	229.918518
750.485352	161.278229
749.296875	366.344910
748.108398	318.907318
746.919922	351.498718
745.731445	171.730408
744.542969	139.287888
743.353516	296.097626
742.164063	26.267944
740.973633	59.158867
739.783203	218.105042
738.592773	196.397034
737.402344	210.419083
736.211914	25.035910
735.020508	72.697182
733.829102	453.932495
732.636719	363.027405
731.444336	395.886444
730.251953	248.405396
729.059570	174.335510
727.866211	66.743546
726.673828	3.163913
725.479492	-133.740967
724.286133	135.634766
723.091797	-133.236908
721.897461	-238.779327
720.703125	40.708221
719.507813	-234.430161
718.312500	-210.414322
717.117188	-111.211258
715.921875	-35.143280
714.725586	-3.108369
713.529297	-50.595161
712.332031	171.330521
711.135742	186.260437
709.938477	59.064800
708.740234	40.363369
707.542969	484.897522
706.344727	1219.135132
705.146484	1808.937256
703.948242	2223.116455
702.749023	2430.517822
701.549805	2397.925293
700.350586	1721.172119
699.150391	1659.279785
697.950195	886.873474
696.750000	587.455322
695.549805	383.800934
694.348633	444.456573
693.147461	-34.126095
691.946289	244.748047
690.744141	71.907463
689.541992	125.676849
688.339844	75.291954
687.136719	317.875488
685.934570	423.024292
684.730469	143.564407
683.527344	82.204185
682.323242	380.009399
681.119141	285.107056
679.915039	623.960144
678.710938	169.747452
677.505859	443.889435
676.300781	-31.053535
675.094727	286.332794
673.889648	149.413025
672.683594	207.320648
671.476563	45.450649
670.270508	-190.981369
669.063477	-19.284342
667.856445	135.730728
666.648438	-36.463993
665.440430	-109.216080
664.232422	-22.560987
663.024414	310.299164
661.815430	-132.591736
660.606445	160.998184
659.397461	125.847588
658.188477	-130.310303
656.978516	80.840408
655.768555	73.099854
654.557617	-227.704605
653.346680	2.597474
652.135742	251.669556
650.924805	-132.690308
649.712891	-105.853531
648.501953	12.160679
647.289063	-160.247314
646.077148	-127.922707
644.864258	-24.980145
643.651367	92.944099
642.438477	-252.161636
641.224609	169.943222
640.010742	1.506927
638.796875	2.818051
637.582031	309.681366
636.367188	53.425243
635.152344	57.561020
633.937500	245.856644
632.721680	535.998535
631.505859	68.518585
630.289063	798.959045
629.073242	700.152222
627.856445	1048.741333
626.639648	1125.520874
625.421875	1002.672180
624.204102	641.412292
622.986328	524.397522
621.768555	491.479340
620.549805	157.004150
619.331055	157.159317
618.111328	-59.806416
616.892578	-165.615936
