1721.000977	80.436897
1720.027344	172.927551
1719.052734	19.934219
1718.078125	302.286072
1717.104492	165.527939
1716.128906	86.941093
1715.154297	161.442444
1714.178711	17.198309
1713.204102	-22.635818
1712.228516	21.361639
1711.251953	120.980721
1710.276367	109.754234
1709.299805	-119.832115
1708.324219	-91.322357
1707.347656	-206.812775
1706.370117	-166.738861
1705.393555	-96.515945
1704.416016	-19.212376
1703.438477	-274.974579
1702.460938	3.337477
1701.483398	-97.341782
1700.505859	52.067959
1699.527344	45.051285
1698.548828	-21.153757
1697.570313	359.320618
1696.591797	-313.035217
1695.612305	28.251919
1694.632813	-144.115448
1693.653320	-171.259781
1692.673828	0.336617
1691.694336	-70.830513
1690.713867	-22.401192
1689.734375	13.006919
1688.753906	73.603729
1687.772461	197.622742
1686.791992	-264.836670
1685.810547	1.436683
1684.830078	48.311752
1683.848633	-27.333944
1682.866211	-19.130020
1681.884766	47.481953
1680.902344	434.607819
1679.919922	-56.634293
1678.937500	-303.546722
1677.955078	187.265106
1676.971680	21.493101
1675.989258	435.492218
1675.005859	162.720200
1674.022461	202.608505
1673.038086	107.660011
1672.054688	292.186218
1671.070313	458.738678
1670.085938	-60.591751
1669.101563	113.442253
1668.117188	122.327980
1667.131836	70.205009
1666.146484	-30.158907
1665.161133	-168.578003
1664.175781	195.271912
1663.189453	51.691486
1662.204102	143.986603
1661.217773	48.598194
1660.231445	-399.058746
1659.245117	273.471649
1658.257813	-27.153603
1657.270508	-54.102158
1656.284180	-149.375916
1655.295898	38.896770
1654.308594	-8.276952
1653.321289	-42.764420
1652.333008	18.899012
1651.344727	-111.701614
1650.356445	-110.705788
1649.367188	411.194519
1648.378906	184.604797
1647.389648	178.012939
1646.400391	123.444443
1645.411133	157.366486
1644.420898	16.983120
1643.431641	270.717010
1642.441406	198.630081
1641.451172	-77.864372
1640.459961	241.425690
1639.469727	177.101669
1638.478516	478.643524
1637.487305	540.487183
1636.496094	186.255112
1635.504883	344.049957
1634.512695	312.747192
1633.520508	64.768501
1632.528320	582.952637
1631.536133	400.638275
1630.543945	485.439453
1629.550781	610.524475
1628.557617	574.490051
1627.564453	1235.770264
1626.571289	630.994324
1625.578125	1236.758423
1624.583984	1276.305054
1623.589844	1632.786743
1622.595703	1398.281982
1621.601563	1646.614990
1620.606445	1686.264648
1619.611328	1753.599854
1618.616211	2207.880371
1617.621094	2034.067017
1616.625977	2038.694824
1615.629883	1789.760376
1614.633789	1704.161255
1613.637695	1540.858154
1612.641602	1332.518677
1611.645508	1611.017578
1610.648438	1741.449341
1609.651367	1598.550659
1608.654297	1974.750977
1607.657227	1711.670898
1606.659180	2240.651123
1605.662109	2561.539795
1604.664063	2103.253662
1603.666016	2366.520996
1602.666992	2204.022461
1601.668945	2304.547363
1600.669922	2197.313232
1599.670898	1955.048462
1598.671875	1885.568481
1597.671875	1658.558350
1596.672852	1744.333740
1595.672852	1540.062256
1594.672852	1540.908936
1593.671875	1191.879517
1592.671875	1070.464722
1591.670898	821.715393
1590.669922	757.948914
1589.668945	686.767944
1588.667969	875.318359
1587.666016	934.014282
1586.664063	673.287842
1585.662109	280.480255
1584.660156	459.141479
1583.658203	183.856796
1582.655273	581.956665
1581.652344	52.535095
1580.649414	111.605087
1579.646484	310.246033
1578.642578	-39.301220
1577.638672	209.160690
1576.634766	88.982635
1575.630859	165.593674
1574.626953	120.235336
1573.622070	62.463238
1572.618164	22.201403
1571.613281	24.257088
1570.607422	110.891556
1569.602539	117.977783
1568.596680	-101.178596
1567.590820	-225.747849
1566.584961	124.441368
1565.579102	52.124813
1564.572266	56.852802
1563.566406	-313.385010
1562.559570	-159.526459
1561.551758	-229.159805
1560.544922	-38.086636
1559.537109	38.759426
1558.530273	-95.255386
1557.521484	-179.624680
1556.513672	-154.781479
1555.505859	-23.302023
1554.497070	-216.615891
1553.488281	-57.882057
1552.479492	-32.991505
1551.470703	-13.038312
1550.460938	-181.330734
1549.451172	-119.225113
1548.441406	-19.979561
1547.431641	-24.711529
1546.421875	-432.798218
1545.411133	-313.697998
1544.400391	-177.304459
1543.389648	-223.959579
1542.378906	-275.511230
1541.367188	48.732872
1540.355469	93.564568
1539.343750	182.889969
1538.332031	-150.275421
1537.320313	262.701111
1536.307617	364.332397
1535.294922	95.589844
1534.282227	78.782021
1533.269531	-278.583313
1532.256836	-4.092156
1531.243164	82.795975
1530.229492	36.485970
1529.215820	-105.951836
1528.202148	185.611481
1527.187500	45.693161
1526.172852	290.307373
1525.158203	-219.100479
1524.143555	109.274345
1523.127930	-87.070229
1522.113281	-209.410934
1521.097656	155.736282
1520.082031	122.029991
1519.065430	-204.488708
1518.049805	-51.069477
1517.033203	72.768204
1516.016602	208.882019
1515.000000	-168.899704
1513.982422	171.265137
1512.965820	189.388275
1511.948242	-109.459465
1510.930664	56.145866
1509.913086	44.872471
1508.894531	28.699459
1507.875977	213.874893
1506.857422	313.094360
1505.838867	-36.778595
1504.820313	285.783691
1503.800781	-9.934739
1502.781250	243.853073
1501.761719	-12.434600
1500.742188	-3.828668
1499.721680	333.201202
1498.702148	-136.025696
1497.681641	-7.281012
1496.661133	106.745453
1495.639648	210.943634
1494.618164	23.779877
1493.597656	267.567993
1492.576172	-83.424026
1491.553711	128.495712
1490.532227	76.196571
1489.509766	80.181152
1488.487305	389.856995
1487.464844	78.486168
1486.442383	322.112091
1485.418945	389.703339
1484.395508	-111.942169
1483.372070	46.168213
1482.348633	150.530975
1481.324219	159.642258
1480.300781	146.843124
1479.276367	177.996582
1478.251953	-208.068451
1477.226563	201.335800
1476.202148	-303.993011
1475.176758	88.273415
1474.151367	34.268471
1473.125000	138.742645
1472.099609	-112.553688
1471.073242	445.173035
1470.046875	8.856759
1469.020508	93.947144
1467.994141	317.835236
1466.966797	186.232803
1465.939453	6.061854
1464.912109	354.045471
1463.884766	358.902802
1462.856445	375.943481
1461.829102	162.033951
1460.800781	767.574341
1459.772461	561.041016
1458.743164	889.275146
1457.714844	850.552673
1456.685547	721.997009
1455.656250	935.994324
1454.625977	722.573486
1453.596680	934.154602
1452.566406	1220.920044
1451.536133	886.400330
1450.505859	1003.334045
1449.474609	882.543457
1448.444336	643.049438
1447.413086	670.394348
1446.381836	814.139648
1445.350586	1042.699707
1444.318359	941.670532
1443.286133	845.585754
1442.253906	856.164673
1441.221680	651.286377
1440.189453	526.447327
1439.156250	341.185089
1438.123047	732.005798
1437.089844	496.089508
1436.056641	548.182556
1435.022461	223.022003
1433.988281	604.078552
1432.954102	271.918854
1431.919922	176.808807
1430.885742	260.608093
1429.850586	165.639938
1428.815430	-194.902649
1427.780273	-149.550690
1426.744141	221.749771
1425.708984	-10.459961
1424.672852	90.494217
1423.636719	261.441620
1422.600586	17.480114
1421.563477	178.828003
1420.527344	137.650864
1419.490234	7.346117
1418.452148	-154.195221
1417.415039	-113.171310
1416.376953	-187.758545
1415.338867	224.289734
1414.300781	188.321320
1413.262695	-167.769135
1412.224609	17.940359
1411.185547	-198.272659
1410.146484	-29.365044
1409.107422	-14.414849
1408.067383	-126.886520
1407.027344	104.594856
1405.987305	6.701221
1404.947266	38.702164
1403.907227	-133.496017
1402.866211	42.783173
1401.826172	5.300208
1400.785156	253.646378
1399.743164	-91.080414
1398.702148	18.094667
1397.660156	631.239868
1396.618164	385.225464
1395.576172	815.852112
1394.533203	853.023438
1393.491211	1170.803345
1392.448242	1584.389771
1391.405273	1863.648438
1390.361328	1819.338867
1389.318359	2371.676514
1388.274414	2741.785645
1387.230469	2872.332520
1386.186523	2907.125732
1385.141602	2985.038086
1384.097656	3486.589111
1383.052734	3590.798584
1382.007813	2939.109375
1380.961914	3222.875244
1379.916992	3188.587891
1378.871094	3288.239746
1377.825195	2936.184082
1376.778320	2560.434814
1375.732422	2407.111816
1374.685547	2136.864746
1373.638672	1902.624146
1372.591797	2093.526855
1371.543945	1740.157471
1370.497070	1716.357788
1369.449219	1692.621582
1368.400391	1726.191040
1367.352539	1332.923218
1366.303711	1447.761475
1365.255859	1352.839844
1364.206055	1298.515747
1363.157227	1461.134277
1362.108398	1261.628296
1361.058594	1421.915161
1360.008789	1536.955933
1358.958984	1423.445679
1357.908203	1859.887939
1356.857422	1370.454346
1355.806641	1606.988525
1354.755859	1729.298706
1353.705078	1566.220459
1352.653320	1174.995972
1351.601563	1178.624634
1350.549805	1125.274292
1349.498047	755.963928
1348.445313	728.967285
1347.393555	647.427551
1346.340820	1078.904053
1345.287109	926.185486
1344.234375	773.610291
1343.180664	701.831665
1342.126953	551.844788
1341.073242	264.399139
1340.019531	323.392822
1338.964844	344.467133
1337.910156	318.175415
1336.855469	457.860992
1335.799805	-4.346407
1334.745117	97.558235
1333.689453	187.616074
1332.633789	130.868423
1331.578125	-138.872650
1330.521484	249.573654
1329.464844	202.471085
1328.408203	162.537979
1327.351563	-165.909714
1326.294922	0.115834
1325.237305	-571.602722
1324.179688	-81.606674
1323.122070	226.240295
1322.064453	-44.906044
1321.005859	-72.571442
1319.947266	-260.781769
1318.888672	-35.615570
1317.830078	130.477417
1316.770508	-43.356464
1315.710938	-259.541748
1314.651367	-310.430450
1313.591797	-328.226196
1312.531250	-282.305878
1311.471680	37.164898
1310.411133	-411.949921
1309.349609	-31.248343
1308.289063	123.146713
1307.227539	48.993999
1306.166016	-156.971359
1305.104492	-68.460785
1304.042969	-137.677933
1302.980469	268.617950
1301.917969	-61.771832
1300.855469	137.378784
1299.792969	-315.071320
1298.729492	-75.900810
1297.666016	-198.871033
1296.602539	-51.423893
1295.539063	225.260391
1294.474609	93.012726
1293.411133	226.326035
1292.346680	-145.340408
1291.281250	281.532532
1290.216797	-146.250031
1289.151367	137.341782
1288.085938	-13.266333
1287.020508	63.792301
1285.955078	103.325745
1284.888672	34.997326
1283.822266	332.474792
1282.755859	76.675545
1281.689453	289.720184
1280.622070	530.807373
1279.554688	406.397552
1278.487305	371.068420
1277.419922	143.792053
1276.351563	548.685242
1275.283203	54.708302
1274.214844	136.599045
1273.146484	445.403778
1272.077148	160.012863
1271.008789	204.503433
1269.939453	326.137177
1268.869141	326.194946
1267.799805	424.437225
1266.729492	289.016602
1265.659180	18.205589
1264.588867	387.417725
1263.517578	312.867859
1262.447266	492.827850
1261.375977	296.981873
1260.304688	21.910868
1259.232422	890.032898
1258.161133	468.068909
1257.088867	528.972717
1256.016602	631.833008
1254.943359	494.595337
1253.871094	809.511597
1252.797852	646.707764
1251.724609	984.776306
1250.650391	875.596436
1249.577148	678.021423
1248.502930	941.419678
1247.428711	792.813232
1246.354492	886.260071
1245.279297	686.581055
1244.204102	826.544128
1243.128906	566.543457
1242.053711	676.285339
1240.977539	421.098602
1239.902344	626.117188
1238.826172	292.096710
1237.750000	592.297180
1236.672852	235.227127
1235.595703	372.814514
1234.518555	203.976822
1233.441406	172.135361
1232.364258	451.199738
1231.286133	375.256622
1230.208008	123.112808
1229.129883	65.842018
1228.051758	279.806976
1226.972656	322.184235
1225.893555	355.284454
1224.814453	145.146164
1223.734375	365.859985
1222.655273	-6.253014
1221.575195	119.500656
1220.495117	78.560539
1219.415039	206.562820
1218.333984	160.996582
1217.252930	272.727112
1216.171875	-54.937515
1215.090820	-28.740072
1214.008789	13.613280
1212.926758	25.913561
1211.844727	82.097717
1210.762695	80.516747
1209.679688	-473.000336
1208.597656	-319.773376
1207.513672	22.646742
1206.430664	-105.866013
1205.347656	84.075981
1204.263672	-136.678726
1203.179688	173.094421
1202.095703	159.926086
1201.010742	492.528107
1199.925781	380.167999
1198.840820	-199.904831
1197.755859	-95.526894
1196.670898	289.789520
1195.584961	200.560928
1194.499023	109.058723
1193.413086	-152.733307
1192.326172	-154.396317
1191.239258	294.856720
1190.152344	-116.357643
1189.065430	146.397537
1187.978516	50.356030
1186.890625	96.850739
1185.802734	203.063187
1184.714844	518.293579
1183.625977	123.558327
1182.538086	-73.501495
1181.449219	195.604660
1180.360352	517.370850
1179.270508	313.399384
1178.180664	540.875793
1177.090820	387.424377
1176.000977	389.978180
1174.911133	635.575623
1173.820313	608.221313
1172.729492	610.655457
1171.638672	578.693848
1170.547852	624.617065
1169.456055	620.097717
1168.364258	585.786072
1167.272461	100.443291
1166.179688	816.976257
1165.087891	933.608215
1163.995117	1539.763062
1162.902344	1447.962158
1161.808594	1598.577393
1160.715820	1954.882690
1159.622070	1709.797974
1158.528320	1821.313599
1157.433594	1235.847778
1156.339844	1285.679077
1155.245117	510.972870
1154.149414	412.439514
1153.054688	471.447205
1151.958984	429.958344
1150.863281	297.178162
1149.767578	196.363831
1148.671875	592.772461
1147.575195	76.837860
1146.478516	226.796646
1145.381836	212.538742
1144.285156	307.629852
1143.187500	47.218540
1142.089844	-224.505386
1140.992188	66.332352
1139.894531	95.172470
1138.795898	-294.879578
1137.697266	-320.684662
1136.598633	19.783825
1135.499023	-260.946838
1134.400391	-52.636509
1133.300781	105.504387
1132.201172	-77.451294
1131.100586	112.332130
1130.000977	-143.350189
1128.900391	-285.392609
1127.799805	4.094276
1126.698242	409.192108
1125.596680	439.485657
1124.495117	-22.799276
1123.393555	472.637360
1122.291992	611.630737
1121.189453	339.965424
1120.086914	1252.050537
1118.984375	1166.155029
1117.881836	1402.090454
1116.778320	1726.231079
1115.674805	2077.349609
1114.571289	2027.339600
1113.466797	1451.899536
1112.363281	1881.903931
1111.258789	1528.457031
1110.153320	1426.292480
1109.048828	1491.546509
1107.943359	1427.757080
1106.837891	1264.427368
1105.732422	992.576294
1104.625977	933.253235
1103.520508	853.560120
1102.414063	511.721588
1101.306641	483.951538
1100.200195	593.902893
1099.092773	739.850830
1097.985352	761.498352
1096.877930	724.383789
1095.769531	77.958511
1094.661133	311.566406
1093.552734	337.491882
1092.444336	385.878723
1091.335938	44.155815
1090.226563	466.567261
1089.117188	75.234589
1088.006836	362.104858
1086.897461	385.250336
1085.787109	187.604980
1084.676758	327.677246
1083.566406	568.888306
1082.455078	895.407532
1081.343750	742.478027
1080.232422	643.517029
1079.121094	591.738647
1078.008789	764.718323
1076.896484	928.539307
1075.784180	719.146057
1074.671875	628.834900
1073.558594	929.321533
1072.445313	436.814484
1071.332031	820.102112
1070.217773	516.204712
1069.104492	481.681213
1067.990234	429.115753
1066.875977	560.424194
1065.760742	776.790649
1064.645508	152.123367
1063.530273	348.117004
1062.415039	404.966248
1061.299805	170.400986
1060.183594	-41.773964
1059.067383	-224.829636
1057.951172	422.838837
1056.833984	91.786133
1055.716797	-210.117935
1054.599609	20.579191
1053.482422	-207.548813
1052.364258	528.310242
1051.247070	-17.575140
1050.128906	8.997978
1049.009766	24.263241
1047.891602	379.095123
1046.772461	338.203918
1045.653320	420.073608
1044.533203	-355.738037
1043.414063	369.030853
1042.293945	-120.917801
1041.173828	-162.205139
1040.052734	-257.144745
1038.932617	169.822830
1037.811523	90.242661
1036.689453	68.539925
1035.568359	-358.936279
1034.446289	145.190628
1033.324219	-191.000565
1032.202148	18.599216
1031.079102	194.570343
1029.957031	136.579254
1028.833984	229.849457
1027.709961	-159.990631
1026.586914	-33.543541
1025.462891	-343.293274
1024.338867	-14.722747
1023.214844	-42.179779
1022.089844	41.395908
1020.964844	-217.447021
1019.839844	-240.759460
1018.714844	109.036636
1017.588867	229.774704
1016.462891	-64.882866
1015.336914	-208.568924
1014.210938	-79.306923
1013.083984	-65.626953
1011.957031	367.219727
1010.830078	198.686295
1009.702148	254.058853
1008.574219	530.981018
1007.446289	1610.011475
1006.318359	2956.556641
1005.190430	3994.433105
1004.061523	4398.231445
1002.932617	3676.810547
1001.802734	1946.041748
1000.673828	906.550171
999.543945	217.031616
998.414063	56.474457
997.283203	59.535179
996.153320	411.897888
995.022461	83.019699
993.891602	127.725357
992.759766	-97.324989
991.628906	313.928558
990.497070	166.020630
989.364258	645.221069
988.232422	642.797302
987.099609	618.170410
985.966797	511.794739
984.833984	659.081116
983.700195	587.790710
982.566406	642.132324
981.432617	281.829254
980.298828	410.944763
979.164063	409.845337
978.029297	721.509644
976.894531	398.520569
975.759766	317.824249
974.624023	-84.420036
973.488281	556.821472
972.352539	130.291931
971.215820	102.080139
970.080078	89.202728
968.943359	98.203552
967.805664	386.321716
966.668945	592.894714
965.531250	891.559753
964.393555	210.019455
963.254883	730.291992
962.117188	540.871765
960.978516	364.598755
959.839844	739.316528
958.700195	830.629089
957.561523	882.336121
956.421875	554.398315
955.281250	755.066833
954.141602	1220.895874
953.000977	952.017456
951.860352	974.678284
950.719727	1312.774414
949.578125	960.550232
948.436523	1007.022095
947.294922	536.632996
946.153320	633.380615
945.010742	760.630371
943.868164	408.539581
942.725586	568.457642
941.583008	93.952614
940.439453	360.854736
939.295898	470.165344
938.152344	199.062027
937.007813	207.695251
935.863281	209.711151
934.718750	71.881104
933.574219	237.585938
932.428711	-83.699699
931.283203	-145.157562
930.137695	194.874466
928.992188	525.972595
927.845703	246.134995
926.699219	-160.089508
925.552734	301.512146
924.405273	39.207546
923.257813	413.287964
922.110352	203.290710
920.962891	341.854645
919.814453	14.290405
918.666016	400.940186
917.517578	219.290558
916.369141	-66.753868
915.219727	152.027740
914.070313	-129.584808
912.920898	-2.261101
911.770508	-385.944305
910.621094	-128.237198
909.470703	303.159088
908.319336	-134.698349
907.168945	-192.228683
906.017578	-54.316578
904.866211	33.595257
903.713867	15.083343
902.562500	-183.501999
901.410156	-301.744446
900.256836	-231.239166
899.104492	229.606293
897.951172	-1.377558
896.797852	-17.653021
895.644531	-207.264481
894.490234	88.513290
893.335938	87.428879
892.181641	32.234772
891.027344	-289.203247
889.872070	155.754333
888.716797	20.582483
887.561523	-43.091278
886.405273	31.708603
885.249023	15.691383
884.092773	68.906448
882.936523	31.364117
881.779297	130.004990
880.622070	334.518555
879.464844	35.712036
878.307617	-68.548836
877.149414	293.622070
875.991211	144.121048
874.833008	-195.151016
873.673828	-16.421097
872.514648	-79.289238
871.355469	472.543854
870.196289	-88.294426
869.036133	-161.679245
867.875977	-30.226612
866.715820	53.843159
865.554688	38.858215
864.394531	570.970093
863.233398	482.844513
862.071289	407.741821
860.910156	496.340271
859.748047	453.731903
858.585938	495.127899
857.422852	351.642090
856.259766	722.169006
855.096680	712.171753
853.933594	717.332092
852.770508	481.964447
851.606445	354.198639
850.442383	355.452057
849.277344	277.362366
848.113281	411.945129
846.948242	18.657478
845.783203	37.603706
844.617188	440.589783
843.451172	369.586853
842.285156	212.987213
841.119141	405.972168
839.952148	562.543274
838.785156	151.424942
837.618164	98.337395
836.451172	216.727356
835.283203	7.608407
834.115234	87.688629
832.947266	69.434113
831.778320	40.608669
830.609375	381.982330
829.440430	278.536591
828.271484	767.499084
827.101563	683.520569
825.931641	336.878143
824.761719	507.572632
823.590820	351.512848
822.420898	714.610046
821.250000	627.188904
820.078125	507.930084
818.907227	484.919586
817.735352	715.935852
816.562500	744.350769
815.390625	598.057800
814.217773	554.300903
813.044922	274.128326
811.872070	328.797882
810.698242	64.012085
809.524414	289.392792
808.350586	310.396759
807.176758	222.961304
806.001953	229.359421
804.827148	-398.225403
803.651367	297.901855
802.476563	-175.962921
801.300781	354.223236
800.125000	444.236603
798.948242	555.600586
797.772461	429.074524
796.595703	372.850494
795.417969	463.341888
794.241211	524.220947
793.063477	852.696106
791.885742	830.952148
790.707031	775.395691
789.529297	870.642944
788.350586	556.625549
787.170898	819.650818
785.992188	927.943298
784.812500	506.435150
783.632813	1161.700439
782.452148	664.317932
781.272461	868.370239
780.091797	490.126007
778.911133	465.724976
777.729492	337.738129
776.547852	770.668030
775.366211	549.820740
774.184570	54.248360
773.001953	373.088440
771.819336	102.084946
770.636719	-426.530518
769.453125	101.696007
768.269531	-128.613037
767.085938	-310.140381
765.902344	-136.748428
764.717773	539.059814
763.533203	-74.882858
762.348633	20.514000
761.163086	63.204567
759.977539	221.946930
758.791992	64.417366
757.606445	-217.340683
756.419922	-191.208908
755.233398	-93.382805
754.046875	147.708282
752.859375	732.014771
751.672852	40.156330
750.485352	291.724915
749.296875	675.799072
748.108398	775.694458
746.919922	606.325439
745.731445	580.082764
744.542969	469.783203
743.353516	363.764099
742.164063	535.227661
740.973633	84.706772
739.783203	-54.697990
738.592773	83.189514
737.402344	281.916534
736.211914	12.460062
735.020508	255.181320
733.829102	155.806091
732.636719	54.367592
731.444336	-61.709064
730.251953	300.291748
729.059570	173.714615
727.866211	-89.035744
726.673828	159.539001
725.479492	213.155106
724.286133	-248.416794
723.091797	-144.524017
721.897461	-78.381187
720.703125	-125.302887
719.507813	-291.492889
718.312500	-93.688644
717.117188	101.897354
715.921875	-62.236237
714.725586	181.242722
713.529297	-402.937469
712.332031	-170.022308
711.135742	64.844788
709.938477	537.603577
708.740234	726.164368
707.542969	639.099609
706.344727	1259.420166
705.146484	2190.254883
703.948242	3039.273438
702.749023	3147.595947
701.549805	3310.039795
700.350586	2582.420654
699.150391	1932.206787
697.950195	1232.284180
696.750000	584.746338
695.549805	553.847961
694.348633	214.848907
693.147461	148.656052
691.946289	209.423935
690.744141	184.871170
689.541992	6.449356
688.339844	198.248367
687.136719	136.371582
685.934570	188.884552
684.730469	459.574097
683.527344	121.564407
682.323242	452.509979
681.119141	307.913879
679.915039	373.144379
678.710938	145.840195
677.505859	267.334015
676.300781	575.604614
675.094727	576.955444
673.889648	478.974030
672.683594	74.444695
671.476563	-120.378471
670.270508	-327.288727
669.063477	-154.790573
667.856445	191.866364
666.648438	47.970924
665.440430	80.416031
664.232422	605.723816
663.024414	59.468433
661.815430	165.433228
660.606445	182.874481
659.397461	202.846939
658.188477	53.832504
656.978516	409.641296
655.768555	-211.337189
654.557617	-356.351257
653.346680	191.131546
652.135742	47.448521
650.924805	-97.487061
649.712891	559.069946
648.501953	5.157813
647.289063	-180.480148
646.077148	-55.795063
644.864258	-371.352753
643.651367	-52.982304
642.438477	-281.776733
641.224609	-86.991089
640.010742	329.283844
638.796875	386.301361
637.582031	475.519409
636.367188	465.261414
635.152344	549.076721
633.937500	404.009399
632.721680	741.895386
631.505859	986.751038
630.289063	1035.947754
629.073242	1689.132935
627.856445	1522.121826
626.639648	1330.530273
625.421875	1399.954590
624.204102	1319.642212
622.986328	872.225220
621.768555	733.229126
620.549805	416.321533
619.331055	151.447006
618.111328	96.616333
616.892578	93.866096
