1721.000977	26.556328
1720.027344	82.575752
1719.052734	-162.046860
1718.078125	44.196064
1717.104492	177.742157
1716.128906	95.042763
1715.154297	-106.295052
1714.178711	-67.256775
1713.204102	114.642639
1712.228516	180.513809
1711.251953	-33.516354
1710.276367	69.598053
1709.299805	-68.621445
1708.324219	-35.752369
1707.347656	124.592178
1706.370117	89.868538
1705.393555	-42.524483
1704.416016	3.780302
1703.438477	-1.502288
1702.460938	-32.745464
1701.483398	-15.766494
1700.505859	-88.612823
1699.527344	-74.876617
1698.548828	48.412411
1697.570313	-109.653465
1696.591797	-58.496281
1695.612305	-74.024254
1694.632813	106.791306
1693.653320	113.732704
1692.673828	-40.317760
1691.694336	-26.110144
1690.713867	5.750175
1689.734375	14.482170
1688.753906	17.938013
1687.772461	92.613197
1686.791992	-171.852936
1685.810547	129.364105
1684.830078	106.794815
1683.848633	-140.032593
1682.866211	-45.611061
1681.884766	114.900711
1680.902344	127.614113
1679.919922	-20.080706
1678.937500	17.980150
1677.955078	-45.781986
1676.971680	-66.332451
1675.989258	-71.635315
1675.005859	-38.838837
1674.022461	44.763584
1673.038086	115.598732
1672.054688	54.289204
1671.070313	130.167786
1670.085938	-154.627502
1669.101563	233.605820
1668.117188	-28.217100
1667.131836	139.029984
1666.146484	-21.126453
1665.161133	59.841175
1664.175781	239.734619
1663.189453	89.888252
1662.204102	-4.060964
1661.217773	-219.621231
1660.231445	-95.424988
1659.245117	-34.578861
1658.257813	16.146166
1657.270508	-82.536438
1656.284180	-46.893143
1655.295898	-99.846664
1654.308594	120.676880
1653.321289	-172.579651
1652.333008	118.826851
1651.344727	-17.348619
1650.356445	-67.408676
1649.367188	130.418640
1648.378906	-104.072891
1647.389648	15.458333
1646.400391	-51.997456
1645.411133	22.132395
1644.420898	68.502357
1643.431641	-46.698711
1642.441406	62.931469
1641.451172	13.543283
1640.459961	204.008820
1639.469727	192.602844
1638.478516	37.454369
1637.487305	217.914261
1636.496094	32.699715
1635.504883	1.430217
1634.512695	60.978725
1633.520508	-65.931458
1632.528320	69.329651
1631.536133	-9.534782
1630.543945	352.468384
1629.550781	356.792145
1628.557617	242.847687
1627.564453	262.417969
1626.571289	299.654114
1625.578125	372.158386
1624.583984	517.629028
1623.589844	665.609375
1622.595703	670.256226
1621.601563	793.110168
1620.606445	752.580444
1619.611328	802.582153
1618.616211	842.562012
1617.621094	862.476501
1616.625977	827.178528
1615.629883	960.153748
1614.633789	864.679993
1613.637695	1025.282104
1612.641602	952.497559
1611.645508	962.567871
1610.648438	1123.151611
1609.651367	900.029419
1608.654297	1078.176147
1607.657227	892.819824
1606.659180	978.218628
1605.662109	833.106934
1604.664063	1086.375122
1603.666016	1249.399414
1602.666992	1194.521118
1601.668945	1174.744995
1600.669922	1187.526001
1599.670898	1165.286255
1598.671875	1193.110962
1597.671875	1178.406250
1596.672852	1178.735229
1595.672852	1136.561890
1594.672852	1089.416870
1593.671875	1117.270508
1592.671875	860.270081
1591.670898	1003.092651
1590.669922	651.312500
1589.668945	594.352173
1588.667969	619.807861
1587.666016	545.397522
1586.664063	503.462036
1585.662109	493.978668
1584.660156	297.402161
1583.658203	68.481308
1582.655273	131.385300
1581.652344	234.143692
1580.649414	436.552185
1579.646484	-28.983112
1578.642578	278.007874
1577.638672	14.435695
1576.634766	395.977997
1575.630859	189.733398
1574.626953	113.007553
1573.622070	334.951324
1572.618164	-45.379498
1571.613281	216.275848
1570.607422	171.858841
1569.602539	129.937149
1568.596680	152.646561
1567.590820	297.125549
1566.584961	173.123367
1565.579102	108.781921
1564.572266	-97.159859
1563.566406	94.351418
1562.559570	99.515984
1561.551758	94.714081
1560.544922	-86.327835
1559.537109	-61.360718
1558.530273	-9.128671
1557.521484	28.153646
1556.513672	10.842645
1555.505859	-170.133133
1554.497070	25.730013
1553.488281	0.903283
1552.479492	85.086601
1551.470703	-51.280815
1550.460938	-115.799744
1549.451172	-167.939194
1548.441406	-31.923922
1547.431641	-136.098770
1546.421875	-153.641586
1545.411133	-126.679474
1544.400391	-55.230968
1543.389648	231.328918
1542.378906	15.780468
1541.367188	77.166519
1540.355469	71.763649
1539.343750	165.179382
1538.332031	23.817162
1537.320313	-65.642197
1536.307617	-108.181244
1535.294922	-108.756538
1534.282227	112.807907
1533.269531	10.941063
1532.256836	29.995741
1531.243164	135.348770
1530.229492	-134.271606
1529.215820	91.847832
1528.202148	-71.690994
1527.187500	146.862778
1526.172852	-102.935295
1525.158203	177.078278
1524.143555	-80.061874
1523.127930	-34.200581
1522.113281	-54.855785
1521.097656	-48.455875
1520.082031	-2.701921
1519.065430	136.508514
1518.049805	-61.404804
1517.033203	72.795677
1516.016602	79.038918
1515.000000	114.763977
1513.982422	-124.871048
1512.965820	70.588997
1511.948242	-58.402596
1510.930664	-49.788803
1509.913086	61.959354
1508.894531	-20.356476
1507.875977	25.008299
1506.857422	183.246750
1505.838867	103.364464
1504.820313	239.409012
1503.800781	19.690842
1502.781250	62.465389
1501.761719	164.055649
1500.742188	-148.697800
1499.721680	-17.726694
1498.702148	88.686234
1497.681641	123.987335
1496.661133	-34.232941
1495.639648	64.722595
1494.618164	286.045990
1493.597656	-67.953514
1492.576172	11.350101
1491.553711	119.966415
1490.532227	116.017044
1489.509766	-22.460844
1488.487305	-41.066196
1487.464844	94.351181
1486.442383	-95.366127
1485.418945	208.607025
1484.395508	-237.593948
1483.372070	98.037590
1482.348633	-133.041519
1481.324219	124.289795
1480.300781	-67.631134
1479.276367	-130.127365
1478.251953	68.493065
1477.226563	184.081757
1476.202148	48.421265
1475.176758	-53.045799
1474.151367	113.716248
1473.125000	182.907654
1472.099609	147.303040
1471.073242	41.057034
1470.046875	137.048004
1469.020508	113.677071
1467.994141	192.593399
1466.966797	337.207245
1465.939453	204.316803
1464.912109	188.297791
1463.884766	191.763184
1462.856445	246.312775
1461.829102	152.527359
1460.800781	245.997406
1459.772461	203.324692
1458.743164	282.190063
1457.714844	533.562805
1456.685547	340.295319
1455.656250	555.150269
1454.625977	359.565430
1453.596680	598.645630
1452.566406	427.450348
1451.536133	227.233444
1450.505859	213.934906
1449.474609	125.464279
1448.444336	172.870331
1447.413086	273.613220
1446.381836	224.048111
1445.350586	215.732147
1444.318359	253.473389
1443.286133	165.257767
1442.253906	454.936279
1441.221680	122.203773
1440.189453	227.834061
1439.156250	406.053284
1438.123047	61.523926
1437.089844	205.891846
1436.056641	81.732628
1435.022461	30.199247
1433.988281	-161.516739
1432.954102	156.941452
1431.919922	-58.823318
1430.885742	-78.741409
1429.850586	111.547295
1428.815430	62.675514
1427.780273	-65.829140
1426.744141	44.756802
1425.708984	150.512558
1424.672852	-67.124916
1423.636719	-9.584703
1422.600586	255.414658
1421.563477	129.634827
1420.527344	-29.803415
1419.490234	56.740303
1418.452148	-109.791382
1417.415039	-247.290665
1416.376953	3.162316
1415.338867	-86.067986
1414.300781	-78.899445
1413.262695	22.197304
1412.224609	-93.347992
1411.185547	-69.235321
1410.146484	-124.495995
1409.107422	-129.180756
1408.067383	128.310257
1407.027344	-179.325867
1405.987305	-34.846985
1404.947266	51.923637
1403.907227	69.008408
1402.866211	-62.835423
1401.826172	208.942917
1400.785156	60.389259
1399.743164	60.781944
1398.702148	56.418533
1397.660156	114.481781
1396.618164	266.131104
1395.576172	350.584137
1394.533203	365.478241
1393.491211	397.194489
1392.448242	337.828094
1391.405273	678.783325
1390.361328	609.859802
1389.318359	885.996765
1388.274414	764.434326
1387.230469	949.482727
1386.186523	703.529480
1385.141602	864.635986
1384.097656	779.218750
1383.052734	949.878296
1382.007813	1127.674927
1380.961914	1099.741211
1379.916992	990.561829
1378.871094	941.219116
1377.825195	1080.748535
1376.778320	857.026184
1375.732422	709.889771
1374.685547	648.829163
1373.638672	623.646179
1372.591797	507.779999
1371.543945	613.977966
1370.497070	545.954224
1369.449219	477.983215
1368.400391	381.436646
1367.352539	428.066681
1366.303711	515.234680
1365.255859	273.416321
1364.206055	603.738525
1363.157227	521.710266
1362.108398	561.245911
1361.058594	529.328491
1360.008789	523.647034
1358.958984	503.708923
1357.908203	317.173004
1356.857422	475.820038
1355.806641	199.007050
1354.755859	355.281403
1353.705078	452.054810
1352.653320	227.802490
1351.601563	455.351044
1350.549805	357.209839
1349.498047	492.004303
1348.445313	220.505737
1347.393555	146.295258
1346.340820	176.618988
1345.287109	332.775330
1344.234375	-23.823664
1343.180664	44.540909
1342.126953	506.756927
1341.073242	273.752655
1340.019531	254.314728
1338.964844	163.763397
1337.910156	232.098770
1336.855469	58.671967
1335.799805	119.918541
1334.745117	112.458145
1333.689453	38.690731
1332.633789	28.907333
1331.578125	248.794006
1330.521484	16.492477
1329.464844	-90.270729
1328.408203	-17.158188
1327.351563	188.402893
1326.294922	3.666948
1325.237305	-8.378516
1324.179688	107.246872
1323.122070	73.936218
1322.064453	-70.406616
1321.005859	45.183491
1319.947266	44.999359
1318.888672	-26.017050
1317.830078	47.019577
1316.770508	9.090054
1315.710938	148.174667
1314.651367	84.303291
1313.591797	-276.746155
1312.531250	69.857758
1311.471680	-17.512913
1310.411133	57.809078
1309.349609	-50.732296
1308.289063	154.169525
1307.227539	57.444572
1306.166016	83.239090
1305.104492	257.375000
1304.042969	-194.784790
1302.980469	82.900894
1301.917969	-201.946091
1300.855469	68.569405
1299.792969	-86.774597
1298.729492	21.332041
1297.666016	-343.190002
1296.602539	16.449999
1295.539063	-131.696503
1294.474609	79.710968
1293.411133	-16.701775
1292.346680	65.416458
1291.281250	-96.708023
1290.216797	196.674622
1289.151367	119.086502
1288.085938	104.888763
1287.020508	-21.912960
1285.955078	175.022903
1284.888672	-0.992380
1283.822266	-62.050762
1282.755859	-5.883899
1281.689453	179.148651
1280.622070	200.083801
1279.554688	24.240728
1278.487305	0.700328
1277.419922	47.410686
1276.351563	-27.636164
1275.283203	267.134857
1274.214844	70.391556
1273.146484	367.345764
1272.077148	182.349869
1271.008789	-175.604004
1269.939453	-5.050148
1268.869141	85.949829
1267.799805	237.671249
1266.729492	274.835724
1265.659180	57.374809
1264.588867	176.291412
1263.517578	311.490753
1262.447266	-62.243977
1261.375977	138.287369
1260.304688	7.401175
1259.232422	81.847458
1258.161133	198.243378
1257.088867	230.636826
1256.016602	325.954559
1254.943359	237.095032
1253.871094	267.116882
1252.797852	306.435181
1251.724609	378.342010
1250.650391	310.485809
1249.577148	503.418427
1248.502930	240.035446
1247.428711	395.651398
1246.354492	320.859131
1245.279297	285.634338
1244.204102	282.981049
1243.128906	210.573166
1242.053711	310.214539
1240.977539	288.951172
1239.902344	235.169937
1238.826172	334.727386
1237.750000	462.109070
1236.672852	136.626617
1235.595703	472.926697
1234.518555	124.370758
1233.441406	221.507828
1232.364258	195.639832
1231.286133	102.510132
1230.208008	290.019287
1229.129883	261.825714
1228.051758	203.510605
1226.972656	-102.753868
1225.893555	31.338100
1224.814453	-80.173233
1223.734375	160.382324
1222.655273	127.617172
1221.575195	138.845139
1220.495117	-123.031258
1219.415039	22.455976
1218.333984	218.768097
1217.252930	-126.217789
1216.171875	44.607948
1215.090820	173.747498
1214.008789	85.559601
1212.926758	-58.047375
1211.844727	24.825253
1210.762695	-74.812500
1209.679688	-52.013962
1208.597656	-290.112152
1207.513672	-27.211828
1206.430664	-103.662796
1205.347656	78.339058
1204.263672	-48.846455
1203.179688	-28.370600
1202.095703	52.051060
1201.010742	-15.098594
1199.925781	-24.594873
1198.840820	-103.207054
1197.755859	-195.599915
1196.670898	122.023689
1195.584961	179.303894
1194.499023	-92.646980
1193.413086	19.910601
1192.326172	81.793556
1191.239258	191.971619
1190.152344	-114.218063
1189.065430	-153.505707
1187.978516	78.529839
1186.890625	-38.924358
1185.802734	-59.797066
1184.714844	105.454910
1183.625977	54.711075
1182.538086	157.876205
1181.449219	100.274498
1180.360352	129.940964
1179.270508	219.269791
1178.180664	271.857483
1177.090820	177.613373
1176.000977	179.751587
1174.911133	16.802536
1173.820313	87.766914
1172.729492	163.296783
1171.638672	376.293671
1170.547852	80.610291
1169.456055	217.964142
1168.364258	82.764023
1167.272461	231.528641
1166.179688	84.960884
1165.087891	348.106567
1163.995117	41.447502
1162.902344	496.651154
1161.808594	462.259308
1160.715820	574.231689
1159.622070	510.148834
1158.528320	411.826569
1157.433594	448.364288
1156.339844	277.027252
1155.245117	309.038666
1154.149414	448.361450
1153.054688	354.792023
1151.958984	233.883667
1150.863281	441.626892
1149.767578	473.630035
1148.671875	460.016205
1147.575195	640.244141
1146.478516	384.963501
1145.381836	496.775726
1144.285156	346.492310
1143.187500	369.433441
1142.089844	109.935059
1140.992188	290.077148
1139.894531	103.594986
1138.795898	74.265778
1137.697266	-100.683990
1136.598633	-114.001534
1135.499023	-188.722107
1134.400391	82.287842
1133.300781	78.067299
1132.201172	-55.711102
1131.100586	46.936913
1130.000977	51.852737
1128.900391	-188.567154
1127.799805	-142.701019
1126.698242	-292.124146
1125.596680	-175.863312
1124.495117	165.050949
1123.393555	131.417160
1122.291992	-76.875305
1121.189453	111.851166
1120.086914	189.389999
1118.984375	389.326813
1117.881836	405.589935
1116.778320	603.136292
1115.674805	381.471130
1114.571289	427.190735
1113.466797	330.226624
1112.363281	398.592468
1111.258789	349.225891
1110.153320	542.027832
1109.048828	422.525604
1107.943359	398.081573
1106.837891	299.024109
1105.732422	358.286255
1104.625977	498.898163
1103.520508	390.856598
1102.414063	181.185226
1101.306641	269.789734
1100.200195	85.086800
1099.092773	182.708420
1097.985352	167.413376
1096.877930	195.007721
1095.769531	66.890648
1094.661133	76.441025
1093.552734	-98.958992
1092.444336	16.601080
1091.335938	17.131325
1090.226563	85.270134
1089.117188	166.893372
1088.006836	-30.887938
1086.897461	300.728424
1085.787109	292.150696
1084.676758	301.580902
1083.566406	227.716537
1082.455078	102.113853
1081.343750	235.290268
1080.232422	377.392456
1079.121094	215.828827
1078.008789	306.132111
1076.896484	310.965240
1075.784180	221.395767
1074.671875	230.710907
1073.558594	161.381882
1072.445313	175.161377
1071.332031	179.937256
1070.217773	121.833916
1069.104492	90.674171
1067.990234	14.628580
1066.875977	55.245804
1065.760742	50.963657
1064.645508	-49.755135
1063.530273	100.621742
1062.415039	380.898071
1061.299805	60.509502
1060.183594	94.188622
1059.067383	-55.830284
1057.951172	156.940155
1056.833984	-6.519483
1055.716797	-11.023693
1054.599609	-93.875160
1053.482422	-53.676376
1052.364258	216.843185
1051.247070	111.536140
1050.128906	106.840927
1049.009766	-11.884098
1047.891602	108.519524
1046.772461	50.094528
1045.653320	78.769798
1044.533203	60.491432
1043.414063	-216.797699
1042.293945	122.055252
1041.173828	-36.935730
1040.052734	98.601089
1038.932617	42.207500
1037.811523	-92.264679
1036.689453	-34.983456
1035.568359	66.811920
1034.446289	-0.863846
1033.324219	-257.943787
1032.202148	-44.941486
1031.079102	132.274307
1029.957031	48.857346
1028.833984	23.297564
1027.709961	4.366430
1026.586914	-76.906044
1025.462891	-111.487190
1024.338867	-8.219821
1023.214844	-2.891859
1022.089844	-142.124283
1020.964844	-56.880836
1019.839844	-160.605652
1018.714844	-6.650093
1017.588867	76.096153
1016.462891	-145.463196
1015.336914	112.529495
1014.210938	-173.427444
1013.083984	-144.233627
1011.957031	151.095963
1010.830078	226.649536
1009.702148	-90.392548
1008.574219	200.082870
1007.446289	505.873016
1006.318359	1033.046631
1005.190430	1194.367676
1004.061523	1399.835938
1002.932617	1233.119385
1001.802734	683.395203
1000.673828	552.189392
999.543945	332.448547
998.414063	307.425171
997.283203	162.891068
996.153320	332.371643
995.022461	397.782928
993.891602	606.763489
992.759766	579.111328
991.628906	924.783142
990.497070	1290.094971
989.364258	1626.447632
988.232422	1638.023926
987.099609	2040.210938
985.966797	2517.166504
984.833984	2287.804199
983.700195	2596.680664
982.566406	2283.440430
981.432617	2298.780518
980.298828	2005.433350
979.164063	1769.433838
978.029297	1434.317383
976.894531	1249.064331
975.759766	1118.876099
974.624023	825.728821
973.488281	633.898438
972.352539	778.795288
971.215820	536.294006
970.080078	584.202698
968.943359	458.263397
967.805664	222.358139
966.668945	584.417664
965.531250	504.480621
964.393555	279.485840
963.254883	322.511719
962.117188	308.350067
960.978516	267.762817
959.839844	108.578781
958.700195	184.220123
957.561523	-7.930974
956.421875	365.902740
955.281250	292.069519
954.141602	305.916840
953.000977	740.581116
951.860352	554.726868
950.719727	414.904694
949.578125	347.362854
948.436523	511.944794
947.294922	420.193542
946.153320	350.312256
945.010742	230.049103
943.868164	17.875854
942.725586	83.573936
941.583008	330.713898
940.439453	138.155197
939.295898	35.259594
938.152344	26.337002
937.007813	19.538857
935.863281	86.968384
934.718750	-16.047762
933.574219	160.437225
932.428711	253.822815
931.283203	63.375645
930.137695	54.086590
928.992188	-125.408913
927.845703	76.819901
926.699219	34.685459
925.552734	-96.852463
924.405273	89.843971
923.257813	112.985245
922.110352	51.116215
920.962891	2.313013
919.814453	171.250641
918.666016	-14.783986
917.517578	49.549046
916.369141	44.192230
915.219727	-26.461573
914.070313	57.328861
912.920898	88.870392
911.770508	-51.378613
910.621094	41.005714
909.470703	-105.712410
908.319336	-22.089293
907.168945	-223.041763
906.017578	32.111462
904.866211	-162.264038
903.713867	199.101837
902.562500	56.861710
901.410156	190.217514
900.256836	82.742119
899.104492	-52.851330
897.951172	21.918585
896.797852	-130.921310
895.644531	-43.130119
894.490234	-154.690308
893.335938	-66.901215
892.181641	152.970322
891.027344	22.036331
889.872070	-104.486198
888.716797	72.046722
887.561523	42.999168
886.405273	9.670297
885.249023	-21.436571
884.092773	-225.445602
882.936523	-109.406738
881.779297	-114.397537
880.622070	-6.985116
879.464844	195.473984
878.307617	294.244293
877.149414	-10.712431
875.991211	111.921295
874.833008	16.609240
873.673828	102.633682
872.514648	98.099014
871.355469	-180.230209
870.196289	-59.491756
869.036133	-7.711686
867.875977	-20.518305
866.715820	184.372452
865.554688	260.012878
864.394531	184.976807
863.233398	41.170757
862.071289	209.630981
860.910156	307.110382
859.748047	178.738678
858.585938	153.781311
857.422852	303.127045
856.259766	211.720810
855.096680	109.729286
853.933594	199.162903
852.770508	170.510574
851.606445	219.317719
850.442383	341.243439
849.277344	239.950485
848.113281	312.708740
846.948242	89.419441
845.783203	78.774261
844.617188	344.967560
843.451172	197.298141
842.285156	28.404907
841.119141	63.366245
839.952148	-55.839966
838.785156	45.838249
837.618164	-201.516998
836.451172	118.887260
835.283203	160.968689
834.115234	138.977737
832.947266	140.701309
831.778320	200.346390
830.609375	330.715515
829.440430	268.732147
828.271484	25.220089
827.101563	109.019363
825.931641	118.158241
824.761719	411.616516
823.590820	271.509857
822.420898	-15.696034
821.250000	361.377380
820.078125	303.018616
818.907227	274.748871
817.735352	359.742218
816.562500	378.753723
815.390625	278.524078
814.217773	404.509247
813.044922	304.684113
811.872070	156.080215
810.698242	103.597084
809.524414	23.634571
808.350586	109.993431
807.176758	-150.523758
806.001953	119.250366
804.827148	-123.754189
803.651367	-34.578987
802.476563	-45.226257
801.300781	63.397049
800.125000	59.473770
798.948242	149.255463
797.772461	226.427628
796.595703	216.640701
795.417969	308.987579
794.241211	254.949371
793.063477	46.135986
791.885742	117.761559
790.707031	140.722336
789.529297	74.741844
788.350586	206.213898
787.170898	17.599585
785.992188	153.595810
784.812500	204.913223
783.632813	222.463211
782.452148	210.503372
781.272461	135.166504
780.091797	201.890320
778.911133	-44.582836
777.729492	147.321014
776.547852	34.574142
775.366211	-149.907104
774.184570	-10.567840
773.001953	-262.345917
771.819336	-23.426302
770.636719	-118.428368
769.453125	-179.456070
768.269531	-191.751770
767.085938	-161.689133
765.902344	-59.741539
764.717773	-126.618599
763.533203	-98.391701
762.348633	-99.626434
761.163086	-100.770828
759.977539	-203.064880
758.791992	4.718445
757.606445	159.776733
756.419922	-35.019920
755.233398	65.320168
754.046875	-32.345585
752.859375	228.112473
751.672852	-14.737204
750.485352	3.591167
749.296875	99.816002
748.108398	208.641006
746.919922	237.499176
745.731445	178.024612
744.542969	26.072023
743.353516	147.457947
742.164063	336.030151
740.973633	194.630417
739.783203	139.399307
738.592773	254.271332
737.402344	56.216072
736.211914	-24.242222
735.020508	241.558151
733.829102	104.339760
732.636719	101.371567
731.444336	282.876190
730.251953	212.623901
729.059570	240.836136
727.866211	-3.485968
726.673828	-36.188137
725.479492	35.752792
724.286133	319.049744
723.091797	97.528145
721.897461	53.897816
720.703125	-65.180016
719.507813	29.055281
718.312500	47.798454
717.117188	267.127075
715.921875	107.782967
714.725586	192.895828
713.529297	8.225941
712.332031	21.936272
711.135742	292.361298
709.938477	107.243172
708.740234	84.857491
707.542969	358.659485
706.344727	577.871521
705.146484	784.250610
703.948242	1040.372803
702.749023	1056.356689
701.549805	1228.460815
700.350586	762.486816
699.150391	704.913269
697.950195	776.295166
696.750000	203.843582
695.549805	270.676147
694.348633	306.010681
693.147461	465.967377
691.946289	246.913345
690.744141	304.397552
689.541992	351.218048
688.339844	297.976166
687.136719	485.661469
685.934570	392.462433
684.730469	683.466919
683.527344	473.483765
682.323242	340.220184
681.119141	514.101440
679.915039	316.124481
678.710938	292.369049
677.505859	303.704468
676.300781	238.101151
675.094727	-32.954823
673.889648	208.078369
672.683594	152.428299
671.476563	107.025917
670.270508	22.164963
669.063477	-60.695805
667.856445	82.123520
666.648438	117.139626
665.440430	38.242142
664.232422	-67.550278
663.024414	-13.993029
661.815430	-59.737888
660.606445	84.831184
659.397461	128.092102
658.188477	-78.675270
656.978516	55.741165
655.768555	-216.745316
654.557617	-84.086845
653.346680	-23.542589
652.135742	-177.474396
650.924805	-106.056694
649.712891	-61.164799
648.501953	29.477766
647.289063	-145.564972
646.077148	-179.830292
644.864258	-197.067642
643.651367	48.032967
642.438477	99.952782
641.224609	47.471882
640.010742	111.095650
638.796875	107.547241
637.582031	71.934814
636.367188	14.639157
635.152344	184.715820
633.937500	182.996613
632.721680	48.758854
631.505859	102.931000
630.289063	121.402229
629.073242	476.251587
627.856445	259.183868
626.639648	298.523376
625.421875	417.578094
624.204102	263.233765
622.986328	275.066956
621.768555	235.529083
620.549805	-54.226330
619.331055	-81.116486
618.111328	136.354156
616.892578	-98.987274
