1721.000977	69.517014
1720.027344	60.405357
1719.052734	-9.187526
1718.078125	167.738647
1717.104492	16.421810
1716.128906	-93.678947
1715.154297	81.066826
1714.178711	-51.773808
1713.204102	12.966150
1712.228516	-9.334917
1711.251953	22.286505
1710.276367	-56.104805
1709.299805	-95.949699
1708.324219	327.800598
1707.347656	162.680542
1706.370117	-120.019905
1705.393555	-8.418435
1704.416016	-40.055878
1703.438477	-7.645922
1702.460938	-108.144699
1701.483398	-113.922310
1700.505859	-119.622208
1699.527344	22.960194
1698.548828	203.874817
1697.570313	295.365143
1696.591797	154.450195
1695.612305	69.805824
1694.632813	89.919495
1693.653320	-323.857544
1692.673828	-204.060654
1691.694336	45.845188
1690.713867	-38.510368
1689.734375	157.757889
1688.753906	14.821613
1687.772461	-214.729050
1686.791992	384.202087
1685.810547	-49.160133
1684.830078	75.635986
1683.848633	101.026474
1682.866211	-130.820053
1681.884766	172.136185
1680.902344	156.743622
1679.919922	57.363468
1678.937500	19.086502
1677.955078	87.659843
1676.971680	-108.349976
1675.989258	-98.299202
1675.005859	260.022400
1674.022461	125.042931
1673.038086	216.258865
1672.054688	-43.209064
1671.070313	22.540977
1670.085938	207.601517
1669.101563	341.765289
1668.117188	168.653259
1667.131836	218.914536
1666.146484	365.544403
1665.161133	225.376907
1664.175781	402.296967
1663.189453	277.285919
1662.204102	-103.792046
1661.217773	392.336182
1660.231445	-163.606964
1659.245117	251.136841
1658.257813	351.488525
1657.270508	292.168945
1656.284180	73.297577
1655.295898	145.583237
1654.308594	-184.681229
1653.321289	-66.916466
1652.333008	40.597374
1651.344727	-79.674042
1650.356445	242.655151
1649.367188	59.029434
1648.378906	284.996948
1647.389648	359.127228
1646.400391	157.704819
1645.411133	287.283905
1644.420898	68.125366
1643.431641	447.559479
1642.441406	223.274597
1641.451172	347.389893
1640.459961	473.888885
1639.469727	125.883804
1638.478516	413.703369
1637.487305	497.021881
1636.496094	423.882263
1635.504883	411.214203
1634.512695	680.790283
1633.520508	559.544983
1632.528320	755.765625
1631.536133	483.262848
1630.543945	880.775208
1629.550781	915.417114
1628.557617	594.988708
1627.564453	1097.720947
1626.571289	986.129761
1625.578125	995.286011
1624.583984	1084.850830
1623.589844	1468.566284
1622.595703	1311.440796
1621.601563	1473.588257
1620.606445	1409.373047
1619.611328	1689.389038
1618.616211	1640.103760
1617.621094	1553.096191
1616.625977	1689.572266
1615.629883	1599.935059
1614.633789	1329.534912
1613.637695	1618.865112
1612.641602	1509.047363
1611.645508	1692.737183
1610.648438	1437.337646
1609.651367	1861.566528
1608.654297	1618.663330
1607.657227	1649.029419
1606.659180	2052.716309
1605.662109	1842.339111
1604.664063	1884.986084
1603.666016	2255.660645
1602.666992	2200.427979
1601.668945	2055.067627
1600.669922	1772.038574
1599.670898	1799.385864
1598.671875	1666.553955
1597.671875	1921.426147
1596.672852	1655.997437
1595.672852	1540.634888
1594.672852	1557.774048
1593.671875	1447.382202
1592.671875	1312.034790
1591.670898	991.817200
1590.669922	769.112671
1589.668945	1165.772217
1588.667969	698.388916
1587.666016	900.115662
1586.664063	859.655945
1585.662109	809.206543
1584.660156	534.239563
1583.658203	409.010345
1582.655273	622.908020
1581.652344	559.972168
1580.649414	277.704224
1579.646484	197.386932
1578.642578	341.294159
1577.638672	183.725250
1576.634766	272.759857
1575.630859	518.606445
1574.626953	92.213814
1573.622070	-217.056305
1572.618164	304.916840
1571.613281	271.863129
1570.607422	231.334839
1569.602539	-139.893021
1568.596680	115.538376
1567.590820	-121.305992
1566.584961	253.307755
1565.579102	-10.792722
1564.572266	122.662605
1563.566406	-34.492836
1562.559570	116.306946
1561.551758	-92.944366
1560.544922	25.557222
1559.537109	290.409058
1558.530273	-62.588871
1557.521484	23.579977
1556.513672	-41.527821
1555.505859	-49.564034
1554.497070	21.727871
1553.488281	-182.097244
1552.479492	3.217854
1551.470703	166.180359
1550.460938	54.144543
1549.451172	-35.530193
1548.441406	-206.842545
1547.431641	67.499802
1546.421875	166.046951
1545.411133	200.229507
1544.400391	-99.523109
1543.389648	-57.811195
1542.378906	-82.846428
1541.367188	-177.078949
1540.355469	87.158722
1539.343750	-9.464252
1538.332031	145.996658
1537.320313	-130.834351
1536.307617	281.483337
1535.294922	189.984116
1534.282227	-29.797724
1533.269531	177.527573
1532.256836	-69.208847
1531.243164	170.179932
1530.229492	14.882208
1529.215820	145.750580
1528.202148	126.223511
1527.187500	-78.132996
1526.172852	-149.273514
1525.158203	-313.958832
1524.143555	-165.672379
1523.127930	-56.820690
1522.113281	-245.875137
1521.097656	138.782043
1520.082031	-57.522930
1519.065430	78.495026
1518.049805	-257.829437
1517.033203	178.379700
1516.016602	-214.282166
1515.000000	162.849777
1513.982422	203.097946
1512.965820	-71.164711
1511.948242	-16.012754
1510.930664	176.752274
1509.913086	111.613411
1508.894531	110.391426
1507.875977	-178.000671
1506.857422	19.793133
1505.838867	70.330048
1504.820313	165.079330
1503.800781	-36.970013
1502.781250	26.000797
1501.761719	-33.582005
1500.742188	215.811325
1499.721680	-338.744080
1498.702148	172.944611
1497.681641	25.455040
1496.661133	326.333923
1495.639648	66.357819
1494.618164	-124.883797
1493.597656	107.518517
1492.576172	200.385315
1491.553711	-63.960621
1490.532227	168.488419
1489.509766	26.699919
1488.487305	295.842804
1487.464844	105.345009
1486.442383	142.312119
1485.418945	-23.500168
1484.395508	50.260281
1483.372070	-17.605673
1482.348633	-73.154602
1481.324219	183.904602
1480.300781	-186.408508
1479.276367	-31.785168
1478.251953	-179.715652
1477.226563	-27.461357
1476.202148	112.629364
1475.176758	308.805298
1474.151367	219.732040
1473.125000	33.257813
1472.099609	68.719063
1471.073242	72.552689
1470.046875	15.562510
1469.020508	-80.292664
1467.994141	4.152995
1466.966797	278.500061
1465.939453	190.165283
1464.912109	238.212814
1463.884766	220.626801
1462.856445	110.683868
1461.829102	-42.894630
1460.800781	545.187073
1459.772461	124.333412
1458.743164	585.893494
1457.714844	763.070435
1456.685547	403.377411
1455.656250	425.212494
1454.625977	850.175171
1453.596680	830.784180
1452.566406	486.223236
1451.536133	564.112732
1450.505859	717.251038
1449.474609	491.987915
1448.444336	351.784668
1447.413086	987.556091
1446.381836	512.916321
1445.350586	457.817963
1444.318359	368.876678
1443.286133	253.393906
1442.253906	782.275269
1441.221680	499.809296
1440.189453	265.948517
1439.156250	346.898804
1438.123047	585.173889
1437.089844	92.753784
1436.056641	369.815491
1435.022461	-23.079407
1433.988281	-86.913506
1432.954102	-44.294853
1431.919922	-45.134262
1430.885742	135.313705
1429.850586	23.421406
1428.815430	-93.194489
1427.780273	48.682137
1426.744141	-12.253925
1425.708984	91.043228
1424.672852	-34.914974
1423.636719	-83.553246
1422.600586	24.676540
1421.563477	36.438202
1420.527344	-4.781606
1419.490234	110.749840
1418.452148	88.895271
1417.415039	-29.265289
1416.376953	165.846924
1415.338867	144.154358
1414.300781	-24.369165
1413.262695	-74.798584
1412.224609	-101.085831
1411.185547	-96.039200
1410.146484	14.917730
1409.107422	8.006864
1408.067383	-217.720566
1407.027344	-106.678558
1405.987305	-111.026047
1404.947266	257.206879
1403.907227	-13.853550
1402.866211	181.303085
1401.826172	410.057953
1400.785156	148.862442
1399.743164	310.362457
1398.702148	563.059875
1397.660156	232.513916
1396.618164	792.304199
1395.576172	555.482666
1394.533203	515.450867
1393.491211	885.509094
1392.448242	1073.238403
1391.405273	1335.224121
1390.361328	1508.461548
1389.318359	1823.016479
1388.274414	1953.028809
1387.230469	1862.702881
1386.186523	2229.741211
1385.141602	2651.697754
1384.097656	2633.169189
1383.052734	2619.456055
1382.007813	2376.129639
1380.961914	2778.667969
1379.916992	2664.589600
1378.871094	2232.626709
1377.825195	2106.807617
1376.778320	1959.552124
1375.732422	1915.125977
1374.685547	1865.957520
1373.638672	1656.832520
1372.591797	1342.771973
1371.543945	1396.459351
1370.497070	1447.769775
1369.449219	1114.924561
1368.400391	1075.645752
1367.352539	1072.191406
1366.303711	1176.048340
1365.255859	1098.710815
1364.206055	1412.285889
1363.157227	1265.852783
1362.108398	1188.591309
1361.058594	1263.808472
1360.008789	1172.315308
1358.958984	1235.634888
1357.908203	1082.318359
1356.857422	1114.711792
1355.806641	1261.312866
1354.755859	758.449097
1353.705078	952.659180
1352.653320	683.119324
1351.601563	732.261780
1350.549805	890.726624
1349.498047	906.562195
1348.445313	1010.292725
1347.393555	603.327576
1346.340820	616.862000
1345.287109	618.520569
1344.234375	753.122864
1343.180664	443.885742
1342.126953	474.079071
1341.073242	518.503296
1340.019531	446.704956
1338.964844	436.585327
1337.910156	426.478790
1336.855469	307.359650
1335.799805	420.506256
1334.745117	36.118805
1333.689453	303.246521
1332.633789	189.008942
1331.578125	129.280792
1330.521484	322.846375
1329.464844	303.346710
1328.408203	369.037415
1327.351563	136.654617
1326.294922	-60.149544
1325.237305	15.040214
1324.179688	-231.295258
1323.122070	-217.540909
1322.064453	-10.026941
1321.005859	-100.273552
1319.947266	26.817307
1318.888672	123.159576
1317.830078	122.667213
1316.770508	23.034966
1315.710938	-43.514111
1314.651367	-69.921501
1313.591797	184.388901
1312.531250	40.026005
1311.471680	-373.052368
1310.411133	-50.479851
1309.349609	123.468140
1308.289063	-185.682205
1307.227539	-306.244171
1306.166016	58.433060
1305.104492	-168.086044
1304.042969	66.927063
1302.980469	87.642021
1301.917969	-150.499344
1300.855469	-23.866125
1299.792969	67.432396
1298.729492	243.347183
1297.666016	-326.129181
1296.602539	218.853058
1295.539063	-199.954056
1294.474609	107.451302
1293.411133	273.790497
1292.346680	134.733093
1291.281250	-44.185539
1290.216797	103.302765
1289.151367	1.932143
1288.085938	57.829941
1287.020508	228.666275
1285.955078	115.622986
1284.888672	-128.694397
1283.822266	220.261383
1282.755859	346.392914
1281.689453	-73.559364
1280.622070	530.553162
1279.554688	157.599945
1278.487305	-60.615978
1277.419922	306.634155
1276.351563	79.124016
1275.283203	350.234802
1274.214844	132.189453
1273.146484	384.472626
1272.077148	44.901031
1271.008789	135.762070
1269.939453	240.610779
1268.869141	181.799088
1267.799805	410.465851
1266.729492	167.092026
1265.659180	407.353638
1264.588867	311.235382
1263.517578	535.030762
1262.447266	588.345215
1261.375977	384.921661
1260.304688	328.598145
1259.232422	120.674088
1258.161133	321.006836
1257.088867	358.036621
1256.016602	315.800751
1254.943359	632.522522
1253.871094	583.283691
1252.797852	536.403625
1251.724609	526.827759
1250.650391	736.158325
1249.577148	642.760254
1248.502930	845.025269
1247.428711	670.218994
1246.354492	660.699219
1245.279297	676.781311
1244.204102	311.470947
1243.128906	211.403336
1242.053711	255.524124
1240.977539	845.799133
1239.902344	508.733398
1238.826172	425.043335
1237.750000	353.021729
1236.672852	60.448864
1235.595703	448.240509
1234.518555	473.801300
1233.441406	271.963654
1232.364258	109.675117
1231.286133	21.696669
1230.208008	337.287628
1229.129883	402.366302
1228.051758	365.448669
1226.972656	161.705872
1225.893555	-41.921219
1224.814453	99.716148
1223.734375	-22.708809
1222.655273	-15.381413
1221.575195	79.927284
1220.495117	78.015381
1219.415039	247.359726
1218.333984	-78.417137
1217.252930	-128.790665
1216.171875	-186.049637
1215.090820	165.942917
1214.008789	-90.084885
1212.926758	-36.319599
1211.844727	-102.684814
1210.762695	-261.385376
1209.679688	-184.445038
1208.597656	-220.632034
1207.513672	-164.457413
1206.430664	-182.118744
1205.347656	-65.921005
1204.263672	94.077019
1203.179688	173.317307
1202.095703	-79.475380
1201.010742	181.935165
1199.925781	173.607986
1198.840820	-120.407967
1197.755859	76.428421
1196.670898	-42.330032
1195.584961	126.824493
1194.499023	-155.291382
1193.413086	-20.648308
1192.326172	136.972534
1191.239258	-96.557686
1190.152344	-162.039734
1189.065430	-61.889614
1187.978516	148.607498
1186.890625	-31.727905
1185.802734	-46.489742
1184.714844	28.396160
1183.625977	172.183945
1182.538086	95.476471
1181.449219	76.229370
1180.360352	449.563324
1179.270508	262.763794
1178.180664	388.134979
1177.090820	4.207974
1176.000977	487.435730
1174.911133	376.587585
1173.820313	449.214752
1172.729492	411.822296
1171.638672	181.994019
1170.547852	495.258942
1169.456055	66.295303
1168.364258	347.441956
1167.272461	591.862671
1166.179688	318.893982
1165.087891	794.401001
1163.995117	713.754333
1162.902344	1237.048340
1161.808594	1144.953735
1160.715820	1144.389893
1159.622070	1146.131958
1158.528320	1211.891357
1157.433594	868.647217
1156.339844	667.221252
1155.245117	730.829895
1154.149414	394.841980
1153.054688	698.233154
1151.958984	440.052155
1150.863281	697.701538
1149.767578	316.489319
1148.671875	152.147354
1147.575195	104.190041
1146.478516	377.726807
1145.381836	19.800018
1144.285156	3.867983
1143.187500	-18.877153
1142.089844	-57.537041
1140.992188	234.039963
1139.894531	-207.609756
1138.795898	-105.028419
1137.697266	102.205605
1136.598633	-2.343995
1135.499023	-68.166710
1134.400391	-297.684357
1133.300781	59.521320
1132.201172	-28.964134
1131.100586	-208.313812
1130.000977	-10.385281
1128.900391	46.614799
1127.799805	119.496422
1126.698242	160.557205
1125.596680	110.800430
1124.495117	406.057190
1123.393555	249.629257
1122.291992	594.640625
1121.189453	805.676025
1120.086914	681.013916
1118.984375	724.172913
1117.881836	1030.235962
1116.778320	1315.762207
1115.674805	1272.647339
1114.571289	1154.802490
1113.466797	1279.306396
1112.363281	1079.998047
1111.258789	1027.893677
1110.153320	1371.831787
1109.048828	950.878296
1107.943359	706.533386
1106.837891	729.145752
1105.732422	1004.968079
1104.625977	530.161133
1103.520508	848.815857
1102.414063	751.559570
1101.306641	405.836151
1100.200195	374.182129
1099.092773	48.982368
1097.985352	611.085510
1096.877930	545.482361
1095.769531	254.235901
1094.661133	450.374329
1093.552734	465.964752
1092.444336	204.167953
1091.335938	307.672089
1090.226563	453.916748
1089.117188	5.166636
1088.006836	223.435547
1086.897461	133.000473
1085.787109	339.812134
1084.676758	643.299316
1083.566406	309.620911
1082.455078	153.821686
1081.343750	286.033722
1080.232422	566.597412
1079.121094	516.411743
1078.008789	556.130798
1076.896484	526.101624
1075.784180	590.422363
1074.671875	540.079895
1073.558594	732.300476
1072.445313	376.407745
1071.332031	673.997925
1070.217773	484.275665
1069.104492	503.306061
1067.990234	295.642212
1066.875977	359.443878
1065.760742	340.167450
1064.645508	-24.468552
1063.530273	39.167278
1062.415039	127.360672
1061.299805	448.483307
1060.183594	218.290070
1059.067383	245.699005
1057.951172	317.806396
1056.833984	210.704895
1055.716797	43.146667
1054.599609	16.560062
1053.482422	104.006248
1052.364258	79.491707
1051.247070	23.610756
1050.128906	244.887421
1049.009766	271.513550
1047.891602	195.257721
1046.772461	308.844757
1045.653320	326.248169
1044.533203	390.440887
1043.414063	358.522125
1042.293945	-35.084618
1041.173828	-138.497223
1040.052734	152.940521
1038.932617	348.244507
1037.811523	-16.396618
1036.689453	125.136826
1035.568359	-152.548889
1034.446289	131.378952
1033.324219	212.326508
1032.202148	130.521194
1031.079102	59.776970
1029.957031	-304.933807
1028.833984	-215.482208
1027.709961	-212.982819
1026.586914	-97.107193
1025.462891	-157.139008
1024.338867	116.350212
1023.214844	-257.439301
1022.089844	-90.989059
1020.964844	-151.423004
1019.839844	-207.497833
1018.714844	36.238766
1017.588867	-33.419617
1016.462891	327.608612
1015.336914	282.100098
1014.210938	65.597069
1013.083984	39.892857
1011.957031	149.407440
1010.830078	626.931213
1009.702148	589.657715
1008.574219	782.841248
1007.446289	1137.614136
1006.318359	2267.675049
1005.190430	3246.449463
1004.061523	3626.612549
1002.932617	2941.347412
1001.802734	1793.556152
1000.673828	770.120789
999.543945	399.820404
998.414063	604.783569
997.283203	533.027283
996.153320	268.799988
995.022461	555.061646
993.891602	571.400452
992.759766	556.651428
991.628906	422.491699
990.497070	621.786865
989.364258	862.810059
988.232422	876.198181
987.099609	779.074036
985.966797	1185.022949
984.833984	959.650330
983.700195	1314.369141
982.566406	1371.081299
981.432617	1048.410156
980.298828	1142.375610
979.164063	967.290527
978.029297	992.661011
976.894531	887.928955
975.759766	743.477722
974.624023	671.612061
973.488281	654.684448
972.352539	554.011841
971.215820	413.643097
970.080078	600.994385
968.943359	517.613770
967.805664	605.636475
966.668945	163.735306
965.531250	414.192230
964.393555	506.212372
963.254883	435.498444
962.117188	595.319763
960.978516	357.508667
959.839844	462.145721
958.700195	415.169830
957.561523	567.790710
956.421875	810.156494
955.281250	666.279907
954.141602	636.396729
953.000977	1086.492676
951.860352	1119.854248
950.719727	1126.801392
949.578125	861.977722
948.436523	851.234863
947.294922	825.070496
946.153320	498.898468
945.010742	330.348572
943.868164	448.431091
942.725586	382.600922
941.583008	307.957642
940.439453	497.830231
939.295898	357.414917
938.152344	238.834793
937.007813	19.690310
935.863281	213.463165
934.718750	241.069565
933.574219	-28.388718
932.428711	361.489502
931.283203	380.067200
930.137695	-16.040054
928.992188	-58.611149
927.845703	276.085144
926.699219	104.660187
925.552734	109.839142
924.405273	-37.633125
923.257813	350.966370
922.110352	107.534760
920.962891	484.922302
919.814453	463.567291
918.666016	394.278931
917.517578	298.858765
916.369141	-83.801750
915.219727	284.231812
914.070313	136.567703
912.920898	221.617050
911.770508	-228.242371
910.621094	145.879288
909.470703	-308.153900
908.319336	-75.485428
907.168945	37.610603
906.017578	81.131149
904.866211	148.501282
903.713867	35.655632
902.562500	315.654205
901.410156	155.083939
900.256836	-142.079330
899.104492	248.343567
897.951172	157.269775
896.797852	239.649887
895.644531	-48.557755
894.490234	174.669647
893.335938	-54.889149
892.181641	168.278915
891.027344	313.427185
889.872070	235.576675
888.716797	90.709221
887.561523	-395.890564
886.405273	-177.099945
885.249023	2.709323
884.092773	35.464439
882.936523	66.092621
881.779297	14.625074
880.622070	-58.366802
879.464844	272.657501
878.307617	37.800968
877.149414	148.544296
875.991211	13.239895
874.833008	29.131369
873.673828	135.691803
872.514648	-40.283264
871.355469	217.363815
870.196289	-46.771801
869.036133	282.052765
867.875977	255.244049
866.715820	28.180326
865.554688	266.567627
864.394531	474.816315
863.233398	392.409485
862.071289	460.809570
860.910156	580.955627
859.748047	344.003052
858.585938	513.818420
857.422852	350.338745
856.259766	520.311157
855.096680	211.002289
853.933594	353.255035
852.770508	390.304779
851.606445	517.678894
850.442383	207.051315
849.277344	96.367638
848.113281	-69.906937
846.948242	-6.347072
845.783203	-22.045084
844.617188	116.847237
843.451172	-85.135849
842.285156	495.687897
841.119141	47.541615
839.952148	-136.655762
838.785156	-119.202835
837.618164	196.146835
836.451172	-81.659195
835.283203	-153.637238
834.115234	209.112488
832.947266	47.586128
831.778320	-250.619034
830.609375	144.524979
829.440430	193.242615
828.271484	169.437943
827.101563	318.960541
825.931641	68.997559
824.761719	139.814148
823.590820	311.176178
822.420898	68.388206
821.250000	165.361404
820.078125	369.204834
818.907227	438.723724
817.735352	467.871002
816.562500	307.366821
815.390625	304.954468
814.217773	251.575943
813.044922	347.628387
811.872070	49.620060
810.698242	71.518852
809.524414	208.635101
808.350586	111.652512
807.176758	76.668739
806.001953	-92.189789
804.827148	26.516935
803.651367	-192.900940
802.476563	-216.314636
801.300781	228.304611
800.125000	-32.897312
798.948242	163.202484
797.772461	329.672241
796.595703	215.836670
795.417969	448.456818
794.241211	347.798737
793.063477	780.246399
791.885742	314.886963
790.707031	153.384644
789.529297	620.120850
788.350586	-60.625118
787.170898	349.071045
785.992188	400.495575
784.812500	712.776062
783.632813	406.356964
782.452148	362.953583
781.272461	571.803528
780.091797	496.984344
778.911133	445.669830
777.729492	91.891846
776.547852	254.757141
775.366211	89.809311
774.184570	-81.232414
773.001953	56.675617
771.819336	-329.587463
770.636719	-199.822327
769.453125	-133.356369
768.269531	-265.350311
767.085938	-67.663773
765.902344	-57.851757
764.717773	36.523937
763.533203	46.571186
762.348633	-48.761471
761.163086	31.159481
759.977539	-146.136871
758.791992	-70.214027
757.606445	-36.377758
756.419922	195.649963
755.233398	12.581007
754.046875	67.730431
752.859375	-239.299576
751.672852	146.625992
750.485352	302.994141
749.296875	299.408844
748.108398	148.612274
746.919922	309.270599
745.731445	589.784241
744.542969	157.448212
743.353516	389.606750
742.164063	377.911682
740.973633	76.304878
739.783203	-65.491669
738.592773	42.707405
737.402344	106.778870
736.211914	193.915909
735.020508	243.236176
733.829102	202.313049
732.636719	471.842316
731.444336	55.471565
730.251953	-92.355965
729.059570	107.806892
727.866211	87.804413
726.673828	-32.796204
725.479492	-147.102631
724.286133	77.840675
723.091797	22.072039
721.897461	41.618618
720.703125	58.994530
719.507813	168.341217
718.312500	-170.059753
717.117188	68.778801
715.921875	-56.362835
714.725586	-18.506954
713.529297	-91.523422
712.332031	-81.039772
711.135742	228.010498
709.938477	66.962906
708.740234	300.442474
707.542969	688.149780
706.344727	1140.236938
705.146484	1571.121582
703.948242	2247.789551
702.749023	2771.782471
701.549805	2100.851563
700.350586	1855.288086
699.150391	1151.283203
697.950195	857.874329
696.750000	387.440216
695.549805	443.895111
694.348633	304.505676
693.147461	38.088936
691.946289	194.060699
690.744141	120.997383
689.541992	22.882082
688.339844	315.597107
687.136719	358.591431
685.934570	297.542114
684.730469	66.019676
683.527344	162.722733
682.323242	595.723328
681.119141	289.256073
679.915039	410.469788
678.710938	228.557144
677.505859	160.781082
676.300781	277.598450
675.094727	89.457550
673.889648	-102.760010
672.683594	63.695801
671.476563	269.441162
670.270508	-107.084526
669.063477	-0.776504
667.856445	51.692623
666.648438	-17.955751
665.440430	123.651054
664.232422	62.499359
663.024414	47.025970
661.815430	93.766357
660.606445	-372.179260
659.397461	183.626160
658.188477	75.910088
656.978516	-124.472984
655.768555	150.707474
654.557617	35.712009
653.346680	-136.675232
652.135742	-141.351517
650.924805	-242.587387
649.712891	-91.547577
648.501953	-286.636383
647.289063	-229.438095
646.077148	79.919991
644.864258	-24.573557
643.651367	26.275993
642.438477	-82.850624
641.224609	-61.322697
640.010742	167.036041
638.796875	381.811554
637.582031	97.253288
636.367188	139.073898
635.152344	414.519135
633.937500	454.466125
632.721680	263.276123
631.505859	416.907074
630.289063	660.290588
629.073242	1036.587158
627.856445	684.910461
626.639648	953.382202
625.421875	671.072327
624.204102	405.137604
622.986328	551.833618
621.768555	101.274544
620.549805	149.636307
619.331055	237.173096
618.111328	25.618679
616.892578	-140.301483
