1721.000977	59.234970
1720.027344	-165.126999
1719.052734	169.982956
1718.078125	124.187141
1717.104492	333.966339
1716.128906	155.388046
1715.154297	93.941795
1714.178711	113.651848
1713.204102	-157.105530
1712.228516	63.428814
1711.251953	-29.507492
1710.276367	-61.655205
1709.299805	-66.366043
1708.324219	-230.489044
1707.347656	-300.515228
1706.370117	140.705139
1705.393555	-76.466560
1704.416016	99.826012
1703.438477	-115.854691
1702.460938	588.643738
1701.483398	307.994415
1700.505859	-80.376381
1699.527344	149.393677
1698.548828	-132.395691
1697.570313	229.277313
1696.591797	306.902618
1695.612305	118.518005
1694.632813	-139.073914
1693.653320	24.263269
1692.673828	-34.803398
1691.694336	-38.017666
1690.713867	-61.955673
1689.734375	153.621323
1688.753906	-329.832703
1687.772461	104.392578
1686.791992	-147.366669
1685.810547	135.871872
1684.830078	-77.973877
1683.848633	0.986783
1682.866211	72.071205
1681.884766	-165.072693
1680.902344	157.736435
1679.919922	177.417877
1678.937500	62.115749
1677.955078	308.001038
1676.971680	187.390900
1675.989258	257.502167
1675.005859	-41.182835
1674.022461	-311.848267
1673.038086	-10.690551
1672.054688	64.193619
1671.070313	141.503433
1670.085938	-12.368437
1669.101563	158.815918
1668.117188	-28.049704
1667.131836	450.117432
1666.146484	-218.943604
1665.161133	-63.160244
1664.175781	107.781960
1663.189453	-96.715073
1662.204102	-242.755188
1661.217773	125.857841
1660.231445	48.275341
1659.245117	297.630707
1658.257813	-213.147888
1657.270508	-199.363113
1656.284180	326.033508
1655.295898	104.286377
1654.308594	123.196991
1653.321289	13.075302
1652.333008	214.243027
1651.344727	213.009171
1650.356445	-392.651154
1649.367188	104.474106
1648.378906	-65.938538
1647.389648	-11.291843
1646.400391	-118.332809
1645.411133	161.307388
1644.420898	382.770020
1643.431641	-198.871628
1642.441406	204.518860
1641.451172	302.353455
1640.459961	92.269302
1639.469727	-82.286545
1638.478516	303.353729
1637.487305	343.347321
1636.496094	15.214170
1635.504883	196.602982
1634.512695	319.982819
1633.520508	360.221039
1632.528320	753.286316
1631.536133	224.237152
1630.543945	816.303833
1629.550781	360.611664
1628.557617	1315.062256
1627.564453	922.541748
1626.571289	1250.006714
1625.578125	1293.101196
1624.583984	1210.438843
1623.589844	1490.049316
1622.595703	1809.853638
1621.601563	1981.272827
1620.606445	2102.393555
1619.611328	2055.170410
1618.616211	2344.700439
1617.621094	2410.626953
1616.625977	2243.038574
1615.629883	1955.041748
1614.633789	1883.114014
1613.637695	1841.402710
1612.641602	1724.496582
1611.645508	1660.386353
1610.648438	1857.186646
1609.651367	1818.249268
1608.654297	2132.893311
1607.657227	2101.551270
1606.659180	2115.361084
1605.662109	2352.249512
1604.664063	2298.478760
1603.666016	2507.759766
1602.666992	2474.085693
1601.668945	2422.985352
1600.669922	2567.157959
1599.670898	2576.189453
1598.671875	1832.187622
1597.671875	2084.064697
1596.672852	1875.757935
1595.672852	1940.085327
1594.672852	1291.979736
1593.671875	1611.384521
1592.671875	1291.041626
1591.670898	958.351196
1590.669922	1075.425659
1589.668945	1322.341919
1588.667969	1341.993164
1587.666016	1087.065308
1586.664063	907.143616
1585.662109	143.476669
1584.660156	637.426575
1583.658203	522.652283
1582.655273	487.711243
1581.652344	447.828949
1580.649414	303.305023
1579.646484	552.599304
1578.642578	-72.714928
1577.638672	64.474472
1576.634766	89.564903
1575.630859	156.988922
1574.626953	107.409622
1573.622070	202.189651
1572.618164	197.444595
1571.613281	272.303192
1570.607422	235.182587
1569.602539	73.788116
1568.596680	-199.434814
1567.590820	126.528160
1566.584961	-24.788584
1565.579102	104.735306
1564.572266	117.431755
1563.566406	-75.974556
1562.559570	-420.787750
1561.551758	1.636180
1560.544922	136.006195
1559.537109	-96.969841
1558.530273	-14.719695
1557.521484	-116.112717
1556.513672	80.168663
1555.505859	-93.062759
1554.497070	-112.552673
1553.488281	177.775864
1552.479492	252.406860
1551.470703	-210.574081
1550.460938	-96.283562
1549.451172	-385.675842
1548.441406	43.045666
1547.431641	40.884682
1546.421875	63.481617
1545.411133	-42.619709
1544.400391	-361.416504
1543.389648	-202.744827
1542.378906	79.500725
1541.367188	-451.745239
1540.355469	181.383392
1539.343750	-216.211060
1538.332031	-55.278534
1537.320313	313.079437
1536.307617	-353.499207
1535.294922	64.125183
1534.282227	86.612839
1533.269531	313.936584
1532.256836	-228.688583
1531.243164	316.828674
1530.229492	-38.141556
1529.215820	613.150940
1528.202148	100.491608
1527.187500	-180.274155
1526.172852	-51.827065
1525.158203	2.657448
1524.143555	204.921921
1523.127930	158.335358
1522.113281	-159.046112
1521.097656	-79.973076
1520.082031	156.600327
1519.065430	-145.855148
1518.049805	462.146179
1517.033203	-46.845234
1516.016602	319.864929
1515.000000	-166.726761
1513.982422	17.940519
1512.965820	-279.124268
1511.948242	-197.682800
1510.930664	355.404449
1509.913086	274.599030
1508.894531	71.036133
1507.875977	98.347496
1506.857422	479.115784
1505.838867	-131.677902
1504.820313	339.787445
1503.800781	107.041779
1502.781250	232.470627
1501.761719	112.672340
1500.742188	29.714027
1499.721680	407.555542
1498.702148	79.572357
1497.681641	486.683502
1496.661133	141.692307
1495.639648	191.105667
1494.618164	137.691711
1493.597656	209.191101
1492.576172	486.230255
1491.553711	564.962463
1490.532227	653.500916
1489.509766	145.245758
1488.487305	263.207123
1487.464844	334.698303
1486.442383	-253.736923
1485.418945	59.791611
1484.395508	87.371994
1483.372070	224.891754
1482.348633	103.523590
1481.324219	621.907837
1480.300781	46.539730
1479.276367	423.238281
1478.251953	119.044411
1477.226563	295.575287
1476.202148	81.856941
1475.176758	107.212708
1474.151367	191.109131
1473.125000	-402.625519
1472.099609	127.389793
1471.073242	-10.384384
1470.046875	63.865875
1469.020508	-83.487534
1467.994141	348.763214
1466.966797	162.528763
1465.939453	95.673584
1464.912109	678.596924
1463.884766	662.850281
1462.856445	617.942261
1461.829102	560.975342
1460.800781	642.637634
1459.772461	651.394958
1458.743164	990.689514
1457.714844	899.857727
1456.685547	923.264038
1455.656250	1476.170776
1454.625977	984.758667
1453.596680	981.601807
1452.566406	949.346497
1451.536133	883.192139
1450.505859	824.401184
1449.474609	988.826599
1448.444336	874.385437
1447.413086	1084.916138
1446.381836	667.594116
1445.350586	863.662354
1444.318359	1062.110840
1443.286133	652.489990
1442.253906	819.542603
1441.221680	729.909790
1440.189453	296.611786
1439.156250	328.256134
1438.123047	362.381042
1437.089844	701.401123
1436.056641	-26.386213
1435.022461	477.134705
1433.988281	105.243950
1432.954102	159.035736
1431.919922	145.201965
1430.885742	22.715765
1429.850586	306.177551
1428.815430	140.351242
1427.780273	-32.575207
1426.744141	282.299591
1425.708984	-274.220306
1424.672852	339.956512
1423.636719	12.992024
1422.600586	-72.539215
1421.563477	-88.040131
1420.527344	-52.805271
1419.490234	194.609192
1418.452148	516.680359
1417.415039	397.757751
1416.376953	35.617622
1415.338867	143.385971
1414.300781	-117.245537
1413.262695	70.113983
1412.224609	-216.714935
1411.185547	-154.415741
1410.146484	-41.538742
1409.107422	-60.931400
1408.067383	-166.843369
1407.027344	104.877892
1405.987305	388.580170
1404.947266	210.783142
1403.907227	-132.665390
1402.866211	-257.284241
1401.826172	209.124756
1400.785156	317.582550
1399.743164	104.335609
1398.702148	472.171326
1397.660156	515.931519
1396.618164	478.173859
1395.576172	1323.285156
1394.533203	1316.692383
1393.491211	1324.592407
1392.448242	1481.183228
1391.405273	1839.115601
1390.361328	1796.782104
1389.318359	1716.233887
1388.274414	2660.943115
1387.230469	2980.306641
1386.186523	3323.558594
1385.141602	3367.513428
1384.097656	3342.151367
1383.052734	3553.730469
1382.007813	3748.561035
1380.961914	3919.446289
1379.916992	3451.935547
1378.871094	3596.682373
1377.825195	3576.527588
1376.778320	2959.052490
1375.732422	2540.235107
1374.685547	2716.405518
1373.638672	2816.166016
1372.591797	2166.282227
1371.543945	1834.209839
1370.497070	2025.020508
1369.449219	1631.248047
1368.400391	1242.474365
1367.352539	1383.426514
1366.303711	1645.990234
1365.255859	1238.650269
1364.206055	1541.784668
1363.157227	1477.920898
1362.108398	1352.222656
1361.058594	1788.759888
1360.008789	1551.258911
1358.958984	1840.106079
1357.908203	1709.949829
1356.857422	1501.391235
1355.806641	1533.312500
1354.755859	1336.928223
1353.705078	1525.987915
1352.653320	1227.581909
1351.601563	946.017822
1350.549805	747.837952
1349.498047	996.549805
1348.445313	1349.747925
1347.393555	933.312256
1346.340820	847.194153
1345.287109	780.162842
1344.234375	426.039307
1343.180664	722.369019
1342.126953	930.853210
1341.073242	539.167114
1340.019531	591.216492
1338.964844	690.721619
1337.910156	162.043381
1336.855469	216.704788
1335.799805	553.375427
1334.745117	205.324036
1333.689453	110.913795
1332.633789	92.388138
1331.578125	220.727020
1330.521484	50.811333
1329.464844	254.950668
1328.408203	-115.875061
1327.351563	-167.131210
1326.294922	-353.103516
1325.237305	-167.727112
1324.179688	-24.915476
1323.122070	-272.071503
1322.064453	-48.832428
1321.005859	-24.086329
1319.947266	-266.188324
1318.888672	124.736000
1317.830078	45.732964
1316.770508	113.153076
1315.710938	-60.101273
1314.651367	-134.128326
1313.591797	11.305737
1312.531250	-409.276459
1311.471680	-226.000000
1310.411133	-389.287689
1309.349609	-76.389938
1308.289063	-293.717346
1307.227539	-343.649445
1306.166016	-332.272644
1305.104492	183.072540
1304.042969	53.190247
1302.980469	175.248199
1301.917969	-163.918472
1300.855469	-114.693176
1299.792969	113.329750
1298.729492	-258.384857
1297.666016	202.423676
1296.602539	-206.659317
1295.539063	-56.177372
1294.474609	63.725174
1293.411133	-131.141296
1292.346680	115.650063
1291.281250	-48.549633
1290.216797	-193.836563
1289.151367	236.005508
1288.085938	233.939850
1287.020508	-169.252838
1285.955078	248.711990
1284.888672	143.585037
1283.822266	69.028603
1282.755859	409.436646
1281.689453	222.453125
1280.622070	133.985153
1279.554688	483.636261
1278.487305	397.577789
1277.419922	203.887207
1276.351563	178.854721
1275.283203	188.982071
1274.214844	407.393707
1273.146484	506.444489
1272.077148	348.194305
1271.008789	267.228821
1269.939453	731.051147
1268.869141	222.348328
1267.799805	576.221436
1266.729492	322.505890
1265.659180	227.777283
1264.588867	112.105362
1263.517578	145.933151
1262.447266	238.150314
1261.375977	220.659119
1260.304688	324.538849
1259.232422	274.428040
1258.161133	429.622253
1257.088867	358.586609
1256.016602	658.283020
1254.943359	869.291565
1253.871094	660.817749
1252.797852	1006.916748
1251.724609	649.476135
1250.650391	1549.697266
1249.577148	985.140808
1248.502930	977.159058
1247.428711	1343.877808
1246.354492	954.300476
1245.279297	946.394043
1244.204102	915.260742
1243.128906	802.782898
1242.053711	660.159119
1240.977539	278.227753
1239.902344	830.580139
1238.826172	-166.790176
1237.750000	520.156372
1236.672852	449.820618
1235.595703	446.863220
1234.518555	597.115601
1233.441406	726.432739
1232.364258	238.591415
1231.286133	555.836426
1230.208008	225.960983
1229.129883	371.538788
1228.051758	199.506805
1226.972656	641.680237
1225.893555	425.660767
1224.814453	38.334633
1223.734375	315.856903
1222.655273	567.814209
1221.575195	-99.361633
1220.495117	2.153707
1219.415039	-19.003630
1218.333984	251.341095
1217.252930	227.840210
1216.171875	-237.303711
1215.090820	284.936096
1214.008789	25.703194
1212.926758	-73.955643
1211.844727	-263.665985
1210.762695	-122.979172
1209.679688	17.642937
1208.597656	-68.041702
1207.513672	-186.022949
1206.430664	-163.155853
1205.347656	-64.156151
1204.263672	-66.704407
1203.179688	179.828018
1202.095703	179.542084
1201.010742	259.929138
1199.925781	660.641235
1198.840820	236.267593
1197.755859	417.956024
1196.670898	-144.364349
1195.584961	417.262695
1194.499023	133.742966
1193.413086	66.700890
1192.326172	98.627846
1191.239258	-5.203172
1190.152344	-274.597473
1189.065430	428.866150
1187.978516	49.128510
1186.890625	-376.432312
1185.802734	71.472282
1184.714844	84.927551
1183.625977	47.819420
1182.538086	65.854538
1181.449219	274.430389
1180.360352	377.312073
1179.270508	436.518311
1178.180664	839.872742
1177.090820	788.816101
1176.000977	662.085999
1174.911133	861.005859
1173.820313	592.141357
1172.729492	641.972290
1171.638672	391.579987
1170.547852	445.983276
1169.456055	699.607056
1168.364258	295.884247
1167.272461	320.446991
1166.179688	715.778687
1165.087891	678.414124
1163.995117	1162.684204
1162.902344	1408.826538
1161.808594	1805.758179
1160.715820	2154.490479
1159.622070	1805.834595
1158.528320	2165.782227
1157.433594	1559.023682
1156.339844	1347.722778
1155.245117	1104.499146
1154.149414	856.781677
1153.054688	1054.312256
1151.958984	455.175415
1150.863281	538.546326
1149.767578	708.537537
1148.671875	522.612854
1147.575195	359.532806
1146.478516	36.906281
1145.381836	211.275330
1144.285156	326.279663
1143.187500	361.445282
1142.089844	173.338089
1140.992188	-19.277184
1139.894531	-125.327232
1138.795898	-40.180790
1137.697266	53.993797
1136.598633	-204.577850
1135.499023	-347.080963
1134.400391	-43.804199
1133.300781	-74.953072
1132.201172	125.729958
1131.100586	103.539970
1130.000977	335.809631
1128.900391	-31.803598
1127.799805	-65.444389
1126.698242	-403.403778
1125.596680	187.228271
1124.495117	112.540596
1123.393555	-46.127995
1122.291992	473.537872
1121.189453	986.098572
1120.086914	1013.104797
1118.984375	1454.918945
1117.881836	1771.813232
1116.778320	1680.593994
1115.674805	2065.128662
1114.571289	2195.740234
1113.466797	1667.226929
1112.363281	1806.797852
1111.258789	1378.073608
1110.153320	1651.002441
1109.048828	1853.613647
1107.943359	1651.152954
1106.837891	1604.753662
1105.732422	1494.996582
1104.625977	985.093750
1103.520508	1171.438354
1102.414063	887.634766
1101.306641	807.173950
1100.200195	469.222900
1099.092773	537.764648
1097.985352	888.374268
1096.877930	563.921814
1095.769531	550.903748
1094.661133	889.735291
1093.552734	168.278549
1092.444336	529.419189
1091.335938	599.495911
1090.226563	2.278283
1089.117188	369.697510
1088.006836	380.886292
1086.897461	770.392090
1085.787109	443.520599
1084.676758	780.855530
1083.566406	825.329285
1082.455078	887.672058
1081.343750	1033.135620
1080.232422	825.289429
1079.121094	1154.905518
1078.008789	641.135803
1076.896484	1228.923706
1075.784180	1014.053467
1074.671875	790.187988
1073.558594	743.759766
1072.445313	789.322327
1071.332031	805.565918
1070.217773	691.477600
1069.104492	716.494080
1067.990234	458.652893
1066.875977	819.957092
1065.760742	180.702026
1064.645508	70.785408
1063.530273	483.128082
1062.415039	437.955658
1061.299805	117.079567
1060.183594	210.646286
1059.067383	12.890029
1057.951172	133.071518
1056.833984	-24.545837
1055.716797	-240.403320
1054.599609	38.232502
1053.482422	198.052124
1052.364258	382.256073
1051.247070	132.448288
1050.128906	542.128296
1049.009766	-239.861252
1047.891602	113.588043
1046.772461	-44.891960
1045.653320	73.539726
1044.533203	403.911163
1043.414063	267.402008
1042.293945	237.940201
1041.173828	-3.648399
1040.052734	256.714691
1038.932617	-118.879791
1037.811523	-229.082809
1036.689453	-317.098511
1035.568359	-12.874445
1034.446289	393.558868
1033.324219	-131.659317
1032.202148	-193.455353
1031.079102	-221.978058
1029.957031	103.408241
1028.833984	-165.867020
1027.709961	-108.035149
1026.586914	310.094971
1025.462891	120.581078
1024.338867	131.161179
1023.214844	74.885651
1022.089844	-154.926285
1020.964844	-55.852600
1019.839844	-252.499084
1018.714844	132.825394
1017.588867	-130.724396
1016.462891	-132.288315
1015.336914	112.414673
1014.210938	-33.771858
1013.083984	356.923737
1011.957031	-86.848793
1010.830078	476.379242
1009.702148	495.902618
1008.574219	881.059082
1007.446289	1669.278320
1006.318359	3429.779053
1005.190430	4513.616211
1004.061523	5191.459473
1002.932617	3875.869141
1001.802734	2423.444580
1000.673828	1440.793335
999.543945	259.257324
998.414063	75.890511
997.283203	195.467239
996.153320	376.775665
995.022461	-41.319473
993.891602	37.959053
992.759766	-2.306111
991.628906	352.795349
990.497070	464.588348
989.364258	485.616119
988.232422	340.922607
987.099609	193.914215
985.966797	576.462952
984.833984	429.175110
983.700195	427.367065
982.566406	394.540283
981.432617	500.484680
980.298828	310.861389
979.164063	678.720886
978.029297	299.350464
976.894531	508.157318
975.759766	478.880920
974.624023	310.743439
973.488281	303.239655
972.352539	478.265320
971.215820	683.851074
970.080078	191.908295
968.943359	529.156982
967.805664	505.496704
966.668945	404.800507
965.531250	347.952057
964.393555	572.248047
963.254883	473.371155
962.117188	877.375000
960.978516	679.416016
959.839844	545.088562
958.700195	724.520203
957.561523	576.839844
956.421875	1179.336182
955.281250	1498.487427
954.141602	1620.063843
953.000977	1228.474731
951.860352	1207.350342
950.719727	1617.794556
949.578125	1072.774536
948.436523	1134.588867
947.294922	1163.423462
946.153320	780.585205
945.010742	553.197571
943.868164	152.950211
942.725586	378.470551
941.583008	299.780609
940.439453	87.628716
939.295898	-54.552799
938.152344	-41.569962
937.007813	316.556061
935.863281	189.445358
934.718750	595.252991
933.574219	360.993378
932.428711	194.426620
931.283203	-79.080742
930.137695	18.435083
928.992188	-115.401917
927.845703	36.461311
926.699219	194.743195
925.552734	43.321720
924.405273	53.187500
923.257813	76.078674
922.110352	-10.013360
920.962891	-8.979981
919.814453	70.380409
918.666016	-4.900845
917.517578	170.132629
916.369141	299.359100
915.219727	219.620911
914.070313	102.922211
912.920898	-287.737549
911.770508	206.593491
910.621094	411.627350
909.470703	179.748688
908.319336	-488.742065
907.168945	39.913982
906.017578	-150.484238
904.866211	80.399590
903.713867	152.708984
902.562500	418.159851
901.410156	-71.518997
900.256836	-300.694916
899.104492	127.359581
897.951172	-205.763138
896.797852	-103.023697
895.644531	-247.336380
894.490234	-109.920486
893.335938	-72.158623
892.181641	-164.300995
891.027344	-239.023575
889.872070	-110.221191
888.716797	265.281952
887.561523	-166.319000
886.405273	10.128219
885.249023	171.428131
884.092773	174.900848
882.936523	-294.922577
881.779297	-168.030167
880.622070	15.061955
879.464844	405.517639
878.307617	96.207726
877.149414	48.355480
875.991211	-163.422806
874.833008	186.083511
873.673828	231.301086
872.514648	-131.060379
871.355469	214.194077
870.196289	-216.752304
869.036133	44.515789
867.875977	129.078583
866.715820	-25.415913
865.554688	35.670559
864.394531	167.954697
863.233398	362.729187
862.071289	467.134460
860.910156	343.548065
859.748047	773.079773
858.585938	552.972595
857.422852	902.974792
856.259766	752.032227
855.096680	609.925232
853.933594	642.117798
852.770508	425.241791
851.606445	167.807785
850.442383	518.405090
849.277344	366.606934
848.113281	221.525208
846.948242	-84.274300
845.783203	-104.394684
844.617188	343.265167
843.451172	-345.656128
842.285156	155.839920
841.119141	123.583771
839.952148	192.235550
838.785156	284.632111
837.618164	49.470814
836.451172	56.609165
835.283203	-98.772751
834.115234	11.543641
832.947266	-226.791473
831.778320	174.882767
830.609375	-189.161194
829.440430	375.277313
828.271484	-50.198776
827.101563	191.610901
825.931641	162.137726
824.761719	502.515594
823.590820	-62.707214
822.420898	670.942139
821.250000	749.024048
820.078125	861.434387
818.907227	404.273254
817.735352	771.051208
816.562500	839.261414
815.390625	824.521973
814.217773	300.469269
813.044922	284.179718
811.872070	696.453979
810.698242	-122.654793
809.524414	-176.489182
808.350586	398.122162
807.176758	-138.622223
806.001953	187.131943
804.827148	206.532959
803.651367	272.943085
802.476563	152.396378
801.300781	-297.487091
800.125000	203.377090
798.948242	519.300720
797.772461	157.448471
796.595703	146.507935
795.417969	248.352661
794.241211	596.704407
793.063477	596.927246
791.885742	644.056458
790.707031	362.454834
789.529297	772.810913
788.350586	445.067841
787.170898	929.812988
785.992188	623.791992
784.812500	510.971985
783.632813	644.202454
782.452148	864.405090
781.272461	673.815796
780.091797	705.824524
778.911133	511.482513
777.729492	283.532013
776.547852	993.246399
775.366211	304.457306
774.184570	261.226807
773.001953	459.219055
771.819336	-88.969490
770.636719	-142.187286
769.453125	-140.305283
768.269531	64.518349
767.085938	-267.069122
765.902344	-152.838547
764.717773	-154.652954
763.533203	-247.097229
762.348633	-35.536236
761.163086	159.147446
759.977539	121.848808
758.791992	-56.601948
757.606445	277.379211
756.419922	-10.445712
755.233398	228.708206
754.046875	-111.473625
752.859375	332.013000
751.672852	288.985260
750.485352	427.059204
749.296875	655.603699
748.108398	820.965637
746.919922	308.947357
745.731445	461.769104
744.542969	284.440369
743.353516	512.910767
742.164063	224.300323
740.973633	290.906372
739.783203	25.591124
738.592773	382.024231
737.402344	39.113728
736.211914	229.521576
735.020508	667.439941
733.829102	1165.969727
732.636719	800.013977
731.444336	543.236267
730.251953	-277.446930
729.059570	407.212891
727.866211	433.463135
726.673828	-210.788452
725.479492	52.156265
724.286133	170.417801
723.091797	104.301376
721.897461	-45.586414
720.703125	32.613766
719.507813	77.205154
718.312500	-24.732050
717.117188	-86.978287
715.921875	122.494926
714.725586	-146.887100
713.529297	108.266014
712.332031	-121.502647
711.135742	250.286331
709.938477	611.338745
708.740234	368.767273
707.542969	850.471130
706.344727	1751.254639
705.146484	2136.218994
703.948242	3743.123535
702.749023	3670.557861
701.549805	3408.222412
700.350586	2626.948730
699.150391	1750.089966
697.950195	1373.540039
696.750000	736.749878
695.549805	510.389893
694.348633	96.702278
693.147461	-454.212250
691.946289	0.096473
690.744141	362.603577
689.541992	313.115692
688.339844	348.882629
687.136719	137.241760
685.934570	156.412201
684.730469	150.637314
683.527344	300.715729
682.323242	130.935425
681.119141	42.290249
679.915039	34.733063
678.710938	336.518799
677.505859	140.322937
676.300781	444.296600
675.094727	198.731735
673.889648	287.311584
672.683594	-79.952324
671.476563	-189.811310
670.270508	-36.180172
669.063477	-79.080170
667.856445	102.059807
666.648438	266.947266
665.440430	527.410400
664.232422	-136.792252
663.024414	358.435852
661.815430	78.331215
660.606445	-93.494156
659.397461	196.464874
658.188477	203.824997
656.978516	54.896259
655.768555	113.457855
654.557617	-227.834061
653.346680	-175.673096
652.135742	-184.465530
650.924805	142.181900
649.712891	-132.724808
648.501953	47.568058
647.289063	-49.372482
646.077148	-318.111877
644.864258	-129.681000
643.651367	49.886795
642.438477	210.380508
641.224609	49.085922
640.010742	-38.246616
638.796875	428.193848
637.582031	727.622375
636.367188	310.741119
635.152344	412.731598
633.937500	918.138306
632.721680	833.464783
631.505859	679.433777
630.289063	1403.897339
629.073242	1300.531860
627.856445	1639.897705
626.639648	1986.305176
625.421875	1779.282593
624.204102	1573.695557
622.986328	992.003540
621.768555	1169.503052
620.549805	616.316467
619.331055	502.295258
618.111328	107.544106
616.892578	-14.095059
