1721.000977	-24.035709
1720.027344	193.411758
1719.052734	-66.868202
1718.078125	-32.232452
1717.104492	438.253937
1716.128906	192.696686
1715.154297	270.117645
1714.178711	49.868248
1713.204102	167.845413
1712.228516	65.155167
1711.251953	397.827606
1710.276367	64.186089
1709.299805	17.299774
1708.324219	305.691620
1707.347656	-140.943329
1706.370117	-265.105042
1705.393555	-43.910671
1704.416016	-168.369766
1703.438477	83.061607
1702.460938	-105.610817
1701.483398	-271.338470
1700.505859	-53.707695
1699.527344	94.671677
1698.548828	-89.308823
1697.570313	155.836319
1696.591797	-115.163422
1695.612305	139.838974
1694.632813	-13.856806
1693.653320	79.995911
1692.673828	25.694485
1691.694336	-49.094727
1690.713867	39.285938
1689.734375	119.916168
1688.753906	129.005310
1687.772461	-364.232147
1686.791992	-87.585518
1685.810547	102.204559
1684.830078	256.204254
1683.848633	252.117798
1682.866211	-195.176682
1681.884766	187.717102
1680.902344	-190.766754
1679.919922	275.813507
1678.937500	-184.066528
1677.955078	78.695534
1676.971680	-108.924446
1675.989258	54.444374
1675.005859	235.471451
1674.022461	177.447876
1673.038086	-160.166550
1672.054688	-88.575294
1671.070313	79.456993
1670.085938	221.992706
1669.101563	-161.184784
1668.117188	128.532043
1667.131836	100.801666
1666.146484	-266.985596
1665.161133	118.884995
1664.175781	68.282440
1663.189453	344.810242
1662.204102	73.555588
1661.217773	200.370117
1660.231445	45.792316
1659.245117	104.118599
1658.257813	273.856506
1657.270508	-95.994713
1656.284180	38.271137
1655.295898	-184.568527
1654.308594	96.441917
1653.321289	-136.420670
1652.333008	-65.582581
1651.344727	258.197296
1650.356445	485.734528
1649.367188	121.438637
1648.378906	40.478035
1647.389648	161.737137
1646.400391	103.525162
1645.411133	73.135979
1644.420898	502.479065
1643.431641	174.021271
1642.441406	22.430218
1641.451172	322.790283
1640.459961	471.573395
1639.469727	110.597664
1638.478516	279.565948
1637.487305	281.997955
1636.496094	377.749756
1635.504883	503.730194
1634.512695	319.586945
1633.520508	642.107056
1632.528320	536.150513
1631.536133	321.928741
1630.543945	679.553528
1629.550781	460.358154
1628.557617	986.490784
1627.564453	807.631592
1626.571289	1202.644165
1625.578125	1127.005615
1624.583984	1038.812744
1623.589844	1305.291748
1622.595703	1478.644043
1621.601563	1325.125977
1620.606445	1696.973145
1619.611328	1824.932983
1618.616211	2053.353271
1617.621094	1673.830322
1616.625977	1738.993042
1615.629883	1801.610474
1614.633789	1668.421997
1613.637695	1683.385010
1612.641602	1454.968262
1611.645508	1966.738403
1610.648438	1424.851440
1609.651367	1582.853027
1608.654297	1705.710205
1607.657227	1926.296021
1606.659180	1993.915161
1605.662109	1956.320435
1604.664063	1956.316040
1603.666016	2234.335938
1602.666992	2033.973877
1601.668945	2314.412109
1600.669922	2319.406250
1599.670898	1871.484009
1598.671875	1834.082886
1597.671875	1699.144409
1596.672852	1329.231445
1595.672852	1544.550903
1594.672852	1272.339355
1593.671875	1245.173096
1592.671875	1462.948730
1591.670898	1293.402588
1590.669922	774.273315
1589.668945	692.396729
1588.667969	860.245667
1587.666016	880.752014
1586.664063	731.573975
1585.662109	959.244812
1584.660156	605.606384
1583.658203	606.299438
1582.655273	405.017792
1581.652344	555.360840
1580.649414	95.006340
1579.646484	414.858704
1578.642578	338.438110
1577.638672	244.640610
1576.634766	235.581543
1575.630859	298.759003
1574.626953	-36.360107
1573.622070	357.894989
1572.618164	174.745468
1571.613281	247.917679
1570.607422	40.001610
1569.602539	78.411636
1568.596680	196.368423
1567.590820	28.447304
1566.584961	-20.085989
1565.579102	-115.780205
1564.572266	-22.636082
1563.566406	-100.849113
1562.559570	-49.901283
1561.551758	-43.659573
1560.544922	32.129513
1559.537109	-175.002106
1558.530273	10.005562
1557.521484	-333.429230
1556.513672	-113.712852
1555.505859	-40.347717
1554.497070	-53.769711
1553.488281	148.465134
1552.479492	-58.207527
1551.470703	285.212402
1550.460938	-126.947121
1549.451172	82.658119
1548.441406	205.549713
1547.431641	-57.725361
1546.421875	141.924805
1545.411133	128.711212
1544.400391	-334.688171
1543.389648	-276.011505
1542.378906	76.922989
1541.367188	-101.802460
1540.355469	-312.552979
1539.343750	156.378571
1538.332031	-111.099464
1537.320313	-158.594406
1536.307617	-35.660477
1535.294922	-243.598587
1534.282227	37.351154
1533.269531	-177.856033
1532.256836	1.860048
1531.243164	211.115295
1530.229492	383.315643
1529.215820	294.088165
1528.202148	-53.940029
1527.187500	34.477974
1526.172852	172.181534
1525.158203	90.573135
1524.143555	240.590408
1523.127930	-237.466797
1522.113281	112.067909
1521.097656	173.440598
1520.082031	-338.656097
1519.065430	148.540726
1518.049805	-146.763824
1517.033203	165.616135
1516.016602	-21.316395
1515.000000	-53.237064
1513.982422	10.736412
1512.965820	47.705170
1511.948242	-89.783119
1510.930664	146.227432
1509.913086	26.041668
1508.894531	416.678802
1507.875977	274.440308
1506.857422	139.664185
1505.838867	316.639679
1504.820313	351.275085
1503.800781	349.117249
1502.781250	35.535740
1501.761719	-44.943909
1500.742188	-49.354763
1499.721680	63.893143
1498.702148	37.481670
1497.681641	150.741043
1496.661133	92.536667
1495.639648	129.878601
1494.618164	309.243469
1493.597656	148.349884
1492.576172	457.421143
1491.553711	580.424316
1490.532227	-45.113827
1489.509766	-44.264606
1488.487305	22.645557
1487.464844	155.573837
1486.442383	-19.479662
1485.418945	-67.369598
1484.395508	112.012955
1483.372070	-9.083817
1482.348633	187.387085
1481.324219	269.039917
1480.300781	-47.175705
1479.276367	-358.357483
1478.251953	179.771194
1477.226563	510.332581
1476.202148	306.672363
1475.176758	368.913971
1474.151367	155.681427
1473.125000	288.681183
1472.099609	326.645264
1471.073242	120.970879
1470.046875	302.738892
1469.020508	567.273682
1467.994141	675.909241
1466.966797	175.928574
1465.939453	238.424042
1464.912109	670.800049
1463.884766	407.251984
1462.856445	571.924316
1461.829102	559.069458
1460.800781	427.111115
1459.772461	800.850281
1458.743164	493.988190
1457.714844	1028.003540
1456.685547	716.455078
1455.656250	898.104553
1454.625977	977.719910
1453.596680	914.134705
1452.566406	967.103577
1451.536133	539.622375
1450.505859	772.271240
1449.474609	818.074219
1448.444336	575.338989
1447.413086	989.789368
1446.381836	950.811646
1445.350586	453.849182
1444.318359	628.299377
1443.286133	567.739624
1442.253906	717.963135
1441.221680	408.090851
1440.189453	335.648376
1439.156250	718.306641
1438.123047	224.838196
1437.089844	435.670868
1436.056641	651.298828
1435.022461	284.035828
1433.988281	448.902283
1432.954102	376.847443
1431.919922	348.371368
1430.885742	377.946716
1429.850586	475.180511
1428.815430	260.846741
1427.780273	27.334158
1426.744141	59.519432
1425.708984	410.368011
1424.672852	97.459557
1423.636719	83.907593
1422.600586	287.507080
1421.563477	-8.169730
1420.527344	-339.821960
1419.490234	124.212547
1418.452148	12.055072
1417.415039	-92.759514
1416.376953	308.411743
1415.338867	-92.601196
1414.300781	-9.370644
1413.262695	-29.654404
1412.224609	217.301422
1411.185547	-132.637375
1410.146484	-95.010323
1409.107422	84.573196
1408.067383	-12.464243
1407.027344	316.181427
1405.987305	-78.858955
1404.947266	110.356003
1403.907227	191.406357
1402.866211	491.072357
1401.826172	178.189957
1400.785156	432.200592
1399.743164	301.993103
1398.702148	481.551514
1397.660156	301.091064
1396.618164	766.173035
1395.576172	547.443848
1394.533203	678.990906
1393.491211	1350.049561
1392.448242	1167.419678
1391.405273	1356.417969
1390.361328	2022.219971
1389.318359	1947.513916
1388.274414	2105.212891
1387.230469	2241.337158
1386.186523	2346.327637
1385.141602	3143.079102
1384.097656	2747.751465
1383.052734	3120.673096
1382.007813	3187.285156
1380.961914	2725.349609
1379.916992	2720.381592
1378.871094	2878.006348
1377.825195	2959.130127
1376.778320	2242.128174
1375.732422	1888.640259
1374.685547	2125.307861
1373.638672	1607.298340
1372.591797	1550.353882
1371.543945	1825.260254
1370.497070	1749.293457
1369.449219	1833.255493
1368.400391	1296.990234
1367.352539	1366.796631
1366.303711	1300.692261
1365.255859	1675.709961
1364.206055	1397.520874
1363.157227	1484.102417
1362.108398	1327.689575
1361.058594	1514.365723
1360.008789	1443.821045
1358.958984	1682.864014
1357.908203	1293.429443
1356.857422	1304.019897
1355.806641	1502.615723
1354.755859	1275.369141
1353.705078	1355.065308
1352.653320	1211.248657
1351.601563	1060.409546
1350.549805	1004.751343
1349.498047	906.390808
1348.445313	981.532959
1347.393555	859.560669
1346.340820	889.657288
1345.287109	751.201721
1344.234375	843.115784
1343.180664	911.286072
1342.126953	455.120636
1341.073242	774.885071
1340.019531	518.251038
1338.964844	406.400360
1337.910156	526.963562
1336.855469	476.870209
1335.799805	353.376495
1334.745117	196.825089
1333.689453	383.814545
1332.633789	288.971161
1331.578125	310.224487
1330.521484	149.237228
1329.464844	229.748825
1328.408203	7.423191
1327.351563	-82.294525
1326.294922	-79.693535
1325.237305	-81.794518
1324.179688	-249.327026
1323.122070	51.220505
1322.064453	224.082275
1321.005859	-89.758286
1319.947266	-379.796570
1318.888672	-195.028839
1317.830078	-135.424011
1316.770508	89.411667
1315.710938	146.642761
1314.651367	255.796463
1313.591797	305.978027
1312.531250	-7.016253
1311.471680	-152.416168
1310.411133	150.167953
1309.349609	101.486038
1308.289063	-189.816971
1307.227539	-155.866791
1306.166016	-74.784416
1305.104492	100.492439
1304.042969	-176.278625
1302.980469	-165.742340
1301.917969	68.382431
1300.855469	-95.158440
1299.792969	98.943428
1298.729492	118.965340
1297.666016	-140.768799
1296.602539	-61.852947
1295.539063	-6.435791
1294.474609	356.787506
1293.411133	-123.430084
1292.346680	122.306526
1291.281250	365.618317
1290.216797	-62.534977
1289.151367	326.308380
1288.085938	424.046112
1287.020508	80.720901
1285.955078	122.254387
1284.888672	112.205643
1283.822266	160.808121
1282.755859	-20.282181
1281.689453	276.817291
1280.622070	41.950886
1279.554688	498.258179
1278.487305	537.531799
1277.419922	-34.294857
1276.351563	536.532837
1275.283203	400.337860
1274.214844	247.858185
1273.146484	296.667725
1272.077148	265.958862
1271.008789	420.041321
1269.939453	281.846985
1268.869141	449.926483
1267.799805	-12.969269
1266.729492	222.927765
1265.659180	477.440125
1264.588867	285.825317
1263.517578	117.666580
1262.447266	799.312073
1261.375977	246.100571
1260.304688	465.483246
1259.232422	325.543518
1258.161133	395.609711
1257.088867	612.563782
1256.016602	463.450562
1254.943359	647.716858
1253.871094	570.956299
1252.797852	983.488586
1251.724609	531.737366
1250.650391	1256.188477
1249.577148	1009.513611
1248.502930	1282.032593
1247.428711	663.157166
1246.354492	961.281494
1245.279297	580.059570
1244.204102	668.805359
1243.128906	608.733276
1242.053711	537.089050
1240.977539	874.534607
1239.902344	568.233093
1238.826172	673.262695
1237.750000	685.370789
1236.672852	360.789795
1235.595703	382.282562
1234.518555	459.493134
1233.441406	65.624199
1232.364258	149.878433
1231.286133	280.492188
1230.208008	399.478210
1229.129883	319.043060
1228.051758	312.838562
1226.972656	274.198853
1225.893555	277.304504
1224.814453	421.729218
1223.734375	123.756409
1222.655273	437.212280
1221.575195	222.738388
1220.495117	346.276855
1219.415039	92.612297
1218.333984	311.000854
1217.252930	344.275208
1216.171875	-84.924561
1215.090820	295.229126
1214.008789	-200.781021
1212.926758	52.154945
1211.844727	-194.041672
1210.762695	95.757469
1209.679688	129.101547
1208.597656	190.156067
1207.513672	-83.527840
1206.430664	-63.982964
1205.347656	-7.523389
1204.263672	-126.400665
1203.179688	-69.946472
1202.095703	-218.716125
1201.010742	93.620903
1199.925781	101.603943
1198.840820	266.275330
1197.755859	53.068012
1196.670898	104.829002
1195.584961	140.443512
1194.499023	-42.666363
1193.413086	20.588539
1192.326172	74.605171
1191.239258	186.114151
1190.152344	253.868713
1189.065430	-110.737320
1187.978516	138.682098
1186.890625	401.773895
1185.802734	55.745228
1184.714844	45.318012
1183.625977	370.256378
1182.538086	146.170563
1181.449219	367.609039
1180.360352	230.837509
1179.270508	18.370050
1178.180664	914.257507
1177.090820	600.776428
1176.000977	925.031616
1174.911133	680.459717
1173.820313	713.371704
1172.729492	411.627014
1171.638672	811.197510
1170.547852	658.453430
1169.456055	661.502686
1168.364258	829.415527
1167.272461	571.398193
1166.179688	414.183441
1165.087891	840.584656
1163.995117	877.817993
1162.902344	1230.684448
1161.808594	1482.736816
1160.715820	1579.191040
1159.622070	1545.274780
1158.528320	1719.324341
1157.433594	1269.489990
1156.339844	1139.651855
1155.245117	918.482910
1154.149414	806.982239
1153.054688	337.104156
1151.958984	330.712952
1150.863281	584.425964
1149.767578	491.234467
1148.671875	477.883789
1147.575195	396.090698
1146.478516	239.066269
1145.381836	84.360458
1144.285156	303.409882
1143.187500	132.732010
1142.089844	-185.958054
1140.992188	-24.044001
1139.894531	140.039703
1138.795898	-169.455215
1137.697266	-153.422928
1136.598633	151.518478
1135.499023	30.897985
1134.400391	-455.845062
1133.300781	3.434097
1132.201172	-192.213272
1131.100586	148.522919
1130.000977	-240.296631
1128.900391	122.925682
1127.799805	31.706097
1126.698242	585.331116
1125.596680	296.438202
1124.495117	520.561523
1123.393555	227.172897
1122.291992	396.662018
1121.189453	978.807434
1120.086914	1256.781860
1118.984375	1217.178223
1117.881836	1329.401733
1116.778320	1443.773804
1115.674805	1569.361816
1114.571289	1921.344604
1113.466797	1333.309082
1112.363281	1402.055298
1111.258789	1271.511719
1110.153320	1444.200806
1109.048828	1123.528320
1107.943359	1298.305542
1106.837891	1445.799194
1105.732422	1127.395264
1104.625977	716.379272
1103.520508	818.501648
1102.414063	762.338379
1101.306641	825.845459
1100.200195	760.531250
1099.092773	765.162903
1097.985352	823.894714
1096.877930	243.811615
1095.769531	257.347412
1094.661133	582.121277
1093.552734	530.019165
1092.444336	310.997192
1091.335938	418.882751
1090.226563	258.417816
1089.117188	438.210236
1088.006836	471.388580
1086.897461	587.822144
1085.787109	219.952515
1084.676758	523.079102
1083.566406	621.150513
1082.455078	318.525360
1081.343750	582.905823
1080.232422	1130.502075
1079.121094	955.887695
1078.008789	999.339111
1076.896484	1040.433716
1075.784180	858.936340
1074.671875	812.241028
1073.558594	801.401245
1072.445313	922.979126
1071.332031	678.427124
1070.217773	896.302551
1069.104492	267.910614
1067.990234	615.729858
1066.875977	913.943909
1065.760742	552.551208
1064.645508	455.805878
1063.530273	-71.405991
1062.415039	55.961926
1061.299805	-7.290141
1060.183594	137.714874
1059.067383	569.239319
1057.951172	-163.920456
1056.833984	110.553825
1055.716797	-185.938507
1054.599609	137.441940
1053.482422	326.339203
1052.364258	58.754948
1051.247070	175.821243
1050.128906	31.143291
1049.009766	349.091522
1047.891602	242.220490
1046.772461	90.595833
1045.653320	55.082611
1044.533203	57.424152
1043.414063	148.980408
1042.293945	-2.925744
1041.173828	112.918793
1040.052734	21.096935
1038.932617	176.820938
1037.811523	104.877922
1036.689453	-22.892729
1035.568359	168.057755
1034.446289	-218.401932
1033.324219	-348.569672
1032.202148	49.140335
1031.079102	308.470642
1029.957031	-17.993893
1028.833984	-92.893127
1027.709961	-428.274231
1026.586914	-349.739258
1025.462891	151.290207
1024.338867	218.298401
1023.214844	80.601761
1022.089844	-168.307693
1020.964844	0.613181
1019.839844	-230.612076
1018.714844	46.876064
1017.588867	119.784195
1016.462891	-16.180044
1015.336914	67.585114
1014.210938	-79.619308
1013.083984	-44.934624
1011.957031	433.319916
1010.830078	274.691467
1009.702148	317.796387
1008.574219	748.737549
1007.446289	1458.644287
1006.318359	2566.981934
1005.190430	3555.074951
1004.061523	4024.301270
1002.932617	3301.854248
1001.802734	1800.314331
1000.673828	892.564758
999.543945	710.934326
998.414063	339.011383
997.283203	469.235840
996.153320	-35.352375
995.022461	362.204041
993.891602	326.243805
992.759766	491.273071
991.628906	457.301208
990.497070	661.785034
989.364258	192.506363
988.232422	164.928253
987.099609	320.456390
985.966797	689.875488
984.833984	880.315430
983.700195	638.211609
982.566406	793.079590
981.432617	387.760162
980.298828	590.918457
979.164063	621.978027
978.029297	474.458649
976.894531	329.123199
975.759766	93.468895
974.624023	359.817566
973.488281	328.787079
972.352539	508.956818
971.215820	765.949219
970.080078	-149.715256
968.943359	549.191528
967.805664	293.416779
966.668945	294.895386
965.531250	630.331848
964.393555	541.465820
963.254883	472.318054
962.117188	677.671631
960.978516	375.625244
959.839844	686.114197
958.700195	326.979492
957.561523	716.184387
956.421875	697.096802
955.281250	748.112732
954.141602	807.828674
953.000977	685.483459
951.860352	1049.688599
950.719727	1071.840576
949.578125	955.889404
948.436523	804.896179
947.294922	491.878418
946.153320	375.978516
945.010742	686.849792
943.868164	380.467621
942.725586	310.443237
941.583008	389.138000
940.439453	528.955200
939.295898	373.534424
938.152344	-61.614464
937.007813	296.587616
935.863281	241.686691
934.718750	306.911407
933.574219	-73.392441
932.428711	105.315239
931.283203	-231.188904
930.137695	95.800400
928.992188	104.101730
927.845703	105.813789
926.699219	-49.497581
925.552734	-158.970779
924.405273	252.496872
923.257813	-55.341240
922.110352	159.817963
920.962891	159.238495
919.814453	204.362961
918.666016	430.159668
917.517578	261.892700
916.369141	52.361252
915.219727	-196.253647
914.070313	164.278046
912.920898	-88.580338
911.770508	13.043722
910.621094	34.232780
909.470703	-201.012695
908.319336	35.294220
907.168945	256.333588
906.017578	-473.874329
904.866211	-155.091843
903.713867	68.042175
902.562500	0.340383
901.410156	104.077217
900.256836	32.091232
899.104492	-354.238708
897.951172	-334.950439
896.797852	26.849861
895.644531	130.649078
894.490234	212.765747
893.335938	-4.015879
892.181641	192.970810
891.027344	50.017368
889.872070	-116.643349
888.716797	151.807846
887.561523	22.111765
886.405273	-68.545456
885.249023	-66.098717
884.092773	1.278701
882.936523	68.698654
881.779297	151.277283
880.622070	188.524643
879.464844	-7.443489
878.307617	146.601898
877.149414	298.488129
875.991211	-108.657837
874.833008	157.775757
873.673828	204.096985
872.514648	77.936356
871.355469	-121.391258
870.196289	102.057892
869.036133	148.736740
867.875977	85.595650
866.715820	-162.691208
865.554688	9.262933
864.394531	136.043015
863.233398	376.971130
862.071289	277.799805
860.910156	198.179688
859.748047	245.640457
858.585938	297.510376
857.422852	461.290100
856.259766	532.674805
855.096680	404.260193
853.933594	475.892090
852.770508	530.439575
851.606445	570.052307
850.442383	242.569092
849.277344	389.842834
848.113281	133.677368
846.948242	92.358665
845.783203	-171.923492
844.617188	437.055237
843.451172	-101.382866
842.285156	160.279404
841.119141	445.555328
839.952148	15.091561
838.785156	-138.634171
837.618164	-118.628250
836.451172	-6.385393
835.283203	442.081268
834.115234	-44.872414
832.947266	-9.284246
831.778320	174.067276
830.609375	342.525726
829.440430	-27.814102
828.271484	472.341766
827.101563	292.711334
825.931641	297.117828
824.761719	173.507324
823.590820	139.828613
822.420898	516.366272
821.250000	339.934998
820.078125	456.172607
818.907227	502.128113
817.735352	633.570190
816.562500	438.773041
815.390625	385.003387
814.217773	382.593109
813.044922	405.944946
811.872070	-128.843323
810.698242	-185.985977
809.524414	-36.315311
808.350586	-161.233780
807.176758	-26.175158
806.001953	-137.912003
804.827148	286.831879
803.651367	-79.868279
802.476563	123.820213
801.300781	270.173340
800.125000	57.345192
798.948242	223.122345
797.772461	497.386658
796.595703	283.059570
795.417969	512.914063
794.241211	483.783875
793.063477	346.559998
791.885742	470.640961
790.707031	582.098938
789.529297	840.067078
788.350586	340.886322
787.170898	719.981384
785.992188	653.878723
784.812500	844.423889
783.632813	859.170105
782.452148	547.818970
781.272461	628.610229
780.091797	811.155884
778.911133	430.656769
777.729492	183.822464
776.547852	375.271210
775.366211	344.653076
774.184570	130.196106
773.001953	-223.577362
771.819336	-236.682724
770.636719	-190.462433
769.453125	-154.694809
768.269531	10.053391
767.085938	-258.099609
765.902344	-114.250465
764.717773	71.877357
763.533203	-286.475067
762.348633	-17.853823
761.163086	-219.673676
759.977539	61.688736
758.791992	252.366806
757.606445	91.021202
756.419922	100.565468
755.233398	156.563690
754.046875	-54.893902
752.859375	72.910965
751.672852	-85.597977
750.485352	61.281185
749.296875	477.556641
748.108398	485.533905
746.919922	104.423935
745.731445	221.996338
744.542969	-17.850422
743.353516	495.016235
742.164063	5.256758
740.973633	30.546759
739.783203	297.444946
738.592773	70.751984
737.402344	5.881841
736.211914	161.486740
735.020508	138.676071
733.829102	596.375427
732.636719	709.877869
731.444336	278.112885
730.251953	351.853790
729.059570	56.663025
727.866211	155.599442
726.673828	42.900810
725.479492	-239.408569
724.286133	1.951822
723.091797	-18.505589
721.897461	-7.558238
720.703125	-134.741013
719.507813	206.763107
718.312500	-142.151245
717.117188	-87.323387
715.921875	30.176931
714.725586	84.885811
713.529297	124.917061
712.332031	227.572586
711.135742	250.774872
709.938477	-37.205002
708.740234	263.630310
707.542969	499.586700
706.344727	1023.345703
705.146484	1688.674561
703.948242	2295.239502
702.749023	2726.308105
701.549805	2923.632813
700.350586	2153.731934
699.150391	1461.240723
697.950195	1383.572632
696.750000	535.277771
695.549805	472.336365
694.348633	226.169876
693.147461	177.786560
691.946289	141.854904
690.744141	132.926117
689.541992	113.548584
688.339844	-30.623861
687.136719	307.496063
685.934570	263.005341
684.730469	390.940094
683.527344	271.578430
682.323242	177.153061
681.119141	61.977036
679.915039	233.289063
678.710938	342.230652
677.505859	363.958679
676.300781	427.143707
675.094727	135.662415
673.889648	91.050392
672.683594	-212.643402
671.476563	-151.449982
670.270508	295.113251
669.063477	242.288544
667.856445	85.988785
666.648438	319.044281
665.440430	-23.380766
664.232422	-189.665085
663.024414	-70.272598
661.815430	-362.455719
660.606445	13.561847
659.397461	-7.415843
658.188477	273.533295
656.978516	35.832432
655.768555	407.885895
654.557617	271.857269
653.346680	144.371231
652.135742	-63.329185
650.924805	-130.312439
649.712891	75.398499
648.501953	52.328239
647.289063	15.162861
646.077148	56.735268
644.864258	82.178238
643.651367	122.455261
642.438477	-288.103668
641.224609	-393.104919
640.010742	40.003696
638.796875	-8.377539
637.582031	474.958923
636.367188	724.052551
635.152344	292.612427
633.937500	205.610977
632.721680	818.630859
631.505859	893.430420
630.289063	572.276489
629.073242	1211.888916
627.856445	1250.097900
626.639648	1272.818359
625.421875	972.065247
624.204102	803.923462
622.986328	831.989746
621.768555	772.976135
620.549805	132.545563
619.331055	70.115288
618.111328	-122.161057
616.892578	49.956932
