1721.000977	184.633575
1720.027344	496.585144
1719.052734	209.521347
1718.078125	125.469627
1717.104492	69.899925
1716.128906	-213.791565
1715.154297	-81.743546
1714.178711	324.705811
1713.204102	141.679153
1712.228516	-12.947999
1711.251953	-29.022884
1710.276367	-377.890747
1709.299805	254.375824
1708.324219	74.903572
1707.347656	115.778854
1706.370117	123.478683
1705.393555	21.326078
1704.416016	223.765884
1703.438477	-149.245529
1702.460938	-105.131958
1701.483398	-265.446045
1700.505859	-162.275635
1699.527344	55.947540
1698.548828	-106.518036
1697.570313	-181.941727
1696.591797	-19.692455
1695.612305	-5.539242
1694.632813	-19.370501
1693.653320	56.243767
1692.673828	-62.024216
1691.694336	194.911880
1690.713867	-60.929131
1689.734375	-43.653778
1688.753906	-143.625046
1687.772461	-110.941711
1686.791992	-75.613136
1685.810547	-162.569977
1684.830078	277.990631
1683.848633	178.400208
1682.866211	-20.434010
1681.884766	272.311951
1680.902344	190.763199
1679.919922	157.659317
1678.937500	-234.155045
1677.955078	371.494965
1676.971680	-25.219704
1675.989258	76.725510
1675.005859	171.011490
1674.022461	356.807373
1673.038086	-80.100227
1672.054688	126.068855
1671.070313	-160.664047
1670.085938	-99.299721
1669.101563	177.903473
1668.117188	18.355207
1667.131836	435.034058
1666.146484	-11.242446
1665.161133	32.349625
1664.175781	20.134184
1663.189453	223.472916
1662.204102	-229.936279
1661.217773	140.700623
1660.231445	-256.757690
1659.245117	121.346992
1658.257813	88.851288
1657.270508	314.725311
1656.284180	-277.422150
1655.295898	219.311600
1654.308594	128.596512
1653.321289	70.814423
1652.333008	349.544556
1651.344727	114.612663
1650.356445	-178.402664
1649.367188	269.566193
1648.378906	297.690063
1647.389648	-78.661705
1646.400391	326.002869
1645.411133	240.323151
1644.420898	563.851379
1643.431641	28.578920
1642.441406	69.176132
1641.451172	369.756378
1640.459961	354.664978
1639.469727	132.663193
1638.478516	427.894073
1637.487305	526.228943
1636.496094	566.497131
1635.504883	289.033661
1634.512695	601.490784
1633.520508	135.027206
1632.528320	414.568024
1631.536133	704.042297
1630.543945	985.808777
1629.550781	811.605713
1628.557617	798.572632
1627.564453	966.740356
1626.571289	1152.424805
1625.578125	1353.094238
1624.583984	1752.338745
1623.589844	1922.520752
1622.595703	1793.370361
1621.601563	1855.301392
1620.606445	2012.650146
1619.611328	2029.173584
1618.616211	2025.555420
1617.621094	2255.506348
1616.625977	2264.327148
1615.629883	2124.939697
1614.633789	1950.430176
1613.637695	1866.309814
1612.641602	1774.657104
1611.645508	2101.968262
1610.648438	1952.516846
1609.651367	1710.306763
1608.654297	2212.783691
1607.657227	2078.338623
1606.659180	2186.971436
1605.662109	2746.557617
1604.664063	2193.605469
1603.666016	2374.673584
1602.666992	2708.348877
1601.668945	2365.939453
1600.669922	2444.106689
1599.670898	2489.678711
1598.671875	2367.570313
1597.671875	2322.992920
1596.672852	1993.337524
1595.672852	2203.831299
1594.672852	1801.752319
1593.671875	1679.702637
1592.671875	1232.866577
1591.670898	1098.440063
1590.669922	904.095581
1589.668945	1019.455017
1588.667969	982.448730
1587.666016	1122.624268
1586.664063	1297.658325
1585.662109	1020.981201
1584.660156	657.082153
1583.658203	622.536194
1582.655273	425.867340
1581.652344	538.396973
1580.649414	538.696289
1579.646484	40.582588
1578.642578	424.603424
1577.638672	103.513779
1576.634766	228.322433
1575.630859	-37.844692
1574.626953	462.810242
1573.622070	199.131760
1572.618164	-290.847534
1571.613281	478.158112
1570.607422	-103.791656
1569.602539	296.792755
1568.596680	115.392548
1567.590820	321.833099
1566.584961	-6.134562
1565.579102	23.818754
1564.572266	-182.266953
1563.566406	130.840057
1562.559570	11.722678
1561.551758	-25.450001
1560.544922	-109.739265
1559.537109	178.211319
1558.530273	-486.636139
1557.521484	71.621750
1556.513672	-161.431854
1555.505859	84.153336
1554.497070	208.144119
1553.488281	-280.079498
1552.479492	-247.731293
1551.470703	366.799225
1550.460938	-237.564804
1549.451172	-267.150513
1548.441406	-252.144272
1547.431641	-182.673904
1546.421875	-19.175823
1545.411133	267.952972
1544.400391	89.916466
1543.389648	159.297760
1542.378906	18.488592
1541.367188	342.498322
1540.355469	117.687035
1539.343750	-107.002777
1538.332031	-15.339563
1537.320313	293.681671
1536.307617	-49.398308
1535.294922	-9.602409
1534.282227	-80.878799
1533.269531	35.472797
1532.256836	299.859680
1531.243164	110.209587
1530.229492	-111.387421
1529.215820	-461.086548
1528.202148	25.175755
1527.187500	57.694527
1526.172852	70.524498
1525.158203	-42.270817
1524.143555	-39.198246
1523.127930	-65.673470
1522.113281	33.512897
1521.097656	172.059784
1520.082031	377.048859
1519.065430	-220.243912
1518.049805	398.148132
1517.033203	-68.435013
1516.016602	328.400574
1515.000000	117.823784
1513.982422	337.536560
1512.965820	-8.022412
1511.948242	49.557743
1510.930664	121.901054
1509.913086	127.957596
1508.894531	-52.589939
1507.875977	228.542419
1506.857422	345.160156
1505.838867	309.639130
1504.820313	134.335556
1503.800781	-131.618332
1502.781250	24.420378
1501.761719	-81.906914
1500.742188	162.427872
1499.721680	546.393127
1498.702148	454.913727
1497.681641	128.316360
1496.661133	335.884094
1495.639648	-22.281670
1494.618164	214.711365
1493.597656	89.423065
1492.576172	0.934743
1491.553711	-65.455872
1490.532227	130.030243
1489.509766	288.783386
1488.487305	4.960929
1487.464844	66.028252
1486.442383	-26.842209
1485.418945	-12.110849
1484.395508	225.015991
1483.372070	127.472435
1482.348633	232.743347
1481.324219	206.165466
1480.300781	470.187927
1479.276367	-205.465408
1478.251953	-143.868668
1477.226563	295.881592
1476.202148	-32.742790
1475.176758	119.209213
1474.151367	-145.723633
1473.125000	347.557739
1472.099609	199.821274
1471.073242	378.678772
1470.046875	-27.081356
1469.020508	-115.986160
1467.994141	60.628727
1466.966797	232.351074
1465.939453	408.949310
1464.912109	473.622925
1463.884766	-67.424744
1462.856445	481.484253
1461.829102	526.889343
1460.800781	224.661819
1459.772461	372.331238
1458.743164	862.653931
1457.714844	910.672485
1456.685547	1019.458069
1455.656250	926.699951
1454.625977	962.729065
1453.596680	969.723877
1452.566406	1039.877319
1451.536133	1127.069702
1450.505859	726.664246
1449.474609	772.793152
1448.444336	610.458130
1447.413086	1042.267090
1446.381836	906.751953
1445.350586	737.447998
1444.318359	640.968140
1443.286133	619.707336
1442.253906	547.681274
1441.221680	524.202393
1440.189453	261.137726
1439.156250	448.452240
1438.123047	459.114655
1437.089844	414.210754
1436.056641	599.205322
1435.022461	288.415161
1433.988281	-34.246143
1432.954102	114.693901
1431.919922	348.242981
1430.885742	373.975128
1429.850586	184.754395
1428.815430	316.927521
1427.780273	50.689579
1426.744141	30.885365
1425.708984	192.219299
1424.672852	59.139046
1423.636719	-435.712372
1422.600586	-105.299995
1421.563477	-47.485725
1420.527344	210.535507
1419.490234	29.770781
1418.452148	220.302124
1417.415039	-131.312103
1416.376953	290.611511
1415.338867	399.316772
1414.300781	262.436188
1413.262695	14.945979
1412.224609	-359.931519
1411.185547	319.469940
1410.146484	161.366409
1409.107422	-484.902649
1408.067383	-63.026184
1407.027344	-18.749409
1405.987305	-24.896931
1404.947266	-300.152740
1403.907227	75.986702
1402.866211	89.254692
1401.826172	282.761597
1400.785156	-56.869247
1399.743164	251.940155
1398.702148	603.920715
1397.660156	449.434540
1396.618164	657.395691
1395.576172	584.678650
1394.533203	948.536987
1393.491211	1055.774902
1392.448242	1640.075684
1391.405273	1665.755371
1390.361328	1947.880005
1389.318359	1817.905640
1388.274414	2825.773926
1387.230469	3174.734375
1386.186523	2984.922607
1385.141602	3458.296387
1384.097656	3574.970947
1383.052734	3237.044678
1382.007813	3743.759033
1380.961914	3611.739014
1379.916992	3513.342041
1378.871094	3379.178711
1377.825195	3065.880371
1376.778320	2974.998535
1375.732422	2482.877930
1374.685547	2695.642090
1373.638672	2308.983887
1372.591797	2130.266602
1371.543945	2651.072998
1370.497070	2028.602783
1369.449219	1833.542236
1368.400391	1428.684082
1367.352539	1787.274048
1366.303711	1242.045776
1365.255859	1731.760620
1364.206055	1639.740601
1363.157227	1926.717163
1362.108398	1651.387207
1361.058594	2116.987061
1360.008789	1765.634766
1358.958984	1393.064453
1357.908203	1799.070923
1356.857422	1495.768433
1355.806641	1506.726929
1354.755859	1815.090210
1353.705078	1459.834229
1352.653320	1421.012451
1351.601563	1636.636841
1350.549805	1319.828247
1349.498047	1207.566406
1348.445313	1316.338257
1347.393555	871.703735
1346.340820	1094.594238
1345.287109	1303.181274
1344.234375	742.672607
1343.180664	839.808777
1342.126953	813.578186
1341.073242	554.941223
1340.019531	455.366058
1338.964844	524.215271
1337.910156	664.207458
1336.855469	382.306854
1335.799805	531.829407
1334.745117	389.954376
1333.689453	-166.322693
1332.633789	269.900085
1331.578125	317.704285
1330.521484	337.116882
1329.464844	37.086548
1328.408203	96.862747
1327.351563	21.827816
1326.294922	185.735153
1325.237305	146.252701
1324.179688	17.004612
1323.122070	-123.962730
1322.064453	325.904877
1321.005859	336.197449
1319.947266	25.312410
1318.888672	-82.321060
1317.830078	-161.535461
1316.770508	-198.201492
1315.710938	-223.011795
1314.651367	238.255814
1313.591797	60.116508
1312.531250	25.938047
1311.471680	109.717949
1310.411133	-122.389778
1309.349609	-156.404999
1308.289063	-173.861679
1307.227539	-101.765709
1306.166016	-199.243713
1305.104492	-136.518768
1304.042969	-54.954597
1302.980469	104.270103
1301.917969	4.610583
1300.855469	147.355484
1299.792969	167.758286
1298.729492	56.476406
1297.666016	-278.081940
1296.602539	-1.288237
1295.539063	125.005516
1294.474609	-18.945438
1293.411133	29.839417
1292.346680	31.652266
1291.281250	108.617821
1290.216797	129.255432
1289.151367	6.728622
1288.085938	-242.429718
1287.020508	397.705780
1285.955078	240.103516
1284.888672	-212.883286
1283.822266	330.774231
1282.755859	-164.170395
1281.689453	-42.530075
1280.622070	261.822052
1279.554688	514.531860
1278.487305	774.188904
1277.419922	399.222351
1276.351563	562.853027
1275.283203	-31.867004
1274.214844	206.714157
1273.146484	396.088348
1272.077148	302.386597
1271.008789	524.443420
1269.939453	360.661957
1268.869141	412.006714
1267.799805	262.390198
1266.729492	400.223480
1265.659180	168.956772
1264.588867	320.808411
1263.517578	313.835510
1262.447266	1.106490
1261.375977	262.634277
1260.304688	517.068115
1259.232422	412.156616
1258.161133	71.760963
1257.088867	748.167725
1256.016602	258.678436
1254.943359	261.194061
1253.871094	438.509247
1252.797852	846.391174
1251.724609	846.504639
1250.650391	1112.090454
1249.577148	1046.993896
1248.502930	1321.767578
1247.428711	1165.915894
1246.354492	1145.094604
1245.279297	1266.177856
1244.204102	1063.966675
1243.128906	589.816223
1242.053711	657.526917
1240.977539	511.390686
1239.902344	760.357788
1238.826172	821.047607
1237.750000	345.214325
1236.672852	731.071899
1235.595703	206.725983
1234.518555	351.086395
1233.441406	388.648834
1232.364258	335.725403
1231.286133	101.905151
1230.208008	652.020203
1229.129883	144.675613
1228.051758	91.886650
1226.972656	270.867401
1225.893555	55.895180
1224.814453	195.446198
1223.734375	-54.148266
1222.655273	140.951904
1221.575195	-106.184006
1220.495117	216.139206
1219.415039	-100.309319
1218.333984	464.782227
1217.252930	375.085602
1216.171875	301.619904
1215.090820	-14.552802
1214.008789	23.043419
1212.926758	-71.087738
1211.844727	-56.587349
1210.762695	71.094925
1209.679688	-180.018066
1208.597656	-361.738983
1207.513672	24.439121
1206.430664	198.145096
1205.347656	-8.922453
1204.263672	-31.369549
1203.179688	-86.091103
1202.095703	69.033501
1201.010742	357.781036
1199.925781	441.280029
1198.840820	15.510416
1197.755859	-205.043930
1196.670898	-112.262436
1195.584961	100.198120
1194.499023	-203.123703
1193.413086	115.134865
1192.326172	104.172485
1191.239258	-134.554337
1190.152344	56.946049
1189.065430	271.348846
1187.978516	-38.545685
1186.890625	233.226700
1185.802734	185.434982
1184.714844	-59.937073
1183.625977	317.293579
1182.538086	131.692734
1181.449219	132.138687
1180.360352	587.091797
1179.270508	665.434265
1178.180664	672.598999
1177.090820	548.987793
1176.000977	817.615601
1174.911133	556.419312
1173.820313	632.312317
1172.729492	634.813416
1171.638672	664.793152
1170.547852	479.395386
1169.456055	559.744324
1168.364258	740.800293
1167.272461	473.019684
1166.179688	839.370422
1165.087891	976.703491
1163.995117	1361.041504
1162.902344	1420.375977
1161.808594	1671.745117
1160.715820	2046.461060
1159.622070	1906.647583
1158.528320	1684.601074
1157.433594	1515.164429
1156.339844	1391.477783
1155.245117	1028.004761
1154.149414	801.654785
1153.054688	579.950928
1151.958984	796.520874
1150.863281	360.356232
1149.767578	4.202247
1148.671875	179.605042
1147.575195	322.965820
1146.478516	-42.169094
1145.381836	135.293228
1144.285156	305.808990
1143.187500	223.314468
1142.089844	-294.233826
1140.992188	67.428917
1139.894531	-208.592728
1138.795898	-22.468040
1137.697266	-357.607635
1136.598633	-30.547522
1135.499023	-113.140724
1134.400391	-120.676071
1133.300781	224.160782
1132.201172	-69.966408
1131.100586	65.514954
1130.000977	-71.761841
1128.900391	-29.572573
1127.799805	-237.276825
1126.698242	236.244720
1125.596680	-116.828369
1124.495117	-90.766586
1123.393555	402.675232
1122.291992	718.886780
1121.189453	935.096619
1120.086914	1157.953125
1118.984375	1441.869385
1117.881836	1619.067261
1116.778320	1755.329590
1115.674805	2084.043213
1114.571289	1921.027710
1113.466797	1590.437012
1112.363281	1712.756836
1111.258789	1391.288574
1110.153320	1814.425415
1109.048828	1420.548218
1107.943359	1126.297729
1106.837891	1395.228882
1105.732422	1112.286255
1104.625977	824.865356
1103.520508	641.476624
1102.414063	821.861511
1101.306641	882.354980
1100.200195	599.471375
1099.092773	465.655151
1097.985352	318.278290
1096.877930	392.070343
1095.769531	657.535950
1094.661133	144.508194
1093.552734	-39.076351
1092.444336	652.246155
1091.335938	274.588104
1090.226563	383.844421
1089.117188	567.329041
1088.006836	20.698530
1086.897461	442.765686
1085.787109	632.602417
1084.676758	853.780701
1083.566406	512.053467
1082.455078	312.151306
1081.343750	1018.935364
1080.232422	762.592285
1079.121094	1023.503906
1078.008789	996.404419
1076.896484	476.948273
1075.784180	663.286987
1074.671875	519.161865
1073.558594	655.779358
1072.445313	309.388092
1071.332031	387.416901
1070.217773	454.068207
1069.104492	379.211823
1067.990234	479.288574
1066.875977	204.590408
1065.760742	472.643707
1064.645508	58.826572
1063.530273	620.243652
1062.415039	275.847260
1061.299805	175.738190
1060.183594	-40.944283
1059.067383	170.147156
1057.951172	58.585976
1056.833984	-93.348145
1055.716797	27.735352
1054.599609	-19.175955
1053.482422	90.421150
1052.364258	143.923218
1051.247070	318.050659
1050.128906	40.370625
1049.009766	-107.684174
1047.891602	162.107224
1046.772461	100.991188
1045.653320	227.406097
1044.533203	286.634705
1043.414063	118.008171
1042.293945	-240.411423
1041.173828	84.080383
1040.052734	124.937912
1038.932617	2.836864
1037.811523	125.959778
1036.689453	135.180923
1035.568359	293.633667
1034.446289	-136.468719
1033.324219	-234.518661
1032.202148	23.760826
1031.079102	-192.586700
1029.957031	-633.825256
1028.833984	-313.699402
1027.709961	-534.674622
1026.586914	-41.420460
1025.462891	-264.834442
1024.338867	147.789642
1023.214844	-64.704643
1022.089844	-123.864189
1020.964844	-207.572281
1019.839844	19.702236
1018.714844	-193.107132
1017.588867	36.007107
1016.462891	-141.458923
1015.336914	-172.458328
1014.210938	-421.080963
1013.083984	104.676506
1011.957031	235.177872
1010.830078	227.977936
1009.702148	327.068054
1008.574219	554.566345
1007.446289	1681.699585
1006.318359	3266.885986
1005.190430	4456.875488
1004.061523	4724.765137
1002.932617	3920.630371
1001.802734	2197.942383
1000.673828	752.607422
999.543945	170.809799
998.414063	317.024292
997.283203	-19.168617
996.153320	-41.295727
995.022461	272.490875
993.891602	68.779709
992.759766	-51.009174
991.628906	-95.733665
990.497070	268.055054
989.364258	320.154236
988.232422	27.706703
987.099609	214.235001
985.966797	148.980896
984.833984	374.867126
983.700195	684.324951
982.566406	287.823029
981.432617	23.670967
980.298828	361.295471
979.164063	548.768188
978.029297	249.109161
976.894531	202.788193
975.759766	222.446976
974.624023	248.563263
973.488281	107.259094
972.352539	656.949707
971.215820	559.374451
970.080078	287.976318
968.943359	212.302994
967.805664	99.156342
966.668945	229.987762
965.531250	204.590683
964.393555	480.119324
963.254883	149.101791
962.117188	575.857361
960.978516	532.409485
959.839844	556.936279
958.700195	579.137573
957.561523	818.481812
956.421875	237.156082
955.281250	949.970520
954.141602	930.034607
953.000977	1155.515747
951.860352	1407.112183
950.719727	1152.341553
949.578125	1241.520508
948.436523	923.203125
947.294922	999.094543
946.153320	628.282715
945.010742	502.674133
943.868164	201.995163
942.725586	435.177551
941.583008	-47.018738
940.439453	369.633118
939.295898	55.851891
938.152344	98.413261
937.007813	-156.311401
935.863281	113.342201
934.718750	149.110764
933.574219	27.586451
932.428711	235.695313
931.283203	-184.937134
930.137695	219.425903
928.992188	51.970448
927.845703	-39.135235
926.699219	-5.945106
925.552734	-25.128521
924.405273	116.932030
923.257813	-41.821178
922.110352	-217.963684
920.962891	200.573547
919.814453	-202.084106
918.666016	477.439362
917.517578	288.170074
916.369141	-216.561127
915.219727	-29.261583
914.070313	-20.414577
912.920898	225.451401
911.770508	-187.573212
910.621094	-2.649170
909.470703	-239.406967
908.319336	-573.847595
907.168945	-249.963928
906.017578	-63.054226
904.866211	-162.797058
903.713867	165.097473
902.562500	-14.910478
901.410156	393.107605
900.256836	124.193855
899.104492	67.976173
897.951172	183.066956
896.797852	-124.536743
895.644531	224.652420
894.490234	-379.579163
893.335938	-203.718918
892.181641	-218.463089
891.027344	-337.070435
889.872070	-202.348083
888.716797	224.509338
887.561523	214.196167
886.405273	63.327354
885.249023	83.430740
884.092773	99.267082
882.936523	-297.684113
881.779297	-87.159203
880.622070	319.951385
879.464844	323.025543
878.307617	129.671692
877.149414	-0.924389
875.991211	166.498856
874.833008	-97.661194
873.673828	121.648735
872.514648	-99.071877
871.355469	44.855583
870.196289	-78.527031
869.036133	-12.084119
867.875977	371.214600
866.715820	-109.499207
865.554688	140.300903
864.394531	297.523315
863.233398	62.929256
862.071289	321.459229
860.910156	263.673126
859.748047	382.442200
858.585938	344.264374
857.422852	190.088638
856.259766	773.561035
855.096680	267.113708
853.933594	470.206024
852.770508	471.391113
851.606445	406.110596
850.442383	313.091705
849.277344	-39.540112
848.113281	86.830360
846.948242	41.596352
845.783203	155.304657
844.617188	-140.590775
843.451172	147.108826
842.285156	192.565491
841.119141	-25.476723
839.952148	-131.836945
838.785156	85.534355
837.618164	-196.103363
836.451172	-10.600024
835.283203	-420.215790
834.115234	45.984737
832.947266	129.092804
831.778320	36.887619
830.609375	255.049988
829.440430	-12.133736
828.271484	255.478241
827.101563	57.169415
825.931641	299.346191
824.761719	430.505615
823.590820	89.724419
822.420898	861.882996
821.250000	591.989502
820.078125	503.830261
818.907227	917.397644
817.735352	390.091187
816.562500	213.009491
815.390625	503.233490
814.217773	318.069824
813.044922	290.914307
811.872070	281.009186
810.698242	307.510315
809.524414	136.101837
808.350586	-184.091476
807.176758	26.172256
806.001953	110.932037
804.827148	-223.359512
803.651367	31.989140
802.476563	-157.109879
801.300781	-69.503410
800.125000	322.267914
798.948242	514.235779
797.772461	351.447266
796.595703	161.294815
795.417969	468.410492
794.241211	614.199524
793.063477	740.988647
791.885742	481.606415
790.707031	494.131927
789.529297	861.128845
788.350586	581.221619
787.170898	1039.537842
785.992188	605.315613
784.812500	894.203613
783.632813	674.567749
782.452148	696.702332
781.272461	782.543152
780.091797	468.294342
778.911133	522.711548
777.729492	187.815720
776.547852	543.049500
775.366211	297.472626
774.184570	45.816494
773.001953	92.559418
771.819336	86.580589
770.636719	-79.880951
769.453125	70.817291
768.269531	37.796062
767.085938	93.626198
765.902344	-19.359823
764.717773	425.129120
763.533203	-135.068283
762.348633	75.274818
761.163086	156.941818
759.977539	-157.811111
758.791992	107.535637
757.606445	181.036774
756.419922	-147.946030
755.233398	-244.903259
754.046875	-137.385849
752.859375	79.678970
751.672852	39.856205
750.485352	393.772003
749.296875	539.234924
748.108398	476.406158
746.919922	729.207214
745.731445	376.270599
744.542969	732.131226
743.353516	581.272400
742.164063	96.386108
740.973633	147.545624
739.783203	-128.967300
738.592773	111.311974
737.402344	116.363701
736.211914	-0.304457
735.020508	214.681885
733.829102	536.592773
732.636719	292.013702
731.444336	381.007721
730.251953	21.297649
729.059570	510.692322
727.866211	-257.515320
726.673828	-84.640472
725.479492	-108.757950
724.286133	-250.131531
723.091797	-73.222099
721.897461	-47.110348
720.703125	-627.888916
719.507813	51.052494
718.312500	-272.241333
717.117188	-126.987495
715.921875	110.167435
714.725586	209.225098
713.529297	-235.104767
712.332031	28.972881
711.135742	67.328934
709.938477	207.945999
708.740234	584.370300
707.542969	616.208130
706.344727	1756.028809
705.146484	1927.282349
703.948242	2974.418701
702.749023	3184.856445
701.549805	3432.691406
700.350586	2500.718262
699.150391	2025.489502
697.950195	1304.645264
696.750000	900.704163
695.549805	940.459045
694.348633	441.007141
693.147461	-14.505671
691.946289	237.656250
690.744141	13.318354
689.541992	46.991493
688.339844	-141.813522
687.136719	180.871277
685.934570	401.609802
684.730469	275.280579
683.527344	-54.499966
682.323242	319.972992
681.119141	526.160095
679.915039	474.936401
678.710938	554.580139
677.505859	457.936798
676.300781	375.985657
675.094727	273.468719
673.889648	223.007080
672.683594	156.153671
671.476563	21.133997
670.270508	195.106354
669.063477	-38.833252
667.856445	261.882446
666.648438	117.589851
665.440430	2.651063
664.232422	-176.057739
663.024414	316.000977
661.815430	437.950806
660.606445	206.638306
659.397461	366.624420
658.188477	132.213684
656.978516	291.044464
655.768555	173.502655
654.557617	192.906387
653.346680	105.534439
652.135742	-135.976883
650.924805	176.467331
649.712891	105.686058
648.501953	-228.350143
647.289063	-97.329056
646.077148	-10.864757
644.864258	-251.299744
643.651367	-216.521500
642.438477	-335.277771
641.224609	-333.399017
640.010742	184.512360
638.796875	-93.480415
637.582031	346.321167
636.367188	612.306885
635.152344	747.882751
633.937500	329.441406
632.721680	910.211121
631.505859	593.794006
630.289063	955.543335
629.073242	1396.972900
627.856445	1077.786377
626.639648	1457.060181
625.421875	1302.196045
624.204102	997.597168
622.986328	674.833191
621.768555	516.663940
620.549805	305.619843
619.331055	-11.511229
618.111328	102.772865
616.892578	150.000748
