1721.000977	461.963318
1720.027344	150.035568
1719.052734	-20.480305
1718.078125	118.539856
1717.104492	84.697594
1716.128906	-119.361198
1715.154297	91.211342
1714.178711	62.413017
1713.204102	96.928360
1712.228516	-30.804976
1711.251953	50.843372
1710.276367	-24.468016
1709.299805	-159.344025
1708.324219	-133.463333
1707.347656	-251.581848
1706.370117	67.400894
1705.393555	-376.810211
1704.416016	-176.686218
1703.438477	-163.856781
1702.460938	416.216187
1701.483398	-188.166412
1700.505859	-199.671341
1699.527344	74.634941
1698.548828	85.277161
1697.570313	-47.491898
1696.591797	-63.045242
1695.612305	161.101044
1694.632813	-15.959548
1693.653320	-134.506470
1692.673828	75.947693
1691.694336	10.530317
1690.713867	-141.841751
1689.734375	144.351669
1688.753906	22.232176
1687.772461	-324.378601
1686.791992	-227.473053
1685.810547	70.528717
1684.830078	149.215714
1683.848633	-149.261536
1682.866211	10.648381
1681.884766	-270.038788
1680.902344	-56.875759
1679.919922	41.605511
1678.937500	147.626572
1677.955078	-3.384457
1676.971680	13.466740
1675.989258	98.982590
1675.005859	189.493912
1674.022461	124.905724
1673.038086	108.593071
1672.054688	94.872322
1671.070313	35.410675
1670.085938	113.144730
1669.101563	30.903181
1668.117188	-150.280533
1667.131836	188.941330
1666.146484	-124.107552
1665.161133	161.786911
1664.175781	221.861908
1663.189453	155.130219
1662.204102	-28.108007
1661.217773	27.054522
1660.231445	-176.252106
1659.245117	74.182487
1658.257813	-27.592743
1657.270508	-12.730004
1656.284180	50.360073
1655.295898	280.544586
1654.308594	22.210941
1653.321289	-246.045990
1652.333008	-223.154587
1651.344727	95.801346
1650.356445	-131.587021
1649.367188	-126.181885
1648.378906	144.810898
1647.389648	-3.830533
1646.400391	123.140579
1645.411133	63.197365
1644.420898	301.414856
1643.431641	82.550125
1642.441406	176.944168
1641.451172	94.686211
1640.459961	88.249649
1639.469727	81.948677
1638.478516	156.448959
1637.487305	387.401276
1636.496094	182.082260
1635.504883	-144.075272
1634.512695	402.159912
1633.520508	159.418198
1632.528320	269.639923
1631.536133	468.081787
1630.543945	538.082397
1629.550781	401.623077
1628.557617	748.696655
1627.564453	1080.614136
1626.571289	997.241333
1625.578125	986.959412
1624.583984	1336.457031
1623.589844	1693.433105
1622.595703	1497.159546
1621.601563	1992.384521
1620.606445	1959.632935
1619.611328	2110.407715
1618.616211	1974.789307
1617.621094	2105.552979
1616.625977	1960.091553
1615.629883	1664.078491
1614.633789	1749.817139
1613.637695	1572.067383
1612.641602	1723.163086
1611.645508	1711.192261
1610.648438	1716.813232
1609.651367	1943.164551
1608.654297	1605.369507
1607.657227	2358.152588
1606.659180	1784.918579
1605.662109	2442.239258
1604.664063	2380.355225
1603.666016	2431.248779
1602.666992	2634.879639
1601.668945	2180.088623
1600.669922	2353.738037
1599.670898	2357.188965
1598.671875	2015.416260
1597.671875	1913.922607
1596.672852	1877.556274
1595.672852	1526.168701
1594.672852	1832.409790
1593.671875	1201.290283
1592.671875	1177.693481
1591.670898	774.365662
1590.669922	805.839539
1589.668945	772.390686
1588.667969	963.681702
1587.666016	1082.493530
1586.664063	552.413208
1585.662109	716.205017
1584.660156	430.926056
1583.658203	522.379639
1582.655273	431.749329
1581.652344	405.989532
1580.649414	372.770844
1579.646484	48.017754
1578.642578	246.582092
1577.638672	-80.515312
1576.634766	-133.525574
1575.630859	25.128338
1574.626953	158.828156
1573.622070	-3.726355
1572.618164	77.671700
1571.613281	333.153381
1570.607422	93.526428
1569.602539	269.322021
1568.596680	288.378418
1567.590820	282.564423
1566.584961	281.723022
1565.579102	-7.345685
1564.572266	-37.976624
1563.566406	-282.161957
1562.559570	-322.664581
1561.551758	-97.551399
1560.544922	-61.146515
1559.537109	81.912346
1558.530273	222.453461
1557.521484	-470.580933
1556.513672	-416.829071
1555.505859	60.878448
1554.497070	-249.952972
1553.488281	-317.782288
1552.479492	-53.551041
1551.470703	265.060944
1550.460938	-87.725883
1549.451172	0.410889
1548.441406	-87.282639
1547.431641	-226.927521
1546.421875	-96.773682
1545.411133	253.497147
1544.400391	-22.245539
1543.389648	68.154678
1542.378906	-180.251205
1541.367188	224.066193
1540.355469	138.812408
1539.343750	21.464329
1538.332031	269.811340
1537.320313	-106.892250
1536.307617	106.758133
1535.294922	-87.082634
1534.282227	59.812485
1533.269531	46.213516
1532.256836	79.503807
1531.243164	-323.911865
1530.229492	141.031631
1529.215820	16.416954
1528.202148	-53.907619
1527.187500	-156.279327
1526.172852	-381.828308
1525.158203	181.157120
1524.143555	-206.951233
1523.127930	-85.115448
1522.113281	76.098770
1521.097656	-11.424849
1520.082031	-54.605450
1519.065430	217.184875
1518.049805	193.665558
1517.033203	-196.365433
1516.016602	370.407166
1515.000000	174.753815
1513.982422	79.947128
1512.965820	132.679062
1511.948242	136.228394
1510.930664	107.855637
1509.913086	13.186793
1508.894531	29.045490
1507.875977	307.606293
1506.857422	151.608475
1505.838867	-129.458588
1504.820313	190.718613
1503.800781	-171.180573
1502.781250	94.924522
1501.761719	204.015472
1500.742188	685.698853
1499.721680	505.427521
1498.702148	450.256042
1497.681641	5.573572
1496.661133	261.624725
1495.639648	608.171204
1494.618164	53.621563
1493.597656	241.048325
1492.576172	286.454346
1491.553711	74.938599
1490.532227	86.179901
1489.509766	43.618946
1488.487305	-118.707031
1487.464844	139.566376
1486.442383	-174.172974
1485.418945	-11.252746
1484.395508	334.875824
1483.372070	214.358368
1482.348633	-213.772720
1481.324219	63.916809
1480.300781	55.952438
1479.276367	143.193832
1478.251953	113.326103
1477.226563	-118.989685
1476.202148	143.986282
1475.176758	343.477386
1474.151367	452.731018
1473.125000	50.095955
1472.099609	98.545822
1471.073242	93.406082
1470.046875	-50.525421
1469.020508	119.830460
1467.994141	-70.189323
1466.966797	204.865921
1465.939453	-77.483627
1464.912109	528.513000
1463.884766	-31.002544
1462.856445	377.811249
1461.829102	531.203857
1460.800781	949.580139
1459.772461	662.928589
1458.743164	928.102661
1457.714844	889.546570
1456.685547	1059.958618
1455.656250	1414.948120
1454.625977	910.263245
1453.596680	823.445129
1452.566406	1103.212280
1451.536133	1254.318115
1450.505859	1026.966309
1449.474609	807.038574
1448.444336	708.559326
1447.413086	755.646240
1446.381836	814.911621
1445.350586	789.406860
1444.318359	926.306763
1443.286133	680.477051
1442.253906	524.445740
1441.221680	487.217407
1440.189453	605.023010
1439.156250	514.682312
1438.123047	405.103485
1437.089844	465.013611
1436.056641	662.862427
1435.022461	65.040268
1433.988281	299.302490
1432.954102	347.415222
1431.919922	-201.363312
1430.885742	327.857910
1429.850586	228.809479
1428.815430	98.496155
1427.780273	-2.698857
1426.744141	268.009888
1425.708984	-112.994301
1424.672852	66.101395
1423.636719	110.098083
1422.600586	16.671795
1421.563477	-175.524429
1420.527344	-49.248985
1419.490234	-311.074890
1418.452148	-95.513405
1417.415039	-159.444656
1416.376953	12.812784
1415.338867	-188.241730
1414.300781	123.802071
1413.262695	175.788010
1412.224609	-164.502609
1411.185547	58.552807
1410.146484	187.773331
1409.107422	-96.719948
1408.067383	27.832525
1407.027344	77.886185
1405.987305	202.534729
1404.947266	394.520264
1403.907227	149.182556
1402.866211	187.508072
1401.826172	9.757952
1400.785156	278.815521
1399.743164	271.731659
1398.702148	327.173126
1397.660156	404.262054
1396.618164	447.819885
1395.576172	496.248749
1394.533203	870.902954
1393.491211	1228.721558
1392.448242	1488.167480
1391.405273	1500.729614
1390.361328	1633.172607
1389.318359	2496.368408
1388.274414	2702.976074
1387.230469	2876.057861
1386.186523	3159.285645
1385.141602	2961.334473
1384.097656	3436.059570
1383.052734	3532.609131
1382.007813	3700.970947
1380.961914	3778.449463
1379.916992	3700.578857
1378.871094	3070.578125
1377.825195	3251.177002
1376.778320	2330.172607
1375.732422	2680.648682
1374.685547	2519.891357
1373.638672	2435.708252
1372.591797	2143.930908
1371.543945	1764.024292
1370.497070	1981.009155
1369.449219	1191.078857
1368.400391	1737.420532
1367.352539	1789.936768
1366.303711	1379.915283
1365.255859	1306.301392
1364.206055	1392.451172
1363.157227	1297.565796
1362.108398	1264.739990
1361.058594	1501.143188
1360.008789	1513.671143
1358.958984	1597.702026
1357.908203	1731.737549
1356.857422	1444.563721
1355.806641	1566.832275
1354.755859	1446.487793
1353.705078	1649.713013
1352.653320	1308.396606
1351.601563	1618.668091
1350.549805	1253.882202
1349.498047	1017.643616
1348.445313	686.528687
1347.393555	685.800293
1346.340820	630.506653
1345.287109	883.932373
1344.234375	584.265564
1343.180664	477.004059
1342.126953	946.413452
1341.073242	713.527954
1340.019531	589.901550
1338.964844	319.369049
1337.910156	245.777664
1336.855469	409.290588
1335.799805	364.254639
1334.745117	148.739426
1333.689453	257.853485
1332.633789	622.732666
1331.578125	12.083251
1330.521484	-165.091476
1329.464844	-15.554227
1328.408203	-55.305843
1327.351563	58.770016
1326.294922	-101.483749
1325.237305	-164.688492
1324.179688	-409.837708
1323.122070	-111.236923
1322.064453	-49.008091
1321.005859	192.774551
1319.947266	68.406342
1318.888672	33.874706
1317.830078	-17.121958
1316.770508	-129.435028
1315.710938	-83.538902
1314.651367	40.241364
1313.591797	-239.352875
1312.531250	-356.067291
1311.471680	-295.838715
1310.411133	-325.184998
1309.349609	1.385408
1308.289063	54.536942
1307.227539	152.455200
1306.166016	132.606750
1305.104492	-238.052170
1304.042969	60.087036
1302.980469	-105.556808
1301.917969	-184.029022
1300.855469	-43.627239
1299.792969	-74.961617
1298.729492	-400.222504
1297.666016	-325.611603
1296.602539	-20.633564
1295.539063	-112.929779
1294.474609	97.930672
1293.411133	-78.857613
1292.346680	279.927368
1291.281250	-0.109543
1290.216797	-26.441916
1289.151367	433.093872
1288.085938	-97.790070
1287.020508	378.038330
1285.955078	161.750305
1284.888672	135.519302
1283.822266	184.346344
1282.755859	108.941734
1281.689453	242.168076
1280.622070	-93.254135
1279.554688	424.152618
1278.487305	482.333008
1277.419922	121.387947
1276.351563	193.678741
1275.283203	319.792145
1274.214844	204.856491
1273.146484	295.855530
1272.077148	389.158508
1271.008789	309.411987
1269.939453	416.733917
1268.869141	559.073059
1267.799805	119.505493
1266.729492	409.067383
1265.659180	343.470306
1264.588867	123.787956
1263.517578	86.315613
1262.447266	-182.210648
1261.375977	284.526794
1260.304688	118.751213
1259.232422	844.168091
1258.161133	815.970520
1257.088867	449.679352
1256.016602	687.349854
1254.943359	759.429810
1253.871094	405.073120
1252.797852	957.125000
1251.724609	1259.718872
1250.650391	1352.591797
1249.577148	1145.112061
1248.502930	1261.262085
1247.428711	707.147766
1246.354492	930.381958
1245.279297	634.783813
1244.204102	678.865540
1243.128906	911.263367
1242.053711	402.020020
1240.977539	527.466370
1239.902344	815.529358
1238.826172	1050.023560
1237.750000	638.746155
1236.672852	638.645508
1235.595703	678.014832
1234.518555	559.537476
1233.441406	738.142822
1232.364258	480.506256
1231.286133	241.533142
1230.208008	371.383972
1229.129883	127.902222
1228.051758	195.138351
1226.972656	563.607117
1225.893555	401.328369
1224.814453	174.258865
1223.734375	-57.352253
1222.655273	-48.047043
1221.575195	114.028534
1220.495117	148.738083
1219.415039	269.046173
1218.333984	-512.934692
1217.252930	37.643406
1216.171875	238.811508
1215.090820	90.799812
1214.008789	324.209137
1212.926758	37.574898
1211.844727	-41.005474
1210.762695	7.483395
1209.679688	90.575935
1208.597656	-184.223190
1207.513672	194.318680
1206.430664	58.066063
1205.347656	-177.345047
1204.263672	152.486984
1203.179688	228.484299
1202.095703	-82.923691
1201.010742	59.918606
1199.925781	154.296555
1198.840820	85.022430
1197.755859	303.740509
1196.670898	335.794342
1195.584961	91.495689
1194.499023	26.868233
1193.413086	447.911713
1192.326172	-106.940933
1191.239258	-130.103607
1190.152344	46.845322
1189.065430	134.026688
1187.978516	110.799629
1186.890625	-252.633438
1185.802734	229.794067
1184.714844	-57.699371
1183.625977	174.053513
1182.538086	304.658752
1181.449219	377.783203
1180.360352	473.817627
1179.270508	122.253487
1178.180664	739.133850
1177.090820	300.470215
1176.000977	694.543457
1174.911133	769.697021
1173.820313	677.441895
1172.729492	793.785950
1171.638672	447.185944
1170.547852	664.309509
1169.456055	590.417480
1168.364258	644.783508
1167.272461	770.086792
1166.179688	1220.338379
1165.087891	1217.273071
1163.995117	1754.135620
1162.902344	1412.371460
1161.808594	1615.018799
1160.715820	2240.554688
1159.622070	1880.563843
1158.528320	1609.843018
1157.433594	1480.879517
1156.339844	1064.131104
1155.245117	1074.623535
1154.149414	662.657104
1153.054688	465.455109
1151.958984	594.679993
1150.863281	436.320129
1149.767578	601.953125
1148.671875	67.285439
1147.575195	305.839478
1146.478516	67.791008
1145.381836	164.881683
1144.285156	346.216431
1143.187500	304.165100
1142.089844	-90.947998
1140.992188	-271.846161
1139.894531	155.200516
1138.795898	-412.699921
1137.697266	-356.824768
1136.598633	-328.303558
1135.499023	-106.485336
1134.400391	69.732246
1133.300781	-499.945923
1132.201172	78.562241
1131.100586	-84.131485
1130.000977	-58.174648
1128.900391	153.996811
1127.799805	241.125153
1126.698242	153.329849
1125.596680	31.482077
1124.495117	-6.368137
1123.393555	-125.924698
1122.291992	689.202209
1121.189453	925.546021
1120.086914	962.192688
1118.984375	1209.625854
1117.881836	1747.028320
1116.778320	2037.132324
1115.674805	1726.684326
1114.571289	1837.636597
1113.466797	1694.850220
1112.363281	1787.553223
1111.258789	1020.011902
1110.153320	1565.311157
1109.048828	1497.187012
1107.943359	1557.967896
1106.837891	1516.900269
1105.732422	1374.053467
1104.625977	1360.053955
1103.520508	1022.841125
1102.414063	1282.215820
1101.306641	829.825256
1100.200195	339.202850
1099.092773	295.805267
1097.985352	597.762024
1096.877930	333.025177
1095.769531	469.978607
1094.661133	148.857315
1093.552734	549.550903
1092.444336	296.073914
1091.335938	155.362747
1090.226563	999.593994
1089.117188	-51.727634
1088.006836	267.093872
1086.897461	407.776459
1085.787109	546.060791
1084.676758	438.815033
1083.566406	1031.553711
1082.455078	858.820129
1081.343750	1174.306885
1080.232422	927.235474
1079.121094	1269.393799
1078.008789	959.285828
1076.896484	633.502869
1075.784180	946.024170
1074.671875	438.235260
1073.558594	759.456299
1072.445313	1208.462402
1071.332031	700.681946
1070.217773	482.606873
1069.104492	583.242126
1067.990234	335.943420
1066.875977	207.552628
1065.760742	23.045616
1064.645508	-24.696634
1063.530273	463.262207
1062.415039	220.260773
1061.299805	304.415131
1060.183594	274.169495
1059.067383	107.209953
1057.951172	-68.730301
1056.833984	-117.105659
1055.716797	-11.128273
1054.599609	-86.557106
1053.482422	115.348869
1052.364258	-313.700958
1051.247070	145.105515
1050.128906	154.211563
1049.009766	71.545486
1047.891602	232.392609
1046.772461	91.430046
1045.653320	53.161308
1044.533203	-510.009491
1043.414063	-139.788467
1042.293945	-13.174938
1041.173828	75.327164
1040.052734	40.938042
1038.932617	-24.770269
1037.811523	-21.457975
1036.689453	222.506439
1035.568359	-35.288731
1034.446289	9.972322
1033.324219	-165.494797
1032.202148	-447.933197
1031.079102	127.025040
1029.957031	-1.983809
1028.833984	-340.328461
1027.709961	-304.779602
1026.586914	-20.165182
1025.462891	-156.264618
1024.338867	-176.787109
1023.214844	-48.467823
1022.089844	155.224579
1020.964844	-223.614059
1019.839844	-291.339905
1018.714844	-99.258308
1017.588867	-105.092232
1016.462891	139.844589
1015.336914	180.293732
1014.210938	-21.343065
1013.083984	100.917992
1011.957031	577.931641
1010.830078	269.427887
1009.702148	293.515228
1008.574219	1343.888672
1007.446289	1533.657227
1006.318359	3094.851807
1005.190430	4839.065430
1004.061523	4805.954102
1002.932617	3709.790283
1001.802734	2585.178955
1000.673828	781.434570
999.543945	447.706604
998.414063	456.898499
997.283203	191.641342
996.153320	-27.182856
995.022461	215.992783
993.891602	-51.689476
992.759766	-136.001221
991.628906	309.839111
990.497070	247.268692
989.364258	559.970886
988.232422	196.802399
987.099609	350.145050
985.966797	496.646149
984.833984	384.790436
983.700195	327.958038
982.566406	471.683472
981.432617	130.139038
980.298828	502.794037
979.164063	407.903290
978.029297	193.927765
976.894531	-44.327244
975.759766	309.795227
974.624023	93.323227
973.488281	653.855042
972.352539	487.731293
971.215820	125.690819
970.080078	511.618011
968.943359	290.204407
967.805664	400.735840
966.668945	486.921753
965.531250	155.332077
964.393555	610.371033
963.254883	649.851257
962.117188	728.737122
960.978516	377.062714
959.839844	784.963440
958.700195	782.107117
957.561523	616.771667
956.421875	793.580444
955.281250	1088.585693
954.141602	1247.405640
953.000977	1237.202393
951.860352	1452.624268
950.719727	1358.868164
949.578125	1394.261841
948.436523	1030.902954
947.294922	632.563293
946.153320	766.260193
945.010742	512.364441
943.868164	203.767181
942.725586	83.345627
941.583008	150.969193
940.439453	255.606018
939.295898	626.800232
938.152344	204.335464
937.007813	9.195453
935.863281	45.619995
934.718750	306.904602
933.574219	535.227661
932.428711	309.236877
931.283203	113.820999
930.137695	-33.579750
928.992188	74.260071
927.845703	-134.316483
926.699219	-46.306988
925.552734	-257.079620
924.405273	83.583679
923.257813	367.373138
922.110352	195.639465
920.962891	503.108429
919.814453	-195.693222
918.666016	300.995331
917.517578	296.790588
916.369141	336.063110
915.219727	122.882591
914.070313	-46.739811
912.920898	314.277435
911.770508	11.976843
910.621094	22.807234
909.470703	529.037720
908.319336	-168.613281
907.168945	-75.306183
906.017578	-18.998329
904.866211	323.853027
903.713867	106.509445
902.562500	-110.712868
901.410156	-182.501511
900.256836	-130.645615
899.104492	81.698402
897.951172	-393.344360
896.797852	-27.149019
895.644531	167.706329
894.490234	-68.676559
893.335938	-257.270416
892.181641	156.276382
891.027344	301.198273
889.872070	8.835568
888.716797	36.926388
887.561523	-108.033066
886.405273	65.067284
885.249023	-68.936928
884.092773	-75.256493
882.936523	-42.606091
881.779297	126.218407
880.622070	221.575836
879.464844	-63.193775
878.307617	187.808151
877.149414	-146.338882
875.991211	-55.018570
874.833008	-90.969025
873.673828	-55.630043
872.514648	331.380066
871.355469	166.252792
870.196289	-274.652344
869.036133	-180.704453
867.875977	217.172989
866.715820	11.730015
865.554688	155.429871
864.394531	236.764236
863.233398	352.620575
862.071289	492.214020
860.910156	332.781555
859.748047	401.601929
858.585938	253.293381
857.422852	756.773071
856.259766	797.936218
855.096680	718.868469
853.933594	554.046143
852.770508	531.265625
851.606445	562.343079
850.442383	329.446228
849.277344	268.570953
848.113281	165.001205
846.948242	396.413116
845.783203	125.868057
844.617188	-399.629761
843.451172	1.718843
842.285156	113.647316
841.119141	11.381230
839.952148	-52.078648
838.785156	216.776779
837.618164	-630.241272
836.451172	290.057404
835.283203	-87.302681
834.115234	79.413109
832.947266	-59.742153
831.778320	-25.333326
830.609375	-74.130638
829.440430	345.645294
828.271484	684.215149
827.101563	11.823014
825.931641	152.021729
824.761719	341.531647
823.590820	153.108887
822.420898	599.265259
821.250000	656.874817
820.078125	492.697235
818.907227	926.367615
817.735352	711.491394
816.562500	565.202881
815.390625	766.834656
814.217773	608.301819
813.044922	64.301880
811.872070	528.749084
810.698242	-114.630562
809.524414	-150.414108
808.350586	-60.297024
807.176758	193.958649
806.001953	188.661179
804.827148	38.907890
803.651367	-89.262321
802.476563	82.793213
801.300781	176.316986
800.125000	127.607986
798.948242	506.369415
797.772461	124.475945
796.595703	176.378220
795.417969	122.285980
794.241211	259.583893
793.063477	596.602234
791.885742	594.102295
790.707031	793.408630
789.529297	454.013062
788.350586	507.371826
787.170898	925.638794
785.992188	849.991577
784.812500	1075.551147
783.632813	970.658325
782.452148	1164.723755
781.272461	988.270447
780.091797	593.990784
778.911133	718.759033
777.729492	566.400146
776.547852	350.823029
775.366211	575.558228
774.184570	129.917374
773.001953	-114.466057
771.819336	-180.985229
770.636719	-236.739136
769.453125	-15.504470
768.269531	9.320766
767.085938	49.070740
765.902344	-367.139282
764.717773	150.050659
763.533203	107.843018
762.348633	-24.944225
761.163086	-81.611336
759.977539	74.875404
758.791992	558.220337
757.606445	94.936226
756.419922	34.500088
755.233398	151.171326
754.046875	-305.107880
752.859375	298.233093
751.672852	427.621368
750.485352	321.240448
749.296875	974.692444
748.108398	1024.024902
746.919922	701.038818
745.731445	691.597778
744.542969	465.619904
743.353516	462.578003
742.164063	615.058228
740.973633	359.857574
739.783203	333.730011
738.592773	309.703033
737.402344	430.538422
736.211914	565.978577
735.020508	413.804779
733.829102	381.247803
732.636719	480.796021
731.444336	100.000710
730.251953	312.659119
729.059570	-212.689117
727.866211	550.921143
726.673828	75.878029
725.479492	298.458588
724.286133	-166.037964
723.091797	-194.955154
721.897461	39.763638
720.703125	-173.579102
719.507813	-146.357407
718.312500	-487.416016
717.117188	-222.014191
715.921875	130.921097
714.725586	67.594635
713.529297	-177.660904
712.332031	-143.015289
711.135742	144.187195
709.938477	174.236725
708.740234	204.091003
707.542969	884.974182
706.344727	1342.075562
705.146484	2741.750977
703.948242	3218.703125
702.749023	3230.237305
701.549805	3402.117920
700.350586	2552.470947
699.150391	2015.603394
697.950195	1370.493164
696.750000	727.600281
695.549805	426.334595
694.348633	333.216644
693.147461	142.169205
691.946289	171.624298
690.744141	631.522644
689.541992	356.911133
688.339844	448.259796
687.136719	437.574554
685.934570	164.937302
684.730469	133.339767
683.527344	242.944794
682.323242	-21.401796
681.119141	368.367035
679.915039	124.791924
678.710938	373.176483
677.505859	218.915070
676.300781	699.506165
675.094727	584.714355
673.889648	262.728943
672.683594	121.325256
671.476563	-5.386712
670.270508	40.099274
669.063477	236.951126
667.856445	380.092590
666.648438	183.867874
665.440430	89.458214
664.232422	113.383057
663.024414	191.468613
661.815430	-294.755585
660.606445	88.250839
659.397461	419.902893
658.188477	-182.296158
656.978516	183.499207
655.768555	196.517181
654.557617	152.422195
653.346680	76.103096
652.135742	-50.935322
650.924805	91.334099
649.712891	-372.144287
648.501953	114.655212
647.289063	-560.899597
646.077148	-434.835022
644.864258	-313.712402
643.651367	-335.522614
642.438477	-236.329147
641.224609	20.964399
640.010742	-16.765858
638.796875	171.736389
637.582031	462.915497
636.367188	-3.489026
635.152344	719.674133
633.937500	597.189270
632.721680	579.954529
631.505859	583.708435
630.289063	949.831299
629.073242	1016.396973
627.856445	1759.766602
626.639648	1460.248657
625.421875	1338.651123
624.204102	820.089417
622.986328	1048.364502
621.768555	578.353394
620.549805	147.339035
619.331055	219.018799
618.111328	28.335045
616.892578	36.888863
