1721.000977	-26.692759
1720.027344	-19.201309
1719.052734	17.992306
1718.078125	-81.863953
1717.104492	107.187988
1716.128906	-40.784256
1715.154297	-40.902599
1714.178711	-3.460114
1713.204102	30.545242
1712.228516	86.774788
1711.251953	165.244690
1710.276367	-8.102516
1709.299805	-77.108192
1708.324219	99.029671
1707.347656	259.062653
1706.370117	195.717590
1705.393555	310.918976
1704.416016	131.273361
1703.438477	66.249626
1702.460938	44.197258
1701.483398	-195.672760
1700.505859	6.301907
1699.527344	194.947754
1698.548828	4.919954
1697.570313	67.466545
1696.591797	213.882660
1695.612305	173.447403
1694.632813	-28.161676
1693.653320	55.862194
1692.673828	-143.727585
1691.694336	189.722107
1690.713867	-102.226265
1689.734375	235.642807
1688.753906	32.550316
1687.772461	102.076004
1686.791992	-172.707520
1685.810547	-57.707260
1684.830078	95.294579
1683.848633	-49.973129
1682.866211	-50.190933
1681.884766	-2.160162
1680.902344	43.159161
1679.919922	-5.827834
1678.937500	-80.347115
1677.955078	140.172745
1676.971680	32.388287
1675.989258	28.850216
1675.005859	264.216736
1674.022461	-95.374687
1673.038086	-142.293762
1672.054688	278.293213
1671.070313	96.604988
1670.085938	171.484772
1669.101563	5.086323
1668.117188	-19.086346
1667.131836	25.261786
1666.146484	82.281197
1665.161133	2.278630
1664.175781	130.325150
1663.189453	-35.864475
1662.204102	168.245224
1661.217773	60.474335
1660.231445	-49.752151
1659.245117	-0.256192
1658.257813	-24.225573
1657.270508	235.545044
1656.284180	-142.886932
1655.295898	81.440018
1654.308594	17.172186
1653.321289	84.590446
1652.333008	-40.274300
1651.344727	-79.014290
1650.356445	3.730058
1649.367188	248.327179
1648.378906	-113.852432
1647.389648	70.143616
1646.400391	-94.606354
1645.411133	182.937012
1644.420898	116.881912
1643.431641	10.535716
1642.441406	-12.379699
1641.451172	-184.152390
1640.459961	154.047241
1639.469727	191.911102
1638.478516	-128.427673
1637.487305	431.751770
1636.496094	114.175026
1635.504883	-41.824978
1634.512695	87.152435
1633.520508	198.512894
1632.528320	302.345825
1631.536133	48.485741
1630.543945	64.307014
1629.550781	100.329430
1628.557617	126.343498
1627.564453	323.583740
1626.571289	571.147888
1625.578125	551.980286
1624.583984	565.580322
1623.589844	704.997375
1622.595703	814.252808
1621.601563	928.559326
1620.606445	846.824524
1619.611328	853.142273
1618.616211	661.045410
1617.621094	1179.947632
1616.625977	1083.419678
1615.629883	969.404602
1614.633789	1073.892212
1613.637695	769.302734
1612.641602	979.291016
1611.645508	863.115234
1610.648438	1130.780884
1609.651367	1054.837036
1608.654297	1209.632568
1607.657227	940.794922
1606.659180	1150.768066
1605.662109	1310.600342
1604.664063	1264.984375
1603.666016	1372.205200
1602.666992	1361.722778
1601.668945	1248.653198
1600.669922	1288.336914
1599.670898	1510.717163
1598.671875	1012.490295
1597.671875	1304.929077
1596.672852	1184.647339
1595.672852	986.923462
1594.672852	1124.284302
1593.671875	804.233154
1592.671875	736.728333
1591.670898	571.830811
1590.669922	611.837891
1589.668945	761.724487
1588.667969	397.251801
1587.666016	467.268127
1586.664063	337.620422
1585.662109	245.467361
1584.660156	517.576050
1583.658203	200.982178
1582.655273	315.902374
1581.652344	263.751068
1580.649414	196.674286
1579.646484	199.406082
1578.642578	234.518753
1577.638672	239.728455
1576.634766	317.160889
1575.630859	-195.541626
1574.626953	38.779900
1573.622070	53.971348
1572.618164	66.677338
1571.613281	243.557663
1570.607422	-42.285217
1569.602539	323.526764
1568.596680	147.168198
1567.590820	110.075203
1566.584961	-168.073471
1565.579102	-88.323662
1564.572266	33.601463
1563.566406	172.861465
1562.559570	168.018738
1561.551758	366.724823
1560.544922	-57.651577
1559.537109	237.770340
1558.530273	-116.961952
1557.521484	111.332527
1556.513672	22.089712
1555.505859	141.141357
1554.497070	-29.921978
1553.488281	-22.485893
1552.479492	-7.637778
1551.470703	-5.201332
1550.460938	-7.750975
1549.451172	-2.890859
1548.441406	-57.472904
1547.431641	120.625603
1546.421875	18.978596
1545.411133	-38.122059
1544.400391	-6.166028
1543.389648	-11.342969
1542.378906	-152.538803
1541.367188	69.701508
1540.355469	54.546654
1539.343750	-66.882347
1538.332031	160.073624
1537.320313	-144.159668
1536.307617	-122.313690
1535.294922	-120.252686
1534.282227	29.897409
1533.269531	-22.416058
1532.256836	1.763074
1531.243164	109.775681
1530.229492	-6.727642
1529.215820	-81.282852
1528.202148	-79.399506
1527.187500	11.185186
1526.172852	20.386621
1525.158203	61.592770
1524.143555	19.008034
1523.127930	-3.889920
1522.113281	253.918167
1521.097656	1.994774
1520.082031	79.968391
1519.065430	-31.599281
1518.049805	191.464508
1517.033203	77.423386
1516.016602	-184.138947
1515.000000	-49.761070
1513.982422	-43.292397
1512.965820	-24.543365
1511.948242	21.198849
1510.930664	263.434113
1509.913086	-7.768694
1508.894531	67.351448
1507.875977	2.488779
1506.857422	219.911484
1505.838867	-21.670843
1504.820313	6.721911
1503.800781	-67.946114
1502.781250	53.604401
1501.761719	81.920013
1500.742188	107.762123
1499.721680	140.926941
1498.702148	93.217644
1497.681641	94.507233
1496.661133	78.644432
1495.639648	258.677429
1494.618164	186.453033
1493.597656	146.087540
1492.576172	0.490139
1491.553711	-61.869686
1490.532227	-82.607658
1489.509766	-32.423943
1488.487305	-65.399467
1487.464844	4.316120
1486.442383	-97.088921
1485.418945	-51.842682
1484.395508	0.717073
1483.372070	16.618439
1482.348633	-133.547012
1481.324219	-168.900848
1480.300781	44.767216
1479.276367	6.961307
1478.251953	120.460785
1477.226563	180.238831
1476.202148	-74.620323
1475.176758	143.693207
1474.151367	196.142303
1473.125000	12.133807
1472.099609	223.011581
1471.073242	107.319992
1470.046875	220.665405
1469.020508	-38.638939
1467.994141	196.461395
1466.966797	39.533466
1465.939453	70.093719
1464.912109	256.390900
1463.884766	240.704056
1462.856445	492.581726
1461.829102	223.981628
1460.800781	181.611542
1459.772461	294.848083
1458.743164	383.742828
1457.714844	210.223907
1456.685547	401.168274
1455.656250	621.199463
1454.625977	508.490234
1453.596680	454.128632
1452.566406	521.158752
1451.536133	381.924683
1450.505859	381.062775
1449.474609	348.684357
1448.444336	299.381989
1447.413086	492.573090
1446.381836	365.737274
1445.350586	415.901489
1444.318359	434.563843
1443.286133	276.406006
1442.253906	285.461700
1441.221680	214.637650
1440.189453	335.129639
1439.156250	140.934952
1438.123047	365.500641
1437.089844	-39.040005
1436.056641	93.618073
1435.022461	114.996712
1433.988281	59.030056
1432.954102	104.650131
1431.919922	205.872940
1430.885742	41.293549
1429.850586	200.525711
1428.815430	176.165421
1427.780273	-92.038948
1426.744141	134.819382
1425.708984	-7.673795
1424.672852	-58.377060
1423.636719	-68.003273
1422.600586	173.279831
1421.563477	-53.377640
1420.527344	-7.427493
1419.490234	130.136292
1418.452148	-236.048279
1417.415039	22.065733
1416.376953	-18.630676
1415.338867	37.073013
1414.300781	-123.933418
1413.262695	-188.528748
1412.224609	76.709969
1411.185547	-158.693832
1410.146484	-136.512329
1409.107422	-150.382187
1408.067383	136.408585
1407.027344	33.592514
1405.987305	19.807329
1404.947266	20.489559
1403.907227	-17.233839
1402.866211	-268.725922
1401.826172	-140.558441
1400.785156	18.803257
1399.743164	168.526260
1398.702148	383.043365
1397.660156	131.929550
1396.618164	382.426514
1395.576172	59.536083
1394.533203	146.928680
1393.491211	788.222168
1392.448242	753.239929
1391.405273	723.106140
1390.361328	716.979736
1389.318359	744.442871
1388.274414	997.079102
1387.230469	1304.723389
1386.186523	1250.752319
1385.141602	1278.219604
1384.097656	1298.542969
1383.052734	1333.243530
1382.007813	1461.263672
1380.961914	1562.947754
1379.916992	1568.992676
1378.871094	1362.298828
1377.825195	1229.823853
1376.778320	1109.383179
1375.732422	938.870300
1374.685547	782.789612
1373.638672	731.885559
1372.591797	759.829712
1371.543945	682.759827
1370.497070	727.479309
1369.449219	750.733032
1368.400391	561.694580
1367.352539	563.579102
1366.303711	663.250793
1365.255859	603.198120
1364.206055	717.177856
1363.157227	645.282104
1362.108398	647.307007
1361.058594	735.101685
1360.008789	632.380798
1358.958984	665.444641
1357.908203	715.179565
1356.857422	434.128082
1355.806641	564.852295
1354.755859	562.334167
1353.705078	440.932617
1352.653320	281.561462
1351.601563	661.927124
1350.549805	452.720551
1349.498047	509.773346
1348.445313	645.220032
1347.393555	274.719849
1346.340820	514.698608
1345.287109	336.734070
1344.234375	182.618011
1343.180664	294.378082
1342.126953	26.491957
1341.073242	81.357552
1340.019531	188.398224
1338.964844	240.871841
1337.910156	141.628983
1336.855469	279.460205
1335.799805	61.808941
1334.745117	74.079803
1333.689453	119.519615
1332.633789	-15.011374
1331.578125	120.433609
1330.521484	-4.537785
1329.464844	405.393616
1328.408203	-74.448494
1327.351563	117.734276
1326.294922	-165.509750
1325.237305	-86.855995
1324.179688	79.245064
1323.122070	-7.597682
1322.064453	-2.232354
1321.005859	90.548515
1319.947266	-218.219299
1318.888672	6.836804
1317.830078	12.245645
1316.770508	-154.646545
1315.710938	-208.179062
1314.651367	40.319553
1313.591797	213.239456
1312.531250	-73.782021
1311.471680	-77.725891
1310.411133	-32.156898
1309.349609	131.233170
1308.289063	-56.515282
1307.227539	205.771378
1306.166016	72.273315
1305.104492	-42.322384
1304.042969	83.272949
1302.980469	-80.689919
1301.917969	40.162495
1300.855469	10.396220
1299.792969	-78.153183
1298.729492	-91.410652
1297.666016	-24.715620
1296.602539	-195.459061
1295.539063	132.106720
1294.474609	137.629105
1293.411133	244.173676
1292.346680	-147.233994
1291.281250	86.120667
1290.216797	-93.792519
1289.151367	64.350945
1288.085938	313.942078
1287.020508	61.375126
1285.955078	20.020910
1284.888672	135.796478
1283.822266	171.809647
1282.755859	95.298439
1281.689453	400.811462
1280.622070	47.808750
1279.554688	74.443085
1278.487305	288.423218
1277.419922	85.532127
1276.351563	168.319809
1275.283203	80.220253
1274.214844	340.807495
1273.146484	306.516907
1272.077148	19.632896
1271.008789	202.896683
1269.939453	213.072601
1268.869141	-73.611000
1267.799805	-86.748795
1266.729492	273.927490
1265.659180	-73.314140
1264.588867	189.116058
1263.517578	182.920547
1262.447266	172.065186
1261.375977	156.539032
1260.304688	-64.309799
1259.232422	-33.130352
1258.161133	126.314728
1257.088867	241.379776
1256.016602	130.262543
1254.943359	345.487854
1253.871094	215.752075
1252.797852	228.177155
1251.724609	704.105408
1250.650391	518.469910
1249.577148	633.256104
1248.502930	501.251984
1247.428711	448.426849
1246.354492	418.890106
1245.279297	268.399078
1244.204102	659.844971
1243.128906	379.159485
1242.053711	286.887543
1240.977539	492.132263
1239.902344	158.222839
1238.826172	377.341919
1237.750000	187.593628
1236.672852	186.008820
1235.595703	175.136887
1234.518555	370.841217
1233.441406	327.446167
1232.364258	337.428345
1231.286133	4.113660
1230.208008	113.873756
1229.129883	365.011505
1228.051758	36.546570
1226.972656	373.332184
1225.893555	112.197037
1224.814453	-183.571579
1223.734375	-11.395834
1222.655273	144.504608
1221.575195	270.236481
1220.495117	145.956604
1219.415039	-12.973478
1218.333984	117.334656
1217.252930	-41.522697
1216.171875	-267.367615
1215.090820	-107.028038
1214.008789	74.036873
1212.926758	-10.721147
1211.844727	-39.991341
1210.762695	-41.527428
1209.679688	169.391159
1208.597656	-95.388985
1207.513672	-27.665546
1206.430664	-158.431442
1205.347656	-67.637978
1204.263672	-32.248138
1203.179688	-155.999680
1202.095703	114.588066
1201.010742	41.575588
1199.925781	-72.884270
1198.840820	-125.074493
1197.755859	-13.672613
1196.670898	148.354782
1195.584961	-157.134918
1194.499023	-128.666626
1193.413086	60.912182
1192.326172	11.085893
1191.239258	-174.449753
1190.152344	15.028104
1189.065430	250.420044
1187.978516	-54.576458
1186.890625	-14.646924
1185.802734	135.584015
1184.714844	108.841164
1183.625977	-131.518005
1182.538086	213.872192
1181.449219	226.181595
1180.360352	270.631226
1179.270508	140.641098
1178.180664	292.945831
1177.090820	16.207710
1176.000977	370.321411
1174.911133	345.941376
1173.820313	126.710320
1172.729492	462.251465
1171.638672	27.713358
1170.547852	218.814896
1169.456055	290.732025
1168.364258	543.535095
1167.272461	164.347366
1166.179688	82.893532
1165.087891	305.857147
1163.995117	528.726807
1162.902344	824.703552
1161.808594	679.182251
1160.715820	700.647034
1159.622070	539.236877
1158.528320	533.316895
1157.433594	426.869843
1156.339844	320.487061
1155.245117	606.981506
1154.149414	397.866913
1153.054688	49.607635
1151.958984	493.479553
1150.863281	400.937439
1149.767578	363.198120
1148.671875	174.952896
1147.575195	367.608307
1146.478516	427.958923
1145.381836	349.260529
1144.285156	361.757141
1143.187500	274.009613
1142.089844	252.367096
1140.992188	214.804047
1139.894531	127.181671
1138.795898	107.888916
1137.697266	81.786568
1136.598633	53.433025
1135.499023	118.357880
1134.400391	-0.939982
1133.300781	166.303833
1132.201172	62.973423
1131.100586	-158.485641
1130.000977	-127.621475
1128.900391	-339.835663
1127.799805	74.892494
1126.698242	-200.839066
1125.596680	186.443436
1124.495117	87.856850
1123.393555	198.080566
1122.291992	-41.104530
1121.189453	100.860428
1120.086914	195.148300
1118.984375	210.051682
1117.881836	542.277222
1116.778320	706.661072
1115.674805	725.981506
1114.571289	720.380615
1113.466797	635.520813
1112.363281	521.275208
1111.258789	624.377197
1110.153320	593.912170
1109.048828	420.929047
1107.943359	386.000977
1106.837891	412.152100
1105.732422	594.299927
1104.625977	579.696411
1103.520508	406.906158
1102.414063	98.615402
1101.306641	285.173218
1100.200195	340.657684
1099.092773	-98.383598
1097.985352	11.327366
1096.877930	111.957893
1095.769531	232.840057
1094.661133	225.074020
1093.552734	127.088806
1092.444336	117.080963
1091.335938	258.116180
1090.226563	383.294067
1089.117188	161.384628
1088.006836	36.434708
1086.897461	298.944092
1085.787109	210.024734
1084.676758	350.772797
1083.566406	396.908203
1082.455078	316.983521
1081.343750	333.821472
1080.232422	247.167358
1079.121094	356.184387
1078.008789	408.921143
1076.896484	461.614410
1075.784180	329.985992
1074.671875	382.634613
1073.558594	239.804077
1072.445313	353.035889
1071.332031	452.721741
1070.217773	262.757660
1069.104492	30.219889
1067.990234	118.612350
1066.875977	81.316437
1065.760742	295.190979
1064.645508	40.312744
1063.530273	229.381912
1062.415039	50.774479
1061.299805	163.509018
1060.183594	334.401276
1059.067383	61.719429
1057.951172	1.851194
1056.833984	259.862213
1055.716797	-151.498795
1054.599609	-63.707417
1053.482422	-132.596680
1052.364258	-22.567869
1051.247070	261.797699
1050.128906	224.051941
1049.009766	43.224987
1047.891602	72.497452
1046.772461	369.801880
1045.653320	177.762299
1044.533203	95.178307
1043.414063	260.410492
1042.293945	133.105972
1041.173828	-199.497818
1040.052734	-105.869003
1038.932617	5.515453
1037.811523	116.790619
1036.689453	-35.136410
1035.568359	13.572093
1034.446289	6.482599
1033.324219	-65.274567
1032.202148	-186.065613
1031.079102	-157.653870
1029.957031	164.595749
1028.833984	-72.106186
1027.709961	-57.284184
1026.586914	-69.226677
1025.462891	-74.559296
1024.338867	11.227622
1023.214844	-89.864868
1022.089844	-44.266453
1020.964844	12.353023
1019.839844	137.762238
1018.714844	-43.522099
1017.588867	112.786957
1016.462891	-226.212585
1015.336914	-14.578183
1014.210938	252.371017
1013.083984	286.128784
1011.957031	95.730949
1010.830078	51.729469
1009.702148	267.102386
1008.574219	322.682587
1007.446289	757.166687
1006.318359	1171.430908
1005.190430	1631.949219
1004.061523	1981.424072
1002.932617	1719.479736
1001.802734	948.367432
1000.673828	383.379852
999.543945	464.722992
998.414063	295.945404
997.283203	96.184753
996.153320	323.236389
995.022461	357.743317
993.891602	396.568939
992.759766	740.243286
991.628906	694.835815
990.497070	874.655151
989.364258	1224.337402
988.232422	1516.378418
987.099609	1647.053101
985.966797	1874.678711
984.833984	1716.003174
983.700195	1863.911499
982.566406	1901.396973
981.432617	1861.606079
980.298828	1570.452637
979.164063	1166.938965
978.029297	933.176025
976.894531	970.370667
975.759766	952.401978
974.624023	806.637207
973.488281	418.709137
972.352539	724.114014
971.215820	450.605713
970.080078	476.311768
968.943359	559.087463
967.805664	448.235626
966.668945	460.458496
965.531250	301.150085
964.393555	387.918671
963.254883	355.926147
962.117188	341.437897
960.978516	359.796875
959.839844	659.049194
958.700195	525.706360
957.561523	273.864410
956.421875	419.102295
955.281250	597.076782
954.141602	481.074066
953.000977	555.752808
951.860352	685.107178
950.719727	685.040405
949.578125	487.720001
948.436523	367.068207
947.294922	106.254005
946.153320	475.964020
945.010742	499.605927
943.868164	260.582855
942.725586	157.229950
941.583008	399.423492
940.439453	464.303528
939.295898	183.670044
938.152344	174.116241
937.007813	90.194229
935.863281	205.046112
934.718750	86.077698
933.574219	67.548370
932.428711	278.182129
931.283203	-17.710619
930.137695	-36.395721
928.992188	1.593396
927.845703	-41.204819
926.699219	40.260662
925.552734	16.989761
924.405273	120.085403
923.257813	192.579330
922.110352	210.528244
920.962891	189.219345
919.814453	220.130600
918.666016	28.922968
917.517578	81.543938
916.369141	77.526985
915.219727	269.270050
914.070313	112.879715
912.920898	17.422741
911.770508	-419.359070
910.621094	-160.406998
909.470703	280.928192
908.319336	11.600170
907.168945	157.257645
906.017578	-151.035980
904.866211	-70.578064
903.713867	77.109764
902.562500	-7.460318
901.410156	29.488098
900.256836	161.844498
899.104492	-2.935515
897.951172	237.776184
896.797852	129.412949
895.644531	168.467896
894.490234	29.849407
893.335938	-39.372387
892.181641	263.926575
891.027344	41.007053
889.872070	28.164410
888.716797	47.816437
887.561523	-250.547485
886.405273	193.166977
885.249023	-72.593079
884.092773	189.345367
882.936523	-82.688370
881.779297	49.548740
880.622070	62.949005
879.464844	-81.283218
878.307617	74.779106
877.149414	64.574600
875.991211	-107.447952
874.833008	27.113131
873.673828	163.827560
872.514648	13.673265
871.355469	262.616394
870.196289	134.226639
869.036133	25.368921
867.875977	30.862715
866.715820	165.715195
865.554688	-164.673294
864.394531	-165.318192
863.233398	180.759659
862.071289	76.899727
860.910156	397.146515
859.748047	164.415298
858.585938	65.266983
857.422852	202.823242
856.259766	301.736572
855.096680	220.174194
853.933594	368.715424
852.770508	130.593811
851.606445	217.050690
850.442383	95.298401
849.277344	59.613594
848.113281	41.268597
846.948242	117.493408
845.783203	-80.789276
844.617188	111.547173
843.451172	-0.563148
842.285156	-52.431873
841.119141	138.098068
839.952148	-121.330658
838.785156	-189.788589
837.618164	54.680008
836.451172	-96.963272
835.283203	38.520321
834.115234	101.342644
832.947266	61.599865
831.778320	-219.709198
830.609375	70.402069
829.440430	-30.773102
828.271484	54.290890
827.101563	190.802231
825.931641	188.541534
824.761719	246.297867
823.590820	24.410528
822.420898	261.958496
821.250000	70.464287
820.078125	434.217163
818.907227	-6.488463
817.735352	579.407898
816.562500	137.146332
815.390625	390.490723
814.217773	123.726860
813.044922	339.009491
811.872070	57.894211
810.698242	-188.792313
809.524414	-241.318115
808.350586	10.909251
807.176758	112.081718
806.001953	-180.342911
804.827148	-102.145569
803.651367	-25.895653
802.476563	293.015045
801.300781	52.732605
800.125000	-110.679390
798.948242	21.641541
797.772461	86.123886
796.595703	-131.761047
795.417969	100.955353
794.241211	142.670776
793.063477	131.507629
791.885742	92.976494
790.707031	154.410904
789.529297	143.901855
788.350586	161.182037
787.170898	176.547211
785.992188	26.756777
784.812500	284.184692
783.632813	397.608795
782.452148	153.159714
781.272461	-167.217575
780.091797	133.179733
778.911133	-4.584666
777.729492	-44.727734
776.547852	48.647541
775.366211	42.739197
774.184570	62.401367
773.001953	-6.569216
771.819336	-68.987740
770.636719	-285.484924
769.453125	-13.601920
768.269531	-278.256439
767.085938	-128.667511
765.902344	-158.466492
764.717773	31.451847
763.533203	-103.587212
762.348633	-35.854115
761.163086	145.904663
759.977539	-235.392670
758.791992	79.432205
757.606445	-132.770706
756.419922	-193.005844
755.233398	136.702545
754.046875	76.655228
752.859375	-73.816490
751.672852	-30.412868
750.485352	198.309921
749.296875	94.494110
748.108398	64.446098
746.919922	148.079117
745.731445	76.109001
744.542969	-56.742680
743.353516	-48.637356
742.164063	152.851547
740.973633	85.349556
739.783203	122.937218
738.592773	38.724239
737.402344	67.943260
736.211914	-62.374329
735.020508	69.695366
733.829102	415.699158
732.636719	262.299072
731.444336	-8.491454
730.251953	133.844940
729.059570	179.651718
727.866211	256.826843
726.673828	21.731546
725.479492	33.853085
724.286133	357.918213
723.091797	239.994308
721.897461	245.530396
720.703125	253.059235
719.507813	235.372757
718.312500	73.256226
717.117188	145.303040
715.921875	-79.690224
714.725586	15.079839
713.529297	-55.425144
712.332031	187.324677
711.135742	268.964691
709.938477	308.632874
708.740234	535.995056
707.542969	479.203552
706.344727	714.384033
705.146484	934.646545
703.948242	1540.452881
702.749023	1317.926758
701.549805	1489.296143
700.350586	1264.353882
699.150391	816.325134
697.950195	749.498047
696.750000	434.611481
695.549805	533.990356
694.348633	339.538208
693.147461	330.146759
691.946289	332.980072
690.744141	352.186218
689.541992	219.285751
688.339844	167.264343
687.136719	468.380127
685.934570	646.458191
684.730469	599.764038
683.527344	330.540222
682.323242	424.599243
681.119141	547.402527
679.915039	426.994293
678.710938	661.245667
677.505859	602.552612
676.300781	290.546234
675.094727	231.422379
673.889648	254.999725
672.683594	406.819611
671.476563	257.817780
670.270508	249.531631
669.063477	195.437622
667.856445	176.344482
666.648438	-58.281219
665.440430	241.031891
664.232422	82.671593
663.024414	-40.623554
661.815430	-23.377148
660.606445	163.282089
659.397461	95.428482
658.188477	283.793945
656.978516	-249.218353
655.768555	-5.246805
654.557617	-209.650986
653.346680	21.730764
652.135742	224.104614
650.924805	391.324890
649.712891	139.632401
648.501953	-111.839783
647.289063	109.241089
646.077148	60.259445
644.864258	-13.242833
643.651367	-203.947449
642.438477	-17.201736
641.224609	46.173836
640.010742	-15.742637
638.796875	106.046021
637.582031	53.266327
636.367188	145.100235
635.152344	198.374451
633.937500	439.459198
632.721680	265.686890
631.505859	308.654449
630.289063	255.814468
629.073242	625.205261
627.856445	376.938293
626.639648	569.428345
625.421875	703.399292
624.204102	226.667084
622.986328	166.099533
621.768555	225.972046
620.549805	71.868088
619.331055	-6.743760
618.111328	-177.971100
616.892578	70.899925
