1721.000977	224.653625
1720.027344	-55.366512
1719.052734	-11.782902
1718.078125	166.540848
1717.104492	315.406769
1716.128906	-88.375740
1715.154297	68.494240
1714.178711	21.702946
1713.204102	-72.187820
1712.228516	78.984055
1711.251953	144.596497
1710.276367	199.074890
1709.299805	260.343933
1708.324219	87.798912
1707.347656	-190.432007
1706.370117	-400.208313
1705.393555	205.702698
1704.416016	53.392429
1703.438477	-199.251404
1702.460938	301.997864
1701.483398	-468.245453
1700.505859	-231.572952
1699.527344	-8.329311
1698.548828	-204.722183
1697.570313	260.144379
1696.591797	-156.787766
1695.612305	197.176575
1694.632813	-72.341660
1693.653320	239.847046
1692.673828	-211.480713
1691.694336	-134.803040
1690.713867	-142.678391
1689.734375	-148.255554
1688.753906	-105.683998
1687.772461	-94.005981
1686.791992	-64.689209
1685.810547	-124.822113
1684.830078	-65.347534
1683.848633	116.149895
1682.866211	68.171837
1681.884766	147.407425
1680.902344	40.609211
1679.919922	73.712257
1678.937500	-73.969170
1677.955078	-132.642807
1676.971680	40.045818
1675.989258	-125.585411
1675.005859	212.155151
1674.022461	374.315216
1673.038086	53.475693
1672.054688	154.556335
1671.070313	153.924454
1670.085938	381.864319
1669.101563	178.036926
1668.117188	-101.860023
1667.131836	204.658127
1666.146484	79.668900
1665.161133	53.708679
1664.175781	-43.227573
1663.189453	-46.285400
1662.204102	161.196533
1661.217773	-24.320045
1660.231445	-100.717003
1659.245117	-174.483505
1658.257813	25.425083
1657.270508	58.153057
1656.284180	-10.314125
1655.295898	-15.446026
1654.308594	14.982319
1653.321289	-308.823578
1652.333008	-151.687363
1651.344727	-237.377045
1650.356445	56.447811
1649.367188	36.658516
1648.378906	-15.851837
1647.389648	83.387222
1646.400391	182.690002
1645.411133	-263.684204
1644.420898	-194.481750
1643.431641	21.317225
1642.441406	37.624832
1641.451172	195.410095
1640.459961	163.912857
1639.469727	-165.190567
1638.478516	159.352203
1637.487305	155.966064
1636.496094	175.393204
1635.504883	-1.741531
1634.512695	123.774277
1633.520508	198.946564
1632.528320	117.977921
1631.536133	210.977112
1630.543945	583.623108
1629.550781	638.905701
1628.557617	653.993774
1627.564453	747.210571
1626.571289	1303.550903
1625.578125	1180.427856
1624.583984	1253.643921
1623.589844	1173.515259
1622.595703	1681.915405
1621.601563	1684.897827
1620.606445	1873.940796
1619.611328	1987.617798
1618.616211	1832.520874
1617.621094	2066.917969
1616.625977	1977.354248
1615.629883	2164.073975
1614.633789	1693.114746
1613.637695	1666.666016
1612.641602	1745.706543
1611.645508	1759.570313
1610.648438	1981.662109
1609.651367	1774.929077
1608.654297	1771.443481
1607.657227	2103.925781
1606.659180	2133.074463
1605.662109	2262.537842
1604.664063	2344.398193
1603.666016	2551.515625
1602.666992	2553.256836
1601.668945	1901.691284
1600.669922	2311.679443
1599.670898	1655.526123
1598.671875	2118.057861
1597.671875	2007.609985
1596.672852	1617.200928
1595.672852	1457.007935
1594.672852	1301.937378
1593.671875	1204.434692
1592.671875	1369.423950
1591.670898	909.797668
1590.669922	907.497375
1589.668945	1027.603394
1588.667969	728.258240
1587.666016	835.923462
1586.664063	589.200562
1585.662109	706.904175
1584.660156	198.454498
1583.658203	670.420105
1582.655273	319.321442
1581.652344	447.056732
1580.649414	165.999435
1579.646484	89.429222
1578.642578	184.800339
1577.638672	-16.266302
1576.634766	99.055977
1575.630859	57.488400
1574.626953	100.595985
1573.622070	305.450500
1572.618164	-57.072155
1571.613281	-125.893379
1570.607422	409.708344
1569.602539	74.765045
1568.596680	182.492371
1567.590820	-3.125443
1566.584961	216.430038
1565.579102	-103.267998
1564.572266	-144.631577
1563.566406	-2.152144
1562.559570	-50.949482
1561.551758	-72.446304
1560.544922	-11.989508
1559.537109	50.898994
1558.530273	217.997299
1557.521484	-326.935791
1556.513672	-135.055038
1555.505859	-317.650879
1554.497070	45.166035
1553.488281	-169.635422
1552.479492	-173.731552
1551.470703	121.939636
1550.460938	95.463020
1549.451172	83.854446
1548.441406	-19.355200
1547.431641	68.072021
1546.421875	-92.016533
1545.411133	-437.637329
1544.400391	-562.957947
1543.389648	271.380798
1542.378906	-116.144714
1541.367188	27.976629
1540.355469	-413.750824
1539.343750	140.575256
1538.332031	-31.697508
1537.320313	-623.819092
1536.307617	201.811676
1535.294922	-185.214813
1534.282227	-127.742149
1533.269531	-65.363937
1532.256836	364.642670
1531.243164	-118.343636
1530.229492	3.150517
1529.215820	87.601959
1528.202148	-308.738983
1527.187500	145.447937
1526.172852	-110.301331
1525.158203	-321.595764
1524.143555	-286.466217
1523.127930	-211.971115
1522.113281	-38.992165
1521.097656	60.036915
1520.082031	136.870880
1519.065430	-39.806381
1518.049805	88.685921
1517.033203	131.011948
1516.016602	60.199909
1515.000000	289.379364
1513.982422	-71.519508
1512.965820	69.129318
1511.948242	-153.958923
1510.930664	310.904175
1509.913086	-177.386169
1508.894531	103.108269
1507.875977	59.423527
1506.857422	231.767426
1505.838867	330.429810
1504.820313	154.270889
1503.800781	-200.895935
1502.781250	471.680145
1501.761719	386.339874
1500.742188	11.779402
1499.721680	203.527145
1498.702148	-60.533527
1497.681641	182.629929
1496.661133	254.252640
1495.639648	210.745972
1494.618164	201.552032
1493.597656	275.640137
1492.576172	224.879120
1491.553711	95.840370
1490.532227	-47.772892
1489.509766	-289.154083
1488.487305	190.931686
1487.464844	301.696350
1486.442383	124.023666
1485.418945	239.673126
1484.395508	152.520111
1483.372070	170.471848
1482.348633	501.037140
1481.324219	194.213913
1480.300781	204.919449
1479.276367	113.129166
1478.251953	243.456467
1477.226563	105.395569
1476.202148	355.257874
1475.176758	100.257492
1474.151367	471.968536
1473.125000	9.928409
1472.099609	-154.540192
1471.073242	273.128784
1470.046875	-349.217346
1469.020508	217.219299
1467.994141	223.439621
1466.966797	-201.198349
1465.939453	-22.019405
1464.912109	86.571136
1463.884766	394.656219
1462.856445	593.179993
1461.829102	514.479553
1460.800781	537.950256
1459.772461	498.266785
1458.743164	567.990845
1457.714844	861.298706
1456.685547	884.875244
1455.656250	1015.359802
1454.625977	594.630615
1453.596680	909.742371
1452.566406	707.774902
1451.536133	658.832153
1450.505859	862.289795
1449.474609	823.135803
1448.444336	1041.150635
1447.413086	529.317139
1446.381836	415.309082
1445.350586	783.701416
1444.318359	742.486206
1443.286133	740.118164
1442.253906	919.469116
1441.221680	653.262329
1440.189453	726.170349
1439.156250	196.408173
1438.123047	530.851990
1437.089844	211.986816
1436.056641	207.785812
1435.022461	300.374481
1433.988281	88.343430
1432.954102	96.454910
1431.919922	148.139099
1430.885742	427.013672
1429.850586	500.477936
1428.815430	18.473495
1427.780273	-142.085114
1426.744141	33.060955
1425.708984	126.164848
1424.672852	-36.517807
1423.636719	-150.795868
1422.600586	-182.930710
1421.563477	-222.233429
1420.527344	66.505188
1419.490234	-160.700638
1418.452148	-204.580841
1417.415039	-289.305664
1416.376953	-176.383896
1415.338867	389.382629
1414.300781	-80.482452
1413.262695	-30.029741
1412.224609	-323.723907
1411.185547	49.378544
1410.146484	114.432243
1409.107422	92.945114
1408.067383	-36.697708
1407.027344	57.415882
1405.987305	151.575012
1404.947266	-37.833549
1403.907227	-18.016808
1402.866211	-67.819733
1401.826172	420.529755
1400.785156	253.158188
1399.743164	133.936844
1398.702148	216.500549
1397.660156	577.476257
1396.618164	290.560211
1395.576172	728.295227
1394.533203	1041.192383
1393.491211	965.619873
1392.448242	923.705505
1391.405273	1780.680054
1390.361328	2059.851807
1389.318359	2104.228760
1388.274414	2507.931641
1387.230469	2715.179199
1386.186523	2941.572266
1385.141602	3529.377197
1384.097656	3451.733154
1383.052734	4001.059082
1382.007813	3514.436035
1380.961914	3504.016846
1379.916992	3338.276611
1378.871094	3096.173096
1377.825195	2517.252441
1376.778320	3021.120605
1375.732422	2218.052734
1374.685547	2655.050293
1373.638672	2215.530029
1372.591797	1573.335327
1371.543945	2189.435791
1370.497070	1841.222778
1369.449219	1350.058105
1368.400391	1295.707275
1367.352539	1651.689697
1366.303711	1437.692261
1365.255859	1593.394287
1364.206055	1274.765747
1363.157227	1368.613037
1362.108398	1502.996094
1361.058594	1296.768066
1360.008789	1428.860107
1358.958984	934.798828
1357.908203	1769.242432
1356.857422	1439.660645
1355.806641	1493.361450
1354.755859	1470.992798
1353.705078	1386.866455
1352.653320	1328.984741
1351.601563	1309.234863
1350.549805	1094.671021
1349.498047	1051.358887
1348.445313	996.234497
1347.393555	1093.232422
1346.340820	786.542114
1345.287109	760.186401
1344.234375	534.536865
1343.180664	880.966919
1342.126953	686.347412
1341.073242	392.244141
1340.019531	624.832153
1338.964844	46.446602
1337.910156	392.907349
1336.855469	165.717560
1335.799805	469.462585
1334.745117	251.950226
1333.689453	-29.370808
1332.633789	248.342438
1331.578125	199.276764
1330.521484	-178.740051
1329.464844	-90.333977
1328.408203	78.533318
1327.351563	-154.752182
1326.294922	-210.503693
1325.237305	-55.760315
1324.179688	-97.234283
1323.122070	-72.461479
1322.064453	87.037819
1321.005859	-136.204926
1319.947266	-245.933441
1318.888672	119.082001
1317.830078	-295.104645
1316.770508	-161.473404
1315.710938	-148.201843
1314.651367	-342.513336
1313.591797	-48.416428
1312.531250	-136.461258
1311.471680	34.950344
1310.411133	126.171997
1309.349609	-228.050781
1308.289063	-129.659164
1307.227539	-90.174248
1306.166016	133.046295
1305.104492	134.865021
1304.042969	80.218742
1302.980469	-153.258652
1301.917969	-87.737511
1300.855469	-73.964638
1299.792969	-123.667274
1298.729492	125.335541
1297.666016	-514.470459
1296.602539	-171.394577
1295.539063	-11.738255
1294.474609	-112.941422
1293.411133	44.350395
1292.346680	-364.421661
1291.281250	-251.719040
1290.216797	309.371063
1289.151367	184.887756
1288.085938	170.777313
1287.020508	100.398506
1285.955078	154.395218
1284.888672	466.339630
1283.822266	-40.064266
1282.755859	32.753235
1281.689453	-159.251450
1280.622070	822.681519
1279.554688	520.533325
1278.487305	216.201889
1277.419922	111.049843
1276.351563	371.141876
1275.283203	146.677872
1274.214844	589.211914
1273.146484	350.805969
1272.077148	180.345169
1271.008789	110.541985
1269.939453	531.733704
1268.869141	422.165894
1267.799805	558.047058
1266.729492	245.300537
1265.659180	343.817413
1264.588867	283.507355
1263.517578	325.958801
1262.447266	629.864441
1261.375977	725.936890
1260.304688	709.985107
1259.232422	495.761841
1258.161133	689.803223
1257.088867	615.611206
1256.016602	480.858032
1254.943359	341.503479
1253.871094	505.161682
1252.797852	827.170776
1251.724609	1060.546631
1250.650391	576.581116
1249.577148	1103.282837
1248.502930	1066.458862
1247.428711	943.554688
1246.354492	543.847168
1245.279297	760.741699
1244.204102	705.449341
1243.128906	366.532196
1242.053711	343.915619
1240.977539	939.516846
1239.902344	795.976929
1238.826172	610.685242
1237.750000	300.059937
1236.672852	442.369720
1235.595703	254.966217
1234.518555	545.782654
1233.441406	460.556915
1232.364258	602.734009
1231.286133	-64.663231
1230.208008	75.247925
1229.129883	224.377304
1228.051758	139.330048
1226.972656	311.554840
1225.893555	71.285927
1224.814453	326.851135
1223.734375	-135.644562
1222.655273	205.529327
1221.575195	37.262779
1220.495117	211.606430
1219.415039	52.677162
1218.333984	83.501884
1217.252930	246.150742
1216.171875	45.689812
1215.090820	-78.392914
1214.008789	375.410004
1212.926758	195.840515
1211.844727	-216.992294
1210.762695	211.133911
1209.679688	29.398514
1208.597656	-256.140137
1207.513672	-262.271515
1206.430664	-291.468445
1205.347656	-57.625813
1204.263672	-73.029083
1203.179688	13.048015
1202.095703	-62.316696
1201.010742	51.368690
1199.925781	257.185883
1198.840820	250.923630
1197.755859	-66.340240
1196.670898	104.811913
1195.584961	358.770447
1194.499023	-41.211067
1193.413086	-153.308762
1192.326172	8.465412
1191.239258	384.122772
1190.152344	-73.044037
1189.065430	-109.179878
1187.978516	286.925842
1186.890625	82.901794
1185.802734	219.083466
1184.714844	-90.541191
1183.625977	-60.074017
1182.538086	-47.992092
1181.449219	255.665314
1180.360352	575.249329
1179.270508	196.974518
1178.180664	761.914612
1177.090820	789.791870
1176.000977	569.941895
1174.911133	664.325195
1173.820313	650.894592
1172.729492	339.501099
1171.638672	323.831848
1170.547852	555.585632
1169.456055	187.109802
1168.364258	727.899841
1167.272461	579.306946
1166.179688	636.760376
1165.087891	1083.220459
1163.995117	1083.307983
1162.902344	1257.225586
1161.808594	1396.734375
1160.715820	1826.548828
1159.622070	1618.379395
1158.528320	1894.783936
1157.433594	1314.207520
1156.339844	1487.723755
1155.245117	1039.921753
1154.149414	656.223083
1153.054688	692.728699
1151.958984	608.223083
1150.863281	398.229187
1149.767578	222.527649
1148.671875	354.793671
1147.575195	192.807816
1146.478516	-58.047649
1145.381836	-418.214752
1144.285156	162.884003
1143.187500	313.095490
1142.089844	-113.061302
1140.992188	116.791885
1139.894531	59.646553
1138.795898	-190.990356
1137.697266	-218.529526
1136.598633	-93.643547
1135.499023	-253.196655
1134.400391	196.791382
1133.300781	-165.176788
1132.201172	-179.218842
1131.100586	27.152397
1130.000977	-100.606148
1128.900391	-205.632675
1127.799805	136.763794
1126.698242	-277.164093
1125.596680	301.106689
1124.495117	114.212036
1123.393555	231.424561
1122.291992	371.231689
1121.189453	726.389832
1120.086914	1008.789246
1118.984375	1275.143921
1117.881836	1600.269287
1116.778320	1592.074097
1115.674805	1905.550171
1114.571289	1962.887939
1113.466797	1617.046753
1112.363281	1398.109131
1111.258789	1265.224976
1110.153320	1691.303345
1109.048828	1635.235596
1107.943359	1364.233765
1106.837891	1697.122070
1105.732422	1086.969727
1104.625977	1317.927124
1103.520508	1033.456299
1102.414063	916.245361
1101.306641	785.461121
1100.200195	257.198700
1099.092773	593.899902
1097.985352	937.154785
1096.877930	438.356750
1095.769531	334.577545
1094.661133	458.629944
1093.552734	246.501129
1092.444336	586.854126
1091.335938	304.765869
1090.226563	392.362579
1089.117188	355.910309
1088.006836	314.886658
1086.897461	447.251038
1085.787109	451.108093
1084.676758	380.595215
1083.566406	850.242493
1082.455078	826.757690
1081.343750	911.200195
1080.232422	905.545410
1079.121094	839.093079
1078.008789	909.722412
1076.896484	643.063477
1075.784180	931.521301
1074.671875	1125.399414
1073.558594	1020.327026
1072.445313	825.383362
1071.332031	830.262756
1070.217773	570.156433
1069.104492	660.190002
1067.990234	687.247192
1066.875977	310.415558
1065.760742	207.253403
1064.645508	-182.964035
1063.530273	-88.894142
1062.415039	-12.893533
1061.299805	529.040588
1060.183594	60.274635
1059.067383	379.994476
1057.951172	394.929413
1056.833984	445.559021
1055.716797	276.709930
1054.599609	380.830292
1053.482422	-34.233334
1052.364258	259.787323
1051.247070	117.528160
1050.128906	236.772842
1049.009766	105.500488
1047.891602	-135.312546
1046.772461	-123.695663
1045.653320	120.100578
1044.533203	-272.792847
1043.414063	-134.246490
1042.293945	17.486933
1041.173828	-63.053673
1040.052734	10.246706
1038.932617	179.319138
1037.811523	-169.207016
1036.689453	-379.485291
1035.568359	-88.236374
1034.446289	-4.522814
1033.324219	-248.500229
1032.202148	-307.614777
1031.079102	163.189270
1029.957031	-397.225555
1028.833984	-38.184494
1027.709961	-75.602699
1026.586914	-148.722458
1025.462891	80.571846
1024.338867	367.449799
1023.214844	-193.097076
1022.089844	-186.677765
1020.964844	-38.165260
1019.839844	74.588280
1018.714844	33.871349
1017.588867	95.172272
1016.462891	-150.119675
1015.336914	-171.223724
1014.210938	131.578384
1013.083984	422.985626
1011.957031	-11.319246
1010.830078	470.440765
1009.702148	814.335449
1008.574219	701.239441
1007.446289	1691.828247
1006.318359	3189.269531
1005.190430	3999.098145
1004.061523	5091.899414
1002.932617	3823.493896
1001.802734	1873.618530
1000.673828	1321.158081
999.543945	465.614349
998.414063	-104.289024
997.283203	-123.342560
996.153320	246.687073
995.022461	298.015747
993.891602	406.641113
992.759766	411.182556
991.628906	358.151855
990.497070	196.740601
989.364258	141.233948
988.232422	458.753815
987.099609	259.444458
985.966797	525.718628
984.833984	542.408936
983.700195	664.802124
982.566406	617.182617
981.432617	549.597839
980.298828	596.525024
979.164063	345.746796
978.029297	427.641968
976.894531	247.219116
975.759766	764.865784
974.624023	82.137833
973.488281	216.254456
972.352539	693.494019
971.215820	745.697205
970.080078	626.181763
968.943359	137.085098
967.805664	718.845642
966.668945	695.711426
965.531250	672.428894
964.393555	514.992004
963.254883	454.131744
962.117188	498.608917
960.978516	828.360779
959.839844	929.530273
958.700195	828.586609
957.561523	534.502319
956.421875	587.011169
955.281250	1178.876221
954.141602	1044.594238
953.000977	1061.492432
951.860352	1321.542603
950.719727	1287.742920
949.578125	866.066101
948.436523	860.613647
947.294922	776.223511
946.153320	790.280701
945.010742	953.031372
943.868164	430.706207
942.725586	15.721718
941.583008	200.111435
940.439453	128.457352
939.295898	113.584549
938.152344	253.808014
937.007813	149.115982
935.863281	-206.845856
934.718750	114.358765
933.574219	588.189575
932.428711	428.587860
931.283203	-80.229874
930.137695	74.477463
928.992188	344.669800
927.845703	-338.500610
926.699219	129.944824
925.552734	301.618469
924.405273	85.160927
923.257813	165.105698
922.110352	127.319199
920.962891	74.253868
919.814453	467.550354
918.666016	37.683868
917.517578	-109.064949
916.369141	-181.794296
915.219727	110.949112
914.070313	-14.081969
912.920898	-84.720009
911.770508	-466.261627
910.621094	110.924339
909.470703	181.479477
908.319336	123.786324
907.168945	-281.394989
906.017578	340.733521
904.866211	144.085083
903.713867	110.300842
902.562500	-140.441086
901.410156	-230.533859
900.256836	-112.368118
899.104492	107.710716
897.951172	-255.514481
896.797852	81.568718
895.644531	-56.055317
894.490234	66.383980
893.335938	-77.622108
892.181641	-241.003235
891.027344	234.420364
889.872070	-355.295349
888.716797	-531.358459
887.561523	-216.155533
886.405273	57.838341
885.249023	197.700089
884.092773	30.562635
882.936523	32.172165
881.779297	375.280548
880.622070	186.827698
879.464844	-81.369888
878.307617	104.144897
877.149414	227.030533
875.991211	-27.773441
874.833008	272.252533
873.673828	-215.267899
872.514648	164.666931
871.355469	-251.208603
870.196289	111.546906
869.036133	-116.372231
867.875977	255.031235
866.715820	40.378326
865.554688	159.801147
864.394531	210.421951
863.233398	334.341095
862.071289	331.328278
860.910156	472.680664
859.748047	261.253235
858.585938	471.678589
857.422852	243.445084
856.259766	482.032654
855.096680	720.679077
853.933594	600.508911
852.770508	362.404297
851.606445	285.670532
850.442383	353.036530
849.277344	-6.707903
848.113281	-127.816521
846.948242	30.279507
845.783203	-19.609865
844.617188	179.520523
843.451172	-24.398764
842.285156	54.986553
841.119141	-439.906830
839.952148	38.532169
838.785156	396.979126
837.618164	-317.641693
836.451172	-83.042862
835.283203	-252.995667
834.115234	-448.329590
832.947266	26.465216
831.778320	41.262257
830.609375	150.395248
829.440430	-11.872391
828.271484	302.937469
827.101563	162.538651
825.931641	601.556519
824.761719	224.480652
823.590820	270.728210
822.420898	257.417511
821.250000	671.330994
820.078125	961.477905
818.907227	402.439697
817.735352	520.195068
816.562500	520.811462
815.390625	651.774841
814.217773	563.311035
813.044922	747.967285
811.872070	-0.576726
810.698242	-24.184214
809.524414	-43.269726
808.350586	135.935654
807.176758	51.313988
806.001953	573.576660
804.827148	65.905235
803.651367	260.761261
802.476563	85.694725
801.300781	30.016436
800.125000	55.390915
798.948242	518.826721
797.772461	168.430206
796.595703	500.376404
795.417969	543.526978
794.241211	442.502014
793.063477	299.282135
791.885742	1020.201172
790.707031	605.736633
789.529297	550.225281
788.350586	921.261841
787.170898	704.952759
785.992188	1084.680054
784.812500	913.363098
783.632813	827.083435
782.452148	755.865479
781.272461	708.182983
780.091797	683.991272
778.911133	573.202393
777.729492	227.708115
776.547852	163.978333
775.366211	-138.601410
774.184570	37.119869
773.001953	-0.657538
771.819336	-251.777435
770.636719	-445.558044
769.453125	-396.123352
768.269531	-126.868835
767.085938	-269.449066
765.902344	-278.811737
764.717773	172.141708
763.533203	-432.262604
762.348633	181.206970
761.163086	-55.659767
759.977539	76.759567
758.791992	-14.299907
757.606445	14.920284
756.419922	223.330933
755.233398	-92.942474
754.046875	-118.309723
752.859375	235.467957
751.672852	311.195038
750.485352	925.805725
749.296875	708.851013
748.108398	721.357849
746.919922	380.470795
745.731445	620.193604
744.542969	588.569092
743.353516	378.265564
742.164063	397.110504
740.973633	138.568954
739.783203	100.675522
738.592773	-195.554321
737.402344	497.203522
736.211914	-153.836151
735.020508	240.451752
733.829102	424.664703
732.636719	614.994263
731.444336	220.053802
730.251953	364.027161
729.059570	273.059387
727.866211	337.092102
726.673828	327.650085
725.479492	257.326721
724.286133	-204.692062
723.091797	346.672058
721.897461	-351.969543
720.703125	297.220825
719.507813	-77.119148
718.312500	-271.568359
717.117188	131.973450
715.921875	29.212353
714.725586	14.095324
713.529297	9.248443
712.332031	171.337906
711.135742	498.176544
709.938477	256.667633
708.740234	745.753540
707.542969	618.698730
706.344727	1520.231201
705.146484	2289.703857
703.948242	2923.038574
702.749023	3499.552734
701.549805	3212.523438
700.350586	2531.510986
699.150391	1992.303345
697.950195	1334.414551
696.750000	845.344421
695.549805	404.211121
694.348633	398.176025
693.147461	631.315857
691.946289	-53.440155
690.744141	-222.139145
689.541992	432.677856
688.339844	3.743765
687.136719	152.768295
685.934570	661.160339
684.730469	512.602356
683.527344	341.182648
682.323242	173.915283
681.119141	399.096161
679.915039	250.482498
678.710938	193.239090
677.505859	82.070084
676.300781	379.625031
675.094727	-81.947296
673.889648	120.264702
672.683594	264.439453
671.476563	257.384583
670.270508	-141.065613
669.063477	154.777344
667.856445	-209.893890
666.648438	262.313751
665.440430	-223.750961
664.232422	-28.386042
663.024414	289.354858
661.815430	7.542825
660.606445	28.280603
659.397461	217.025528
658.188477	-100.118057
656.978516	-249.071167
655.768555	90.332161
654.557617	-137.650482
653.346680	108.202194
652.135742	96.797386
650.924805	-62.220379
649.712891	217.359039
648.501953	-465.476929
647.289063	-303.199982
646.077148	-100.515205
644.864258	-304.717377
643.651367	-264.132324
642.438477	-26.236439
641.224609	-73.115280
640.010742	-118.188377
638.796875	58.974064
637.582031	190.709396
636.367188	343.028107
635.152344	176.525009
633.937500	432.115601
632.721680	677.748230
631.505859	804.581299
630.289063	1032.811523
629.073242	1304.923462
627.856445	1571.772461
626.639648	1619.856323
625.421875	1081.914429
624.204102	907.083496
622.986328	1138.371826
621.768555	620.285339
620.549805	356.863983
619.331055	114.248695
618.111328	173.608322
616.892578	-31.023205
