1721.000977	153.507416
1720.027344	138.871933
1719.052734	194.342957
1718.078125	207.939407
1717.104492	84.809433
1716.128906	-56.973206
1715.154297	-114.780983
1714.178711	88.242523
1713.204102	-75.991409
1712.228516	71.847870
1711.251953	-24.382727
1710.276367	-231.280273
1709.299805	-210.725006
1708.324219	-211.172653
1707.347656	-12.460210
1706.370117	-29.312162
1705.393555	65.988533
1704.416016	-82.241776
1703.438477	150.287415
1702.460938	95.910957
1701.483398	33.511868
1700.505859	-8.769629
1699.527344	48.283581
1698.548828	153.540970
1697.570313	-27.665623
1696.591797	15.674729
1695.612305	275.762085
1694.632813	91.257912
1693.653320	-118.933914
1692.673828	-132.765518
1691.694336	110.892494
1690.713867	221.586151
1689.734375	176.492249
1688.753906	90.430237
1687.772461	-141.088074
1686.791992	-257.944885
1685.810547	-13.059249
1684.830078	35.444077
1683.848633	129.638809
1682.866211	116.710556
1681.884766	75.700058
1680.902344	-44.312923
1679.919922	-133.813629
1678.937500	214.313980
1677.955078	127.207062
1676.971680	263.890808
1675.989258	219.939743
1675.005859	81.880020
1674.022461	170.072342
1673.038086	-23.908684
1672.054688	117.580688
1671.070313	93.856262
1670.085938	57.437801
1669.101563	28.647152
1668.117188	-187.992950
1667.131836	219.840408
1666.146484	-88.105553
1665.161133	-93.986610
1664.175781	141.131088
1663.189453	203.702393
1662.204102	60.918980
1661.217773	77.910851
1660.231445	-29.257959
1659.245117	205.741760
1658.257813	-225.630127
1657.270508	232.273666
1656.284180	-82.325783
1655.295898	-287.912170
1654.308594	12.920570
1653.321289	106.156868
1652.333008	9.617210
1651.344727	234.453354
1650.356445	307.498779
1649.367188	61.940884
1648.378906	-54.501476
1647.389648	-52.052662
1646.400391	102.084526
1645.411133	-46.970028
1644.420898	177.937561
1643.431641	-18.928303
1642.441406	-36.389568
1641.451172	158.275803
1640.459961	191.373871
1639.469727	123.607483
1638.478516	199.719315
1637.487305	26.151434
1636.496094	64.555969
1635.504883	377.833038
1634.512695	275.095245
1633.520508	13.688285
1632.528320	291.678101
1631.536133	358.001556
1630.543945	154.861160
1629.550781	510.881256
1628.557617	499.238861
1627.564453	560.659729
1626.571289	664.894958
1625.578125	643.343933
1624.583984	828.115540
1623.589844	992.747498
1622.595703	1167.424316
1621.601563	1329.512085
1620.606445	991.396973
1619.611328	1042.977783
1618.616211	1375.973877
1617.621094	1234.140015
1616.625977	1200.402710
1615.629883	1141.603271
1614.633789	1025.136108
1613.637695	933.863281
1612.641602	1276.769653
1611.645508	1343.615723
1610.648438	1267.493042
1609.651367	1271.688232
1608.654297	1313.528076
1607.657227	1423.063843
1606.659180	1454.887329
1605.662109	1311.357788
1604.664063	1506.085938
1603.666016	1575.539795
1602.666992	1629.953735
1601.668945	1659.356689
1600.669922	1768.853760
1599.670898	1450.414795
1598.671875	1462.388062
1597.671875	1279.254272
1596.672852	1303.807495
1595.672852	1260.846802
1594.672852	1270.419922
1593.671875	875.109375
1592.671875	922.275574
1591.670898	784.553528
1590.669922	651.901184
1589.668945	604.219666
1588.667969	756.306580
1587.666016	781.021912
1586.664063	533.712280
1585.662109	196.690979
1584.660156	336.284912
1583.658203	425.944183
1582.655273	326.048553
1581.652344	320.932861
1580.649414	522.701538
1579.646484	430.334015
1578.642578	24.067617
1577.638672	-15.860393
1576.634766	3.996289
1575.630859	56.210953
1574.626953	-138.043488
1573.622070	70.956802
1572.618164	-8.765764
1571.613281	264.794006
1570.607422	-128.374390
1569.602539	82.913582
1568.596680	306.520691
1567.590820	144.741043
1566.584961	258.876678
1565.579102	20.133999
1564.572266	-153.948486
1563.566406	-101.941849
1562.559570	-181.588669
1561.551758	88.815567
1560.544922	227.559265
1559.537109	-30.830553
1558.530273	-209.715820
1557.521484	296.047791
1556.513672	109.686211
1555.505859	-31.982454
1554.497070	-2.573753
1553.488281	46.634617
1552.479492	-3.308798
1551.470703	-246.482376
1550.460938	-90.810135
1549.451172	161.356125
1548.441406	103.924438
1547.431641	39.074368
1546.421875	-62.887569
1545.411133	102.382271
1544.400391	136.456116
1543.389648	-7.570383
1542.378906	-233.152283
1541.367188	-179.317001
1540.355469	82.099655
1539.343750	-76.705002
1538.332031	-45.221104
1537.320313	-129.860641
1536.307617	170.757294
1535.294922	88.527489
1534.282227	191.457947
1533.269531	109.226616
1532.256836	-49.476818
1531.243164	53.355591
1530.229492	-169.443726
1529.215820	-182.558060
1528.202148	151.942612
1527.187500	17.941284
1526.172852	49.096664
1525.158203	92.545868
1524.143555	219.717026
1523.127930	-12.766566
1522.113281	-6.306455
1521.097656	-98.345901
1520.082031	112.379425
1519.065430	300.840515
1518.049805	-12.658966
1517.033203	97.019760
1516.016602	-34.356930
1515.000000	8.877529
1513.982422	-21.674911
1512.965820	48.558979
1511.948242	45.024738
1510.930664	127.469261
1509.913086	-67.665413
1508.894531	125.240318
1507.875977	-148.396698
1506.857422	-161.743759
1505.838867	-81.833412
1504.820313	184.504974
1503.800781	-155.171432
1502.781250	3.146060
1501.761719	78.028465
1500.742188	-70.199265
1499.721680	117.395119
1498.702148	246.119247
1497.681641	105.290024
1496.661133	373.564575
1495.639648	95.627213
1494.618164	324.611572
1493.597656	117.813416
1492.576172	62.825188
1491.553711	49.446556
1490.532227	94.807243
1489.509766	247.755692
1488.487305	263.716522
1487.464844	86.549911
1486.442383	46.344540
1485.418945	121.003639
1484.395508	-16.907589
1483.372070	223.859695
1482.348633	-94.703468
1481.324219	41.005463
1480.300781	201.098267
1479.276367	107.308563
1478.251953	-30.345457
1477.226563	124.805252
1476.202148	109.194534
1475.176758	259.413635
1474.151367	260.873199
1473.125000	91.716980
1472.099609	-299.092072
1471.073242	184.951508
1470.046875	332.656738
1469.020508	-11.622149
1467.994141	155.592224
1466.966797	108.525795
1465.939453	202.669037
1464.912109	287.067627
1463.884766	388.489899
1462.856445	448.532990
1461.829102	425.916962
1460.800781	434.934998
1459.772461	409.948456
1458.743164	598.851501
1457.714844	646.799316
1456.685547	714.181213
1455.656250	538.700012
1454.625977	727.539185
1453.596680	287.587891
1452.566406	488.610687
1451.536133	274.632568
1450.505859	783.763550
1449.474609	320.042603
1448.444336	271.258911
1447.413086	644.396118
1446.381836	472.006348
1445.350586	658.414368
1444.318359	226.901550
1443.286133	379.437775
1442.253906	347.882965
1441.221680	251.005264
1440.189453	444.729034
1439.156250	113.165894
1438.123047	219.795212
1437.089844	57.871376
1436.056641	541.906616
1435.022461	24.563482
1433.988281	179.653122
1432.954102	218.693558
1431.919922	-46.754227
1430.885742	299.286743
1429.850586	379.479309
1428.815430	-6.461499
1427.780273	-102.414177
1426.744141	11.751001
1425.708984	-64.753540
1424.672852	-215.994873
1423.636719	-253.723114
1422.600586	-42.926201
1421.563477	-213.224213
1420.527344	7.225530
1419.490234	111.909172
1418.452148	-79.854485
1417.415039	-57.014179
1416.376953	-87.142036
1415.338867	12.860893
1414.300781	52.676456
1413.262695	-100.075996
1412.224609	-180.495895
1411.185547	184.371384
1410.146484	250.792374
1409.107422	-12.312841
1408.067383	-34.762955
1407.027344	53.460316
1405.987305	148.913727
1404.947266	68.933304
1403.907227	118.800385
1402.866211	-174.852310
1401.826172	-47.977478
1400.785156	4.444202
1399.743164	68.895363
1398.702148	479.040100
1397.660156	226.696884
1396.618164	94.484825
1395.576172	458.944916
1394.533203	653.014954
1393.491211	516.174744
1392.448242	513.686646
1391.405273	772.507385
1390.361328	1347.567017
1389.318359	1273.204346
1388.274414	1493.533569
1387.230469	1754.534668
1386.186523	1814.367432
1385.141602	1871.827759
1384.097656	1766.597290
1383.052734	1632.744019
1382.007813	2448.688721
1380.961914	2023.071167
1379.916992	2075.927979
1378.871094	2059.479980
1377.825195	1885.348877
1376.778320	1634.871704
1375.732422	1121.770264
1374.685547	1034.099609
1373.638672	1376.366211
1372.591797	1252.975830
1371.543945	793.113525
1370.497070	989.801147
1369.449219	637.670593
1368.400391	987.067444
1367.352539	895.159729
1366.303711	681.728149
1365.255859	775.979492
1364.206055	979.860718
1363.157227	790.537415
1362.108398	1037.325684
1361.058594	729.073059
1360.008789	571.029053
1358.958984	946.419739
1357.908203	1026.526489
1356.857422	661.619995
1355.806641	1013.096375
1354.755859	831.621277
1353.705078	804.860168
1352.653320	649.752869
1351.601563	761.013184
1350.549805	651.238281
1349.498047	667.498108
1348.445313	816.832031
1347.393555	474.486053
1346.340820	604.893066
1345.287109	355.410187
1344.234375	367.195160
1343.180664	269.845245
1342.126953	421.712463
1341.073242	405.136169
1340.019531	125.360008
1338.964844	296.253906
1337.910156	211.091583
1336.855469	313.245575
1335.799805	142.886673
1334.745117	114.798737
1333.689453	316.503632
1332.633789	127.436928
1331.578125	47.396931
1330.521484	152.052719
1329.464844	34.249878
1328.408203	155.503494
1327.351563	82.772041
1326.294922	152.010040
1325.237305	119.576241
1324.179688	193.569901
1323.122070	132.853760
1322.064453	10.761272
1321.005859	13.959904
1319.947266	-13.513738
1318.888672	-71.638710
1317.830078	-28.187029
1316.770508	-95.664925
1315.710938	-203.198044
1314.651367	118.748238
1313.591797	-109.021942
1312.531250	-173.944351
1311.471680	-156.276001
1310.411133	-150.380020
1309.349609	-26.624043
1308.289063	101.828476
1307.227539	-52.445965
1306.166016	-140.678787
1305.104492	56.080666
1304.042969	-152.148621
1302.980469	-117.831421
1301.917969	-316.472717
1300.855469	343.733643
1299.792969	-170.062531
1298.729492	71.269852
1297.666016	-14.289933
1296.602539	1.290807
1295.539063	59.189289
1294.474609	-134.332458
1293.411133	-85.780464
1292.346680	59.059319
1291.281250	4.260683
1290.216797	219.487381
1289.151367	141.248535
1288.085938	-12.025590
1287.020508	332.148895
1285.955078	-130.671890
1284.888672	199.338806
1283.822266	231.472488
1282.755859	139.375153
1281.689453	180.915482
1280.622070	421.601929
1279.554688	268.663422
1278.487305	52.576061
1277.419922	-58.037544
1276.351563	182.545990
1275.283203	191.336777
1274.214844	225.877365
1273.146484	28.815748
1272.077148	294.949615
1271.008789	196.195969
1269.939453	34.371372
1268.869141	258.286011
1267.799805	395.657532
1266.729492	362.421814
1265.659180	312.860321
1264.588867	123.212860
1263.517578	260.523407
1262.447266	131.681427
1261.375977	222.275208
1260.304688	403.836212
1259.232422	219.074463
1258.161133	276.963318
1257.088867	255.548279
1256.016602	614.143921
1254.943359	371.253296
1253.871094	589.867310
1252.797852	535.808838
1251.724609	491.097595
1250.650391	644.344116
1249.577148	578.685669
1248.502930	922.724609
1247.428711	705.773438
1246.354492	433.082001
1245.279297	646.670959
1244.204102	427.602936
1243.128906	850.367859
1242.053711	408.195953
1240.977539	449.627533
1239.902344	546.815369
1238.826172	467.404999
1237.750000	515.771423
1236.672852	373.703156
1235.595703	433.674835
1234.518555	198.848343
1233.441406	291.322998
1232.364258	318.795807
1231.286133	105.022079
1230.208008	273.978424
1229.129883	85.813057
1228.051758	66.941719
1226.972656	358.613892
1225.893555	311.882355
1224.814453	200.307465
1223.734375	311.107422
1222.655273	197.264969
1221.575195	412.183655
1220.495117	145.609634
1219.415039	163.761429
1218.333984	221.222534
1217.252930	239.338715
1216.171875	47.017975
1215.090820	106.773766
1214.008789	71.726730
1212.926758	159.165985
1211.844727	163.394058
1210.762695	-220.434937
1209.679688	-24.467937
1208.597656	42.123486
1207.513672	-352.989716
1206.430664	80.567978
1205.347656	-291.311249
1204.263672	61.290112
1203.179688	-132.852478
1202.095703	-31.780214
1201.010742	62.320919
1199.925781	87.234192
1198.840820	-113.683151
1197.755859	-1.214496
1196.670898	-109.906898
1195.584961	-50.467823
1194.499023	181.602798
1193.413086	201.810669
1192.326172	224.295944
1191.239258	205.355606
1190.152344	338.223816
1189.065430	73.189491
1187.978516	-81.376472
1186.890625	-19.818264
1185.802734	469.153259
1184.714844	218.073059
1183.625977	8.436789
1182.538086	113.524101
1181.449219	232.326447
1180.360352	548.484558
1179.270508	497.279144
1178.180664	379.546295
1177.090820	605.961609
1176.000977	398.790466
1174.911133	308.644043
1173.820313	633.467163
1172.729492	385.134827
1171.638672	418.754364
1170.547852	750.179016
1169.456055	659.990356
1168.364258	338.543854
1167.272461	365.228027
1166.179688	650.532593
1165.087891	727.457947
1163.995117	918.725830
1162.902344	1002.389099
1161.808594	1072.273438
1160.715820	1219.859619
1159.622070	944.469055
1158.528320	1219.967163
1157.433594	1017.782776
1156.339844	1069.244751
1155.245117	606.795349
1154.149414	601.201843
1153.054688	618.431580
1151.958984	667.587036
1150.863281	479.392853
1149.767578	304.956299
1148.671875	210.409836
1147.575195	508.094513
1146.478516	363.350372
1145.381836	298.430969
1144.285156	393.037231
1143.187500	202.793320
1142.089844	297.338074
1140.992188	296.177063
1139.894531	60.493519
1138.795898	-106.820824
1137.697266	-126.158348
1136.598633	127.521622
1135.499023	180.886108
1134.400391	361.570709
1133.300781	-217.269852
1132.201172	95.220078
1131.100586	-31.085482
1130.000977	53.962814
1128.900391	-206.347672
1127.799805	33.088814
1126.698242	127.069984
1125.596680	-101.376526
1124.495117	-32.419083
1123.393555	370.043457
1122.291992	3.239223
1121.189453	546.081055
1120.086914	759.852478
1118.984375	982.570618
1117.881836	760.910889
1116.778320	1219.143433
1115.674805	1233.088989
1114.571289	1131.483276
1113.466797	1009.506714
1112.363281	1100.385254
1111.258789	790.540344
1110.153320	919.824951
1109.048828	666.662415
1107.943359	1055.989746
1106.837891	730.473511
1105.732422	708.046692
1104.625977	724.018250
1103.520508	502.657471
1102.414063	322.028015
1101.306641	407.998444
1100.200195	281.607605
1099.092773	288.450317
1097.985352	353.947144
1096.877930	724.068176
1095.769531	277.147583
1094.661133	225.180176
1093.552734	204.772827
1092.444336	49.042171
1091.335938	267.575531
1090.226563	366.505676
1089.117188	386.483795
1088.006836	318.541016
1086.897461	435.291107
1085.787109	223.165939
1084.676758	625.715332
1083.566406	442.817535
1082.455078	541.245728
1081.343750	545.092712
1080.232422	760.328613
1079.121094	674.079712
1078.008789	529.359375
1076.896484	542.004517
1075.784180	527.627930
1074.671875	562.639160
1073.558594	635.766052
1072.445313	639.191589
1071.332031	296.792053
1070.217773	347.322632
1069.104492	584.062195
1067.990234	450.414185
1066.875977	339.206207
1065.760742	295.269440
1064.645508	320.808502
1063.530273	433.707611
1062.415039	201.352829
1061.299805	16.101013
1060.183594	-88.482529
1059.067383	189.912567
1057.951172	275.553253
1056.833984	128.264526
1055.716797	113.036545
1054.599609	97.755432
1053.482422	66.760468
1052.364258	-11.260303
1051.247070	120.901169
1050.128906	268.580536
1049.009766	49.558308
1047.891602	197.060440
1046.772461	65.156639
1045.653320	76.198914
1044.533203	-4.394543
1043.414063	292.303802
1042.293945	276.296906
1041.173828	52.688900
1040.052734	110.225967
1038.932617	33.841930
1037.811523	66.687782
1036.689453	54.850773
1035.568359	-57.352116
1034.446289	4.245439
1033.324219	10.042953
1032.202148	-46.604557
1031.079102	-152.304825
1029.957031	-57.628899
1028.833984	-174.553574
1027.709961	-169.102844
1026.586914	-208.220459
1025.462891	-136.176468
1024.338867	33.614746
1023.214844	201.031723
1022.089844	148.208557
1020.964844	277.578705
1019.839844	-4.254591
1018.714844	-263.820953
1017.588867	-56.951324
1016.462891	96.456055
1015.336914	-30.001423
1014.210938	-118.747818
1013.083984	127.520515
1011.957031	82.981812
1010.830078	116.010864
1009.702148	253.155350
1008.574219	742.652344
1007.446289	1074.478149
1006.318359	1880.281250
1005.190430	2297.938477
1004.061523	2817.200439
1002.932617	2277.657959
1001.802734	1271.137695
1000.673828	510.693390
999.543945	520.591553
998.414063	74.652000
997.283203	287.966888
996.153320	308.725128
995.022461	324.960480
993.891602	475.938446
992.759766	624.547852
991.628906	631.622742
990.497070	536.993408
989.364258	970.110962
988.232422	1065.163452
987.099609	1124.764160
985.966797	990.055908
984.833984	976.677856
983.700195	1201.444214
982.566406	1377.514038
981.432617	1094.821167
980.298828	1200.139526
979.164063	1102.570435
978.029297	645.831787
976.894531	691.461182
975.759766	496.945435
974.624023	480.774445
973.488281	532.775818
972.352539	560.469666
971.215820	431.845825
970.080078	107.440277
968.943359	612.220276
967.805664	413.082794
966.668945	330.484283
965.531250	355.530365
964.393555	433.229004
963.254883	453.694794
962.117188	474.097565
960.978516	439.515289
959.839844	499.278595
958.700195	561.128906
957.561523	728.222900
956.421875	340.155945
955.281250	555.321533
954.141602	711.138367
953.000977	829.541443
951.860352	544.559204
950.719727	1076.966187
949.578125	581.623108
948.436523	465.355347
947.294922	651.261841
946.153320	613.734558
945.010742	405.442627
943.868164	140.303635
942.725586	365.274078
941.583008	310.138641
940.439453	230.914063
939.295898	51.117809
938.152344	105.227989
937.007813	-41.777653
935.863281	36.263020
934.718750	53.074318
933.574219	174.655975
932.428711	263.386139
931.283203	59.569782
930.137695	-242.381180
928.992188	158.261627
927.845703	-12.775938
926.699219	53.926521
925.552734	31.189249
924.405273	280.876862
923.257813	-269.303070
922.110352	250.448380
920.962891	242.842163
919.814453	-161.110550
918.666016	238.456223
917.517578	237.337540
916.369141	103.471069
915.219727	-60.813553
914.070313	-172.824066
912.920898	-84.722359
911.770508	116.377975
910.621094	206.548721
909.470703	-5.386756
908.319336	39.132462
907.168945	59.762142
906.017578	-34.713261
904.866211	302.910309
903.713867	86.888710
902.562500	-183.249374
901.410156	-125.652809
900.256836	5.675056
899.104492	280.104645
897.951172	242.225571
896.797852	93.853210
895.644531	1.925581
894.490234	-265.426086
893.335938	188.674011
892.181641	90.394463
891.027344	-139.859863
889.872070	184.144028
888.716797	-173.618530
887.561523	-187.164505
886.405273	-166.053680
885.249023	25.943077
884.092773	131.429901
882.936523	-13.803522
881.779297	-78.959267
880.622070	145.490387
879.464844	177.667160
878.307617	56.575630
877.149414	121.279587
875.991211	-38.451324
874.833008	-81.495369
873.673828	91.301331
872.514648	126.057785
871.355469	178.139862
870.196289	269.096985
869.036133	-21.426447
867.875977	140.830841
866.715820	-95.468506
865.554688	138.001846
864.394531	345.637878
863.233398	206.644485
862.071289	283.061493
860.910156	473.622192
859.748047	511.444061
858.585938	398.799164
857.422852	484.156982
856.259766	490.051025
855.096680	251.026566
853.933594	197.052704
852.770508	128.196136
851.606445	639.444336
850.442383	141.279343
849.277344	315.473969
848.113281	491.883667
846.948242	335.717957
845.783203	147.585205
844.617188	176.319107
843.451172	-32.847328
842.285156	56.244068
841.119141	-13.170467
839.952148	74.030235
838.785156	22.084339
837.618164	-93.938087
836.451172	60.077892
835.283203	51.460850
834.115234	-4.079183
832.947266	109.629211
831.778320	-116.731628
830.609375	292.452026
829.440430	-40.431797
828.271484	11.842756
827.101563	230.979843
825.931641	247.176331
824.761719	280.632477
823.590820	-48.873070
822.420898	234.837814
821.250000	539.934692
820.078125	356.270386
818.907227	181.414459
817.735352	503.910187
816.562500	630.196106
815.390625	607.338562
814.217773	503.655151
813.044922	-17.564228
811.872070	71.096672
810.698242	136.460266
809.524414	-100.479088
808.350586	78.122284
807.176758	37.539562
806.001953	26.952862
804.827148	-130.275299
803.651367	240.359512
802.476563	147.329468
801.300781	196.993515
800.125000	470.041260
798.948242	86.369957
797.772461	244.928650
796.595703	169.895462
795.417969	339.328278
794.241211	343.231506
793.063477	574.463623
791.885742	230.569839
790.707031	512.990723
789.529297	553.606018
788.350586	341.972198
787.170898	385.058441
785.992188	464.335175
784.812500	742.966797
783.632813	542.738953
782.452148	469.871674
781.272461	581.462769
780.091797	498.347198
778.911133	290.518585
777.729492	212.042786
776.547852	235.319244
775.366211	267.192596
774.184570	132.105042
773.001953	-188.856033
771.819336	-78.276505
770.636719	-85.972298
769.453125	-32.260323
768.269531	-225.611877
767.085938	-306.813904
765.902344	78.784088
764.717773	-8.554761
763.533203	-4.990058
762.348633	21.888136
761.163086	31.979691
759.977539	-80.158775
758.791992	79.849205
757.606445	26.958128
756.419922	79.554153
755.233398	-11.074352
754.046875	-57.348114
752.859375	490.374817
751.672852	183.053955
750.485352	339.048248
749.296875	436.098907
748.108398	305.917389
746.919922	190.566925
745.731445	323.472015
744.542969	-117.647888
743.353516	40.557999
742.164063	568.591675
740.973633	1.735579
739.783203	-66.998657
738.592773	76.412903
737.402344	-13.290961
736.211914	-216.305069
735.020508	252.318954
733.829102	445.858307
732.636719	190.403961
731.444336	325.108154
730.251953	260.541718
729.059570	-1.062272
727.866211	7.754326
726.673828	135.942368
725.479492	-73.210846
724.286133	-135.733200
723.091797	270.689545
721.897461	94.964188
720.703125	138.978607
719.507813	-128.828293
718.312500	-95.391006
717.117188	98.965820
715.921875	282.691101
714.725586	-14.498590
713.529297	47.781494
712.332031	28.453199
711.135742	29.919767
709.938477	133.599197
708.740234	368.644440
707.542969	611.815430
706.344727	846.411255
705.146484	1214.293457
703.948242	1740.397583
702.749023	1744.828491
701.549805	1759.556396
700.350586	1330.217041
699.150391	805.105408
697.950195	992.583801
696.750000	494.628967
695.549805	504.854797
694.348633	119.418930
693.147461	194.002151
691.946289	-22.873968
690.744141	269.898590
689.541992	152.703644
688.339844	112.386627
687.136719	173.842148
685.934570	208.151703
684.730469	256.890076
683.527344	309.671844
682.323242	457.878021
681.119141	130.461884
679.915039	293.027466
678.710938	283.204956
677.505859	416.501587
676.300781	443.905304
675.094727	8.800046
673.889648	65.275978
672.683594	229.511093
671.476563	-6.286807
670.270508	33.617954
669.063477	-179.157990
667.856445	306.118530
666.648438	362.674652
665.440430	280.622681
664.232422	229.774704
663.024414	212.199890
661.815430	333.386597
660.606445	177.608078
659.397461	249.544876
658.188477	21.988335
656.978516	216.374588
655.768555	96.950714
654.557617	-63.382561
653.346680	202.122635
652.135742	-170.011932
650.924805	-93.633888
649.712891	61.610958
648.501953	-147.839630
647.289063	-195.739883
646.077148	113.729973
644.864258	-165.879456
643.651367	70.621132
642.438477	-11.610291
641.224609	-6.457628
640.010742	-29.265841
638.796875	111.537941
637.582031	286.211792
636.367188	114.042717
635.152344	371.058105
633.937500	297.946106
632.721680	440.027405
631.505859	408.605774
630.289063	773.306580
629.073242	711.838806
627.856445	1046.480835
626.639648	1000.545654
625.421875	952.290955
624.204102	725.216980
622.986328	596.663330
621.768555	377.851532
620.549805	255.682037
619.331055	396.317017
618.111328	342.390442
616.892578	46.945919
