1721.000977	-2.957160
1720.027344	123.871201
1719.052734	-179.676819
1718.078125	107.744034
1717.104492	631.851563
1716.128906	33.212921
1715.154297	10.135771
1714.178711	254.662994
1713.204102	-4.784132
1712.228516	-93.895264
1711.251953	-402.159576
1710.276367	179.808502
1709.299805	-49.041759
1708.324219	-104.869949
1707.347656	209.319534
1706.370117	-4.997387
1705.393555	-69.282791
1704.416016	108.459358
1703.438477	101.003944
1702.460938	113.093735
1701.483398	-62.334660
1700.505859	188.372665
1699.527344	19.022860
1698.548828	53.415676
1697.570313	235.255692
1696.591797	61.339901
1695.612305	305.612183
1694.632813	-15.028373
1693.653320	-427.975952
1692.673828	-149.696259
1691.694336	51.437580
1690.713867	376.982147
1689.734375	8.305361
1688.753906	134.013214
1687.772461	-378.069733
1686.791992	-115.412415
1685.810547	-352.679596
1684.830078	-187.551926
1683.848633	107.103516
1682.866211	-250.596405
1681.884766	-287.505554
1680.902344	95.379974
1679.919922	14.727034
1678.937500	-249.252670
1677.955078	417.847046
1676.971680	250.242096
1675.989258	130.973709
1675.005859	92.980759
1674.022461	502.308929
1673.038086	52.389675
1672.054688	255.660187
1671.070313	110.759277
1670.085938	-21.391058
1669.101563	102.979919
1668.117188	-11.322556
1667.131836	49.539272
1666.146484	112.953613
1665.161133	440.255188
1664.175781	19.180435
1663.189453	-120.188736
1662.204102	-3.289203
1661.217773	-330.022217
1660.231445	103.820953
1659.245117	18.122644
1658.257813	5.994056
1657.270508	143.427338
1656.284180	531.675415
1655.295898	-320.805664
1654.308594	39.749630
1653.321289	162.391983
1652.333008	-84.331551
1651.344727	-44.951626
1650.356445	-195.128754
1649.367188	228.882782
1648.378906	-110.594238
1647.389648	-136.384628
1646.400391	-63.447384
1645.411133	189.012405
1644.420898	201.509293
1643.431641	82.886185
1642.441406	40.185791
1641.451172	391.489777
1640.459961	174.886597
1639.469727	19.146357
1638.478516	67.952866
1637.487305	58.897850
1636.496094	322.371582
1635.504883	353.947784
1634.512695	229.347488
1633.520508	548.531982
1632.528320	517.507935
1631.536133	562.238953
1630.543945	382.954132
1629.550781	422.944855
1628.557617	609.104309
1627.564453	1072.231323
1626.571289	664.581909
1625.578125	1326.579590
1624.583984	1387.211304
1623.589844	1641.618896
1622.595703	1727.600464
1621.601563	1801.126343
1620.606445	1749.054688
1619.611328	1448.366089
1618.616211	2162.948242
1617.621094	1927.884399
1616.625977	1861.312134
1615.629883	1789.840332
1614.633789	1839.022339
1613.637695	1888.304321
1612.641602	1518.648193
1611.645508	1706.195190
1610.648438	1941.402100
1609.651367	1424.325684
1608.654297	1739.942871
1607.657227	2386.406738
1606.659180	2173.081055
1605.662109	2646.506104
1604.664063	2328.197266
1603.666016	2448.406006
1602.666992	2586.148438
1601.668945	2288.354492
1600.669922	2363.669922
1599.670898	2459.052246
1598.671875	1636.275513
1597.671875	1651.844482
1596.672852	1564.978027
1595.672852	1480.677734
1594.672852	1756.451660
1593.671875	1449.805176
1592.671875	1218.343140
1591.670898	1054.450562
1590.669922	1070.514526
1589.668945	809.430054
1588.667969	858.092834
1587.666016	796.911194
1586.664063	551.119324
1585.662109	879.343323
1584.660156	601.283508
1583.658203	495.460480
1582.655273	135.333878
1581.652344	570.661377
1580.649414	21.291975
1579.646484	132.547226
1578.642578	19.512167
1577.638672	115.780457
1576.634766	251.869217
1575.630859	-67.739532
1574.626953	-145.731689
1573.622070	346.224274
1572.618164	166.165756
1571.613281	244.887039
1570.607422	27.554106
1569.602539	73.942703
1568.596680	38.230236
1567.590820	201.381836
1566.584961	441.505066
1565.579102	90.164612
1564.572266	49.446579
1563.566406	135.431656
1562.559570	171.676666
1561.551758	26.625469
1560.544922	-36.437962
1559.537109	-79.671432
1558.530273	-65.810349
1557.521484	-312.491028
1556.513672	-234.181076
1555.505859	-230.309387
1554.497070	-149.648575
1553.488281	-262.357697
1552.479492	-318.058655
1551.470703	111.806290
1550.460938	-270.976654
1549.451172	133.847870
1548.441406	-179.509857
1547.431641	-69.491745
1546.421875	-496.570953
1545.411133	24.101460
1544.400391	49.781219
1543.389648	-82.864014
1542.378906	303.782715
1541.367188	-11.898201
1540.355469	-198.947632
1539.343750	-410.662537
1538.332031	-54.078037
1537.320313	-92.885513
1536.307617	-366.352753
1535.294922	-358.262482
1534.282227	10.198022
1533.269531	-36.150650
1532.256836	-255.233948
1531.243164	142.457886
1530.229492	298.240112
1529.215820	81.570251
1528.202148	35.077744
1527.187500	40.307671
1526.172852	237.727875
1525.158203	-60.192219
1524.143555	262.747345
1523.127930	-44.990227
1522.113281	29.069439
1521.097656	-59.436989
1520.082031	413.243805
1519.065430	356.606415
1518.049805	459.922333
1517.033203	172.047058
1516.016602	594.984131
1515.000000	-78.843529
1513.982422	316.859711
1512.965820	-105.974388
1511.948242	385.369324
1510.930664	208.296814
1509.913086	82.864067
1508.894531	75.312164
1507.875977	-59.909851
1506.857422	25.828295
1505.838867	484.531891
1504.820313	692.784363
1503.800781	54.631725
1502.781250	324.159790
1501.761719	534.729431
1500.742188	203.443741
1499.721680	428.626190
1498.702148	291.091431
1497.681641	151.137329
1496.661133	481.529449
1495.639648	419.943024
1494.618164	436.741211
1493.597656	-23.744078
1492.576172	467.937683
1491.553711	-122.071175
1490.532227	239.805481
1489.509766	-181.114410
1488.487305	300.450195
1487.464844	229.329163
1486.442383	153.375732
1485.418945	109.214798
1484.395508	204.361694
1483.372070	450.939240
1482.348633	40.519451
1481.324219	304.149323
1480.300781	-15.677855
1479.276367	-13.213542
1478.251953	362.615906
1477.226563	194.279602
1476.202148	135.844589
1475.176758	62.817665
1474.151367	33.748825
1473.125000	-168.353561
1472.099609	90.291931
1471.073242	178.301941
1470.046875	188.374619
1469.020508	295.914001
1467.994141	444.859283
1466.966797	396.582428
1465.939453	241.293076
1464.912109	195.633438
1463.884766	-88.355766
1462.856445	671.260254
1461.829102	723.003540
1460.800781	633.746033
1459.772461	729.337341
1458.743164	871.099304
1457.714844	541.541504
1456.685547	1045.384155
1455.656250	956.488220
1454.625977	1307.171875
1453.596680	1266.967285
1452.566406	877.322021
1451.536133	803.385559
1450.505859	960.046143
1449.474609	954.176880
1448.444336	587.090332
1447.413086	804.539368
1446.381836	546.872253
1445.350586	919.520020
1444.318359	916.508545
1443.286133	584.127197
1442.253906	845.369324
1441.221680	338.993958
1440.189453	302.596039
1439.156250	568.834717
1438.123047	244.600235
1437.089844	162.542084
1436.056641	402.337128
1435.022461	361.570679
1433.988281	-505.977020
1432.954102	43.507565
1431.919922	-13.755896
1430.885742	-196.535995
1429.850586	120.913177
1428.815430	117.101631
1427.780273	43.373966
1426.744141	-266.836151
1425.708984	297.001007
1424.672852	329.775452
1423.636719	106.898819
1422.600586	55.500710
1421.563477	76.562126
1420.527344	-85.494057
1419.490234	-13.554069
1418.452148	-211.488068
1417.415039	246.219757
1416.376953	-127.316208
1415.338867	-173.001968
1414.300781	152.295746
1413.262695	-112.282036
1412.224609	-419.949768
1411.185547	-12.651283
1410.146484	204.523026
1409.107422	-44.946079
1408.067383	-265.349792
1407.027344	298.322601
1405.987305	-299.233459
1404.947266	-50.400562
1403.907227	1.411249
1402.866211	250.298019
1401.826172	102.911819
1400.785156	409.554077
1399.743164	269.596283
1398.702148	398.693573
1397.660156	311.847260
1396.618164	426.707001
1395.576172	496.065704
1394.533203	1117.102173
1393.491211	1133.782715
1392.448242	910.824463
1391.405273	1522.161499
1390.361328	1424.047485
1389.318359	1956.201172
1388.274414	2476.250977
1387.230469	2253.841309
1386.186523	3425.073242
1385.141602	3403.849365
1384.097656	3641.238525
1383.052734	3510.159668
1382.007813	3812.232422
1380.961914	3542.676514
1379.916992	3706.172852
1378.871094	3362.890869
1377.825195	3459.649658
1376.778320	2691.438232
1375.732422	2461.237305
1374.685547	2479.639404
1373.638672	2457.560059
1372.591797	2335.326904
1371.543945	2165.503662
1370.497070	2093.733887
1369.449219	2012.548706
1368.400391	1404.299072
1367.352539	1688.424683
1366.303711	1209.496216
1365.255859	1679.710571
1364.206055	1577.774414
1363.157227	1368.784058
1362.108398	1972.385864
1361.058594	1668.324341
1360.008789	2026.521118
1358.958984	1656.127686
1357.908203	1385.955200
1356.857422	1613.390015
1355.806641	1595.758911
1354.755859	1376.045410
1353.705078	1596.510132
1352.653320	1505.472534
1351.601563	1433.595581
1350.549805	1252.514771
1349.498047	1223.693726
1348.445313	959.765015
1347.393555	769.694763
1346.340820	731.768494
1345.287109	494.497040
1344.234375	672.838257
1343.180664	469.093689
1342.126953	960.718262
1341.073242	133.304413
1340.019531	364.089203
1338.964844	613.807251
1337.910156	254.260635
1336.855469	195.955887
1335.799805	490.811462
1334.745117	-133.564163
1333.689453	284.565765
1332.633789	226.612198
1331.578125	149.823792
1330.521484	328.767853
1329.464844	-12.922291
1328.408203	116.447311
1327.351563	177.230789
1326.294922	-265.674774
1325.237305	-121.951721
1324.179688	17.052378
1323.122070	141.883026
1322.064453	344.706848
1321.005859	181.314392
1319.947266	-244.114838
1318.888672	-140.340057
1317.830078	-109.741539
1316.770508	-308.063568
1315.710938	3.486274
1314.651367	-333.858978
1313.591797	-27.038256
1312.531250	-135.381485
1311.471680	-257.748444
1310.411133	449.741455
1309.349609	218.954208
1308.289063	-301.485962
1307.227539	87.661270
1306.166016	182.273727
1305.104492	-323.563995
1304.042969	-40.470486
1302.980469	101.306877
1301.917969	64.216026
1300.855469	154.232178
1299.792969	-49.778820
1298.729492	282.506134
1297.666016	-57.750320
1296.602539	-200.365936
1295.539063	251.697021
1294.474609	45.687668
1293.411133	-59.173386
1292.346680	-215.644424
1291.281250	20.101498
1290.216797	-84.613625
1289.151367	646.284180
1288.085938	-49.816193
1287.020508	47.373055
1285.955078	388.479584
1284.888672	126.772423
1283.822266	209.847351
1282.755859	-199.339798
1281.689453	469.678528
1280.622070	285.562103
1279.554688	-69.456604
1278.487305	514.820435
1277.419922	110.759262
1276.351563	533.230713
1275.283203	295.521942
1274.214844	357.440338
1273.146484	632.226990
1272.077148	670.659180
1271.008789	833.030762
1269.939453	539.436401
1268.869141	206.226578
1267.799805	499.456879
1266.729492	313.597076
1265.659180	123.149040
1264.588867	600.685974
1263.517578	702.098633
1262.447266	86.848717
1261.375977	620.074158
1260.304688	541.745605
1259.232422	575.406128
1258.161133	637.048828
1257.088867	703.307739
1256.016602	641.313721
1254.943359	551.356079
1253.871094	869.232483
1252.797852	632.471680
1251.724609	843.017029
1250.650391	1158.232178
1249.577148	1287.059326
1248.502930	826.902344
1247.428711	927.778748
1246.354492	1114.683960
1245.279297	980.470032
1244.204102	932.345825
1243.128906	923.756104
1242.053711	857.039917
1240.977539	841.447693
1239.902344	705.035217
1238.826172	640.663391
1237.750000	757.459351
1236.672852	567.661804
1235.595703	435.960480
1234.518555	185.925095
1233.441406	492.906647
1232.364258	653.564697
1231.286133	-136.881546
1230.208008	33.062443
1229.129883	587.775024
1228.051758	692.533081
1226.972656	271.137787
1225.893555	-115.341980
1224.814453	-117.148903
1223.734375	510.940155
1222.655273	455.688477
1221.575195	599.499817
1220.495117	118.333740
1219.415039	317.635162
1218.333984	-163.333710
1217.252930	403.617188
1216.171875	554.061768
1215.090820	128.753479
1214.008789	299.919373
1212.926758	209.851257
1211.844727	-393.099670
1210.762695	299.995972
1209.679688	-180.396576
1208.597656	-570.548584
1207.513672	-173.462204
1206.430664	-16.581190
1205.347656	177.114410
1204.263672	169.988235
1203.179688	356.558899
1202.095703	227.123001
1201.010742	369.712128
1199.925781	194.153595
1198.840820	173.021362
1197.755859	-23.219944
1196.670898	208.984161
1195.584961	312.087067
1194.499023	375.966949
1193.413086	0.166623
1192.326172	179.061279
1191.239258	79.462791
1190.152344	-107.539169
1189.065430	193.031799
1187.978516	180.749741
1186.890625	-376.350067
1185.802734	673.138184
1184.714844	189.624405
1183.625977	-123.746727
1182.538086	284.129639
1181.449219	248.624832
1180.360352	663.031494
1179.270508	659.501953
1178.180664	1059.770264
1177.090820	684.441711
1176.000977	712.899109
1174.911133	874.302368
1173.820313	661.897461
1172.729492	479.344360
1171.638672	679.514099
1170.547852	561.105652
1169.456055	635.095459
1168.364258	830.381836
1167.272461	716.460693
1166.179688	1012.257568
1165.087891	1310.186646
1163.995117	1573.606812
1162.902344	1537.217285
1161.808594	1786.654419
1160.715820	2408.633545
1159.622070	1891.903564
1158.528320	1512.488403
1157.433594	1676.981079
1156.339844	1270.284546
1155.245117	1066.972046
1154.149414	884.242615
1153.054688	731.245300
1151.958984	461.857971
1150.863281	135.498795
1149.767578	454.859009
1148.671875	461.559479
1147.575195	128.431396
1146.478516	55.307178
1145.381836	278.475616
1144.285156	182.475586
1143.187500	79.618561
1142.089844	-75.626259
1140.992188	-374.313812
1139.894531	112.563400
1138.795898	-504.816010
1137.697266	-138.849991
1136.598633	447.605682
1135.499023	169.342758
1134.400391	-243.008347
1133.300781	211.042328
1132.201172	-58.031952
1131.100586	-174.783386
1130.000977	137.926498
1128.900391	98.321716
1127.799805	-50.327496
1126.698242	73.496811
1125.596680	315.264099
1124.495117	393.458374
1123.393555	541.911194
1122.291992	202.489304
1121.189453	867.921448
1120.086914	1709.880249
1118.984375	1340.775391
1117.881836	2290.938477
1116.778320	2171.015869
1115.674805	1668.207886
1114.571289	2035.353760
1113.466797	1804.416016
1112.363281	1698.069458
1111.258789	1661.860840
1110.153320	1704.801147
1109.048828	1985.244995
1107.943359	1595.930420
1106.837891	1575.358521
1105.732422	1416.809814
1104.625977	1190.438110
1103.520508	880.508240
1102.414063	844.031311
1101.306641	922.697937
1100.200195	323.741913
1099.092773	779.439697
1097.985352	589.234009
1096.877930	581.862366
1095.769531	175.017136
1094.661133	314.223175
1093.552734	690.116455
1092.444336	116.450073
1091.335938	-51.233742
1090.226563	168.741333
1089.117188	413.330078
1088.006836	524.794617
1086.897461	640.662903
1085.787109	639.284058
1084.676758	270.859253
1083.566406	944.672668
1082.455078	342.134644
1081.343750	344.997070
1080.232422	795.395752
1079.121094	824.982178
1078.008789	890.428040
1076.896484	872.590942
1075.784180	836.700439
1074.671875	1077.099243
1073.558594	845.560425
1072.445313	865.570740
1071.332031	999.992371
1070.217773	460.812988
1069.104492	788.093506
1067.990234	204.145874
1066.875977	692.648560
1065.760742	438.471649
1064.645508	287.453857
1063.530273	-244.683228
1062.415039	718.223511
1061.299805	452.680786
1060.183594	10.163886
1059.067383	85.117249
1057.951172	43.500786
1056.833984	149.535568
1055.716797	-239.224335
1054.599609	79.200485
1053.482422	23.766031
1052.364258	-63.084274
1051.247070	158.607208
1050.128906	420.310272
1049.009766	236.972900
1047.891602	-102.798393
1046.772461	147.266541
1045.653320	419.437286
1044.533203	-67.909714
1043.414063	311.125763
1042.293945	-265.491516
1041.173828	-435.815857
1040.052734	-255.916397
1038.932617	-73.966469
1037.811523	65.384735
1036.689453	-194.567184
1035.568359	-80.014442
1034.446289	-103.833351
1033.324219	458.215454
1032.202148	-111.712669
1031.079102	22.210773
1029.957031	191.595337
1028.833984	-33.256485
1027.709961	-289.318573
1026.586914	-151.543213
1025.462891	-376.577728
1024.338867	141.173599
1023.214844	-141.907227
1022.089844	66.265442
1020.964844	-16.938868
1019.839844	-193.563919
1018.714844	96.260597
1017.588867	-167.227646
1016.462891	44.442924
1015.336914	138.220810
1014.210938	-36.742336
1013.083984	-43.150608
1011.957031	-342.531921
1010.830078	96.652184
1009.702148	550.990295
1008.574219	718.994019
1007.446289	1640.361938
1006.318359	3381.054443
1005.190430	4722.028320
1004.061523	5109.809082
1002.932617	3741.237061
1001.802734	2271.275391
1000.673828	1027.625366
999.543945	596.502869
998.414063	19.408707
997.283203	-230.241196
996.153320	37.560429
995.022461	70.711868
993.891602	94.855438
992.759766	196.156647
991.628906	76.350388
990.497070	230.314651
989.364258	249.326431
988.232422	-127.003601
987.099609	61.737144
985.966797	501.817047
984.833984	851.087830
983.700195	529.444824
982.566406	370.992828
981.432617	219.075882
980.298828	344.819305
979.164063	351.321259
978.029297	35.987995
976.894531	262.530884
975.759766	-119.010529
974.624023	424.196106
973.488281	170.139618
972.352539	118.519920
971.215820	330.782379
970.080078	397.639740
968.943359	301.548553
967.805664	583.509277
966.668945	425.571442
965.531250	994.987915
964.393555	707.077026
963.254883	592.662720
962.117188	693.420410
960.978516	916.922852
959.839844	411.367798
958.700195	568.680542
957.561523	743.365845
956.421875	665.530762
955.281250	870.489014
954.141602	1689.203003
953.000977	1380.588135
951.860352	1556.347290
950.719727	1729.704712
949.578125	1449.354858
948.436523	1061.684692
947.294922	737.570984
946.153320	840.371155
945.010742	387.053040
943.868164	903.179871
942.725586	592.011536
941.583008	289.624329
940.439453	354.587616
939.295898	749.523743
938.152344	558.411682
937.007813	-82.890327
935.863281	755.002319
934.718750	-30.407963
933.574219	73.182182
932.428711	-46.083820
931.283203	-19.149008
930.137695	214.981506
928.992188	3.861252
927.845703	19.559462
926.699219	-6.264865
925.552734	87.746666
924.405273	-36.352318
923.257813	238.304550
922.110352	162.009430
920.962891	344.870941
919.814453	48.481812
918.666016	294.267426
917.517578	300.449860
916.369141	-104.705841
915.219727	-246.509140
914.070313	57.590656
912.920898	7.050197
911.770508	67.337433
910.621094	34.128769
909.470703	261.633972
908.319336	-306.186249
907.168945	21.149433
906.017578	72.491486
904.866211	-273.515137
903.713867	235.793198
902.562500	397.675262
901.410156	-351.768250
900.256836	-140.013748
899.104492	-132.169525
897.951172	190.013763
896.797852	26.525063
895.644531	194.681046
894.490234	-72.725304
893.335938	182.021561
892.181641	-41.902210
891.027344	225.769409
889.872070	10.630483
888.716797	1.209019
887.561523	143.282852
886.405273	229.071274
885.249023	226.207718
884.092773	-325.752594
882.936523	60.706539
881.779297	64.515717
880.622070	-43.949638
879.464844	-63.727982
878.307617	-174.119461
877.149414	156.029556
875.991211	-62.140141
874.833008	-92.374008
873.673828	-100.951668
872.514648	-277.666199
871.355469	-44.454483
870.196289	-91.522873
869.036133	-175.123215
867.875977	-105.560768
866.715820	285.114319
865.554688	221.216965
864.394531	368.556763
863.233398	55.200562
862.071289	80.047752
860.910156	828.121887
859.748047	721.838318
858.585938	417.870972
857.422852	761.473206
856.259766	664.338196
855.096680	743.677307
853.933594	34.483006
852.770508	223.861130
851.606445	151.253067
850.442383	291.468231
849.277344	504.784241
848.113281	613.044861
846.948242	180.649109
845.783203	-62.539936
844.617188	408.841858
843.451172	-367.862427
842.285156	97.370544
841.119141	-69.713463
839.952148	1.347866
838.785156	68.322372
837.618164	-517.798279
836.451172	70.106522
835.283203	197.647949
834.115234	-117.700264
832.947266	78.795425
831.778320	-235.909576
830.609375	-240.061249
829.440430	134.550217
828.271484	-42.345943
827.101563	80.323387
825.931641	-207.099258
824.761719	309.189240
823.590820	-99.386055
822.420898	346.706543
821.250000	767.225098
820.078125	167.527649
818.907227	223.538589
817.735352	821.677246
816.562500	630.601990
815.390625	335.434631
814.217773	326.349426
813.044922	338.868408
811.872070	332.492493
810.698242	-408.621490
809.524414	-41.519154
808.350586	-44.824997
807.176758	5.387043
806.001953	-150.612564
804.827148	-219.003799
803.651367	-199.863693
802.476563	134.371445
801.300781	-33.124146
800.125000	154.784241
798.948242	160.090271
797.772461	201.819717
796.595703	20.738014
795.417969	687.473450
794.241211	676.811401
793.063477	768.323059
791.885742	560.811890
790.707031	306.975159
789.529297	972.154236
788.350586	542.854980
787.170898	1174.259033
785.992188	896.178406
784.812500	879.182251
783.632813	868.817200
782.452148	911.667603
781.272461	596.827942
780.091797	1156.903687
778.911133	283.767883
777.729492	355.231476
776.547852	145.475250
775.366211	-47.013214
774.184570	308.605011
773.001953	34.152645
771.819336	-56.027058
770.636719	141.490189
769.453125	-17.976793
768.269531	228.441422
767.085938	126.461533
765.902344	-275.102264
764.717773	157.549240
763.533203	368.580933
762.348633	-17.447479
761.163086	88.388206
759.977539	-138.884903
758.791992	51.593224
757.606445	225.268356
756.419922	-233.263535
755.233398	121.871094
754.046875	-11.749593
752.859375	229.677261
751.672852	605.869812
750.485352	430.457123
749.296875	278.360901
748.108398	654.546936
746.919922	496.327026
745.731445	653.712036
744.542969	436.833923
743.353516	468.139740
742.164063	161.125717
740.973633	362.746735
739.783203	476.069061
738.592773	236.548523
737.402344	253.293167
736.211914	219.657196
735.020508	404.267181
733.829102	626.540771
732.636719	796.229553
731.444336	462.497253
730.251953	676.092590
729.059570	331.967590
727.866211	400.764435
726.673828	-182.113312
725.479492	-188.795212
724.286133	-122.258911
723.091797	333.550842
721.897461	-44.033165
720.703125	-13.483972
719.507813	50.387966
718.312500	-647.259583
717.117188	-242.680222
715.921875	-39.139084
714.725586	-366.762512
713.529297	362.979858
712.332031	-136.229385
711.135742	-161.239258
709.938477	179.002106
708.740234	821.606262
707.542969	858.437012
706.344727	1940.480347
705.146484	2694.278320
703.948242	3620.631836
702.749023	3714.331787
701.549805	3766.081787
700.350586	2627.509521
699.150391	2014.352051
697.950195	1480.440674
696.750000	1027.795532
695.549805	616.804382
694.348633	241.171432
693.147461	111.103127
691.946289	526.052246
690.744141	799.135437
689.541992	306.542694
688.339844	427.382080
687.136719	843.159485
685.934570	179.953079
684.730469	734.458740
683.527344	623.829468
682.323242	290.882202
681.119141	38.944786
679.915039	175.196136
678.710938	417.132904
677.505859	627.739197
676.300781	591.344971
675.094727	368.269470
673.889648	642.906982
672.683594	618.917419
671.476563	576.311096
670.270508	285.175049
669.063477	-32.668865
667.856445	471.906921
666.648438	42.637230
665.440430	247.157486
664.232422	323.513336
663.024414	-94.368469
661.815430	156.350372
660.606445	204.657547
659.397461	-104.317650
658.188477	509.165985
656.978516	153.696640
655.768555	255.536850
654.557617	240.215027
653.346680	254.498657
652.135742	-343.626312
650.924805	118.180656
649.712891	-290.142578
648.501953	-222.807663
647.289063	334.340363
646.077148	-56.176334
644.864258	-397.885590
643.651367	-109.514061
642.438477	-128.970001
641.224609	-307.615082
640.010742	394.852448
638.796875	182.392014
637.582031	630.592407
636.367188	640.065369
635.152344	312.068939
633.937500	593.240601
632.721680	539.296204
631.505859	1071.743042
630.289063	975.436340
629.073242	1389.494019
627.856445	1424.064697
626.639648	1213.079468
625.421875	1531.139771
624.204102	981.843628
622.986328	1247.143188
621.768555	680.769653
620.549805	100.122345
619.331055	145.352676
618.111328	174.376083
616.892578	-175.566620
