1721.000977	176.076904
1720.027344	-57.156750
1719.052734	253.676208
1718.078125	-31.921579
1717.104492	212.623947
1716.128906	127.805321
1715.154297	-121.995811
1714.178711	268.327972
1713.204102	-172.800644
1712.228516	126.021049
1711.251953	190.776031
1710.276367	52.408489
1709.299805	-86.631584
1708.324219	306.292419
1707.347656	76.321190
1706.370117	-3.195240
1705.393555	11.422053
1704.416016	38.235279
1703.438477	-181.055374
1702.460938	-24.855194
1701.483398	-53.294888
1700.505859	-74.523521
1699.527344	-52.760010
1698.548828	-64.645241
1697.570313	107.007431
1696.591797	285.874176
1695.612305	162.968063
1694.632813	1.481089
1693.653320	-24.973152
1692.673828	208.585480
1691.694336	-27.697504
1690.713867	41.942238
1689.734375	180.189133
1688.753906	129.441193
1687.772461	160.053818
1686.791992	193.031326
1685.810547	-179.383469
1684.830078	-1.479615
1683.848633	107.398003
1682.866211	19.973415
1681.884766	299.122925
1680.902344	-157.660782
1679.919922	128.801422
1678.937500	30.829691
1677.955078	-82.447708
1676.971680	-50.795101
1675.989258	-14.105489
1675.005859	-163.100708
1674.022461	-118.892876
1673.038086	-270.445374
1672.054688	164.999832
1671.070313	-34.853191
1670.085938	95.542213
1669.101563	142.086105
1668.117188	168.309067
1667.131836	240.198715
1666.146484	159.817841
1665.161133	-128.548080
1664.175781	-92.074890
1663.189453	86.417313
1662.204102	242.081177
1661.217773	136.598526
1660.231445	-70.167114
1659.245117	-175.430115
1658.257813	383.148499
1657.270508	305.798431
1656.284180	124.746895
1655.295898	-180.263321
1654.308594	26.279551
1653.321289	-199.952560
1652.333008	-49.020046
1651.344727	243.597931
1650.356445	50.571602
1649.367188	300.211395
1648.378906	127.658478
1647.389648	127.125084
1646.400391	-222.053009
1645.411133	93.498581
1644.420898	-192.206970
1643.431641	302.715729
1642.441406	93.031799
1641.451172	45.101116
1640.459961	-27.971556
1639.469727	-37.804226
1638.478516	86.159576
1637.487305	187.472061
1636.496094	359.455566
1635.504883	319.676422
1634.512695	63.208061
1633.520508	353.843994
1632.528320	130.433411
1631.536133	335.483673
1630.543945	135.039078
1629.550781	642.360657
1628.557617	356.512299
1627.564453	476.137756
1626.571289	485.079834
1625.578125	806.105103
1624.583984	993.748108
1623.589844	1095.898071
1622.595703	1223.241455
1621.601563	1232.470093
1620.606445	1503.159912
1619.611328	1492.381104
1618.616211	1170.159424
1617.621094	1476.124512
1616.625977	1566.071655
1615.629883	1384.875732
1614.633789	1444.826782
1613.637695	1339.190796
1612.641602	1281.353027
1611.645508	1238.667236
1610.648438	1414.270020
1609.651367	1469.505859
1608.654297	1301.654297
1607.657227	1514.949829
1606.659180	1976.310791
1605.662109	1801.149170
1604.664063	1854.067139
1603.666016	1947.099854
1602.666992	1769.704834
1601.668945	1805.258423
1600.669922	1805.796753
1599.670898	1873.956299
1598.671875	1644.416992
1597.671875	1607.613159
1596.672852	1348.318970
1595.672852	1409.207886
1594.672852	970.156433
1593.671875	1093.657837
1592.671875	967.292297
1591.670898	865.987976
1590.669922	547.464661
1589.668945	923.335876
1588.667969	497.654572
1587.666016	578.887146
1586.664063	492.913483
1585.662109	155.003418
1584.660156	548.178711
1583.658203	195.496384
1582.655273	386.561676
1581.652344	285.889252
1580.649414	289.971680
1579.646484	52.352303
1578.642578	-75.539085
1577.638672	312.265198
1576.634766	99.738327
1575.630859	-28.025457
1574.626953	-108.422073
1573.622070	139.740219
1572.618164	-159.601913
1571.613281	285.028290
1570.607422	147.442047
1569.602539	-12.439566
1568.596680	49.010750
1567.590820	192.473648
1566.584961	102.272171
1565.579102	-82.303772
1564.572266	-13.431154
1563.566406	-73.716293
1562.559570	-66.949455
1561.551758	168.198471
1560.544922	85.558701
1559.537109	124.532532
1558.530273	12.162165
1557.521484	-23.303408
1556.513672	-21.540646
1555.505859	-337.151947
1554.497070	239.764267
1553.488281	-187.327866
1552.479492	121.688171
1551.470703	155.579300
1550.460938	-75.592613
1549.451172	-81.330086
1548.441406	29.290154
1547.431641	-176.984360
1546.421875	-128.279099
1545.411133	118.317558
1544.400391	594.857971
1543.389648	165.990143
1542.378906	93.358299
1541.367188	35.559738
1540.355469	27.207466
1539.343750	-136.833527
1538.332031	-273.643555
1537.320313	-86.826332
1536.307617	23.326935
1535.294922	207.489975
1534.282227	-213.227951
1533.269531	35.050037
1532.256836	-259.638977
1531.243164	-90.443535
1530.229492	-71.787376
1529.215820	153.987747
1528.202148	-207.116165
1527.187500	-67.724075
1526.172852	-17.120951
1525.158203	-3.511718
1524.143555	93.834267
1523.127930	28.561640
1522.113281	-93.309654
1521.097656	-23.140879
1520.082031	325.109344
1519.065430	67.837700
1518.049805	12.421663
1517.033203	-15.943315
1516.016602	167.184647
1515.000000	62.559830
1513.982422	73.483330
1512.965820	-55.673119
1511.948242	294.336823
1510.930664	307.634796
1509.913086	-123.632195
1508.894531	221.217880
1507.875977	-77.308479
1506.857422	39.101768
1505.838867	52.386677
1504.820313	117.185501
1503.800781	91.174522
1502.781250	303.057556
1501.761719	257.395813
1500.742188	363.736786
1499.721680	308.254852
1498.702148	15.122728
1497.681641	8.731583
1496.661133	212.988419
1495.639648	299.597046
1494.618164	129.097244
1493.597656	298.933136
1492.576172	197.033173
1491.553711	197.927414
1490.532227	132.792358
1489.509766	226.646408
1488.487305	-41.425713
1487.464844	257.791626
1486.442383	80.275749
1485.418945	-163.154068
1484.395508	-123.067413
1483.372070	105.095078
1482.348633	-199.208740
1481.324219	128.983078
1480.300781	3.024480
1479.276367	128.492859
1478.251953	39.199413
1477.226563	157.299515
1476.202148	126.602058
1475.176758	310.504944
1474.151367	194.475510
1473.125000	212.557922
1472.099609	4.031592
1471.073242	324.302429
1470.046875	35.478294
1469.020508	31.739710
1467.994141	259.339447
1466.966797	92.482033
1465.939453	346.773224
1464.912109	284.649445
1463.884766	327.189575
1462.856445	294.319000
1461.829102	757.589844
1460.800781	411.063019
1459.772461	312.650665
1458.743164	403.850525
1457.714844	599.534851
1456.685547	931.188477
1455.656250	1022.293823
1454.625977	661.735474
1453.596680	636.398926
1452.566406	460.607330
1451.536133	520.307678
1450.505859	531.496765
1449.474609	457.807526
1448.444336	650.960815
1447.413086	477.946259
1446.381836	586.232056
1445.350586	546.676331
1444.318359	679.197266
1443.286133	608.214111
1442.253906	454.954041
1441.221680	684.394348
1440.189453	214.125519
1439.156250	341.933075
1438.123047	285.816071
1437.089844	207.995804
1436.056641	164.117447
1435.022461	299.249908
1433.988281	180.495453
1432.954102	274.567596
1431.919922	-61.548763
1430.885742	131.701645
1429.850586	63.995342
1428.815430	-1.214124
1427.780273	97.858917
1426.744141	274.182159
1425.708984	20.851061
1424.672852	-278.185791
1423.636719	202.265030
1422.600586	-74.866333
1421.563477	-298.783844
1420.527344	97.134659
1419.490234	-3.671490
1418.452148	117.339302
1417.415039	-43.554947
1416.376953	149.798309
1415.338867	191.382919
1414.300781	-229.341766
1413.262695	147.073792
1412.224609	-25.420881
1411.185547	-89.505836
1410.146484	82.286797
1409.107422	-313.634521
1408.067383	-100.879349
1407.027344	232.068756
1405.987305	240.399475
1404.947266	20.456774
1403.907227	113.051407
1402.866211	8.656059
1401.826172	168.587677
1400.785156	230.041489
1399.743164	255.502213
1398.702148	317.034393
1397.660156	227.396149
1396.618164	490.560150
1395.576172	535.381958
1394.533203	829.655029
1393.491211	596.363098
1392.448242	1080.006958
1391.405273	1184.816895
1390.361328	1399.859741
1389.318359	1691.548584
1388.274414	2031.064331
1387.230469	2008.896606
1386.186523	1960.465210
1385.141602	2113.171387
1384.097656	2182.128662
1383.052734	2497.547852
1382.007813	2437.328369
1380.961914	2558.947754
1379.916992	2094.764648
1378.871094	1998.985107
1377.825195	2080.173828
1376.778320	1826.838013
1375.732422	1917.709106
1374.685547	1499.828857
1373.638672	1700.693726
1372.591797	1388.213745
1371.543945	1383.841553
1370.497070	1038.276611
1369.449219	1270.317261
1368.400391	953.648926
1367.352539	1369.371094
1366.303711	995.709961
1365.255859	767.704285
1364.206055	1285.842651
1363.157227	962.661133
1362.108398	1035.157837
1361.058594	890.918701
1360.008789	1132.583862
1358.958984	1305.158691
1357.908203	965.930603
1356.857422	926.766052
1355.806641	1275.506348
1354.755859	872.449890
1353.705078	907.229248
1352.653320	1089.462158
1351.601563	841.389465
1350.549805	700.430786
1349.498047	854.243896
1348.445313	668.306091
1347.393555	587.024841
1346.340820	227.980194
1345.287109	519.664124
1344.234375	495.585205
1343.180664	459.696930
1342.126953	720.456482
1341.073242	722.593811
1340.019531	397.495239
1338.964844	397.423645
1337.910156	523.044922
1336.855469	338.178925
1335.799805	46.803551
1334.745117	-24.063889
1333.689453	343.324036
1332.633789	367.234436
1331.578125	14.744962
1330.521484	-20.373268
1329.464844	110.228760
1328.408203	-144.838150
1327.351563	-30.732737
1326.294922	-127.111786
1325.237305	-8.246915
1324.179688	-59.594055
1323.122070	160.920471
1322.064453	-10.860153
1321.005859	-215.607742
1319.947266	-136.794052
1318.888672	-135.900116
1317.830078	110.569595
1316.770508	80.800850
1315.710938	-170.740799
1314.651367	-30.481697
1313.591797	-192.174362
1312.531250	202.796814
1311.471680	27.056374
1310.411133	4.644750
1309.349609	74.186493
1308.289063	16.505117
1307.227539	74.309258
1306.166016	-176.414444
1305.104492	25.116646
1304.042969	54.737904
1302.980469	-19.192514
1301.917969	38.723984
1300.855469	68.416527
1299.792969	142.818146
1298.729492	-15.601546
1297.666016	51.790298
1296.602539	-47.713917
1295.539063	-39.034676
1294.474609	-136.071350
1293.411133	-113.224091
1292.346680	85.779251
1291.281250	-95.673096
1290.216797	178.420853
1289.151367	-99.147003
1288.085938	151.408218
1287.020508	82.820366
1285.955078	169.090836
1284.888672	196.719009
1283.822266	297.038452
1282.755859	-87.871223
1281.689453	115.630035
1280.622070	-60.507107
1279.554688	260.060638
1278.487305	395.496765
1277.419922	121.140671
1276.351563	230.833725
1275.283203	242.200348
1274.214844	33.632610
1273.146484	52.096828
1272.077148	470.516541
1271.008789	131.142807
1269.939453	441.858398
1268.869141	34.877724
1267.799805	373.557220
1266.729492	300.900879
1265.659180	197.927490
1264.588867	323.878754
1263.517578	456.785889
1262.447266	94.786308
1261.375977	29.345221
1260.304688	227.606308
1259.232422	362.803986
1258.161133	213.427109
1257.088867	448.860962
1256.016602	155.012878
1254.943359	523.226685
1253.871094	714.202087
1252.797852	448.474945
1251.724609	718.589172
1250.650391	676.546997
1249.577148	890.639709
1248.502930	590.227539
1247.428711	925.268494
1246.354492	1027.508301
1245.279297	918.027222
1244.204102	480.689545
1243.128906	283.037872
1242.053711	364.435089
1240.977539	622.426453
1239.902344	390.043457
1238.826172	318.054718
1237.750000	527.132996
1236.672852	682.712219
1235.595703	478.391083
1234.518555	218.458191
1233.441406	158.210098
1232.364258	348.554718
1231.286133	179.289368
1230.208008	337.082855
1229.129883	-8.301427
1228.051758	31.253365
1226.972656	221.421600
1225.893555	-37.979511
1224.814453	508.860291
1223.734375	15.597828
1222.655273	154.674438
1221.575195	326.093506
1220.495117	198.879272
1219.415039	76.349823
1218.333984	203.714752
1217.252930	-156.993912
1216.171875	264.039978
1215.090820	314.988007
1214.008789	-13.153062
1212.926758	109.463242
1211.844727	31.026100
1210.762695	-167.488174
1209.679688	-298.951965
1208.597656	-56.326359
1207.513672	-14.645927
1206.430664	-166.831696
1205.347656	-25.929844
1204.263672	38.777115
1203.179688	-184.827240
1202.095703	115.067398
1201.010742	-138.436707
1199.925781	-131.399338
1198.840820	343.390198
1197.755859	80.777397
1196.670898	-38.925522
1195.584961	202.936478
1194.499023	230.582916
1193.413086	67.175636
1192.326172	145.447815
1191.239258	62.636532
1190.152344	-100.649078
1189.065430	331.737244
1187.978516	340.887024
1186.890625	-63.732170
1185.802734	92.560089
1184.714844	692.212769
1183.625977	283.164154
1182.538086	308.349487
1181.449219	333.508820
1180.360352	292.078400
1179.270508	489.338257
1178.180664	340.025482
1177.090820	401.821472
1176.000977	628.714233
1174.911133	598.680115
1173.820313	346.270599
1172.729492	304.826263
1171.638672	659.819519
1170.547852	391.498169
1169.456055	398.134369
1168.364258	462.006195
1167.272461	502.945465
1166.179688	575.894165
1165.087891	742.631531
1163.995117	1099.174683
1162.902344	1235.954102
1161.808594	1102.798584
1160.715820	1577.879761
1159.622070	1328.099609
1158.528320	1000.714783
1157.433594	1112.153564
1156.339844	1269.222412
1155.245117	601.725647
1154.149414	667.461731
1153.054688	623.584839
1151.958984	643.610107
1150.863281	433.147675
1149.767578	101.851486
1148.671875	363.699768
1147.575195	-31.318726
1146.478516	180.246017
1145.381836	166.051865
1144.285156	261.227386
1143.187500	524.927307
1142.089844	-15.558525
1140.992188	70.423859
1139.894531	-116.860291
1138.795898	28.243671
1137.697266	-99.825905
1136.598633	-84.516670
1135.499023	-64.693558
1134.400391	75.639717
1133.300781	-47.865513
1132.201172	92.352188
1131.100586	77.935600
1130.000977	38.515877
1128.900391	-87.238205
1127.799805	-60.792538
1126.698242	378.868622
1125.596680	196.291168
1124.495117	279.316406
1123.393555	221.594284
1122.291992	304.526733
1121.189453	584.713318
1120.086914	780.848450
1118.984375	704.816345
1117.881836	898.515015
1116.778320	1085.291992
1115.674805	1337.660034
1114.571289	1204.823730
1113.466797	1518.126709
1112.363281	898.479858
1111.258789	1322.564941
1110.153320	947.568787
1109.048828	912.097839
1107.943359	1387.816162
1106.837891	1105.683838
1105.732422	581.717834
1104.625977	1111.333862
1103.520508	436.113068
1102.414063	741.768005
1101.306641	645.143799
1100.200195	417.542419
1099.092773	558.047363
1097.985352	637.499817
1096.877930	728.162842
1095.769531	105.703728
1094.661133	304.643402
1093.552734	295.955872
1092.444336	354.878784
1091.335938	222.108841
1090.226563	422.924469
1089.117188	528.965881
1088.006836	204.607071
1086.897461	472.734741
1085.787109	195.734390
1084.676758	204.736481
1083.566406	387.006012
1082.455078	778.420776
1081.343750	501.406372
1080.232422	395.421021
1079.121094	730.202454
1078.008789	617.360657
1076.896484	940.594788
1075.784180	589.441284
1074.671875	831.549866
1073.558594	577.055786
1072.445313	544.957153
1071.332031	739.593201
1070.217773	366.149750
1069.104492	414.751007
1067.990234	555.259705
1066.875977	587.970947
1065.760742	237.093948
1064.645508	238.347809
1063.530273	304.552124
1062.415039	65.862495
1061.299805	394.120056
1060.183594	63.539627
1059.067383	-25.067694
1057.951172	134.856018
1056.833984	314.783264
1055.716797	116.310463
1054.599609	146.106842
1053.482422	-90.398560
1052.364258	75.729485
1051.247070	125.442741
1050.128906	58.803688
1049.009766	121.754875
1047.891602	30.430040
1046.772461	26.196035
1045.653320	-4.906926
1044.533203	-112.002548
1043.414063	142.570694
1042.293945	-98.580536
1041.173828	-94.218491
1040.052734	-310.820618
1038.932617	97.177444
1037.811523	20.977642
1036.689453	20.532352
1035.568359	-44.622993
1034.446289	26.107750
1033.324219	74.449097
1032.202148	109.326302
1031.079102	308.900177
1029.957031	-141.838074
1028.833984	-9.236267
1027.709961	-134.949356
1026.586914	86.430244
1025.462891	-192.900665
1024.338867	134.970520
1023.214844	97.953491
1022.089844	-92.525688
1020.964844	57.039551
1019.839844	-484.585571
1018.714844	-219.649506
1017.588867	138.351746
1016.462891	-105.643318
1015.336914	72.181381
1014.210938	-265.074890
1013.083984	178.796738
1011.957031	189.780029
1010.830078	378.109070
1009.702148	-19.151972
1008.574219	554.699707
1007.446289	1400.822021
1006.318359	2310.730469
1005.190430	3153.674805
1004.061523	3150.035400
1002.932617	2805.291016
1001.802734	1637.028442
1000.673828	409.461853
999.543945	346.335999
998.414063	17.661127
997.283203	47.360241
996.153320	-24.754623
995.022461	230.269974
993.891602	496.139923
992.759766	388.319061
991.628906	366.635712
990.497070	715.945190
989.364258	839.741516
988.232422	1056.134888
987.099609	894.870667
985.966797	1146.268921
984.833984	1291.560303
983.700195	1291.096802
982.566406	1248.644165
981.432617	1080.446533
980.298828	1092.992676
979.164063	871.825989
978.029297	970.151733
976.894531	755.548462
975.759766	789.815491
974.624023	528.927673
973.488281	411.155121
972.352539	454.008148
971.215820	160.100235
970.080078	139.026428
968.943359	326.794342
967.805664	397.845856
966.668945	431.424957
965.531250	489.066315
964.393555	412.568115
963.254883	285.485046
962.117188	740.397644
960.978516	433.088196
959.839844	762.455017
958.700195	617.521301
957.561523	268.528381
956.421875	134.588379
955.281250	465.582977
954.141602	739.353516
953.000977	1080.869263
951.860352	1071.484253
950.719727	829.767822
949.578125	677.895569
948.436523	554.495056
947.294922	540.569458
946.153320	771.772522
945.010742	370.261993
943.868164	231.454910
942.725586	252.346817
941.583008	187.870758
940.439453	116.788071
939.295898	224.945770
938.152344	241.200851
937.007813	381.929840
935.863281	-222.422348
934.718750	311.388092
933.574219	530.460510
932.428711	439.362762
931.283203	-14.057538
930.137695	-185.818207
928.992188	-93.567848
927.845703	109.820122
926.699219	81.929787
925.552734	-185.799469
924.405273	54.393719
923.257813	-38.961075
922.110352	118.233833
920.962891	46.624981
919.814453	321.243347
918.666016	114.571777
917.517578	275.815552
916.369141	-170.165833
915.219727	62.805202
914.070313	52.041756
912.920898	158.696442
911.770508	237.009369
910.621094	113.147682
909.470703	141.435120
908.319336	48.022457
907.168945	121.914795
906.017578	-314.560120
904.866211	-75.633888
903.713867	-40.864983
902.562500	158.835709
901.410156	52.528519
900.256836	171.846848
899.104492	-151.243286
897.951172	63.490517
896.797852	7.199544
895.644531	-79.381233
894.490234	-33.757233
893.335938	-14.118989
892.181641	-31.276396
891.027344	-338.508087
889.872070	-17.866158
888.716797	-54.400585
887.561523	123.311203
886.405273	-114.331543
885.249023	106.632828
884.092773	-24.867222
882.936523	-37.370014
881.779297	-114.661621
880.622070	322.340546
879.464844	-111.284622
878.307617	329.953827
877.149414	32.654896
875.991211	-223.425262
874.833008	152.975861
873.673828	160.328491
872.514648	273.445282
871.355469	26.453915
870.196289	-41.394855
869.036133	65.451546
867.875977	-159.534424
866.715820	-28.836412
865.554688	63.108143
864.394531	-83.919434
863.233398	264.390900
862.071289	143.385803
860.910156	164.582336
859.748047	20.197275
858.585938	211.540192
857.422852	553.424194
856.259766	224.471130
855.096680	542.777161
853.933594	330.256927
852.770508	-0.208278
851.606445	485.820068
850.442383	243.754135
849.277344	326.108795
848.113281	110.210991
846.948242	433.172150
845.783203	230.478073
844.617188	-14.893153
843.451172	-92.743187
842.285156	54.701565
841.119141	127.200958
839.952148	75.510773
838.785156	34.705631
837.618164	96.883133
836.451172	328.361542
835.283203	228.025879
834.115234	260.602386
832.947266	-53.350674
831.778320	-7.578825
830.609375	-113.532249
829.440430	291.817902
828.271484	207.553146
827.101563	392.803223
825.931641	37.486290
824.761719	67.066460
823.590820	216.406143
822.420898	212.106369
821.250000	513.271606
820.078125	539.116211
818.907227	336.800537
817.735352	476.099762
816.562500	583.507141
815.390625	482.070709
814.217773	90.906029
813.044922	250.020538
811.872070	179.096222
810.698242	-36.491978
809.524414	-19.633877
808.350586	71.928413
807.176758	14.603083
806.001953	-200.029617
804.827148	-114.335106
803.651367	237.423248
802.476563	-12.724797
801.300781	22.366167
800.125000	2.343352
798.948242	107.906479
797.772461	109.482124
796.595703	102.730148
795.417969	310.673431
794.241211	474.110321
793.063477	743.787231
791.885742	338.564362
790.707031	254.118347
789.529297	496.595490
788.350586	425.219513
787.170898	610.617920
785.992188	734.617554
784.812500	627.700317
783.632813	609.990295
782.452148	552.191650
781.272461	416.221375
780.091797	559.970276
778.911133	-45.604626
777.729492	145.050491
776.547852	223.614746
775.366211	-194.852310
774.184570	27.864950
773.001953	72.992249
771.819336	-262.284424
770.636719	-254.882599
769.453125	-266.375366
768.269531	5.338571
767.085938	72.183167
765.902344	6.088152
764.717773	5.578002
763.533203	7.288324
762.348633	194.787186
761.163086	-22.733011
759.977539	-128.272034
758.791992	116.345314
757.606445	-126.016434
756.419922	-3.579025
755.233398	76.739090
754.046875	-152.566956
752.859375	439.657959
751.672852	193.666779
750.485352	229.925034
749.296875	228.335861
748.108398	569.761169
746.919922	515.596008
745.731445	518.282227
744.542969	148.843689
743.353516	170.591476
742.164063	76.765953
740.973633	415.818787
739.783203	233.783142
738.592773	93.838852
737.402344	296.193085
736.211914	194.078384
735.020508	129.772491
733.829102	432.646271
732.636719	412.321167
731.444336	207.433701
730.251953	25.669518
729.059570	-271.336487
727.866211	135.878845
726.673828	19.069349
725.479492	147.327316
724.286133	-143.364807
723.091797	-44.573032
721.897461	219.454987
720.703125	-142.420837
719.507813	-161.100540
718.312500	-29.262960
717.117188	22.952127
715.921875	87.586723
714.725586	49.664822
713.529297	145.389282
712.332031	-30.639585
711.135742	319.643768
709.938477	26.479801
708.740234	205.139816
707.542969	665.358521
706.344727	1187.819824
705.146484	1899.742432
703.948242	2058.475098
702.749023	2098.132813
701.549805	2285.638672
700.350586	1616.291382
699.150391	1520.136475
697.950195	975.984985
696.750000	506.914276
695.549805	714.646606
694.348633	316.333984
693.147461	-25.743649
691.946289	221.045593
690.744141	101.434799
689.541992	289.541748
688.339844	404.638550
687.136719	382.336517
685.934570	461.746948
684.730469	98.403687
683.527344	187.961868
682.323242	262.813049
681.119141	246.150421
679.915039	44.639271
678.710938	301.769867
677.505859	444.558685
676.300781	282.268860
675.094727	310.772003
673.889648	306.028503
672.683594	181.003494
671.476563	49.778332
670.270508	20.117256
669.063477	-195.968765
667.856445	-70.246651
666.648438	235.554672
665.440430	125.205727
664.232422	112.233910
663.024414	115.902245
661.815430	32.795525
660.606445	-8.783571
659.397461	51.115501
658.188477	243.448593
656.978516	107.326126
655.768555	-109.063087
654.557617	108.660530
653.346680	-94.674683
652.135742	34.807003
650.924805	203.809158
649.712891	20.279800
648.501953	-49.244610
647.289063	-95.564018
646.077148	-91.837486
644.864258	-153.507187
643.651367	-175.359467
642.438477	-89.378510
641.224609	-167.516953
640.010742	313.309113
638.796875	24.645639
637.582031	58.160309
636.367188	255.209854
635.152344	-18.005960
633.937500	160.504211
632.721680	475.829834
631.505859	502.323212
630.289063	215.604919
629.073242	645.584717
627.856445	994.647949
626.639648	999.994324
625.421875	456.601227
624.204102	738.520081
622.986328	281.100861
621.768555	88.495720
620.549805	140.121201
619.331055	144.616943
618.111328	9.861510
616.892578	-220.922012
