1721.000977	-18.147762
1720.027344	-31.323545
1719.052734	-29.877583
1718.078125	-70.451225
1717.104492	39.413765
1716.128906	109.864510
1715.154297	138.398682
1714.178711	112.252907
1713.204102	-286.330597
1712.228516	-155.059677
1711.251953	93.271065
1710.276367	23.166662
1709.299805	54.847000
1708.324219	-57.513802
1707.347656	44.577232
1706.370117	79.475258
1705.393555	-83.234962
1704.416016	29.867350
1703.438477	-0.836345
1702.460938	111.181854
1701.483398	-58.562565
1700.505859	195.642441
1699.527344	132.394241
1698.548828	73.873199
1697.570313	48.195694
1696.591797	-28.922930
1695.612305	299.640991
1694.632813	81.389229
1693.653320	107.952362
1692.673828	-16.358019
1691.694336	-87.316811
1690.713867	7.283245
1689.734375	-214.634521
1688.753906	-28.733936
1687.772461	-243.385468
1686.791992	18.484438
1685.810547	-7.911918
1684.830078	75.094467
1683.848633	33.073612
1682.866211	46.928234
1681.884766	-66.651619
1680.902344	234.603043
1679.919922	41.872570
1678.937500	-105.082237
1677.955078	-28.199230
1676.971680	124.853058
1675.989258	117.577866
1675.005859	176.322647
1674.022461	-75.125648
1673.038086	-87.648201
1672.054688	44.637085
1671.070313	214.919601
1670.085938	-102.531502
1669.101563	126.067238
1668.117188	-11.017636
1667.131836	-84.614693
1666.146484	-43.986259
1665.161133	34.687012
1664.175781	105.729050
1663.189453	52.473282
1662.204102	-119.892662
1661.217773	-178.101288
1660.231445	-96.859055
1659.245117	-129.643158
1658.257813	68.149208
1657.270508	-73.506622
1656.284180	2.745084
1655.295898	-98.249619
1654.308594	21.092428
1653.321289	39.209957
1652.333008	-64.093033
1651.344727	-28.155346
1650.356445	96.352425
1649.367188	122.237823
1648.378906	21.789333
1647.389648	-0.208447
1646.400391	273.545044
1645.411133	87.418388
1644.420898	-93.520622
1643.431641	-16.690166
1642.441406	113.192383
1641.451172	232.998688
1640.459961	29.751404
1639.469727	-19.388834
1638.478516	17.332411
1637.487305	69.249809
1636.496094	55.656452
1635.504883	-81.396889
1634.512695	38.790916
1633.520508	-62.777321
1632.528320	-65.954453
1631.536133	114.849915
1630.543945	-11.623526
1629.550781	93.687599
1628.557617	95.807678
1627.564453	120.656830
1626.571289	221.068176
1625.578125	354.219513
1624.583984	338.956390
1623.589844	265.926453
1622.595703	343.867798
1621.601563	218.214767
1620.606445	374.172394
1619.611328	585.416016
1618.616211	613.233337
1617.621094	741.578064
1616.625977	761.944763
1615.629883	1000.791504
1614.633789	760.132874
1613.637695	906.137268
1612.641602	683.279541
1611.645508	844.402832
1610.648438	1236.252319
1609.651367	840.583496
1608.654297	1174.708008
1607.657227	1127.736328
1606.659180	1025.682617
1605.662109	1261.983032
1604.664063	1145.002563
1603.666016	1163.356323
1602.666992	1362.016357
1601.668945	1142.564331
1600.669922	1441.338623
1599.670898	1329.622559
1598.671875	1358.092651
1597.671875	1093.906860
1596.672852	1315.039917
1595.672852	1248.555298
1594.672852	1364.608887
1593.671875	1313.171997
1592.671875	1334.255249
1591.670898	945.624695
1590.669922	482.241638
1589.668945	883.098389
1588.667969	697.082825
1587.666016	508.647797
1586.664063	512.465698
1585.662109	561.201660
1584.660156	243.220154
1583.658203	346.872864
1582.655273	288.393188
1581.652344	349.602875
1580.649414	186.463028
1579.646484	297.505188
1578.642578	199.203079
1577.638672	399.848175
1576.634766	249.254242
1575.630859	220.719498
1574.626953	403.782349
1573.622070	355.280945
1572.618164	169.942551
1571.613281	44.360031
1570.607422	418.743774
1569.602539	99.161087
1568.596680	294.329803
1567.590820	49.424545
1566.584961	237.023972
1565.579102	203.384537
1564.572266	157.300522
1563.566406	185.732162
1562.559570	12.979313
1561.551758	190.301422
1560.544922	389.869873
1559.537109	-31.074116
1558.530273	247.786514
1557.521484	409.886841
1556.513672	167.660660
1555.505859	91.625069
1554.497070	45.317551
1553.488281	189.830399
1552.479492	91.409706
1551.470703	74.744026
1550.460938	15.924547
1549.451172	125.479362
1548.441406	24.501383
1547.431641	-125.983803
1546.421875	186.333588
1545.411133	-40.926956
1544.400391	-206.292664
1543.389648	-176.252502
1542.378906	-133.907669
1541.367188	27.022438
1540.355469	12.348732
1539.343750	-34.491821
1538.332031	-17.125706
1537.320313	-73.920578
1536.307617	-36.910343
1535.294922	-135.766129
1534.282227	175.147400
1533.269531	-64.491379
1532.256836	216.562332
1531.243164	65.710114
1530.229492	-3.738344
1529.215820	-132.393631
1528.202148	-24.366285
1527.187500	7.135830
1526.172852	-92.041168
1525.158203	-1.512631
1524.143555	69.217445
1523.127930	-10.384050
1522.113281	-124.463013
1521.097656	15.002296
1520.082031	53.442410
1519.065430	109.023361
1518.049805	2.165149
1517.033203	-77.659569
1516.016602	95.793495
1515.000000	178.148514
1513.982422	117.826294
1512.965820	101.728867
1511.948242	-47.114807
1510.930664	-33.812630
1509.913086	207.846603
1508.894531	9.789456
1507.875977	-50.752907
1506.857422	-64.686409
1505.838867	-63.942337
1504.820313	-112.319160
1503.800781	3.607653
1502.781250	119.434799
1501.761719	-83.590225
1500.742188	-41.436691
1499.721680	47.201668
1498.702148	-202.385925
1497.681641	-148.146973
1496.661133	241.581985
1495.639648	-27.653591
1494.618164	-32.404991
1493.597656	-122.858078
1492.576172	148.863571
1491.553711	-42.029613
1490.532227	134.065811
1489.509766	-69.061790
1488.487305	62.847153
1487.464844	-74.259445
1486.442383	121.057564
1485.418945	118.298477
1484.395508	-4.216383
1483.372070	27.167000
1482.348633	85.359489
1481.324219	238.695297
1480.300781	199.097961
1479.276367	279.050629
1478.251953	280.851379
1477.226563	392.377319
1476.202148	106.277870
1475.176758	-9.056827
1474.151367	-9.792384
1473.125000	194.169922
1472.099609	198.199402
1471.073242	182.688049
1470.046875	203.691055
1469.020508	134.544174
1467.994141	379.497223
1466.966797	385.733826
1465.939453	287.283844
1464.912109	42.848331
1463.884766	282.620483
1462.856445	38.222275
1461.829102	263.252014
1460.800781	242.588623
1459.772461	387.202545
1458.743164	461.238251
1457.714844	532.807739
1456.685547	458.558411
1455.656250	248.313309
1454.625977	305.220764
1453.596680	488.340149
1452.566406	302.423248
1451.536133	325.258026
1450.505859	61.786697
1449.474609	288.364532
1448.444336	58.933807
1447.413086	239.321442
1446.381836	194.184540
1445.350586	-3.628441
1444.318359	227.488708
1443.286133	167.797562
1442.253906	638.536255
1441.221680	222.810043
1440.189453	119.554291
1439.156250	45.364437
1438.123047	152.693466
1437.089844	134.162262
1436.056641	38.229584
1435.022461	145.460602
1433.988281	-66.514969
1432.954102	192.979370
1431.919922	-18.919884
1430.885742	30.231340
1429.850586	197.717926
1428.815430	-96.184959
1427.780273	-73.627022
1426.744141	64.790886
1425.708984	-74.412010
1424.672852	-51.882454
1423.636719	-130.693039
1422.600586	58.288723
1421.563477	71.125092
1420.527344	45.399567
1419.490234	149.849274
1418.452148	-27.739962
1417.415039	-137.760345
1416.376953	14.850519
1415.338867	-191.475266
1414.300781	28.526539
1413.262695	-33.241138
1412.224609	15.752527
1411.185547	-14.695775
1410.146484	-21.059347
1409.107422	18.297102
1408.067383	-65.022095
1407.027344	-184.359467
1405.987305	-257.956726
1404.947266	146.777451
1403.907227	68.364029
1402.866211	-24.431469
1401.826172	-64.313507
1400.785156	102.340294
1399.743164	86.457184
1398.702148	17.805183
1397.660156	-12.418028
1396.618164	168.531601
1395.576172	71.157364
1394.533203	343.168243
1393.491211	384.907135
1392.448242	172.521179
1391.405273	281.411407
1390.361328	119.482170
1389.318359	293.064423
1388.274414	409.089600
1387.230469	144.325821
1386.186523	303.470581
1385.141602	354.838501
1384.097656	269.809021
1383.052734	201.571548
1382.007813	217.110840
1380.961914	294.831360
1379.916992	243.436523
1378.871094	-68.505173
1377.825195	272.207642
1376.778320	58.397518
1375.732422	-95.556694
1374.685547	223.499680
1373.638672	394.383057
1372.591797	259.611145
1371.543945	-63.665344
1370.497070	274.295410
1369.449219	127.763557
1368.400391	114.891594
1367.352539	252.317566
1366.303711	184.630142
1365.255859	150.387177
1364.206055	-48.304558
1363.157227	239.243103
1362.108398	33.536453
1361.058594	178.062363
1360.008789	324.933594
1358.958984	114.636444
1357.908203	418.595337
1356.857422	258.377991
1355.806641	119.669891
1354.755859	54.787357
1353.705078	-95.660309
1352.653320	-86.723198
1351.601563	91.021683
1350.549805	61.935543
1349.498047	23.379581
1348.445313	-65.039948
1347.393555	107.889847
1346.340820	-18.458221
1345.287109	-277.697510
1344.234375	-126.140739
1343.180664	-235.688370
1342.126953	-278.732239
1341.073242	31.715769
1340.019531	33.739395
1338.964844	294.220490
1337.910156	-16.703651
1336.855469	54.113255
1335.799805	101.213242
1334.745117	70.146286
1333.689453	69.893227
1332.633789	-67.686157
1331.578125	-34.722973
1330.521484	140.252640
1329.464844	78.524223
1328.408203	189.558273
1327.351563	2.514661
1326.294922	160.855972
1325.237305	-319.270111
1324.179688	30.576067
1323.122070	-66.398811
1322.064453	113.146736
1321.005859	23.305798
1319.947266	2.013958
1318.888672	-83.006462
1317.830078	-153.810501
1316.770508	79.907883
1315.710938	-47.515430
1314.651367	49.268799
1313.591797	39.879345
1312.531250	306.417267
1311.471680	-264.152679
1310.411133	-54.208084
1309.349609	47.233162
1308.289063	-145.876022
1307.227539	323.067352
1306.166016	85.244614
1305.104492	61.819416
1304.042969	-34.566048
1302.980469	-130.910202
1301.917969	69.304131
1300.855469	387.076569
1299.792969	-52.683189
1298.729492	116.829262
1297.666016	131.101730
1296.602539	-282.440430
1295.539063	82.100807
1294.474609	47.041580
1293.411133	209.347977
1292.346680	221.264023
1291.281250	-27.468441
1290.216797	76.065765
1289.151367	-19.951715
1288.085938	271.259735
1287.020508	142.406723
1285.955078	161.385300
1284.888672	299.943359
1283.822266	220.404480
1282.755859	-18.487675
1281.689453	-100.258896
1280.622070	26.522335
1279.554688	244.607254
1278.487305	-146.309235
1277.419922	-26.618216
1276.351563	20.440031
1275.283203	-28.479013
1274.214844	-51.637486
1273.146484	112.366531
1272.077148	28.365040
1271.008789	-18.174395
1269.939453	136.348190
1268.869141	26.668741
1267.799805	178.776276
1266.729492	-33.668674
1265.659180	169.754974
1264.588867	-16.912167
1263.517578	146.706863
1262.447266	58.159649
1261.375977	-9.361955
1260.304688	198.469360
1259.232422	-18.373724
1258.161133	-18.214720
1257.088867	296.712463
1256.016602	-52.907421
1254.943359	184.949097
1253.871094	26.569807
1252.797852	192.070465
1251.724609	159.508850
1250.650391	534.459229
1249.577148	147.936005
1248.502930	166.576401
1247.428711	131.672562
1246.354492	199.147964
1245.279297	194.459747
1244.204102	24.644194
1243.128906	-10.252151
1242.053711	61.789894
1240.977539	98.912987
1239.902344	149.961655
1238.826172	68.549675
1237.750000	163.674347
1236.672852	196.036942
1235.595703	68.185524
1234.518555	198.010422
1233.441406	195.495667
1232.364258	128.008179
1231.286133	51.243317
1230.208008	347.856659
1229.129883	141.213120
1228.051758	55.179604
1226.972656	156.869476
1225.893555	84.727371
1224.814453	146.956146
1223.734375	88.698448
1222.655273	-106.148247
1221.575195	-120.376503
1220.495117	-37.408798
1219.415039	114.920624
1218.333984	-295.001465
1217.252930	21.484514
1216.171875	386.370514
1215.090820	129.187546
1214.008789	-60.884686
1212.926758	12.541984
1211.844727	111.332565
1210.762695	-115.626450
1209.679688	-238.598740
1208.597656	-243.772446
1207.513672	48.776653
1206.430664	-2.671011
1205.347656	-377.133026
1204.263672	30.527332
1203.179688	-270.032135
1202.095703	-132.387817
1201.010742	14.380181
1199.925781	-334.455048
1198.840820	17.325106
1197.755859	-52.650665
1196.670898	-191.714539
1195.584961	39.979065
1194.499023	197.879135
1193.413086	-295.686371
1192.326172	27.842979
1191.239258	263.781433
1190.152344	101.665939
1189.065430	254.648712
1187.978516	400.643677
1186.890625	270.701447
1185.802734	30.483997
1184.714844	162.561523
1183.625977	234.816620
1182.538086	281.766907
1181.449219	165.636703
1180.360352	242.361511
1179.270508	475.075836
1178.180664	276.289490
1177.090820	228.971054
1176.000977	550.907593
1174.911133	638.788391
1173.820313	100.734337
1172.729492	213.821609
1171.638672	129.766953
1170.547852	-4.679748
1169.456055	34.971401
1168.364258	115.796730
1167.272461	-85.041733
1166.179688	121.600143
1165.087891	-12.837629
1163.995117	159.325851
1162.902344	40.883804
1161.808594	199.169769
1160.715820	256.772308
1159.622070	314.307770
1158.528320	344.366333
1157.433594	394.935730
1156.339844	612.227783
1155.245117	742.594971
1154.149414	610.277405
1153.054688	802.170654
1151.958984	879.818481
1150.863281	982.506531
1149.767578	980.180054
1148.671875	1128.360474
1147.575195	1148.734619
1146.478516	1089.281616
1145.381836	1143.790405
1144.285156	710.587158
1143.187500	1079.489502
1142.089844	824.089783
1140.992188	678.085266
1139.894531	411.450562
1138.795898	695.741455
1137.697266	344.948914
1136.598633	217.256454
1135.499023	64.557777
1134.400391	282.608307
1133.300781	34.410355
1132.201172	-95.500214
1131.100586	81.418701
1130.000977	46.930466
1128.900391	62.392689
1127.799805	298.120636
1126.698242	38.699310
1125.596680	-102.589218
1124.495117	-121.280121
1123.393555	105.071861
1122.291992	-36.220798
1121.189453	-14.192357
1120.086914	177.869064
1118.984375	258.729034
1117.881836	276.057495
1116.778320	191.361053
1115.674805	115.734520
1114.571289	508.982544
1113.466797	397.012115
1112.363281	140.180954
1111.258789	241.057022
1110.153320	210.589447
1109.048828	277.409454
1107.943359	104.379837
1106.837891	209.564240
1105.732422	0.392297
1104.625977	82.872459
1103.520508	-4.197858
1102.414063	75.928719
1101.306641	286.994263
1100.200195	342.114685
1099.092773	347.490356
1097.985352	185.780777
1096.877930	258.837433
1095.769531	99.401047
1094.661133	237.789368
1093.552734	125.732811
1092.444336	415.071167
1091.335938	-55.488613
1090.226563	238.192551
1089.117188	42.721554
1088.006836	140.169037
1086.897461	169.985306
1085.787109	127.680840
1084.676758	175.419250
1083.566406	-26.740931
1082.455078	205.462265
1081.343750	385.780396
1080.232422	419.781708
1079.121094	363.780670
1078.008789	195.341873
1076.896484	89.886848
1075.784180	283.339355
1074.671875	292.433746
1073.558594	184.670090
1072.445313	234.128220
1071.332031	142.077576
1070.217773	90.428375
1069.104492	110.600273
1067.990234	173.347260
1066.875977	191.167252
1065.760742	190.989868
1064.645508	-244.214294
1063.530273	20.166042
1062.415039	75.958939
1061.299805	98.082306
1060.183594	106.705910
1059.067383	34.663742
1057.951172	-41.858711
1056.833984	-78.097984
1055.716797	-58.401680
1054.599609	133.556320
1053.482422	334.340454
1052.364258	-8.526187
1051.247070	147.409973
1050.128906	186.970642
1049.009766	318.104950
1047.891602	272.623962
1046.772461	135.515320
1045.653320	148.087860
1044.533203	89.143906
1043.414063	88.256447
1042.293945	-10.893704
1041.173828	-105.569855
1040.052734	-140.014679
1038.932617	-65.162842
1037.811523	22.986647
1036.689453	44.156368
1035.568359	5.112972
1034.446289	-87.449310
1033.324219	-195.600266
1032.202148	66.039001
1031.079102	-75.588753
1029.957031	-103.617050
1028.833984	-136.136993
1027.709961	62.765411
1026.586914	-105.572479
1025.462891	-93.698929
1024.338867	-50.728443
1023.214844	-136.776215
1022.089844	-87.231651
1020.964844	-77.750221
1019.839844	-99.415825
1018.714844	-21.138573
1017.588867	-218.348953
1016.462891	-180.135895
1015.336914	-139.753204
1014.210938	-48.374638
1013.083984	-14.782306
1011.957031	-251.891190
1010.830078	-138.490250
1009.702148	-193.717087
1008.574219	-209.047165
1007.446289	185.634872
1006.318359	141.348740
1005.190430	431.578918
1004.061523	349.521759
1002.932617	41.598431
1001.802734	380.223938
1000.673828	67.941811
999.543945	41.214748
998.414063	169.335129
997.283203	447.755066
996.153320	553.545593
995.022461	575.225952
993.891602	848.844543
992.759766	1237.204956
991.628906	1952.354858
990.497070	2585.405518
989.364258	3412.452393
988.232422	3850.526367
987.099609	4294.974121
985.966797	4783.325195
984.833984	4962.538574
983.700195	4808.542969
982.566406	4778.085938
981.432617	4229.482910
980.298828	3722.985596
979.164063	3141.743652
978.029297	2809.714111
976.894531	2054.873779
975.759766	1787.057007
974.624023	1367.397705
973.488281	1251.678955
972.352539	1098.577026
971.215820	771.680603
970.080078	931.075562
968.943359	624.112671
967.805664	609.684998
966.668945	553.491577
965.531250	563.217346
964.393555	300.458191
963.254883	294.800934
962.117188	473.624481
960.978516	584.262085
959.839844	468.721924
958.700195	313.694366
957.561523	281.613098
956.421875	56.463715
955.281250	254.674667
954.141602	104.156281
953.000977	227.698883
951.860352	116.658417
950.719727	384.732910
949.578125	135.649963
948.436523	541.535095
947.294922	143.609848
946.153320	76.423851
945.010742	55.202820
943.868164	447.545013
942.725586	224.966934
941.583008	-25.948505
940.439453	381.411194
939.295898	285.763519
938.152344	131.140610
937.007813	114.235153
935.863281	191.274384
934.718750	1.810088
933.574219	225.142075
932.428711	57.572483
931.283203	-50.985863
930.137695	-104.940109
928.992188	-239.584122
927.845703	62.044495
926.699219	165.104691
925.552734	429.453033
924.405273	316.596954
923.257813	112.281334
922.110352	1.749509
920.962891	159.188202
919.814453	2.976038
918.666016	16.662600
917.517578	174.012772
916.369141	-16.866768
915.219727	260.094208
914.070313	197.632690
912.920898	-125.726578
911.770508	-105.430870
910.621094	-61.193108
909.470703	139.493301
908.319336	120.664948
907.168945	93.202477
906.017578	-103.617737
904.866211	29.683414
903.713867	182.473434
902.562500	-20.646534
901.410156	56.217400
900.256836	5.090182
899.104492	261.973145
897.951172	132.848358
896.797852	207.571655
895.644531	288.802673
894.490234	75.376167
893.335938	438.255310
892.181641	331.091919
891.027344	256.502747
889.872070	244.752411
888.716797	323.944580
887.561523	48.336552
886.405273	304.997894
885.249023	209.102386
884.092773	180.331238
882.936523	346.168396
881.779297	254.812485
880.622070	-26.562855
879.464844	456.895447
878.307617	91.509232
877.149414	367.567261
875.991211	360.801483
874.833008	339.000549
873.673828	30.320644
872.514648	286.987640
871.355469	616.930786
870.196289	407.800110
869.036133	403.597656
867.875977	-16.435278
866.715820	352.349274
865.554688	344.082642
864.394531	822.606384
863.233398	362.275360
862.071289	653.446777
860.910156	613.182495
859.748047	284.712860
858.585938	464.118195
857.422852	546.747192
856.259766	683.181946
855.096680	729.371216
853.933594	461.886688
852.770508	381.542267
851.606445	430.200592
850.442383	442.429688
849.277344	482.654877
848.113281	400.629242
846.948242	398.137695
845.783203	618.880615
844.617188	552.193787
843.451172	494.224640
842.285156	667.943176
841.119141	207.227509
839.952148	370.431396
838.785156	372.988861
837.618164	472.051453
836.451172	656.844910
835.283203	370.645111
834.115234	373.664886
832.947266	515.899475
831.778320	797.244141
830.609375	537.426880
829.440430	596.483887
828.271484	441.843781
827.101563	676.410034
825.931641	823.378845
824.761719	927.678833
823.590820	683.887451
822.420898	997.705750
821.250000	707.307495
820.078125	408.627411
818.907227	795.230835
817.735352	784.954285
816.562500	742.814453
815.390625	711.500732
814.217773	627.030090
813.044922	779.325562
811.872070	586.473450
810.698242	389.579620
809.524414	606.127136
808.350586	758.829224
807.176758	453.871704
806.001953	606.807922
804.827148	412.954346
803.651367	193.792206
802.476563	513.004028
801.300781	-107.697746
800.125000	377.533875
798.948242	420.573029
797.772461	119.497589
796.595703	462.409424
795.417969	259.433716
794.241211	273.295837
793.063477	206.612015
791.885742	-116.721207
790.707031	-25.983421
789.529297	325.801544
788.350586	-58.425129
787.170898	-88.220253
785.992188	43.262585
784.812500	-68.923538
783.632813	297.970306
782.452148	39.868137
781.272461	74.314438
780.091797	195.691162
778.911133	-235.388168
777.729492	292.633545
776.547852	128.611694
775.366211	98.076546
774.184570	-122.660431
773.001953	26.866385
771.819336	102.464844
770.636719	-92.372063
769.453125	-122.180473
768.269531	135.454437
767.085938	-183.484238
765.902344	-29.169647
764.717773	116.745140
763.533203	-3.210393
762.348633	157.643982
761.163086	-69.614105
759.977539	-41.453636
758.791992	-63.796028
757.606445	-14.338111
756.419922	-23.804699
755.233398	-104.792236
754.046875	-69.773018
752.859375	20.094788
751.672852	318.480255
750.485352	-151.513367
749.296875	-71.899155
748.108398	169.796112
746.919922	43.355949
745.731445	123.177139
744.542969	100.033432
743.353516	245.159882
742.164063	184.361328
740.973633	62.749954
739.783203	189.157776
738.592773	172.792221
737.402344	364.382202
736.211914	-147.222214
735.020508	279.568237
733.829102	70.520874
732.636719	270.684204
731.444336	68.194618
730.251953	73.447342
729.059570	-49.086216
727.866211	105.139038
726.673828	131.568649
725.479492	116.166733
724.286133	-41.548389
723.091797	-23.248386
721.897461	173.033295
720.703125	-55.508667
719.507813	101.085991
718.312500	65.248810
717.117188	-20.684542
715.921875	169.461594
714.725586	-62.619328
713.529297	-190.034515
712.332031	-87.506065
711.135742	8.784499
709.938477	90.484856
708.740234	-103.349228
707.542969	57.809902
706.344727	239.837479
705.146484	29.654522
703.948242	44.909264
702.749023	-110.743202
701.549805	455.073761
700.350586	134.921249
699.150391	225.506195
697.950195	168.235138
696.750000	196.482559
695.549805	-16.720469
694.348633	36.748627
693.147461	260.969238
691.946289	131.469620
690.744141	287.151001
689.541992	293.142548
688.339844	143.319290
687.136719	401.148590
685.934570	787.857971
684.730469	335.109558
683.527344	372.980835
682.323242	494.078491
681.119141	276.860168
679.915039	385.839081
678.710938	407.800476
677.505859	195.507858
676.300781	180.598343
675.094727	136.897644
673.889648	27.114229
672.683594	-26.387957
671.476563	15.739312
670.270508	120.285362
669.063477	-21.405851
667.856445	-50.883289
666.648438	50.427540
665.440430	-83.925522
664.232422	32.554211
663.024414	-72.002899
661.815430	-58.195465
660.606445	90.454399
659.397461	115.441116
658.188477	27.213179
656.978516	-95.596123
655.768555	-36.016140
654.557617	83.997643
653.346680	115.739502
652.135742	-202.885544
650.924805	-120.305359
649.712891	-191.847717
648.501953	-17.164568
647.289063	116.940567
646.077148	-20.444944
644.864258	224.438614
643.651367	-3.989493
642.438477	-208.759308
641.224609	238.483353
640.010742	-17.888662
638.796875	249.874481
637.582031	65.694641
636.367188	22.656134
635.152344	-60.361313
633.937500	298.084259
632.721680	-53.959469
631.505859	-48.812973
630.289063	-1.172680
629.073242	121.834274
627.856445	20.274996
626.639648	0.420447
625.421875	68.465935
624.204102	47.817120
622.986328	-311.826111
621.768555	22.111391
620.549805	189.567963
619.331055	-14.412283
618.111328	195.980331
616.892578	262.793091
