1721.000977	126.776001
1720.027344	-18.268534
1719.052734	20.604605
1718.078125	210.008301
1717.104492	154.829483
1716.128906	-24.213444
1715.154297	73.005424
1714.178711	-140.740967
1713.204102	83.207031
1712.228516	-83.122185
1711.251953	-50.187706
1710.276367	-7.630727
1709.299805	-70.689499
1708.324219	9.103204
1707.347656	-49.924213
1706.370117	-76.185005
1705.393555	65.958344
1704.416016	-68.744972
1703.438477	36.583298
1702.460938	187.460693
1701.483398	8.036944
1700.505859	-299.521179
1699.527344	133.802246
1698.548828	22.337030
1697.570313	63.847874
1696.591797	-94.204742
1695.612305	48.802105
1694.632813	-33.213612
1693.653320	4.490299
1692.673828	-21.887442
1691.694336	-43.402496
1690.713867	-14.143631
1689.734375	152.613434
1688.753906	127.837029
1687.772461	-22.058229
1686.791992	-11.489722
1685.810547	-6.211250
1684.830078	172.160446
1683.848633	-100.559578
1682.866211	-72.818909
1681.884766	-70.665222
1680.902344	-99.196533
1679.919922	55.417030
1678.937500	62.281532
1677.955078	155.546631
1676.971680	-81.980484
1675.989258	-6.685329
1675.005859	101.545815
1674.022461	-47.059208
1673.038086	-155.010132
1672.054688	64.821434
1671.070313	58.419670
1670.085938	120.561279
1669.101563	70.924431
1668.117188	-34.562946
1667.131836	-124.808868
1666.146484	23.514166
1665.161133	-23.587589
1664.175781	139.869415
1663.189453	113.043633
1662.204102	-65.877411
1661.217773	82.292946
1660.231445	-99.063545
1659.245117	132.715240
1658.257813	75.596367
1657.270508	81.854462
1656.284180	-94.170769
1655.295898	-130.866135
1654.308594	-223.179565
1653.321289	180.624725
1652.333008	-15.383508
1651.344727	-13.941720
1650.356445	121.597885
1649.367188	173.670990
1648.378906	61.462345
1647.389648	103.527466
1646.400391	-132.348709
1645.411133	-32.031811
1644.420898	-83.274048
1643.431641	-61.177139
1642.441406	77.109322
1641.451172	-9.274226
1640.459961	53.341667
1639.469727	-78.290283
1638.478516	208.985138
1637.487305	185.959015
1636.496094	-28.649420
1635.504883	9.032342
1634.512695	-129.701416
1633.520508	79.488518
1632.528320	296.221436
1631.536133	376.895844
1630.543945	104.992195
1629.550781	409.915070
1628.557617	322.031281
1627.564453	334.938202
1626.571289	461.155090
1625.578125	496.811432
1624.583984	645.706421
1623.589844	686.463013
1622.595703	729.784668
1621.601563	848.575134
1620.606445	798.968628
1619.611328	852.479187
1618.616211	808.050354
1617.621094	783.799561
1616.625977	958.018921
1615.629883	928.839844
1614.633789	939.899841
1613.637695	1001.211609
1612.641602	773.997803
1611.645508	935.787781
1610.648438	864.295105
1609.651367	797.905823
1608.654297	1140.264282
1607.657227	956.146912
1606.659180	1057.842529
1605.662109	1094.417480
1604.664063	1293.844238
1603.666016	1187.688110
1602.666992	1256.894531
1601.668945	1373.698975
1600.669922	1230.183105
1599.670898	1034.224121
1598.671875	1236.194946
1597.671875	1177.969971
1596.672852	1194.850464
1595.672852	1031.730103
1594.672852	923.714417
1593.671875	788.280457
1592.671875	680.439270
1591.670898	482.732086
1590.669922	624.833801
1589.668945	679.509766
1588.667969	364.688477
1587.666016	496.830566
1586.664063	284.552124
1585.662109	461.630280
1584.660156	426.623444
1583.658203	64.936684
1582.655273	114.851166
1581.652344	114.910599
1580.649414	27.756407
1579.646484	130.052490
1578.642578	85.321426
1577.638672	-24.134386
1576.634766	50.766960
1575.630859	-21.247097
1574.626953	31.254017
1573.622070	113.606537
1572.618164	26.745232
1571.613281	228.508713
1570.607422	129.230026
1569.602539	72.293076
1568.596680	-116.390099
1567.590820	120.073639
1566.584961	83.077896
1565.579102	359.174500
1564.572266	11.632602
1563.566406	285.161255
1562.559570	84.298714
1561.551758	111.912376
1560.544922	42.729809
1559.537109	-11.540650
1558.530273	93.012161
1557.521484	-48.068752
1556.513672	68.841064
1555.505859	-144.064163
1554.497070	-24.713240
1553.488281	-71.465828
1552.479492	-289.175110
1551.470703	-162.438400
1550.460938	-20.906057
1549.451172	66.084763
1548.441406	-64.835640
1547.431641	-10.057455
1546.421875	-153.289215
1545.411133	141.468231
1544.400391	-194.706131
1543.389648	-36.101856
1542.378906	25.994507
1541.367188	-112.198074
1540.355469	-69.909157
1539.343750	34.134312
1538.332031	-163.289688
1537.320313	-51.875854
1536.307617	-44.250805
1535.294922	-46.513134
1534.282227	-194.427765
1533.269531	-51.062355
1532.256836	-149.581192
1531.243164	-218.475082
1530.229492	-75.235100
1529.215820	-6.042085
1528.202148	72.971962
1527.187500	-60.048943
1526.172852	65.735275
1525.158203	102.757133
1524.143555	-111.507889
1523.127930	70.809875
1522.113281	-22.726362
1521.097656	179.169678
1520.082031	-121.130531
1519.065430	-126.034653
1518.049805	-148.158066
1517.033203	-5.493746
1516.016602	146.937256
1515.000000	-67.050560
1513.982422	-49.902851
1512.965820	-182.677277
1511.948242	173.550186
1510.930664	82.514481
1509.913086	20.980362
1508.894531	30.661386
1507.875977	77.155807
1506.857422	148.164963
1505.838867	-6.635195
1504.820313	260.622711
1503.800781	392.833923
1502.781250	103.156349
1501.761719	88.209335
1500.742188	2.169889
1499.721680	185.745773
1498.702148	33.544647
1497.681641	155.774796
1496.661133	148.129364
1495.639648	400.044647
1494.618164	448.636688
1493.597656	-153.902328
1492.576172	119.923004
1491.553711	-29.676037
1490.532227	65.420006
1489.509766	84.640167
1488.487305	72.059509
1487.464844	179.270157
1486.442383	352.422882
1485.418945	-85.427803
1484.395508	-58.899174
1483.372070	158.139008
1482.348633	-62.055058
1481.324219	167.083954
1480.300781	78.793701
1479.276367	376.137115
1478.251953	-163.581238
1477.226563	16.576099
1476.202148	250.326233
1475.176758	-3.732673
1474.151367	0.742015
1473.125000	134.389938
1472.099609	231.437927
1471.073242	218.796722
1470.046875	259.752289
1469.020508	298.257202
1467.994141	283.182007
1466.966797	321.660492
1465.939453	267.639801
1464.912109	245.279526
1463.884766	327.543945
1462.856445	339.230011
1461.829102	90.727516
1460.800781	85.451241
1459.772461	296.519135
1458.743164	682.471375
1457.714844	387.955383
1456.685547	416.643951
1455.656250	595.907898
1454.625977	340.450409
1453.596680	456.550842
1452.566406	390.565491
1451.536133	300.351501
1450.505859	316.933685
1449.474609	299.550507
1448.444336	243.394180
1447.413086	335.160065
1446.381836	291.152435
1445.350586	724.610901
1444.318359	540.016296
1443.286133	549.313416
1442.253906	694.250671
1441.221680	342.739594
1440.189453	313.378174
1439.156250	346.962738
1438.123047	191.795364
1437.089844	331.874512
1436.056641	70.375305
1435.022461	321.686859
1433.988281	33.724487
1432.954102	311.559845
1431.919922	224.352386
1430.885742	332.920868
1429.850586	129.810654
1428.815430	-61.117695
1427.780273	127.171265
1426.744141	-32.264278
1425.708984	-27.469460
1424.672852	-32.320389
1423.636719	-58.863926
1422.600586	179.963684
1421.563477	153.415054
1420.527344	158.252411
1419.490234	32.923065
1418.452148	23.344362
1417.415039	-72.946274
1416.376953	-72.819717
1415.338867	9.219894
1414.300781	81.613213
1413.262695	204.556763
1412.224609	-62.471725
1411.185547	-206.640335
1410.146484	-83.657463
1409.107422	63.351109
1408.067383	10.695858
1407.027344	20.601885
1405.987305	71.395531
1404.947266	23.649237
1403.907227	-26.456179
1402.866211	2.754129
1401.826172	0.761035
1400.785156	3.585960
1399.743164	128.868774
1398.702148	366.950500
1397.660156	230.566605
1396.618164	319.805115
1395.576172	284.291107
1394.533203	495.833435
1393.491211	515.496399
1392.448242	604.688599
1391.405273	923.956848
1390.361328	1104.121826
1389.318359	920.093140
1388.274414	978.074707
1387.230469	1277.925537
1386.186523	1194.600952
1385.141602	1384.208496
1384.097656	1363.169678
1383.052734	1461.791748
1382.007813	1603.455322
1380.961914	1362.412842
1379.916992	1245.846924
1378.871094	1103.051636
1377.825195	1266.276367
1376.778320	1059.062866
1375.732422	1009.651917
1374.685547	805.023499
1373.638672	595.733521
1372.591797	1007.317139
1371.543945	549.866882
1370.497070	679.728821
1369.449219	692.636963
1368.400391	533.804199
1367.352539	728.047180
1366.303711	841.154663
1365.255859	582.353333
1364.206055	464.294373
1363.157227	284.365540
1362.108398	735.874329
1361.058594	625.081482
1360.008789	614.380432
1358.958984	877.507446
1357.908203	585.918579
1356.857422	708.571777
1355.806641	755.058594
1354.755859	370.986450
1353.705078	626.866882
1352.653320	426.121033
1351.601563	289.671387
1350.549805	505.066620
1349.498047	492.273438
1348.445313	626.798950
1347.393555	340.886383
1346.340820	368.573547
1345.287109	417.631897
1344.234375	362.261505
1343.180664	378.125366
1342.126953	192.331207
1341.073242	182.179688
1340.019531	207.631592
1338.964844	197.522415
1337.910156	85.502731
1336.855469	234.267715
1335.799805	148.393158
1334.745117	74.434067
1333.689453	-146.328903
1332.633789	78.219559
1331.578125	-154.241028
1330.521484	-242.197250
1329.464844	242.602829
1328.408203	194.866058
1327.351563	50.188000
1326.294922	-115.691299
1325.237305	134.661621
1324.179688	176.898941
1323.122070	-133.010742
1322.064453	-48.157459
1321.005859	-164.131088
1319.947266	112.042709
1318.888672	-6.235835
1317.830078	142.339737
1316.770508	-13.625045
1315.710938	-16.111015
1314.651367	-148.339050
1313.591797	-98.860100
1312.531250	-263.994354
1311.471680	125.052361
1310.411133	-355.897247
1309.349609	-146.089371
1308.289063	-84.790535
1307.227539	141.398300
1306.166016	16.574223
1305.104492	-35.178944
1304.042969	-32.744186
1302.980469	28.544853
1301.917969	-150.201141
1300.855469	9.937587
1299.792969	-147.521561
1298.729492	-264.919952
1297.666016	-154.189941
1296.602539	-45.837559
1295.539063	-132.577820
1294.474609	79.132767
1293.411133	18.277061
1292.346680	140.651215
1291.281250	119.747322
1290.216797	188.085236
1289.151367	-6.468472
1288.085938	-132.869766
1287.020508	125.551117
1285.955078	144.631912
1284.888672	-91.894257
1283.822266	243.760712
1282.755859	103.452126
1281.689453	75.707191
1280.622070	134.675140
1279.554688	78.851006
1278.487305	-145.554398
1277.419922	117.175560
1276.351563	108.250755
1275.283203	155.515778
1274.214844	-7.818580
1273.146484	121.358879
1272.077148	-46.550499
1271.008789	-17.941582
1269.939453	71.447464
1268.869141	55.622410
1267.799805	30.479319
1266.729492	68.436371
1265.659180	178.800903
1264.588867	139.672394
1263.517578	259.333221
1262.447266	47.491749
1261.375977	-56.894585
1260.304688	53.440460
1259.232422	205.722672
1258.161133	-96.831886
1257.088867	227.992172
1256.016602	317.234467
1254.943359	341.181396
1253.871094	248.629013
1252.797852	477.620911
1251.724609	219.724030
1250.650391	457.957245
1249.577148	139.669205
1248.502930	545.432983
1247.428711	369.241180
1246.354492	304.818359
1245.279297	284.626801
1244.204102	287.711823
1243.128906	332.661285
1242.053711	382.250427
1240.977539	234.275665
1239.902344	300.155670
1238.826172	108.149338
1237.750000	306.428864
1236.672852	47.183277
1235.595703	359.164795
1234.518555	137.179993
1233.441406	163.601807
1232.364258	217.863754
1231.286133	105.102203
1230.208008	59.651344
1229.129883	116.247421
1228.051758	98.652069
1226.972656	88.023193
1225.893555	-17.586317
1224.814453	89.975792
1223.734375	53.906532
1222.655273	133.641724
1221.575195	-87.594460
1220.495117	75.471527
1219.415039	16.339588
1218.333984	1.193124
1217.252930	-122.639702
1216.171875	24.137897
1215.090820	-159.735886
1214.008789	-19.933081
1212.926758	-115.889236
1211.844727	-63.932587
1210.762695	138.151627
1209.679688	-170.208969
1208.597656	38.753124
1207.513672	21.408945
1206.430664	-155.147919
1205.347656	-29.366758
1204.263672	-166.606995
1203.179688	132.103867
1202.095703	-168.802628
1201.010742	12.222325
1199.925781	117.119949
1198.840820	-17.658707
1197.755859	-110.902824
1196.670898	-12.930885
1195.584961	18.221989
1194.499023	-72.645638
1193.413086	-96.717499
1192.326172	291.133423
1191.239258	-66.593170
1190.152344	-171.135712
1189.065430	83.116974
1187.978516	-198.430954
1186.890625	-54.607517
1185.802734	-0.467798
1184.714844	62.845474
1183.625977	-46.150009
1182.538086	67.683708
1181.449219	103.401718
1180.360352	-218.996445
1179.270508	14.151484
1178.180664	42.987587
1177.090820	64.933556
1176.000977	339.164978
1174.911133	303.722687
1173.820313	380.628296
1172.729492	345.195740
1171.638672	298.327118
1170.547852	304.178497
1169.456055	211.533264
1168.364258	384.570465
1167.272461	111.090645
1166.179688	197.095978
1165.087891	328.841217
1163.995117	478.828949
1162.902344	441.183472
1161.808594	684.844421
1160.715820	1031.291138
1159.622070	646.094543
1158.528320	775.283264
1157.433594	735.330078
1156.339844	576.614624
1155.245117	472.778259
1154.149414	595.035461
1153.054688	30.105709
1151.958984	362.384186
1150.863281	281.500916
1149.767578	287.344299
1148.671875	430.035065
1147.575195	182.721817
1146.478516	147.538513
1145.381836	456.541412
1144.285156	166.085663
1143.187500	388.362793
1142.089844	-9.012820
1140.992188	40.126404
1139.894531	32.323055
1138.795898	-102.955933
1137.697266	110.007271
1136.598633	45.292358
1135.499023	73.862312
1134.400391	-104.536247
1133.300781	-207.832397
1132.201172	-11.029058
1131.100586	58.403168
1130.000977	73.271416
1128.900391	47.230537
1127.799805	21.191692
1126.698242	15.588507
1125.596680	-135.312408
1124.495117	24.785358
1123.393555	-132.876495
1122.291992	258.527740
1121.189453	275.501923
1120.086914	546.427917
1118.984375	257.248535
1117.881836	546.164490
1116.778320	510.884674
1115.674805	1055.591675
1114.571289	481.099487
1113.466797	679.058350
1112.363281	591.648499
1111.258789	280.167114
1110.153320	636.396790
1109.048828	472.074554
1107.943359	527.220032
1106.837891	618.504211
1105.732422	424.844482
1104.625977	262.892944
1103.520508	354.117065
1102.414063	368.454437
1101.306641	260.771576
1100.200195	-45.622120
1099.092773	235.161972
1097.985352	168.150299
1096.877930	-38.786652
1095.769531	205.628052
1094.661133	37.071297
1093.552734	-63.770035
1092.444336	218.742096
1091.335938	246.351212
1090.226563	73.318497
1089.117188	229.332626
1088.006836	42.801228
1086.897461	171.662979
1085.787109	102.266945
1084.676758	8.106552
1083.566406	483.425293
1082.455078	431.908020
1081.343750	353.382202
1080.232422	227.624557
1079.121094	481.941040
1078.008789	84.086708
1076.896484	270.811005
1075.784180	228.187500
1074.671875	488.863953
1073.558594	542.722290
1072.445313	185.537399
1071.332031	243.851639
1070.217773	138.224503
1069.104492	135.847458
1067.990234	77.330406
1066.875977	45.717979
1065.760742	193.491440
1064.645508	172.984573
1063.530273	-71.729088
1062.415039	149.799057
1061.299805	59.720684
1060.183594	-3.485041
1059.067383	16.158400
1057.951172	-17.992208
1056.833984	133.626160
1055.716797	-162.507874
1054.599609	138.903854
1053.482422	55.333405
1052.364258	3.058508
1051.247070	140.836258
1050.128906	19.156300
1049.009766	170.160507
1047.891602	-70.010979
1046.772461	147.861755
1045.653320	19.369030
1044.533203	-218.549561
1043.414063	-25.515207
1042.293945	147.281525
1041.173828	-148.695816
1040.052734	-45.238220
1038.932617	125.041306
1037.811523	-5.884074
1036.689453	-165.800171
1035.568359	35.412746
1034.446289	104.979546
1033.324219	125.438408
1032.202148	-45.742413
1031.079102	-152.332748
1029.957031	173.022064
1028.833984	79.661667
1027.709961	-331.976990
1026.586914	-287.355377
1025.462891	190.955780
1024.338867	-98.299782
1023.214844	23.859974
1022.089844	-60.850719
1020.964844	-152.254333
1019.839844	-110.362946
1018.714844	124.709862
1017.588867	17.570732
1016.462891	-129.555664
1015.336914	85.170242
1014.210938	-77.576035
1013.083984	-262.516113
1011.957031	-37.026600
1010.830078	15.290716
1009.702148	29.809813
1008.574219	172.835938
1007.446289	794.474365
1006.318359	1260.644897
1005.190430	1917.060425
1004.061523	1755.791748
1002.932617	1344.299072
1001.802734	1087.887451
1000.673828	324.664948
999.543945	79.525406
998.414063	248.143906
997.283203	53.856903
996.153320	102.848930
995.022461	231.328049
993.891602	313.260620
992.759766	680.149048
991.628906	651.332581
990.497070	982.491699
989.364258	946.835266
988.232422	1337.246216
987.099609	1460.310669
985.966797	1781.864746
984.833984	1712.680298
983.700195	1610.362915
982.566406	1752.811401
981.432617	1683.463623
980.298828	1558.972168
979.164063	1233.911499
978.029297	1263.665039
976.894531	907.846436
975.759766	875.860535
974.624023	368.226868
973.488281	521.143616
972.352539	495.662201
971.215820	289.694550
970.080078	323.541504
968.943359	388.086975
967.805664	241.448715
966.668945	248.705261
965.531250	440.494263
964.393555	45.471584
963.254883	368.890930
962.117188	233.100830
960.978516	101.693748
959.839844	152.491928
958.700195	321.713806
957.561523	321.858795
956.421875	444.784729
955.281250	374.586273
954.141602	260.522888
953.000977	466.508972
951.860352	556.189514
950.719727	336.819489
949.578125	439.519592
948.436523	88.757362
947.294922	342.461670
946.153320	228.221634
945.010742	-54.551041
943.868164	205.429733
942.725586	-24.789808
941.583008	35.947914
940.439453	39.755775
939.295898	-89.833809
938.152344	412.252838
937.007813	171.111069
935.863281	-21.890656
934.718750	82.206238
933.574219	-215.563522
932.428711	63.108315
931.283203	-236.772842
930.137695	-30.287380
928.992188	-9.361407
927.845703	96.582901
926.699219	169.750381
925.552734	-64.533051
924.405273	-205.013718
923.257813	282.136353
922.110352	80.608437
920.962891	81.724648
919.814453	-95.745644
918.666016	140.504196
917.517578	32.737762
916.369141	72.990196
915.219727	26.185261
914.070313	70.754662
912.920898	32.671104
911.770508	-238.030243
910.621094	-47.792595
909.470703	-72.781914
908.319336	32.591797
907.168945	-157.460388
906.017578	-117.237129
904.866211	-148.662079
903.713867	15.282626
902.562500	55.489594
901.410156	15.416280
900.256836	59.965347
899.104492	48.150402
897.951172	88.391998
896.797852	-127.126167
895.644531	136.406738
894.490234	27.196434
893.335938	26.375767
892.181641	40.753651
891.027344	-9.782869
889.872070	-23.465376
888.716797	-28.438478
887.561523	57.509102
886.405273	186.716278
885.249023	-66.848427
884.092773	-54.309631
882.936523	-35.233391
881.779297	111.383499
880.622070	24.661715
879.464844	71.966858
878.307617	84.764130
877.149414	171.023773
875.991211	-172.225571
874.833008	-96.589027
873.673828	123.632370
872.514648	132.447495
871.355469	20.577377
870.196289	-15.698370
869.036133	120.561676
867.875977	129.701996
866.715820	57.058792
865.554688	232.243637
864.394531	284.704193
863.233398	-20.166742
862.071289	109.998528
860.910156	296.166595
859.748047	105.836227
858.585938	242.647980
857.422852	480.571320
856.259766	181.002426
855.096680	167.566345
853.933594	102.677185
852.770508	229.151367
851.606445	59.257572
850.442383	196.654984
849.277344	-112.467621
848.113281	214.045212
846.948242	137.082870
845.783203	-68.442131
844.617188	135.942490
843.451172	-47.782722
842.285156	10.979572
841.119141	-69.472168
839.952148	-51.179031
838.785156	-26.325174
837.618164	-157.706024
836.451172	-132.554581
835.283203	1.912621
834.115234	-36.913124
832.947266	22.863951
831.778320	93.453293
830.609375	172.716370
829.440430	185.800705
828.271484	132.756149
827.101563	133.319778
825.931641	95.572975
824.761719	301.557556
823.590820	276.911224
822.420898	214.001511
821.250000	390.390137
820.078125	221.068298
818.907227	457.441559
817.735352	363.173767
816.562500	296.832123
815.390625	309.590637
814.217773	294.783752
813.044922	197.017868
811.872070	137.818390
810.698242	70.280716
809.524414	-169.590942
808.350586	121.048874
807.176758	96.627533
806.001953	117.070717
804.827148	-51.721771
803.651367	-39.443291
802.476563	-165.261627
801.300781	13.220223
800.125000	-27.198429
798.948242	28.203270
797.772461	232.484589
796.595703	3.433893
795.417969	129.343262
794.241211	85.472046
793.063477	12.050520
791.885742	-84.533806
790.707031	273.176483
789.529297	325.376801
788.350586	534.647705
787.170898	319.866364
785.992188	215.567154
784.812500	-17.831207
783.632813	177.053329
782.452148	391.045471
781.272461	266.193787
780.091797	194.466339
778.911133	-4.117004
777.729492	38.797794
776.547852	352.661774
775.366211	-67.578835
774.184570	3.172487
773.001953	21.144764
771.819336	-132.016464
770.636719	-206.798965
769.453125	-213.825302
768.269531	-161.598969
767.085938	-83.955666
765.902344	-56.932388
764.717773	-27.720139
763.533203	-346.672729
762.348633	92.104240
761.163086	-486.037354
759.977539	-171.715500
758.791992	-137.907166
757.606445	207.937927
756.419922	127.960602
755.233398	-105.738930
754.046875	77.819046
752.859375	21.247908
751.672852	166.877014
750.485352	40.924042
749.296875	285.462280
748.108398	111.208458
746.919922	-18.768297
745.731445	206.751526
744.542969	91.559639
743.353516	-95.039497
742.164063	353.123596
740.973633	135.032944
739.783203	106.088417
738.592773	114.944824
737.402344	-44.192295
736.211914	96.890427
735.020508	141.342850
733.829102	259.170258
732.636719	-82.473663
731.444336	381.285553
730.251953	167.567520
729.059570	-194.931976
727.866211	35.737499
726.673828	155.186340
725.479492	228.422943
724.286133	351.805359
723.091797	140.061951
721.897461	-21.434088
720.703125	114.204803
719.507813	278.970001
718.312500	-4.059782
717.117188	55.882217
715.921875	-3.485986
714.725586	64.555565
713.529297	32.135254
712.332031	212.697723
711.135742	-93.617912
709.938477	82.443382
708.740234	176.860001
707.542969	467.285889
706.344727	740.731934
705.146484	976.346069
703.948242	1382.723145
702.749023	1211.146240
701.549805	1308.418945
700.350586	1038.664063
699.150391	618.843018
697.950195	740.696106
696.750000	366.634247
695.549805	413.197693
694.348633	209.758835
693.147461	255.999313
691.946289	89.814011
690.744141	231.415985
689.541992	154.412338
688.339844	493.134857
687.136719	137.217499
685.934570	99.291885
684.730469	547.426086
683.527344	531.959351
682.323242	574.498901
681.119141	249.367294
679.915039	397.538879
678.710938	147.045212
677.505859	315.658844
676.300781	133.510132
675.094727	320.478363
673.889648	233.578644
672.683594	80.295044
671.476563	47.194633
670.270508	283.391113
669.063477	200.419556
667.856445	-60.651794
666.648438	71.743530
665.440430	251.668030
664.232422	-249.326996
663.024414	96.123337
661.815430	-166.674088
660.606445	85.624809
659.397461	-90.078575
658.188477	-127.114113
656.978516	-62.757828
655.768555	-175.957901
654.557617	105.569183
653.346680	89.805420
652.135742	-251.912354
650.924805	15.668172
649.712891	23.405302
648.501953	91.290733
647.289063	-52.943974
646.077148	-19.382248
644.864258	-197.744705
643.651367	-187.997696
642.438477	-56.170578
641.224609	-98.959190
640.010742	138.973312
638.796875	-104.383156
637.582031	315.937256
636.367188	144.074814
635.152344	-22.790922
633.937500	88.988602
632.721680	14.480293
631.505859	62.293549
630.289063	294.077759
629.073242	611.106995
627.856445	530.559692
626.639648	484.155396
625.421875	798.487061
624.204102	300.996460
622.986328	191.117981
621.768555	251.116928
620.549805	148.594513
619.331055	82.712212
618.111328	-163.828033
616.892578	75.492828
