1721.000977	-52.610664
1720.027344	277.327301
1719.052734	34.066944
1718.078125	26.256447
1717.104492	-72.001091
1716.128906	54.822857
1715.154297	198.936630
1714.178711	29.631075
1713.204102	-22.249817
1712.228516	109.858093
1711.251953	-81.424919
1710.276367	205.906937
1709.299805	-111.742920
1708.324219	136.178421
1707.347656	-120.730766
1706.370117	34.129627
1705.393555	35.036343
1704.416016	-30.933416
1703.438477	-148.359314
1702.460938	76.628563
1701.483398	4.651410
1700.505859	-210.716141
1699.527344	-27.577869
1698.548828	27.488749
1697.570313	43.990078
1696.591797	83.262932
1695.612305	104.437645
1694.632813	25.857191
1693.653320	141.133072
1692.673828	44.397720
1691.694336	133.817230
1690.713867	31.739222
1689.734375	-146.906586
1688.753906	120.623306
1687.772461	82.017136
1686.791992	-140.153625
1685.810547	180.456116
1684.830078	67.772690
1683.848633	217.425247
1682.866211	81.727913
1681.884766	-79.396866
1680.902344	-69.946365
1679.919922	-70.702110
1678.937500	216.057800
1677.955078	-107.871811
1676.971680	-1.837312
1675.989258	25.340494
1675.005859	-5.976552
1674.022461	222.007111
1673.038086	7.701762
1672.054688	22.201185
1671.070313	16.383778
1670.085938	23.301651
1669.101563	2.321027
1668.117188	-158.239990
1667.131836	26.487417
1666.146484	58.925255
1665.161133	30.509052
1664.175781	187.328400
1663.189453	11.897899
1662.204102	-54.360111
1661.217773	41.695992
1660.231445	142.842026
1659.245117	-49.930149
1658.257813	-62.698387
1657.270508	-141.251114
1656.284180	15.821033
1655.295898	-42.340584
1654.308594	0.858744
1653.321289	319.966431
1652.333008	-44.175980
1651.344727	-107.056549
1650.356445	42.612999
1649.367188	43.084171
1648.378906	-65.070717
1647.389648	233.824936
1646.400391	-56.148575
1645.411133	-32.636192
1644.420898	6.079219
1643.431641	-3.123710
1642.441406	-27.418716
1641.451172	-137.467590
1640.459961	282.610779
1639.469727	49.029060
1638.478516	312.604980
1637.487305	164.990601
1636.496094	128.460129
1635.504883	286.149078
1634.512695	244.675858
1633.520508	115.070915
1632.528320	318.182465
1631.536133	45.136028
1630.543945	64.424255
1629.550781	370.817017
1628.557617	359.910614
1627.564453	296.200531
1626.571289	446.475189
1625.578125	649.571777
1624.583984	704.200745
1623.589844	758.849548
1622.595703	717.968628
1621.601563	687.200806
1620.606445	802.250732
1619.611328	990.165161
1618.616211	1162.961914
1617.621094	1260.363892
1616.625977	933.341858
1615.629883	985.606567
1614.633789	955.038513
1613.637695	1200.583252
1612.641602	971.804504
1611.645508	1295.061768
1610.648438	1151.670288
1609.651367	1088.603394
1608.654297	1055.666992
1607.657227	1155.610352
1606.659180	1177.826904
1605.662109	1410.525635
1604.664063	1362.562622
1603.666016	1174.375122
1602.666992	1349.342041
1601.668945	1551.793213
1600.669922	1393.726807
1599.670898	1348.339600
1598.671875	1180.380127
1597.671875	1437.713989
1596.672852	1172.271484
1595.672852	1019.440613
1594.672852	1101.651733
1593.671875	848.907349
1592.671875	1006.070435
1591.670898	618.531128
1590.669922	605.802917
1589.668945	730.414734
1588.667969	547.872253
1587.666016	510.157593
1586.664063	662.112427
1585.662109	319.957336
1584.660156	541.704895
1583.658203	237.095322
1582.655273	206.872498
1581.652344	408.492645
1580.649414	118.987076
1579.646484	400.242554
1578.642578	68.449440
1577.638672	297.232086
1576.634766	209.612152
1575.630859	134.454147
1574.626953	280.855988
1573.622070	310.181946
1572.618164	192.671219
1571.613281	127.413406
1570.607422	101.940109
1569.602539	158.523041
1568.596680	75.813263
1567.590820	92.536316
1566.584961	-17.522081
1565.579102	200.412125
1564.572266	-115.879707
1563.566406	-49.578484
1562.559570	359.319366
1561.551758	219.350616
1560.544922	-188.640930
1559.537109	6.509336
1558.530273	82.468605
1557.521484	-5.373624
1556.513672	206.879150
1555.505859	66.926437
1554.497070	202.151276
1553.488281	114.229263
1552.479492	-305.726257
1551.470703	2.811219
1550.460938	-122.275238
1549.451172	101.822990
1548.441406	90.592445
1547.431641	-17.200022
1546.421875	-92.807068
1545.411133	-27.393438
1544.400391	75.068512
1543.389648	-32.765594
1542.378906	67.122223
1541.367188	-151.984512
1540.355469	-62.071651
1539.343750	-103.195343
1538.332031	117.556030
1537.320313	-89.139275
1536.307617	-63.648106
1535.294922	337.102539
1534.282227	-96.706108
1533.269531	229.791824
1532.256836	-38.540733
1531.243164	73.118843
1530.229492	34.253922
1529.215820	-44.073296
1528.202148	-23.772240
1527.187500	-136.617920
1526.172852	-76.930557
1525.158203	-110.915436
1524.143555	130.990738
1523.127930	10.727803
1522.113281	-111.951653
1521.097656	-106.595459
1520.082031	164.559341
1519.065430	-22.127438
1518.049805	123.394745
1517.033203	57.293869
1516.016602	278.934540
1515.000000	-138.786804
1513.982422	40.977917
1512.965820	-206.958908
1511.948242	63.639084
1510.930664	-100.703293
1509.913086	196.761002
1508.894531	-21.587627
1507.875977	258.524689
1506.857422	253.790298
1505.838867	133.715088
1504.820313	153.538300
1503.800781	180.697983
1502.781250	48.436787
1501.761719	90.320137
1500.742188	-39.412697
1499.721680	276.964478
1498.702148	220.765930
1497.681641	-21.606758
1496.661133	-11.587733
1495.639648	407.376373
1494.618164	267.953918
1493.597656	69.865913
1492.576172	150.849045
1491.553711	133.924850
1490.532227	332.301910
1489.509766	24.329287
1488.487305	-7.190009
1487.464844	5.323112
1486.442383	76.507301
1485.418945	13.263740
1484.395508	155.288895
1483.372070	167.814178
1482.348633	204.774094
1481.324219	305.207611
1480.300781	22.383377
1479.276367	15.472106
1478.251953	123.269684
1477.226563	-44.634075
1476.202148	85.130768
1475.176758	61.229275
1474.151367	-28.460789
1473.125000	45.211987
1472.099609	-117.489189
1471.073242	73.179085
1470.046875	441.616852
1469.020508	145.068069
1467.994141	170.080414
1466.966797	190.233154
1465.939453	57.079487
1464.912109	82.183617
1463.884766	160.833389
1462.856445	348.926575
1461.829102	330.286987
1460.800781	469.713348
1459.772461	217.768311
1458.743164	34.003025
1457.714844	273.137451
1456.685547	449.038910
1455.656250	724.483704
1454.625977	385.513306
1453.596680	376.901978
1452.566406	300.364960
1451.536133	478.699829
1450.505859	392.555481
1449.474609	498.102509
1448.444336	552.733765
1447.413086	221.871918
1446.381836	211.169617
1445.350586	387.129272
1444.318359	504.898163
1443.286133	348.921753
1442.253906	391.661316
1441.221680	8.251992
1440.189453	9.986142
1439.156250	164.244644
1438.123047	178.131729
1437.089844	175.125229
1436.056641	31.874859
1435.022461	348.214752
1433.988281	40.664864
1432.954102	136.992050
1431.919922	25.480671
1430.885742	213.692444
1429.850586	131.293732
1428.815430	73.136177
1427.780273	94.741394
1426.744141	-64.690956
1425.708984	145.310287
1424.672852	-69.464012
1423.636719	-57.300293
1422.600586	46.573956
1421.563477	150.446487
1420.527344	-71.169228
1419.490234	-309.523865
1418.452148	71.671768
1417.415039	-50.843632
1416.376953	19.462719
1415.338867	34.395634
1414.300781	34.923759
1413.262695	-92.095596
1412.224609	-103.469200
1411.185547	-76.290771
1410.146484	-123.660164
1409.107422	-89.169350
1408.067383	-76.296700
1407.027344	-217.264343
1405.987305	-199.458252
1404.947266	-83.067139
1403.907227	-98.836388
1402.866211	-64.107460
1401.826172	129.194351
1400.785156	36.687222
1399.743164	217.960815
1398.702148	-1.646827
1397.660156	117.260056
1396.618164	171.383469
1395.576172	100.793335
1394.533203	234.128967
1393.491211	866.206360
1392.448242	507.974396
1391.405273	741.943420
1390.361328	707.471558
1389.318359	905.454468
1388.274414	1230.339478
1387.230469	1181.552612
1386.186523	1362.677368
1385.141602	1433.650269
1384.097656	1329.942505
1383.052734	1508.648315
1382.007813	1213.676025
1380.961914	1315.876099
1379.916992	1375.043823
1378.871094	1446.170166
1377.825195	1242.448120
1376.778320	1117.701294
1375.732422	775.650146
1374.685547	1136.014526
1373.638672	1121.338867
1372.591797	719.929260
1371.543945	788.962830
1370.497070	824.603027
1369.449219	671.761414
1368.400391	814.812500
1367.352539	798.054138
1366.303711	561.960754
1365.255859	461.894440
1364.206055	662.201172
1363.157227	519.322754
1362.108398	505.188507
1361.058594	574.450500
1360.008789	591.322632
1358.958984	667.739746
1357.908203	708.441833
1356.857422	627.781433
1355.806641	449.634674
1354.755859	852.020508
1353.705078	497.963562
1352.653320	500.743164
1351.601563	344.272064
1350.549805	401.801514
1349.498047	333.389465
1348.445313	345.799622
1347.393555	569.627441
1346.340820	415.797699
1345.287109	423.493286
1344.234375	326.770508
1343.180664	256.210419
1342.126953	204.678726
1341.073242	55.932522
1340.019531	139.689896
1338.964844	294.552704
1337.910156	89.036926
1336.855469	336.311798
1335.799805	263.596466
1334.745117	323.602997
1333.689453	151.471558
1332.633789	0.741443
1331.578125	93.945198
1330.521484	258.126282
1329.464844	-67.619408
1328.408203	191.187988
1327.351563	-105.995148
1326.294922	-133.431152
1325.237305	87.415695
1324.179688	182.885422
1323.122070	131.789917
1322.064453	123.257492
1321.005859	-12.842081
1319.947266	2.286277
1318.888672	199.241592
1317.830078	-31.203260
1316.770508	-63.278049
1315.710938	-180.291229
1314.651367	-44.798016
1313.591797	-232.519669
1312.531250	-101.791359
1311.471680	186.862320
1310.411133	242.011826
1309.349609	63.812920
1308.289063	-126.085182
1307.227539	-73.262360
1306.166016	14.867495
1305.104492	232.467972
1304.042969	-93.855919
1302.980469	140.140869
1301.917969	30.466330
1300.855469	36.118076
1299.792969	232.291016
1298.729492	254.345459
1297.666016	-8.105082
1296.602539	-75.340302
1295.539063	-6.241416
1294.474609	93.358574
1293.411133	143.587479
1292.346680	240.754303
1291.281250	98.360672
1290.216797	-43.971416
1289.151367	362.959625
1288.085938	239.386581
1287.020508	-83.556107
1285.955078	97.926231
1284.888672	131.578827
1283.822266	195.689133
1282.755859	39.424927
1281.689453	176.157059
1280.622070	324.531158
1279.554688	203.448090
1278.487305	421.991638
1277.419922	139.360825
1276.351563	451.435730
1275.283203	115.068413
1274.214844	164.922791
1273.146484	434.651093
1272.077148	428.254486
1271.008789	241.802567
1269.939453	167.633743
1268.869141	74.781158
1267.799805	192.283203
1266.729492	99.445099
1265.659180	174.818268
1264.588867	217.453461
1263.517578	285.736694
1262.447266	197.587326
1261.375977	109.460991
1260.304688	285.022461
1259.232422	336.855042
1258.161133	628.882080
1257.088867	368.141296
1256.016602	319.647064
1254.943359	352.732758
1253.871094	206.374557
1252.797852	537.653076
1251.724609	174.676590
1250.650391	501.133911
1249.577148	699.393921
1248.502930	397.105560
1247.428711	483.574463
1246.354492	414.111298
1245.279297	433.055359
1244.204102	361.282562
1243.128906	422.066559
1242.053711	264.300079
1240.977539	278.572418
1239.902344	409.016235
1238.826172	204.866486
1237.750000	395.633972
1236.672852	75.450905
1235.595703	277.750031
1234.518555	247.849930
1233.441406	76.405197
1232.364258	176.470764
1231.286133	250.964081
1230.208008	202.513199
1229.129883	251.456314
1228.051758	349.047607
1226.972656	196.300278
1225.893555	62.149021
1224.814453	-25.616770
1223.734375	104.344215
1222.655273	176.364014
1221.575195	-189.175858
1220.495117	186.051941
1219.415039	408.395386
1218.333984	225.787659
1217.252930	140.401764
1216.171875	13.427526
1215.090820	-32.574150
1214.008789	27.757641
1212.926758	-126.847420
1211.844727	215.339554
1210.762695	-43.177158
1209.679688	77.139160
1208.597656	-63.483009
1207.513672	-153.272141
1206.430664	-30.698214
1205.347656	-48.917866
1204.263672	-74.054497
1203.179688	-251.390182
1202.095703	152.403595
1201.010742	32.728840
1199.925781	-79.973877
1198.840820	14.754806
1197.755859	-70.240974
1196.670898	-152.890533
1195.584961	-212.477371
1194.499023	-51.021885
1193.413086	259.978241
1192.326172	-18.258545
1191.239258	-22.584686
1190.152344	189.310715
1189.065430	37.777626
1187.978516	325.455078
1186.890625	-71.981377
1185.802734	107.592262
1184.714844	91.799385
1183.625977	-29.647318
1182.538086	312.884430
1181.449219	26.145880
1180.360352	538.399597
1179.270508	166.836761
1178.180664	199.290283
1177.090820	121.625710
1176.000977	271.067932
1174.911133	51.281269
1173.820313	303.855469
1172.729492	102.513908
1171.638672	396.237305
1170.547852	320.994659
1169.456055	-49.677017
1168.364258	154.611572
1167.272461	74.930969
1166.179688	306.589691
1165.087891	478.668610
1163.995117	488.237701
1162.902344	657.936096
1161.808594	587.441467
1160.715820	1161.768188
1159.622070	748.339722
1158.528320	707.631104
1157.433594	657.808289
1156.339844	470.969391
1155.245117	489.772461
1154.149414	430.942230
1153.054688	319.656738
1151.958984	283.745972
1150.863281	503.434662
1149.767578	351.187714
1148.671875	379.208252
1147.575195	357.060822
1146.478516	405.614563
1145.381836	415.414337
1144.285156	315.844940
1143.187500	384.924011
1142.089844	-19.786127
1140.992188	372.739899
1139.894531	98.021500
1138.795898	176.254089
1137.697266	133.853409
1136.598633	221.176743
1135.499023	-269.307037
1134.400391	-18.159138
1133.300781	19.161789
1132.201172	-29.901331
1131.100586	-181.203873
1130.000977	-282.428314
1128.900391	70.734352
1127.799805	-3.224278
1126.698242	13.686130
1125.596680	-7.988181
1124.495117	301.727081
1123.393555	109.839417
1122.291992	-25.233566
1121.189453	218.537521
1120.086914	546.112793
1118.984375	671.782959
1117.881836	693.143188
1116.778320	614.795227
1115.674805	572.741943
1114.571289	958.813049
1113.466797	599.678467
1112.363281	591.647217
1111.258789	615.313660
1110.153320	611.813904
1109.048828	511.042816
1107.943359	607.114319
1106.837891	379.751740
1105.732422	267.810028
1104.625977	350.322418
1103.520508	523.206909
1102.414063	415.837128
1101.306641	139.091415
1100.200195	113.166985
1099.092773	159.507782
1097.985352	45.548019
1096.877930	252.128738
1095.769531	111.119034
1094.661133	80.714714
1093.552734	-12.831080
1092.444336	161.998444
1091.335938	0.839174
1090.226563	89.927322
1089.117188	257.839478
1088.006836	261.204407
1086.897461	298.353851
1085.787109	-11.315267
1084.676758	241.988495
1083.566406	261.078674
1082.455078	340.906158
1081.343750	231.699829
1080.232422	158.519287
1079.121094	546.369446
1078.008789	439.394470
1076.896484	417.870056
1075.784180	328.920288
1074.671875	273.696411
1073.558594	265.647278
1072.445313	39.739964
1071.332031	386.461731
1070.217773	131.401917
1069.104492	130.042740
1067.990234	252.061920
1066.875977	252.866074
1065.760742	2.450669
1064.645508	-95.404648
1063.530273	156.466995
1062.415039	273.722687
1061.299805	142.175781
1060.183594	3.930985
1059.067383	82.967239
1057.951172	195.523651
1056.833984	-177.806885
1055.716797	-134.701614
1054.599609	-15.571859
1053.482422	114.651558
1052.364258	90.442284
1051.247070	41.609310
1050.128906	272.210419
1049.009766	127.152557
1047.891602	163.129684
1046.772461	107.437645
1045.653320	451.545898
1044.533203	16.084118
1043.414063	-86.562073
1042.293945	56.313049
1041.173828	4.925197
1040.052734	73.980034
1038.932617	238.871353
1037.811523	13.363148
1036.689453	-6.985292
1035.568359	-58.580685
1034.446289	-72.331154
1033.324219	45.321129
1032.202148	69.300842
1031.079102	53.116051
1029.957031	168.247284
1028.833984	-133.012878
1027.709961	-71.444939
1026.586914	194.736633
1025.462891	-26.445383
1024.338867	163.846619
1023.214844	-6.226267
1022.089844	-140.730545
1020.964844	131.472366
1019.839844	-60.919304
1018.714844	-175.543243
1017.588867	-96.971970
1016.462891	-78.465057
1015.336914	-20.083982
1014.210938	-325.798401
1013.083984	-12.370452
1011.957031	-16.403162
1010.830078	363.188568
1009.702148	225.857285
1008.574219	294.679901
1007.446289	691.419373
1006.318359	1296.190063
1005.190430	1823.061646
1004.061523	1662.976563
1002.932617	1571.524048
1001.802734	1147.931641
1000.673828	534.101379
999.543945	141.745148
998.414063	495.051941
997.283203	348.214050
996.153320	241.167465
995.022461	507.705475
993.891602	431.425812
992.759766	660.038086
991.628906	1025.443970
990.497070	871.500549
989.364258	1185.695679
988.232422	1331.864990
987.099609	1398.400513
985.966797	1482.465332
984.833984	1782.617554
983.700195	1828.855713
982.566406	1740.456421
981.432617	1409.470093
980.298828	1429.025757
979.164063	1305.219360
978.029297	1185.778809
976.894531	973.780518
975.759766	746.368958
974.624023	547.577454
973.488281	447.839691
972.352539	497.702667
971.215820	666.252319
970.080078	429.883911
968.943359	464.026855
967.805664	436.483978
966.668945	342.920715
965.531250	330.613770
964.393555	652.198914
963.254883	479.265686
962.117188	554.505737
960.978516	486.884674
959.839844	458.716583
958.700195	351.450256
957.561523	309.981201
956.421875	590.903625
955.281250	948.360657
954.141602	788.098145
953.000977	575.198181
951.860352	550.795898
950.719727	578.907959
949.578125	512.711548
948.436523	615.107849
947.294922	294.763885
946.153320	653.132202
945.010742	350.264862
943.868164	388.813416
942.725586	387.888580
941.583008	61.001587
940.439453	-20.914656
939.295898	244.731293
938.152344	-5.631269
937.007813	6.258694
935.863281	264.940186
934.718750	217.655197
933.574219	104.817551
932.428711	149.141418
931.283203	110.445518
930.137695	-144.322937
928.992188	80.923927
927.845703	57.351467
926.699219	151.489700
925.552734	101.647369
924.405273	245.747650
923.257813	43.258320
922.110352	-4.501981
920.962891	67.511986
919.814453	241.785980
918.666016	237.420883
917.517578	344.026550
916.369141	39.267498
915.219727	130.563202
914.070313	-156.674652
912.920898	78.091690
911.770508	-102.536621
910.621094	212.486191
909.470703	-96.337372
908.319336	179.372375
907.168945	-216.211685
906.017578	-281.559631
904.866211	215.420395
903.713867	71.839531
902.562500	145.343475
901.410156	244.833435
900.256836	96.999893
899.104492	14.312814
897.951172	57.405979
896.797852	206.703430
895.644531	234.594955
894.490234	-146.993408
893.335938	-30.196199
892.181641	190.519043
891.027344	-21.842525
889.872070	34.315247
888.716797	-108.607025
887.561523	-35.072891
886.405273	47.111660
885.249023	198.503418
884.092773	-253.327881
882.936523	38.665997
881.779297	49.634392
880.622070	-21.440243
879.464844	257.502106
878.307617	272.919830
877.149414	158.849335
875.991211	44.905651
874.833008	56.256222
873.673828	-89.828003
872.514648	-76.142311
871.355469	164.054947
870.196289	104.550346
869.036133	-187.638748
867.875977	69.928368
866.715820	239.141754
865.554688	242.513153
864.394531	230.929550
863.233398	290.497101
862.071289	128.436234
860.910156	285.072662
859.748047	127.632294
858.585938	161.826416
857.422852	275.688873
856.259766	417.579132
855.096680	118.896782
853.933594	385.670349
852.770508	72.373581
851.606445	21.409925
850.442383	181.069702
849.277344	59.541687
848.113281	69.168182
846.948242	-17.629274
845.783203	472.901825
844.617188	10.991655
843.451172	-58.099850
842.285156	-45.518475
841.119141	100.119217
839.952148	-49.872272
838.785156	61.760334
837.618164	175.663956
836.451172	216.883896
835.283203	-13.641953
834.115234	-205.344803
832.947266	74.021591
831.778320	26.100481
830.609375	-21.602570
829.440430	322.246338
828.271484	242.816910
827.101563	251.250824
825.931641	82.515488
824.761719	309.303802
823.590820	277.732300
822.420898	457.796814
821.250000	44.459431
820.078125	355.098663
818.907227	354.248169
817.735352	16.517166
816.562500	517.403015
815.390625	114.107933
814.217773	276.177368
813.044922	227.370575
811.872070	-226.083588
810.698242	23.937960
809.524414	210.156448
808.350586	307.063995
807.176758	129.506119
806.001953	241.711548
804.827148	-135.351654
803.651367	121.955544
802.476563	281.517365
801.300781	75.461975
800.125000	-36.743866
798.948242	253.025330
797.772461	90.251434
796.595703	150.829056
795.417969	99.012962
794.241211	348.961243
793.063477	291.160919
791.885742	259.060852
790.707031	405.419464
789.529297	153.070663
788.350586	323.107605
787.170898	-28.382038
785.992188	343.398926
784.812500	314.608704
783.632813	262.707520
782.452148	181.352249
781.272461	348.015991
780.091797	133.628983
778.911133	169.316193
777.729492	198.804779
776.547852	374.445679
775.366211	-164.874786
774.184570	-29.102499
773.001953	-85.664772
771.819336	-44.811447
770.636719	-160.236938
769.453125	-102.204628
768.269531	-90.545280
767.085938	-137.903015
765.902344	19.698996
764.717773	14.792071
763.533203	52.204540
762.348633	-41.118469
761.163086	7.037725
759.977539	131.184341
758.791992	-191.649963
757.606445	105.502785
756.419922	-227.564880
755.233398	-160.075058
754.046875	105.453537
752.859375	-92.421257
751.672852	4.614477
750.485352	360.558411
749.296875	257.574951
748.108398	194.634445
746.919922	79.145142
745.731445	70.972282
744.542969	449.668488
743.353516	98.761597
742.164063	-14.524742
740.973633	233.602707
739.783203	46.754230
738.592773	126.661766
737.402344	53.207611
736.211914	95.174431
735.020508	193.718246
733.829102	294.232513
732.636719	392.517578
731.444336	-4.257635
730.251953	410.439453
729.059570	-47.155437
727.866211	348.259674
726.673828	-25.549915
725.479492	187.176224
724.286133	-25.456106
723.091797	155.463974
721.897461	11.696334
720.703125	20.590401
719.507813	234.330627
718.312500	267.900238
717.117188	54.502632
715.921875	284.224121
714.725586	-125.963821
713.529297	2.960530
712.332031	79.369102
711.135742	356.022949
709.938477	174.995331
708.740234	346.629242
707.542969	593.068481
706.344727	534.479919
705.146484	1059.790649
703.948242	1528.273193
702.749023	1533.345459
701.549805	1179.567017
700.350586	1380.082886
699.150391	950.930359
697.950195	592.528809
696.750000	429.784332
695.549805	212.691391
694.348633	143.210388
693.147461	470.992279
691.946289	457.080200
690.744141	184.927917
689.541992	411.759338
688.339844	328.383301
687.136719	450.555847
685.934570	335.469757
684.730469	552.597046
683.527344	603.171021
682.323242	514.302551
681.119141	526.957397
679.915039	369.137787
678.710938	348.120636
677.505859	414.021118
676.300781	112.510948
675.094727	194.590103
673.889648	338.641052
672.683594	331.120209
671.476563	230.174255
670.270508	212.010666
669.063477	262.077362
667.856445	227.106934
666.648438	241.748459
665.440430	-97.633316
664.232422	227.388885
663.024414	117.773300
661.815430	177.829773
660.606445	55.927925
659.397461	-78.242180
658.188477	238.359039
656.978516	-15.390263
655.768555	206.340118
654.557617	8.891816
653.346680	131.880280
652.135742	-242.417923
650.924805	-182.741547
649.712891	85.725998
648.501953	59.517994
647.289063	-98.171028
646.077148	-51.070236
644.864258	-96.135437
643.651367	-268.269012
642.438477	110.605209
641.224609	28.668045
640.010742	-103.821465
638.796875	123.005051
637.582031	95.506126
636.367188	40.338886
635.152344	85.176437
633.937500	63.412075
632.721680	65.676003
631.505859	488.879822
630.289063	420.124695
629.073242	408.574738
627.856445	485.131012
626.639648	397.174896
625.421875	627.564087
624.204102	252.246292
622.986328	357.654510
621.768555	334.071930
620.549805	198.155167
619.331055	19.849697
618.111328	80.303001
616.892578	-133.114349
