1721.000977	386.541107
1720.027344	-89.008194
1719.052734	-204.473297
1718.078125	97.369484
1717.104492	-248.282684
1716.128906	-56.095383
1715.154297	-0.744288
1714.178711	20.426821
1713.204102	140.767960
1712.228516	60.408733
1711.251953	-36.026081
1710.276367	-20.405279
1709.299805	-128.399139
1708.324219	80.519058
1707.347656	-82.465874
1706.370117	-2.840373
1705.393555	-0.562752
1704.416016	106.053757
1703.438477	40.741154
1702.460938	-37.822231
1701.483398	82.607597
1700.505859	3.160650
1699.527344	84.314301
1698.548828	111.375648
1697.570313	-12.677718
1696.591797	131.135056
1695.612305	44.711143
1694.632813	1.397677
1693.653320	-169.828293
1692.673828	-60.556732
1691.694336	2.469467
1690.713867	-121.020905
1689.734375	-165.620926
1688.753906	-14.109355
1687.772461	-43.894024
1686.791992	71.437599
1685.810547	234.932114
1684.830078	209.675598
1683.848633	354.914154
1682.866211	-197.858017
1681.884766	66.790390
1680.902344	178.450943
1679.919922	22.718407
1678.937500	-71.982704
1677.955078	-108.224358
1676.971680	-65.706322
1675.989258	93.714249
1675.005859	143.660568
1674.022461	-96.245163
1673.038086	-74.360649
1672.054688	-9.311687
1671.070313	15.011447
1670.085938	-123.246811
1669.101563	132.115631
1668.117188	1.474392
1667.131836	58.684547
1666.146484	19.440144
1665.161133	261.838531
1664.175781	-31.077858
1663.189453	-82.951126
1662.204102	85.830147
1661.217773	41.603291
1660.231445	-159.714767
1659.245117	-34.036060
1658.257813	122.008011
1657.270508	-18.324642
1656.284180	-300.346832
1655.295898	86.160461
1654.308594	184.007614
1653.321289	71.808342
1652.333008	-2.354854
1651.344727	-61.252941
1650.356445	120.207985
1649.367188	395.196014
1648.378906	65.921684
1647.389648	181.693588
1646.400391	75.096992
1645.411133	49.461319
1644.420898	405.319489
1643.431641	301.474213
1642.441406	-9.328314
1641.451172	111.753860
1640.459961	396.896027
1639.469727	220.225952
1638.478516	68.909843
1637.487305	139.699051
1636.496094	-34.085979
1635.504883	74.662239
1634.512695	223.751602
1633.520508	90.583130
1632.528320	232.193695
1631.536133	262.973602
1630.543945	507.900970
1629.550781	521.109802
1628.557617	385.844116
1627.564453	379.079803
1626.571289	588.812256
1625.578125	675.241943
1624.583984	701.311523
1623.589844	820.494751
1622.595703	738.536743
1621.601563	1119.249023
1620.606445	1090.158325
1619.611328	1272.228271
1618.616211	1215.609985
1617.621094	1397.704590
1616.625977	1321.114502
1615.629883	1427.890137
1614.633789	994.966980
1613.637695	1229.880981
1612.641602	1020.615051
1611.645508	1380.970825
1610.648438	1176.869751
1609.651367	1323.979492
1608.654297	1325.663940
1607.657227	1136.894287
1606.659180	1675.002563
1605.662109	1441.234741
1604.664063	1495.672241
1603.666016	1800.585571
1602.666992	1429.316895
1601.668945	1506.383179
1600.669922	1408.233276
1599.670898	1580.426758
1598.671875	1317.253296
1597.671875	1489.449463
1596.672852	1171.455811
1595.672852	1408.686523
1594.672852	1273.378784
1593.671875	1188.128662
1592.671875	1015.499451
1591.670898	1127.755371
1590.669922	915.287659
1589.668945	822.798157
1588.667969	553.107788
1587.666016	320.981049
1586.664063	241.203674
1585.662109	563.192322
1584.660156	493.416534
1583.658203	276.537140
1582.655273	356.479034
1581.652344	299.287659
1580.649414	242.135681
1579.646484	130.195816
1578.642578	58.162617
1577.638672	143.099136
1576.634766	-8.577732
1575.630859	337.793091
1574.626953	-32.910469
1573.622070	-5.251487
1572.618164	-171.671219
1571.613281	27.672079
1570.607422	269.207245
1569.602539	155.051605
1568.596680	142.865417
1567.590820	-35.854553
1566.584961	-47.991909
1565.579102	-25.338421
1564.572266	-121.950943
1563.566406	77.043785
1562.559570	-146.191757
1561.551758	-78.888649
1560.544922	-38.904057
1559.537109	112.713684
1558.530273	68.275429
1557.521484	-122.526291
1556.513672	-85.082291
1555.505859	-57.576096
1554.497070	-35.062267
1553.488281	66.745338
1552.479492	-47.075539
1551.470703	76.972801
1550.460938	-12.062550
1549.451172	-108.500793
1548.441406	42.677334
1547.431641	151.702057
1546.421875	-261.506927
1545.411133	-145.076172
1544.400391	52.931076
1543.389648	15.889697
1542.378906	-194.235565
1541.367188	25.862379
1540.355469	248.329437
1539.343750	70.368683
1538.332031	-105.056976
1537.320313	-228.545181
1536.307617	70.289429
1535.294922	-48.280197
1534.282227	55.357380
1533.269531	129.325333
1532.256836	35.463627
1531.243164	-139.793442
1530.229492	0.721766
1529.215820	30.200853
1528.202148	-179.488754
1527.187500	214.790421
1526.172852	-54.026310
1525.158203	-41.854671
1524.143555	115.639633
1523.127930	-2.790598
1522.113281	95.521919
1521.097656	-91.798355
1520.082031	127.064850
1519.065430	-276.754730
1518.049805	-18.593658
1517.033203	-176.251221
1516.016602	-178.918900
1515.000000	179.837357
1513.982422	120.536163
1512.965820	-81.270332
1511.948242	-138.039505
1510.930664	392.341888
1509.913086	33.393921
1508.894531	60.107960
1507.875977	15.610954
1506.857422	253.407379
1505.838867	542.636475
1504.820313	120.230537
1503.800781	-22.369829
1502.781250	141.649872
1501.761719	393.874237
1500.742188	241.510941
1499.721680	314.684326
1498.702148	216.321426
1497.681641	105.738739
1496.661133	61.344425
1495.639648	85.526604
1494.618164	65.638771
1493.597656	55.573414
1492.576172	-93.989555
1491.553711	253.198639
1490.532227	98.787529
1489.509766	54.494228
1488.487305	71.361618
1487.464844	-9.552978
1486.442383	-73.309395
1485.418945	239.283417
1484.395508	177.957703
1483.372070	89.804024
1482.348633	287.432434
1481.324219	201.754822
1480.300781	235.756195
1479.276367	-18.236485
1478.251953	-47.620010
1477.226563	137.693359
1476.202148	91.256798
1475.176758	-40.499023
1474.151367	120.378601
1473.125000	-147.795929
1472.099609	122.745178
1471.073242	-106.285950
1470.046875	290.832794
1469.020508	264.051300
1467.994141	110.692451
1466.966797	3.664591
1465.939453	149.830292
1464.912109	108.594490
1463.884766	369.075012
1462.856445	191.645096
1461.829102	393.694916
1460.800781	228.552383
1459.772461	544.800598
1458.743164	525.560913
1457.714844	314.426300
1456.685547	756.857788
1455.656250	1012.125732
1454.625977	929.789246
1453.596680	534.370483
1452.566406	891.553528
1451.536133	591.006836
1450.505859	703.061157
1449.474609	339.677948
1448.444336	495.464996
1447.413086	493.612457
1446.381836	465.138306
1445.350586	470.642578
1444.318359	568.245239
1443.286133	479.315613
1442.253906	683.522095
1441.221680	585.001770
1440.189453	152.471909
1439.156250	380.935364
1438.123047	210.056152
1437.089844	348.975220
1436.056641	279.855072
1435.022461	145.499481
1433.988281	190.165970
1432.954102	254.194687
1431.919922	233.654282
1430.885742	152.757950
1429.850586	4.286234
1428.815430	90.207268
1427.780273	55.398235
1426.744141	254.819519
1425.708984	48.707352
1424.672852	-181.414215
1423.636719	-121.868401
1422.600586	-139.489014
1421.563477	-48.542068
1420.527344	-0.975483
1419.490234	-160.708130
1418.452148	-91.376457
1417.415039	110.516594
1416.376953	-229.689789
1415.338867	234.766586
1414.300781	19.995186
1413.262695	205.019485
1412.224609	197.448898
1411.185547	-204.753677
1410.146484	42.890430
1409.107422	90.820656
1408.067383	18.517595
1407.027344	20.832756
1405.987305	189.070786
1404.947266	285.180878
1403.907227	52.094551
1402.866211	23.353176
1401.826172	350.166870
1400.785156	515.981628
1399.743164	211.192093
1398.702148	427.472839
1397.660156	523.703735
1396.618164	324.825562
1395.576172	461.914276
1394.533203	680.523254
1393.491211	990.213196
1392.448242	988.161438
1391.405273	959.792664
1390.361328	1080.041260
1389.318359	1502.158936
1388.274414	1464.249023
1387.230469	1749.685425
1386.186523	2133.209961
1385.141602	1894.247192
1384.097656	1925.870972
1383.052734	2180.034424
1382.007813	2264.290771
1380.961914	2355.721191
1379.916992	1878.080200
1378.871094	1725.800293
1377.825195	1936.924561
1376.778320	1478.909302
1375.732422	1563.461792
1374.685547	1289.729492
1373.638672	1200.034790
1372.591797	1299.037231
1371.543945	1221.388794
1370.497070	1143.825562
1369.449219	758.536377
1368.400391	945.954651
1367.352539	942.548584
1366.303711	862.870605
1365.255859	921.545044
1364.206055	1082.700806
1363.157227	912.610474
1362.108398	1030.902588
1361.058594	1041.987183
1360.008789	957.849792
1358.958984	852.359070
1357.908203	799.306091
1356.857422	860.545349
1355.806641	905.138855
1354.755859	1197.144653
1353.705078	599.576050
1352.653320	677.579468
1351.601563	631.966431
1350.549805	757.531250
1349.498047	647.828186
1348.445313	550.072266
1347.393555	789.681274
1346.340820	701.500183
1345.287109	397.325287
1344.234375	347.304779
1343.180664	518.033569
1342.126953	584.318909
1341.073242	297.156311
1340.019531	610.166260
1338.964844	555.536865
1337.910156	361.092651
1336.855469	278.153412
1335.799805	406.161163
1334.745117	164.571976
1333.689453	366.022491
1332.633789	148.266769
1331.578125	209.997665
1330.521484	-14.692297
1329.464844	314.501709
1328.408203	-30.735323
1327.351563	135.142914
1326.294922	-136.547714
1325.237305	235.023758
1324.179688	8.374896
1323.122070	34.731731
1322.064453	-12.154332
1321.005859	-4.674892
1319.947266	137.447327
1318.888672	-60.512840
1317.830078	239.772202
1316.770508	261.414886
1315.710938	-77.997093
1314.651367	45.188110
1313.591797	234.380127
1312.531250	90.972687
1311.471680	-193.819305
1310.411133	155.632004
1309.349609	-119.613274
1308.289063	-27.139189
1307.227539	-132.585312
1306.166016	-77.819130
1305.104492	-202.024719
1304.042969	257.684174
1302.980469	300.586243
1301.917969	221.110840
1300.855469	-124.174126
1299.792969	-116.472244
1298.729492	-49.983257
1297.666016	-112.828613
1296.602539	184.010773
1295.539063	48.302063
1294.474609	-115.545059
1293.411133	63.662418
1292.346680	200.517792
1291.281250	360.790192
1290.216797	290.942139
1289.151367	333.779877
1288.085938	-184.224304
1287.020508	377.185059
1285.955078	307.402100
1284.888672	512.012512
1283.822266	210.121292
1282.755859	290.435181
1281.689453	199.643265
1280.622070	244.774597
1279.554688	357.820984
1278.487305	199.153152
1277.419922	333.233734
1276.351563	219.109390
1275.283203	395.248505
1274.214844	309.238617
1273.146484	204.552185
1272.077148	338.470276
1271.008789	264.218964
1269.939453	313.897827
1268.869141	162.533997
1267.799805	142.105499
1266.729492	229.147522
1265.659180	598.784729
1264.588867	136.884048
1263.517578	342.929871
1262.447266	411.167755
1261.375977	315.998230
1260.304688	227.868210
1259.232422	179.422241
1258.161133	270.937195
1257.088867	21.965961
1256.016602	600.689880
1254.943359	291.140228
1253.871094	475.736481
1252.797852	513.467163
1251.724609	758.476440
1250.650391	528.313293
1249.577148	850.033936
1248.502930	682.788940
1247.428711	783.236328
1246.354492	860.368164
1245.279297	688.557678
1244.204102	454.025269
1243.128906	433.501404
1242.053711	452.499695
1240.977539	459.856232
1239.902344	355.680023
1238.826172	527.983154
1237.750000	328.595428
1236.672852	642.456543
1235.595703	533.652222
1234.518555	369.186462
1233.441406	218.711548
1232.364258	427.899384
1231.286133	381.838104
1230.208008	338.109589
1229.129883	106.598648
1228.051758	208.973282
1226.972656	362.274780
1225.893555	371.852600
1224.814453	397.634552
1223.734375	-16.632998
1222.655273	245.389496
1221.575195	217.919281
1220.495117	-24.782017
1219.415039	-253.499451
1218.333984	52.265305
1217.252930	133.543427
1216.171875	360.459991
1215.090820	-83.166473
1214.008789	-94.386467
1212.926758	116.235481
1211.844727	160.418243
1210.762695	-19.476706
1209.679688	-28.411930
1208.597656	15.762679
1207.513672	-99.373970
1206.430664	212.486206
1205.347656	113.511551
1204.263672	86.079369
1203.179688	-82.023285
1202.095703	-190.106827
1201.010742	146.760803
1199.925781	-23.565037
1198.840820	98.820129
1197.755859	23.029730
1196.670898	80.858849
1195.584961	157.071564
1194.499023	72.099442
1193.413086	258.760986
1192.326172	107.058601
1191.239258	111.869118
1190.152344	-69.635422
1189.065430	153.675995
1187.978516	-64.544106
1186.890625	236.812119
1185.802734	126.672302
1184.714844	-40.855991
1183.625977	-31.442219
1182.538086	62.948318
1181.449219	19.527332
1180.360352	391.622772
1179.270508	-92.508980
1178.180664	261.084991
1177.090820	247.477081
1176.000977	502.218231
1174.911133	550.478516
1173.820313	357.996643
1172.729492	442.934570
1171.638672	321.600983
1170.547852	-166.232498
1169.456055	418.086975
1168.364258	464.008331
1167.272461	370.254364
1166.179688	448.208374
1165.087891	722.943848
1163.995117	841.971558
1162.902344	1070.748169
1161.808594	782.572937
1160.715820	1105.007690
1159.622070	1189.562988
1158.528320	1127.816772
1157.433594	986.122986
1156.339844	833.082336
1155.245117	645.846191
1154.149414	677.893066
1153.054688	406.315887
1151.958984	358.525696
1150.863281	365.526001
1149.767578	358.836304
1148.671875	235.831589
1147.575195	416.158905
1146.478516	-130.846390
1145.381836	95.075470
1144.285156	220.633408
1143.187500	311.956879
1142.089844	-220.864899
1140.992188	41.316452
1139.894531	-117.813599
1138.795898	-46.975227
1137.697266	-5.753102
1136.598633	-35.077019
1135.499023	-150.831207
1134.400391	8.656753
1133.300781	177.161469
1132.201172	-2.204576
1131.100586	195.770081
1130.000977	-253.904327
1128.900391	-80.945396
1127.799805	-180.602005
1126.698242	12.694678
1125.596680	-12.028870
1124.495117	103.979080
1123.393555	33.866741
1122.291992	426.585052
1121.189453	365.497742
1120.086914	293.099945
1118.984375	739.901184
1117.881836	783.047607
1116.778320	760.451843
1115.674805	1270.272949
1114.571289	1061.838623
1113.466797	891.987488
1112.363281	688.256470
1111.258789	774.342163
1110.153320	821.906311
1109.048828	747.275146
1107.943359	697.551331
1106.837891	826.505249
1105.732422	376.579803
1104.625977	643.419861
1103.520508	421.986420
1102.414063	250.348831
1101.306641	361.145386
1100.200195	388.329102
1099.092773	234.852264
1097.985352	347.815125
1096.877930	508.113708
1095.769531	174.166199
1094.661133	133.629532
1093.552734	325.411346
1092.444336	212.683014
1091.335938	399.830658
1090.226563	151.872055
1089.117188	111.327347
1088.006836	131.606827
1086.897461	343.325623
1085.787109	118.064682
1084.676758	88.758163
1083.566406	133.729660
1082.455078	601.723389
1081.343750	327.042664
1080.232422	502.335266
1079.121094	486.379822
1078.008789	310.775909
1076.896484	157.709671
1075.784180	204.703857
1074.671875	384.218689
1073.558594	588.332214
1072.445313	484.660217
1071.332031	598.803589
1070.217773	405.330444
1069.104492	-82.071594
1067.990234	305.781403
1066.875977	15.970182
1065.760742	60.426067
1064.645508	104.833321
1063.530273	-1.002194
1062.415039	339.184357
1061.299805	455.116821
1060.183594	122.915848
1059.067383	19.283356
1057.951172	144.064240
1056.833984	-37.952946
1055.716797	91.185715
1054.599609	148.625885
1053.482422	-60.219189
1052.364258	173.847137
1051.247070	-19.330702
1050.128906	140.768341
1049.009766	-65.817596
1047.891602	138.834213
1046.772461	-23.056149
1045.653320	67.486923
1044.533203	26.185242
1043.414063	65.239113
1042.293945	-27.469519
1041.173828	192.242096
1040.052734	-170.515671
1038.932617	13.348370
1037.811523	-43.778252
1036.689453	-94.246078
1035.568359	82.633957
1034.446289	47.661289
1033.324219	-123.258408
1032.202148	62.254898
1031.079102	-151.018784
1029.957031	-297.442719
1028.833984	-94.376053
1027.709961	-260.903687
1026.586914	-322.828064
1025.462891	69.012939
1024.338867	-68.699287
1023.214844	-84.111984
1022.089844	2.671738
1020.964844	-90.668495
1019.839844	-288.459595
1018.714844	-33.040222
1017.588867	31.187567
1016.462891	-9.037802
1015.336914	-107.031487
1014.210938	-47.462143
1013.083984	16.443748
1011.957031	184.520584
1010.830078	21.978632
1009.702148	152.136230
1008.574219	286.601410
1007.446289	857.570801
1006.318359	1769.463745
1005.190430	2691.945557
1004.061523	2615.000732
1002.932617	2199.215576
1001.802734	1540.006348
1000.673828	646.414795
999.543945	248.837143
998.414063	200.921280
997.283203	152.945969
996.153320	211.070892
995.022461	258.029938
993.891602	243.002380
992.759766	415.731720
991.628906	579.479736
990.497070	692.259277
989.364258	1010.276794
988.232422	965.995667
987.099609	1067.328857
985.966797	1080.262817
984.833984	1463.775757
983.700195	1348.507446
982.566406	1279.522827
981.432617	1223.718140
980.298828	1196.517090
979.164063	1067.860107
978.029297	762.919739
976.894531	843.526001
975.759766	631.110657
974.624023	737.959473
973.488281	609.142029
972.352539	517.716919
971.215820	309.626282
970.080078	625.105347
968.943359	449.915070
967.805664	474.797699
966.668945	440.248718
965.531250	480.347198
964.393555	379.723907
963.254883	248.301147
962.117188	408.969635
960.978516	213.766983
959.839844	505.914246
958.700195	492.771088
957.561523	624.387024
956.421875	556.223206
955.281250	630.563232
954.141602	893.375000
953.000977	743.846008
951.860352	905.529846
950.719727	942.167603
949.578125	862.595276
948.436523	524.544556
947.294922	326.717468
946.153320	435.392181
945.010742	386.351929
943.868164	470.740967
942.725586	380.007446
941.583008	223.634811
940.439453	309.972687
939.295898	129.493744
938.152344	-35.668110
937.007813	113.828911
935.863281	162.701874
934.718750	169.993011
933.574219	308.236755
932.428711	164.720230
931.283203	208.918594
930.137695	32.645756
928.992188	-121.786369
927.845703	312.686646
926.699219	299.882111
925.552734	-96.667175
924.405273	125.911766
923.257813	370.129852
922.110352	-32.855022
920.962891	-63.244343
919.814453	89.243141
918.666016	298.222137
917.517578	-39.260666
916.369141	247.913727
915.219727	8.413312
914.070313	143.103058
912.920898	-94.155754
911.770508	-31.325918
910.621094	-116.343185
909.470703	74.618874
908.319336	163.343506
907.168945	-82.477890
906.017578	38.772141
904.866211	390.080078
903.713867	14.059414
902.562500	356.499420
901.410156	-69.263596
900.256836	56.083138
899.104492	64.278198
897.951172	81.124756
896.797852	208.504044
895.644531	229.639145
894.490234	-35.229195
893.335938	-221.993118
892.181641	273.476776
891.027344	99.735741
889.872070	125.210197
888.716797	-316.741943
887.561523	-211.100540
886.405273	-181.208527
885.249023	2.231459
884.092773	112.102882
882.936523	-26.622877
881.779297	154.563019
880.622070	54.830929
879.464844	39.421822
878.307617	285.357910
877.149414	-101.379074
875.991211	192.035431
874.833008	-90.823593
873.673828	-4.585572
872.514648	-11.084231
871.355469	34.232006
870.196289	49.399105
869.036133	105.563271
867.875977	344.937469
866.715820	233.086945
865.554688	33.033142
864.394531	296.153717
863.233398	539.838379
862.071289	346.521759
860.910156	405.170959
859.748047	427.287415
858.585938	438.726166
857.422852	525.501282
856.259766	683.280090
855.096680	88.762543
853.933594	283.293182
852.770508	297.362946
851.606445	311.517609
850.442383	261.347778
849.277344	80.332932
848.113281	320.231079
846.948242	309.045471
845.783203	107.034256
844.617188	224.823746
843.451172	23.158108
842.285156	-75.380081
841.119141	-105.153610
839.952148	36.643837
838.785156	454.882843
837.618164	1.284490
836.451172	-72.926254
835.283203	-59.192734
834.115234	78.821793
832.947266	364.574585
831.778320	-89.924339
830.609375	219.547974
829.440430	146.243576
828.271484	485.750366
827.101563	124.158798
825.931641	378.337555
824.761719	109.126381
823.590820	196.895233
822.420898	54.167286
821.250000	204.149551
820.078125	373.431885
818.907227	677.249329
817.735352	458.389648
816.562500	312.315552
815.390625	354.147644
814.217773	336.430267
813.044922	331.687988
811.872070	195.001953
810.698242	-20.274553
809.524414	-86.174263
808.350586	263.381775
807.176758	323.415771
806.001953	255.886749
804.827148	-5.070987
803.651367	287.411896
802.476563	-226.173294
801.300781	283.489746
800.125000	327.512817
798.948242	1.861217
797.772461	14.423070
796.595703	118.511635
795.417969	59.183823
794.241211	314.349976
793.063477	106.765350
791.885742	77.750931
790.707031	229.297775
789.529297	421.269592
788.350586	454.254578
787.170898	101.474876
785.992188	410.480469
784.812500	304.098450
783.632813	477.651733
782.452148	680.953979
781.272461	731.848450
780.091797	149.758652
778.911133	508.061157
777.729492	195.434998
776.547852	-59.741779
775.366211	110.585388
774.184570	310.605713
773.001953	278.099915
771.819336	30.144171
770.636719	-88.613640
769.453125	-109.963104
768.269531	-44.533848
767.085938	-194.410767
765.902344	-122.358566
764.717773	-69.194145
763.533203	178.252701
762.348633	-449.933472
761.163086	-79.885941
759.977539	119.289391
758.791992	-61.036121
757.606445	-207.420944
756.419922	-56.455372
755.233398	8.169824
754.046875	96.050194
752.859375	238.753586
751.672852	-18.555712
750.485352	-98.818008
749.296875	204.081650
748.108398	487.994324
746.919922	155.518890
745.731445	384.801056
744.542969	323.900452
743.353516	-142.595596
742.164063	74.206177
740.973633	112.379349
739.783203	-63.663525
738.592773	-88.365074
737.402344	-127.703140
736.211914	-104.005203
735.020508	112.790558
733.829102	243.494629
732.636719	185.383652
731.444336	295.090271
730.251953	132.202835
729.059570	120.323387
727.866211	303.351593
726.673828	113.360641
725.479492	67.986076
724.286133	-33.918396
723.091797	115.446114
721.897461	-13.666682
720.703125	-213.892899
719.507813	62.954323
718.312500	-18.039059
717.117188	1.342585
715.921875	-48.323692
714.725586	156.983139
713.529297	-5.644633
712.332031	30.216476
711.135742	68.082520
709.938477	337.651093
708.740234	504.720490
707.542969	260.456055
706.344727	855.076965
705.146484	1491.053955
703.948242	1803.358032
702.749023	1842.257446
701.549805	1939.413208
700.350586	1640.424194
699.150391	897.640991
697.950195	1032.149658
696.750000	508.342651
695.549805	515.648315
694.348633	256.379211
693.147461	82.456886
691.946289	241.427811
690.744141	344.044952
689.541992	111.661087
688.339844	153.745804
687.136719	251.826645
685.934570	624.091309
684.730469	391.436890
683.527344	759.131775
682.323242	536.741211
681.119141	582.208069
679.915039	125.216820
678.710938	332.464264
677.505859	251.132431
676.300781	-33.516338
675.094727	208.662292
673.889648	255.777924
672.683594	-97.236320
671.476563	213.035645
670.270508	90.114342
669.063477	74.950974
667.856445	208.896072
666.648438	30.160547
665.440430	128.903595
664.232422	310.422150
663.024414	47.094353
661.815430	-60.897636
660.606445	-148.060211
659.397461	46.105431
658.188477	215.517288
656.978516	66.775063
655.768555	193.062637
654.557617	38.598022
653.346680	210.714203
652.135742	65.086128
650.924805	-150.349915
649.712891	268.142761
648.501953	-18.750166
647.289063	-303.041473
646.077148	114.325836
644.864258	-230.795517
643.651367	-113.565163
642.438477	313.252441
641.224609	-67.071083
640.010742	212.498795
638.796875	317.613831
637.582031	318.444366
636.367188	262.453613
635.152344	435.741516
633.937500	237.527390
632.721680	270.731964
631.505859	862.175049
630.289063	426.631989
629.073242	876.177612
627.856445	954.870544
626.639648	700.018311
625.421875	652.063782
624.204102	544.017639
622.986328	484.793640
621.768555	359.523376
620.549805	41.153484
619.331055	130.907562
618.111328	400.978363
616.892578	39.402081
