1721.000977	-19.928755
1720.027344	92.299721
1719.052734	216.323105
1718.078125	16.147121
1717.104492	51.235111
1716.128906	-127.362091
1715.154297	208.754028
1714.178711	92.784859
1713.204102	-57.161949
1712.228516	120.279480
1711.251953	-97.572014
1710.276367	-118.721138
1709.299805	72.090355
1708.324219	-106.459587
1707.347656	49.851295
1706.370117	-129.726700
1705.393555	102.242577
1704.416016	-80.834312
1703.438477	9.379983
1702.460938	12.160259
1701.483398	75.872482
1700.505859	-19.337698
1699.527344	109.990654
1698.548828	65.140495
1697.570313	124.694260
1696.591797	66.395943
1695.612305	158.449081
1694.632813	68.892784
1693.653320	-43.888889
1692.673828	-52.267277
1691.694336	191.688538
1690.713867	-113.158630
1689.734375	15.464159
1688.753906	-113.732002
1687.772461	62.821960
1686.791992	-43.790504
1685.810547	-272.870575
1684.830078	-104.566360
1683.848633	30.380964
1682.866211	-33.530746
1681.884766	-38.975288
1680.902344	141.267090
1679.919922	-27.356594
1678.937500	-30.622971
1677.955078	-44.162556
1676.971680	-22.193401
1675.989258	22.586386
1675.005859	62.173584
1674.022461	38.130966
1673.038086	-24.096966
1672.054688	104.228416
1671.070313	148.610046
1670.085938	-5.167591
1669.101563	89.934059
1668.117188	-117.137527
1667.131836	-32.266850
1666.146484	75.393089
1665.161133	71.366142
1664.175781	310.850708
1663.189453	-208.066010
1662.204102	122.662834
1661.217773	27.364580
1660.231445	-103.363235
1659.245117	39.650311
1658.257813	-45.400188
1657.270508	11.453237
1656.284180	-108.938965
1655.295898	127.710159
1654.308594	25.113878
1653.321289	-49.563374
1652.333008	-101.413025
1651.344727	-117.781883
1650.356445	75.825478
1649.367188	72.145447
1648.378906	-62.931084
1647.389648	171.117081
1646.400391	8.364951
1645.411133	88.287704
1644.420898	-97.019325
1643.431641	3.207520
1642.441406	-5.138577
1641.451172	130.472519
1640.459961	245.881058
1639.469727	-135.796814
1638.478516	-108.559410
1637.487305	90.250626
1636.496094	208.340820
1635.504883	152.475235
1634.512695	61.390388
1633.520508	-92.597824
1632.528320	217.172836
1631.536133	342.976837
1630.543945	15.429373
1629.550781	201.772766
1628.557617	128.787018
1627.564453	166.648636
1626.571289	385.751831
1625.578125	589.731018
1624.583984	461.622467
1623.589844	637.947693
1622.595703	572.870239
1621.601563	802.014526
1620.606445	649.069153
1619.611328	785.231995
1618.616211	861.099976
1617.621094	1057.565918
1616.625977	1058.123047
1615.629883	1108.939697
1614.633789	1039.298096
1613.637695	927.076294
1612.641602	937.908081
1611.645508	1106.838379
1610.648438	1142.803345
1609.651367	1316.727051
1608.654297	1189.771851
1607.657227	1288.515625
1606.659180	998.809570
1605.662109	1220.421753
1604.664063	1193.974609
1603.666016	1307.838379
1602.666992	1356.582275
1601.668945	1265.166992
1600.669922	1329.002686
1599.670898	1618.071533
1598.671875	1341.630249
1597.671875	1305.461914
1596.672852	1274.361938
1595.672852	1008.267212
1594.672852	1279.778687
1593.671875	876.391785
1592.671875	680.615417
1591.670898	769.741028
1590.669922	756.454712
1589.668945	545.924194
1588.667969	377.954071
1587.666016	334.877625
1586.664063	221.968704
1585.662109	381.098236
1584.660156	98.644951
1583.658203	365.025757
1582.655273	386.939423
1581.652344	226.874512
1580.649414	184.043777
1579.646484	230.960831
1578.642578	215.578552
1577.638672	130.473267
1576.634766	194.844177
1575.630859	104.830910
1574.626953	14.868988
1573.622070	71.787460
1572.618164	265.564056
1571.613281	-0.983906
1570.607422	-302.243073
1569.602539	192.405899
1568.596680	129.928864
1567.590820	99.800568
1566.584961	32.412769
1565.579102	-246.136719
1564.572266	136.207016
1563.566406	-0.670172
1562.559570	85.980095
1561.551758	110.522331
1560.544922	-33.713242
1559.537109	28.070665
1558.530273	67.511894
1557.521484	67.225304
1556.513672	12.390646
1555.505859	-79.613686
1554.497070	34.160069
1553.488281	-124.742859
1552.479492	26.156475
1551.470703	43.210087
1550.460938	-100.754280
1549.451172	-61.413010
1548.441406	-29.520470
1547.431641	-210.521439
1546.421875	98.553406
1545.411133	226.861008
1544.400391	-122.322777
1543.389648	-21.241457
1542.378906	47.645645
1541.367188	-187.593292
1540.355469	29.572535
1539.343750	-128.973343
1538.332031	48.543247
1537.320313	6.138651
1536.307617	-31.329802
1535.294922	173.177612
1534.282227	12.245687
1533.269531	-27.695080
1532.256836	156.914749
1531.243164	25.652298
1530.229492	67.087677
1529.215820	-180.019424
1528.202148	-197.747208
1527.187500	11.282302
1526.172852	13.205701
1525.158203	-85.899872
1524.143555	-155.413330
1523.127930	4.124425
1522.113281	-134.342392
1521.097656	-38.902466
1520.082031	110.635628
1519.065430	11.553264
1518.049805	212.663910
1517.033203	106.205093
1516.016602	85.852676
1515.000000	-10.718410
1513.982422	-1.568502
1512.965820	27.240955
1511.948242	-81.580788
1510.930664	62.665649
1509.913086	69.302727
1508.894531	-22.306005
1507.875977	-104.062706
1506.857422	204.477219
1505.838867	46.617714
1504.820313	261.748718
1503.800781	20.517002
1502.781250	73.675766
1501.761719	134.161819
1500.742188	-153.485458
1499.721680	152.090729
1498.702148	239.459961
1497.681641	238.579681
1496.661133	139.721680
1495.639648	190.268188
1494.618164	-72.594940
1493.597656	212.969543
1492.576172	177.802902
1491.553711	42.320568
1490.532227	83.034554
1489.509766	20.997101
1488.487305	25.004461
1487.464844	-188.568954
1486.442383	-103.862366
1485.418945	0.345401
1484.395508	-276.621094
1483.372070	74.285469
1482.348633	73.380920
1481.324219	153.038849
1480.300781	17.861021
1479.276367	270.780731
1478.251953	-18.093311
1477.226563	120.062721
1476.202148	-144.260773
1475.176758	-28.074780
1474.151367	102.695213
1473.125000	218.777390
1472.099609	251.970627
1471.073242	238.852936
1470.046875	-5.665282
1469.020508	166.380280
1467.994141	379.751801
1466.966797	145.108154
1465.939453	200.198593
1464.912109	355.040192
1463.884766	298.171417
1462.856445	314.293243
1461.829102	284.223877
1460.800781	438.944855
1459.772461	421.026581
1458.743164	366.661316
1457.714844	365.797943
1456.685547	588.420044
1455.656250	611.809021
1454.625977	321.955872
1453.596680	576.045715
1452.566406	232.952972
1451.536133	508.808411
1450.505859	631.717896
1449.474609	623.596497
1448.444336	399.672028
1447.413086	464.371735
1446.381836	223.631058
1445.350586	523.454285
1444.318359	481.512329
1443.286133	379.043274
1442.253906	342.029907
1441.221680	392.220612
1440.189453	498.092346
1439.156250	482.906006
1438.123047	-117.876923
1437.089844	58.244915
1436.056641	205.286499
1435.022461	231.355469
1433.988281	61.586094
1432.954102	213.418152
1431.919922	138.025772
1430.885742	313.981537
1429.850586	151.663681
1428.815430	100.540321
1427.780273	-27.812099
1426.744141	63.599972
1425.708984	113.973885
1424.672852	-159.033600
1423.636719	-33.804173
1422.600586	190.297195
1421.563477	134.561020
1420.527344	6.549577
1419.490234	-34.609417
1418.452148	18.258171
1417.415039	-201.146912
1416.376953	95.105934
1415.338867	234.697235
1414.300781	-126.622803
1413.262695	-121.814941
1412.224609	8.185456
1411.185547	-13.463656
1410.146484	219.959076
1409.107422	-85.522751
1408.067383	-61.374153
1407.027344	114.274536
1405.987305	174.484024
1404.947266	400.535675
1403.907227	145.929596
1402.866211	83.644279
1401.826172	264.016144
1400.785156	146.556671
1399.743164	190.025848
1398.702148	168.703232
1397.660156	104.211838
1396.618164	411.674866
1395.576172	270.453705
1394.533203	491.458649
1393.491211	654.859558
1392.448242	787.043396
1391.405273	782.586304
1390.361328	933.906494
1389.318359	668.341431
1388.274414	1303.514771
1387.230469	1495.424194
1386.186523	1098.306152
1385.141602	1443.420898
1384.097656	1252.357300
1383.052734	1599.741333
1382.007813	1746.068604
1380.961914	1653.187256
1379.916992	1304.535767
1378.871094	1348.113281
1377.825195	1384.530396
1376.778320	993.217529
1375.732422	1113.372559
1374.685547	1037.633545
1373.638672	983.448914
1372.591797	1115.543213
1371.543945	846.583252
1370.497070	658.918884
1369.449219	788.690369
1368.400391	648.868469
1367.352539	945.591919
1366.303711	596.022583
1365.255859	766.340149
1364.206055	641.049500
1363.157227	692.186462
1362.108398	690.916138
1361.058594	777.798096
1360.008789	674.159241
1358.958984	687.257263
1357.908203	759.876526
1356.857422	582.611389
1355.806641	552.967651
1354.755859	587.593506
1353.705078	684.067078
1352.653320	416.717590
1351.601563	544.137451
1350.549805	502.781525
1349.498047	687.212219
1348.445313	519.973816
1347.393555	293.463562
1346.340820	487.393372
1345.287109	498.444794
1344.234375	260.290314
1343.180664	240.587234
1342.126953	163.976425
1341.073242	476.455780
1340.019531	257.581726
1338.964844	12.736760
1337.910156	306.153351
1336.855469	144.409500
1335.799805	193.645508
1334.745117	347.132965
1333.689453	334.773804
1332.633789	-84.859703
1331.578125	-163.363480
1330.521484	61.164677
1329.464844	-126.152328
1328.408203	138.540787
1327.351563	-164.572540
1326.294922	90.603210
1325.237305	-34.992531
1324.179688	-68.315125
1323.122070	-146.507324
1322.064453	91.991257
1321.005859	-231.852524
1319.947266	-300.445282
1318.888672	-206.050873
1317.830078	-180.140182
1316.770508	67.650291
1315.710938	-196.732712
1314.651367	-7.984649
1313.591797	-213.220947
1312.531250	41.519653
1311.471680	69.827843
1310.411133	65.138023
1309.349609	-109.223724
1308.289063	34.614403
1307.227539	-5.342731
1306.166016	-155.959122
1305.104492	79.688911
1304.042969	169.292603
1302.980469	-75.356506
1301.917969	-148.095154
1300.855469	73.306992
1299.792969	259.349762
1298.729492	-60.284576
1297.666016	-48.245338
1296.602539	62.537636
1295.539063	27.581776
1294.474609	199.421021
1293.411133	150.395279
1292.346680	9.808944
1291.281250	-191.754089
1290.216797	76.313553
1289.151367	100.181625
1288.085938	53.661537
1287.020508	122.135979
1285.955078	-88.518227
1284.888672	198.076828
1283.822266	81.308647
1282.755859	32.587269
1281.689453	-39.530781
1280.622070	120.352020
1279.554688	-38.394463
1278.487305	112.085121
1277.419922	79.884415
1276.351563	291.166656
1275.283203	29.608284
1274.214844	51.312698
1273.146484	37.934097
1272.077148	134.501053
1271.008789	125.821373
1269.939453	395.364441
1268.869141	162.266953
1267.799805	130.266281
1266.729492	366.968628
1265.659180	108.388199
1264.588867	34.427212
1263.517578	44.563633
1262.447266	145.757339
1261.375977	-33.137222
1260.304688	12.058094
1259.232422	351.172882
1258.161133	270.356354
1257.088867	327.158386
1256.016602	188.128159
1254.943359	93.452805
1253.871094	224.873123
1252.797852	307.322021
1251.724609	289.594696
1250.650391	488.456451
1249.577148	505.653809
1248.502930	501.905029
1247.428711	421.378204
1246.354492	359.514740
1245.279297	358.169891
1244.204102	447.541016
1243.128906	343.903473
1242.053711	412.348999
1240.977539	436.617706
1239.902344	344.717499
1238.826172	83.282997
1237.750000	381.716522
1236.672852	366.553223
1235.595703	191.224670
1234.518555	424.492554
1233.441406	239.977921
1232.364258	162.282272
1231.286133	105.505272
1230.208008	-71.820007
1229.129883	307.386475
1228.051758	65.224243
1226.972656	36.384846
1225.893555	-52.667068
1224.814453	231.283279
1223.734375	0.980200
1222.655273	2.343124
1221.575195	-51.844337
1220.495117	-8.785598
1219.415039	20.384514
1218.333984	10.224841
1217.252930	104.164726
1216.171875	-67.844727
1215.090820	127.821404
1214.008789	89.966179
1212.926758	-135.035843
1211.844727	152.967621
1210.762695	124.415939
1209.679688	-141.973724
1208.597656	-165.801956
1207.513672	-217.315475
1206.430664	-148.781403
1205.347656	-11.045061
1204.263672	64.356865
1203.179688	-229.261765
1202.095703	-172.262390
1201.010742	-106.058578
1199.925781	-265.733032
1198.840820	-22.084709
1197.755859	101.677307
1196.670898	22.714994
1195.584961	137.224213
1194.499023	242.485428
1193.413086	-38.966309
1192.326172	-44.146076
1191.239258	134.742188
1190.152344	-121.164955
1189.065430	216.360855
1187.978516	282.454224
1186.890625	-44.538494
1185.802734	17.004780
1184.714844	216.390533
1183.625977	100.992447
1182.538086	399.048920
1181.449219	70.149368
1180.360352	152.314194
1179.270508	218.383957
1178.180664	389.984528
1177.090820	313.764099
1176.000977	276.576019
1174.911133	140.816498
1173.820313	119.747986
1172.729492	293.519714
1171.638672	320.566956
1170.547852	258.264465
1169.456055	372.361053
1168.364258	188.718704
1167.272461	355.454376
1166.179688	300.090271
1165.087891	363.764648
1163.995117	795.770325
1162.902344	827.291565
1161.808594	792.481323
1160.715820	796.565796
1159.622070	944.662048
1158.528320	551.063477
1157.433594	699.155640
1156.339844	714.699707
1155.245117	442.468994
1154.149414	186.344025
1153.054688	580.954956
1151.958984	245.040009
1150.863281	395.306641
1149.767578	550.074768
1148.671875	501.783417
1147.575195	369.140381
1146.478516	407.542511
1145.381836	297.776459
1144.285156	374.919952
1143.187500	112.561569
1142.089844	53.043438
1140.992188	107.411957
1139.894531	66.133438
1138.795898	232.005493
1137.697266	-66.446251
1136.598633	81.176147
1135.499023	-210.296539
1134.400391	-55.890701
1133.300781	-285.819275
1132.201172	-13.271522
1131.100586	111.419243
1130.000977	-27.519495
1128.900391	-180.037048
1127.799805	26.351116
1126.698242	53.255005
1125.596680	-31.100622
1124.495117	181.896912
1123.393555	269.989197
1122.291992	183.347488
1121.189453	480.040680
1120.086914	493.141205
1118.984375	646.783203
1117.881836	700.612427
1116.778320	663.760315
1115.674805	912.371460
1114.571289	875.458923
1113.466797	729.843445
1112.363281	699.750610
1111.258789	721.711182
1110.153320	1049.150269
1109.048828	435.217316
1107.943359	538.597351
1106.837891	621.558105
1105.732422	779.075439
1104.625977	518.303894
1103.520508	214.693756
1102.414063	363.088165
1101.306641	353.259766
1100.200195	472.151123
1099.092773	335.808289
1097.985352	474.911194
1096.877930	117.398514
1095.769531	319.610168
1094.661133	469.817902
1093.552734	342.511169
1092.444336	219.743820
1091.335938	333.712341
1090.226563	402.518250
1089.117188	383.376709
1088.006836	256.066925
1086.897461	216.631546
1085.787109	357.321136
1084.676758	344.821686
1083.566406	449.335449
1082.455078	398.485260
1081.343750	379.117279
1080.232422	319.232635
1079.121094	389.767975
1078.008789	507.437744
1076.896484	353.029663
1075.784180	400.906189
1074.671875	637.449219
1073.558594	584.064575
1072.445313	355.487305
1071.332031	290.872772
1070.217773	500.097321
1069.104492	166.073746
1067.990234	370.649200
1066.875977	355.242554
1065.760742	187.282730
1064.645508	431.917175
1063.530273	396.174347
1062.415039	252.815109
1061.299805	167.725372
1060.183594	-22.675926
1059.067383	71.397552
1057.951172	210.153976
1056.833984	-13.882383
1055.716797	68.754662
1054.599609	77.452972
1053.482422	18.971510
1052.364258	177.406647
1051.247070	76.321007
1050.128906	254.669815
1049.009766	267.465820
1047.891602	320.422363
1046.772461	6.884999
1045.653320	439.457123
1044.533203	49.969177
1043.414063	-46.927559
1042.293945	-94.749229
1041.173828	-28.808212
1040.052734	273.524567
1038.932617	13.547372
1037.811523	18.991682
1036.689453	-180.768356
1035.568359	-97.410667
1034.446289	346.856476
1033.324219	-87.007378
1032.202148	-24.004782
1031.079102	-132.596893
1029.957031	-80.894569
1028.833984	46.383598
1027.709961	-184.792435
1026.586914	240.449280
1025.462891	-46.434364
1024.338867	69.280472
1023.214844	98.146011
1022.089844	0.198774
1020.964844	97.793709
1019.839844	73.055344
1018.714844	81.567223
1017.588867	76.658638
1016.462891	-19.369814
1015.336914	310.795929
1014.210938	210.151581
1013.083984	-92.463982
1011.957031	266.072449
1010.830078	143.065247
1009.702148	261.722260
1008.574219	340.333008
1007.446289	715.824951
1006.318359	1410.151001
1005.190430	1922.410522
1004.061523	1847.387451
1002.932617	1584.086426
1001.802734	1159.195557
1000.673828	486.518066
999.543945	227.861664
998.414063	272.333099
997.283203	409.585083
996.153320	573.233948
995.022461	504.567535
993.891602	546.362854
992.759766	532.795837
991.628906	766.604675
990.497070	841.170349
989.364258	1114.354248
988.232422	1475.650879
987.099609	1611.536621
985.966797	1705.340088
984.833984	2268.963623
983.700195	2013.870483
982.566406	1769.834229
981.432617	1874.181641
980.298828	1442.751099
979.164063	1275.875977
978.029297	901.881897
976.894531	1188.812134
975.759766	695.917175
974.624023	557.638062
973.488281	916.829773
972.352539	833.416748
971.215820	477.117157
970.080078	455.271942
968.943359	585.094177
967.805664	444.318848
966.668945	378.279480
965.531250	580.306091
964.393555	419.615784
963.254883	401.698059
962.117188	434.236725
960.978516	512.784119
959.839844	283.889679
958.700195	322.769409
957.561523	447.144836
956.421875	509.956635
955.281250	513.440125
954.141602	446.698151
953.000977	728.464111
951.860352	576.079224
950.719727	701.978271
949.578125	485.996216
948.436523	607.337830
947.294922	242.453629
946.153320	225.753265
945.010742	132.388077
943.868164	402.240784
942.725586	256.258240
941.583008	451.484955
940.439453	75.837860
939.295898	262.153137
938.152344	61.471504
937.007813	173.297791
935.863281	108.069946
934.718750	200.084656
933.574219	34.343712
932.428711	-41.866817
931.283203	-19.864550
930.137695	220.303574
928.992188	-176.710159
927.845703	-13.039536
926.699219	-17.384768
925.552734	228.953430
924.405273	-89.379433
923.257813	73.988884
922.110352	217.650314
920.962891	141.235901
919.814453	202.012344
918.666016	79.865707
917.517578	181.950546
916.369141	-136.010193
915.219727	196.650681
914.070313	-1.571266
912.920898	-130.119003
911.770508	82.702065
910.621094	-132.755844
909.470703	116.909843
908.319336	-98.478119
907.168945	44.641483
906.017578	131.229935
904.866211	-66.619354
903.713867	-34.299431
902.562500	197.678635
901.410156	-47.745159
900.256836	73.521690
899.104492	45.137913
897.951172	151.198044
896.797852	-245.630325
895.644531	-198.000824
894.490234	-254.364700
893.335938	-102.728233
892.181641	150.655365
891.027344	-7.388961
889.872070	111.730713
888.716797	-186.814270
887.561523	40.564716
886.405273	209.477356
885.249023	374.042145
884.092773	-8.400342
882.936523	76.281532
881.779297	117.756287
880.622070	31.810167
879.464844	-56.188885
878.307617	-105.201050
877.149414	176.198318
875.991211	45.271763
874.833008	166.971191
873.673828	-56.512909
872.514648	56.685276
871.355469	75.033264
870.196289	-50.987782
869.036133	10.662528
867.875977	-63.384735
866.715820	164.330078
865.554688	60.318268
864.394531	102.906868
863.233398	240.303467
862.071289	132.354645
860.910156	125.720757
859.748047	188.043503
858.585938	228.945251
857.422852	441.976929
856.259766	349.737152
855.096680	408.126740
853.933594	432.235931
852.770508	250.211548
851.606445	268.155670
850.442383	264.750244
849.277344	-21.921999
848.113281	247.622620
846.948242	98.709602
845.783203	46.557274
844.617188	-29.026661
843.451172	107.875023
842.285156	-128.186935
841.119141	-175.361084
839.952148	-196.651917
838.785156	99.308258
837.618164	-69.516006
836.451172	46.712856
835.283203	-33.927284
834.115234	76.133568
832.947266	-76.905876
831.778320	270.917236
830.609375	64.758240
829.440430	-38.491028
828.271484	29.516304
827.101563	74.143791
825.931641	-11.428727
824.761719	292.045776
823.590820	-17.471283
822.420898	226.422119
821.250000	348.681183
820.078125	287.490601
818.907227	341.745300
817.735352	338.545746
816.562500	254.468842
815.390625	164.220932
814.217773	272.461639
813.044922	-85.957993
811.872070	310.331146
810.698242	-26.267363
809.524414	142.272522
808.350586	93.710228
807.176758	90.059006
806.001953	197.263626
804.827148	-97.584465
803.651367	26.988913
802.476563	19.814451
801.300781	180.807968
800.125000	-144.944031
798.948242	303.298401
797.772461	92.768639
796.595703	148.066818
795.417969	84.564903
794.241211	246.352448
793.063477	125.875832
791.885742	111.747063
790.707031	335.448486
789.529297	470.109039
788.350586	68.255882
787.170898	-30.021179
785.992188	291.661499
784.812500	414.114716
783.632813	254.837296
782.452148	464.397583
781.272461	424.084015
780.091797	227.237091
778.911133	-3.248770
777.729492	249.069733
776.547852	112.061073
775.366211	171.987305
774.184570	-142.344696
773.001953	93.365723
771.819336	102.886520
770.636719	-141.104721
769.453125	96.895744
768.269531	-22.122150
767.085938	-242.358139
765.902344	-31.644848
764.717773	-143.922043
763.533203	45.746674
762.348633	-135.954102
761.163086	79.100189
759.977539	-450.357727
758.791992	-32.766640
757.606445	-64.321274
756.419922	-121.090599
755.233398	-42.932411
754.046875	-2.678452
752.859375	212.399002
751.672852	170.534515
750.485352	324.491760
749.296875	-174.010437
748.108398	232.485718
746.919922	136.050369
745.731445	50.183216
744.542969	260.819489
743.353516	162.346573
742.164063	137.462173
740.973633	249.141434
739.783203	33.054600
738.592773	-187.164139
737.402344	37.797119
736.211914	229.019745
735.020508	392.820374
733.829102	-41.470608
732.636719	88.635185
731.444336	63.421345
730.251953	254.092285
729.059570	33.752815
727.866211	73.281708
726.673828	225.831619
725.479492	212.731323
724.286133	-102.026733
723.091797	10.346598
721.897461	193.711960
720.703125	-56.315701
719.507813	68.132370
718.312500	87.798241
717.117188	55.027626
715.921875	-65.687134
714.725586	70.585197
713.529297	148.118927
712.332031	66.665657
711.135742	-144.418564
709.938477	312.630829
708.740234	207.691467
707.542969	449.087738
706.344727	679.738220
705.146484	955.978271
703.948242	1494.682983
702.749023	1240.546021
701.549805	1615.902100
700.350586	1244.718994
699.150391	856.823547
697.950195	756.380188
696.750000	276.707458
695.549805	163.516846
694.348633	233.348938
693.147461	346.632080
691.946289	141.280319
690.744141	351.854553
689.541992	424.841797
688.339844	354.102844
687.136719	210.416519
685.934570	191.286377
684.730469	363.096191
683.527344	343.510223
682.323242	24.661829
681.119141	372.262146
679.915039	323.020203
678.710938	526.801941
677.505859	49.755451
676.300781	39.490101
675.094727	182.522552
673.889648	580.360840
672.683594	30.564217
671.476563	75.657654
670.270508	130.976898
669.063477	-6.481016
667.856445	36.199429
666.648438	37.371136
665.440430	-199.555817
664.232422	-159.112244
663.024414	183.353867
661.815430	70.594559
660.606445	22.013184
659.397461	58.263618
658.188477	34.624119
656.978516	-141.837173
655.768555	12.460423
654.557617	139.976929
653.346680	-135.057587
652.135742	42.373108
650.924805	-44.228764
649.712891	51.076756
648.501953	43.509377
647.289063	-83.335136
646.077148	-69.498672
644.864258	-77.906914
643.651367	-104.375870
642.438477	-51.999706
641.224609	44.191212
640.010742	-223.572968
638.796875	92.194237
637.582031	264.453247
636.367188	-19.468609
635.152344	-26.673550
633.937500	139.846100
632.721680	187.993134
631.505859	259.795624
630.289063	338.862732
629.073242	408.815399
627.856445	553.989990
626.639648	258.809082
625.421875	597.751099
624.204102	359.065002
622.986328	58.479221
621.768555	221.495056
620.549805	37.460747
619.331055	122.080551
618.111328	-150.189423
616.892578	47.227436
