1721.000977	34.623562
1720.027344	40.659637
1719.052734	-130.951096
1718.078125	45.627426
1717.104492	-42.883545
1716.128906	8.934439
1715.154297	-9.232412
1714.178711	51.376087
1713.204102	6.201889
1712.228516	-78.041328
1711.251953	3.663194
1710.276367	-76.626961
1709.299805	-1.232537
1708.324219	73.600998
1707.347656	-251.465530
1706.370117	52.717815
1705.393555	-32.629730
1704.416016	-21.176672
1703.438477	127.972214
1702.460938	143.681320
1701.483398	-86.442490
1700.505859	81.940392
1699.527344	99.117523
1698.548828	-142.104065
1697.570313	142.723663
1696.591797	107.887054
1695.612305	57.464046
1694.632813	27.233179
1693.653320	88.668495
1692.673828	101.371414
1691.694336	-26.466385
1690.713867	-47.318596
1689.734375	-17.318394
1688.753906	-53.805687
1687.772461	-8.865692
1686.791992	12.991925
1685.810547	-21.364103
1684.830078	23.171360
1683.848633	95.587738
1682.866211	-94.441559
1681.884766	-96.048431
1680.902344	24.444223
1679.919922	246.623688
1678.937500	127.685486
1677.955078	-225.300308
1676.971680	-18.629269
1675.989258	124.364815
1675.005859	0.304446
1674.022461	239.769150
1673.038086	-1.209013
1672.054688	-13.401576
1671.070313	58.227615
1670.085938	142.533218
1669.101563	140.482697
1668.117188	-26.566111
1667.131836	225.265747
1666.146484	-332.493469
1665.161133	-83.180130
1664.175781	-57.154305
1663.189453	-104.659966
1662.204102	-17.702440
1661.217773	-252.694931
1660.231445	44.704506
1659.245117	-88.739395
1658.257813	-80.211899
1657.270508	-71.628693
1656.284180	-60.440113
1655.295898	-109.985054
1654.308594	-15.142124
1653.321289	-158.165787
1652.333008	129.071442
1651.344727	112.692398
1650.356445	162.151505
1649.367188	118.090637
1648.378906	177.789932
1647.389648	207.196823
1646.400391	-46.368774
1645.411133	43.864216
1644.420898	-27.543680
1643.431641	60.278927
1642.441406	122.879265
1641.451172	21.442411
1640.459961	16.022896
1639.469727	15.744889
1638.478516	18.054287
1637.487305	63.321934
1636.496094	2.730976
1635.504883	-32.543350
1634.512695	28.050480
1633.520508	-87.723824
1632.528320	91.435699
1631.536133	66.538925
1630.543945	134.916962
1629.550781	92.529549
1628.557617	259.194336
1627.564453	370.483490
1626.571289	361.000275
1625.578125	364.170258
1624.583984	545.996216
1623.589844	471.282532
1622.595703	429.351990
1621.601563	621.300903
1620.606445	838.354797
1619.611328	801.574341
1618.616211	789.992371
1617.621094	677.998779
1616.625977	817.241516
1615.629883	974.044922
1614.633789	761.823792
1613.637695	976.401611
1612.641602	904.887146
1611.645508	946.342224
1610.648438	1000.356995
1609.651367	916.472839
1608.654297	1028.224243
1607.657227	844.188477
1606.659180	1101.333008
1605.662109	1130.410400
1604.664063	1187.058350
1603.666016	1353.916382
1602.666992	1215.239136
1601.668945	1166.787842
1600.669922	1143.405273
1599.670898	1267.704712
1598.671875	1104.258789
1597.671875	1191.034912
1596.672852	1055.231689
1595.672852	1037.012817
1594.672852	813.837769
1593.671875	688.235962
1592.671875	920.037659
1591.670898	906.920227
1590.669922	571.616821
1589.668945	568.592773
1588.667969	530.627808
1587.666016	507.654785
1586.664063	459.743744
1585.662109	104.961624
1584.660156	516.169312
1583.658203	44.311760
1582.655273	283.303345
1581.652344	190.624435
1580.649414	364.680908
1579.646484	107.551582
1578.642578	338.841461
1577.638672	139.100235
1576.634766	153.612885
1575.630859	-170.511444
1574.626953	58.131397
1573.622070	-136.443298
1572.618164	62.217865
1571.613281	14.483566
1570.607422	-63.099384
1569.602539	6.066082
1568.596680	234.296951
1567.590820	-69.524704
1566.584961	84.040657
1565.579102	18.874002
1564.572266	95.304314
1563.566406	25.160410
1562.559570	44.408749
1561.551758	200.160858
1560.544922	-21.435925
1559.537109	-123.856522
1558.530273	-52.574547
1557.521484	115.375114
1556.513672	141.881622
1555.505859	103.888412
1554.497070	-234.075195
1553.488281	-115.893059
1552.479492	24.516367
1551.470703	90.519867
1550.460938	176.274750
1549.451172	-35.193512
1548.441406	-162.422333
1547.431641	-91.599533
1546.421875	-114.876740
1545.411133	-71.375893
1544.400391	-129.344696
1543.389648	-108.173943
1542.378906	63.793423
1541.367188	-132.703171
1540.355469	-30.076275
1539.343750	-63.432384
1538.332031	24.256767
1537.320313	42.716755
1536.307617	-141.374512
1535.294922	-41.475201
1534.282227	117.598328
1533.269531	-7.245626
1532.256836	55.464725
1531.243164	73.703217
1530.229492	222.629089
1529.215820	-15.688135
1528.202148	-130.662308
1527.187500	-6.530543
1526.172852	-0.769146
1525.158203	98.589928
1524.143555	69.786232
1523.127930	-52.629238
1522.113281	-167.622742
1521.097656	-43.810375
1520.082031	57.773201
1519.065430	186.345978
1518.049805	-150.134262
1517.033203	49.711449
1516.016602	55.171829
1515.000000	-104.124718
1513.982422	83.212639
1512.965820	41.897823
1511.948242	-151.773300
1510.930664	84.522316
1509.913086	-55.084877
1508.894531	102.459045
1507.875977	-118.160461
1506.857422	36.837463
1505.838867	150.032532
1504.820313	113.498573
1503.800781	-43.243652
1502.781250	-207.294708
1501.761719	119.096046
1500.742188	-84.174240
1499.721680	77.799927
1498.702148	-39.641041
1497.681641	-191.355743
1496.661133	127.256554
1495.639648	-4.874231
1494.618164	-83.098495
1493.597656	115.312485
1492.576172	169.228592
1491.553711	73.848793
1490.532227	228.029266
1489.509766	-92.346443
1488.487305	44.661373
1487.464844	169.380600
1486.442383	49.623505
1485.418945	-23.669220
1484.395508	71.642334
1483.372070	103.400719
1482.348633	-109.067146
1481.324219	-23.584211
1480.300781	93.606102
1479.276367	54.539738
1478.251953	88.691566
1477.226563	108.182007
1476.202148	52.067406
1475.176758	-228.373077
1474.151367	130.058044
1473.125000	81.274200
1472.099609	27.653913
1471.073242	83.689308
1470.046875	69.066109
1469.020508	93.422752
1467.994141	246.825394
1466.966797	151.855469
1465.939453	17.993574
1464.912109	181.064651
1463.884766	-15.979434
1462.856445	37.587357
1461.829102	258.947937
1460.800781	241.952042
1459.772461	300.330170
1458.743164	295.500763
1457.714844	300.418030
1456.685547	315.054901
1455.656250	203.410324
1454.625977	405.053162
1453.596680	325.031219
1452.566406	373.688660
1451.536133	177.255707
1450.505859	403.067932
1449.474609	318.318390
1448.444336	274.863098
1447.413086	255.681229
1446.381836	316.524323
1445.350586	21.104885
1444.318359	401.844513
1443.286133	157.441879
1442.253906	230.446396
1441.221680	502.005066
1440.189453	-182.800568
1439.156250	335.655334
1438.123047	38.405231
1437.089844	118.734795
1436.056641	24.898386
1435.022461	-73.717369
1433.988281	-256.887756
1432.954102	91.865181
1431.919922	36.887596
1430.885742	56.869354
1429.850586	-10.106542
1428.815430	135.522293
1427.780273	-230.811142
1426.744141	28.324869
1425.708984	-14.324563
1424.672852	-1.430548
1423.636719	218.984100
1422.600586	17.203884
1421.563477	-196.524918
1420.527344	-89.435150
1419.490234	77.900040
1418.452148	-17.517027
1417.415039	2.812978
1416.376953	59.295597
1415.338867	-7.048430
1414.300781	73.563339
1413.262695	-36.021236
1412.224609	-116.638885
1411.185547	-112.966888
1410.146484	27.882414
1409.107422	50.838867
1408.067383	-94.537430
1407.027344	51.127357
1405.987305	-29.206688
1404.947266	-80.627357
1403.907227	53.037323
1402.866211	44.928623
1401.826172	-83.224037
1400.785156	4.830599
1399.743164	-29.568443
1398.702148	-75.908821
1397.660156	24.190800
1396.618164	52.304928
1395.576172	133.218704
1394.533203	250.100998
1393.491211	378.969543
1392.448242	248.904251
1391.405273	780.440308
1390.361328	760.639282
1389.318359	733.705078
1388.274414	1022.981506
1387.230469	830.833679
1386.186523	1000.329834
1385.141602	1275.103882
1384.097656	1135.787109
1383.052734	1305.210938
1382.007813	1185.149414
1380.961914	1206.274658
1379.916992	957.239075
1378.871094	1317.942749
1377.825195	937.599854
1376.778320	710.380737
1375.732422	722.209839
1374.685547	972.917358
1373.638672	800.869507
1372.591797	557.304504
1371.543945	657.601685
1370.497070	729.261230
1369.449219	619.581421
1368.400391	502.818939
1367.352539	672.344788
1366.303711	527.076538
1365.255859	429.591064
1364.206055	441.802307
1363.157227	420.689301
1362.108398	456.795776
1361.058594	390.491638
1360.008789	369.493347
1358.958984	474.722382
1357.908203	427.587921
1356.857422	392.404846
1355.806641	459.579041
1354.755859	255.571106
1353.705078	641.497864
1352.653320	171.281357
1351.601563	366.931488
1350.549805	298.707703
1349.498047	154.502228
1348.445313	309.723450
1347.393555	457.787842
1346.340820	206.858292
1345.287109	15.412085
1344.234375	-14.505597
1343.180664	311.584717
1342.126953	260.308929
1341.073242	225.686188
1340.019531	89.124290
1338.964844	118.618782
1337.910156	276.139191
1336.855469	63.880447
1335.799805	176.364517
1334.745117	25.864605
1333.689453	221.255188
1332.633789	56.642384
1331.578125	190.432999
1330.521484	-75.844986
1329.464844	1.157608
1328.408203	59.221630
1327.351563	-83.785164
1326.294922	-35.145416
1325.237305	-38.531227
1324.179688	59.755104
1323.122070	20.938757
1322.064453	-131.260956
1321.005859	-96.752365
1319.947266	-7.915983
1318.888672	-152.877213
1317.830078	108.313728
1316.770508	-27.139097
1315.710938	42.790947
1314.651367	-130.304733
1313.591797	163.740448
1312.531250	-179.080292
1311.471680	-264.728149
1310.411133	95.199722
1309.349609	174.522308
1308.289063	-31.278301
1307.227539	90.470367
1306.166016	-171.726669
1305.104492	-7.588550
1304.042969	8.175393
1302.980469	-63.148499
1301.917969	-113.249603
1300.855469	69.599266
1299.792969	40.683895
1298.729492	-221.028641
1297.666016	154.548630
1296.602539	33.985645
1295.539063	96.795776
1294.474609	25.655151
1293.411133	39.128498
1292.346680	-55.435459
1291.281250	-79.512573
1290.216797	23.204971
1289.151367	-148.726974
1288.085938	90.073395
1287.020508	171.591110
1285.955078	250.737061
1284.888672	-7.834960
1283.822266	-149.061523
1282.755859	119.982880
1281.689453	156.909317
1280.622070	128.217392
1279.554688	38.639427
1278.487305	106.018936
1277.419922	437.958221
1276.351563	151.744049
1275.283203	-92.212563
1274.214844	218.504211
1273.146484	5.062091
1272.077148	58.346561
1271.008789	-94.160011
1269.939453	76.025436
1268.869141	145.627350
1267.799805	9.566554
1266.729492	13.743163
1265.659180	106.683426
1264.588867	201.922333
1263.517578	84.648193
1262.447266	74.813034
1261.375977	102.320007
1260.304688	213.815475
1259.232422	206.287598
1258.161133	168.453018
1257.088867	417.435699
1256.016602	174.421005
1254.943359	38.722389
1253.871094	38.243961
1252.797852	338.295258
1251.724609	216.631073
1250.650391	509.523804
1249.577148	329.675446
1248.502930	459.480530
1247.428711	444.947784
1246.354492	348.990173
1245.279297	439.161438
1244.204102	424.642151
1243.128906	79.963524
1242.053711	114.348145
1240.977539	399.716003
1239.902344	171.453613
1238.826172	131.455673
1237.750000	133.283585
1236.672852	207.088837
1235.595703	30.136917
1234.518555	71.441505
1233.441406	-68.271820
1232.364258	49.599483
1231.286133	35.203045
1230.208008	141.402008
1229.129883	133.949326
1228.051758	274.852844
1226.972656	17.085388
1225.893555	51.369503
1224.814453	-199.283066
1223.734375	105.995102
1222.655273	244.436081
1221.575195	0.850857
1220.495117	238.770538
1219.415039	-326.334137
1218.333984	8.712886
1217.252930	-35.696934
1216.171875	84.092712
1215.090820	-34.289223
1214.008789	-30.121725
1212.926758	-53.684258
1211.844727	-218.163269
1210.762695	215.675659
1209.679688	-36.546024
1208.597656	-150.119781
1207.513672	1.801919
1206.430664	-160.194717
1205.347656	-135.227509
1204.263672	-50.298069
1203.179688	-202.947601
1202.095703	-58.086170
1201.010742	105.151817
1199.925781	130.035690
1198.840820	-4.078044
1197.755859	-105.877777
1196.670898	-4.948393
1195.584961	293.966370
1194.499023	-93.297783
1193.413086	-383.716370
1192.326172	18.640696
1191.239258	-119.829361
1190.152344	75.286591
1189.065430	189.832382
1187.978516	-8.350135
1186.890625	-211.043701
1185.802734	98.835342
1184.714844	29.477491
1183.625977	-60.524994
1182.538086	102.145477
1181.449219	205.045456
1180.360352	167.874756
1179.270508	185.800888
1178.180664	185.366394
1177.090820	148.232468
1176.000977	262.492889
1174.911133	307.915222
1173.820313	328.099640
1172.729492	327.652100
1171.638672	297.419312
1170.547852	349.680542
1169.456055	312.588715
1168.364258	170.179443
1167.272461	243.047424
1166.179688	256.368958
1165.087891	347.502380
1163.995117	308.182098
1162.902344	625.721985
1161.808594	412.555267
1160.715820	750.515686
1159.622070	516.852356
1158.528320	630.676025
1157.433594	723.883667
1156.339844	451.559998
1155.245117	275.279358
1154.149414	382.212646
1153.054688	441.166046
1151.958984	440.751160
1150.863281	458.596100
1149.767578	419.403931
1148.671875	275.313141
1147.575195	457.371155
1146.478516	342.975647
1145.381836	422.374481
1144.285156	417.426880
1143.187500	360.076752
1142.089844	375.645508
1140.992188	252.296997
1139.894531	106.237099
1138.795898	55.842308
1137.697266	-3.630483
1136.598633	130.317535
1135.499023	111.797195
1134.400391	-247.839661
1133.300781	133.905258
1132.201172	35.837578
1131.100586	-0.828328
1130.000977	251.093262
1128.900391	-180.873978
1127.799805	-110.722305
1126.698242	111.525307
1125.596680	47.634373
1124.495117	63.208092
1123.393555	217.189484
1122.291992	121.552811
1121.189453	44.096344
1120.086914	211.571869
1118.984375	385.771027
1117.881836	428.427765
1116.778320	539.036621
1115.674805	305.227295
1114.571289	447.516907
1113.466797	515.001526
1112.363281	510.007324
1111.258789	448.414246
1110.153320	531.673035
1109.048828	422.576599
1107.943359	535.194336
1106.837891	453.265289
1105.732422	439.193176
1104.625977	418.331818
1103.520508	268.655701
1102.414063	579.966614
1101.306641	283.457367
1100.200195	301.002899
1099.092773	65.631409
1097.985352	250.240082
1096.877930	378.328339
1095.769531	3.156048
1094.661133	192.120346
1093.552734	193.785095
1092.444336	123.276627
1091.335938	120.416588
1090.226563	-26.714911
1089.117188	15.488243
1088.006836	37.373680
1086.897461	282.222717
1085.787109	326.518311
1084.676758	125.376396
1083.566406	257.433014
1082.455078	432.158691
1081.343750	323.302246
1080.232422	432.659760
1079.121094	436.248199
1078.008789	412.827026
1076.896484	310.717316
1075.784180	314.250397
1074.671875	452.564178
1073.558594	404.341919
1072.445313	185.432083
1071.332031	310.121033
1070.217773	59.841915
1069.104492	72.230034
1067.990234	10.533321
1066.875977	2.668647
1065.760742	109.151115
1064.645508	114.649590
1063.530273	138.046112
1062.415039	-67.206978
1061.299805	-3.516691
1060.183594	-132.557526
1059.067383	-60.002323
1057.951172	10.241910
1056.833984	-91.968178
1055.716797	13.977871
1054.599609	184.729675
1053.482422	-20.485052
1052.364258	266.414825
1051.247070	-46.145470
1050.128906	-47.858425
1049.009766	73.314148
1047.891602	96.065224
1046.772461	71.838875
1045.653320	136.921631
1044.533203	21.036989
1043.414063	-45.721401
1042.293945	86.154701
1041.173828	115.264496
1040.052734	-130.119843
1038.932617	115.290970
1037.811523	63.930664
1036.689453	-34.287567
1035.568359	50.273502
1034.446289	172.621567
1033.324219	-244.333282
1032.202148	-106.494118
1031.079102	-40.048061
1029.957031	-98.369125
1028.833984	-317.004700
1027.709961	-110.529846
1026.586914	-113.355362
1025.462891	-38.390232
1024.338867	-230.401672
1023.214844	-222.273163
1022.089844	-105.291718
1020.964844	62.691620
1019.839844	-82.769066
1018.714844	-26.070856
1017.588867	103.819359
1016.462891	-61.740204
1015.336914	74.624901
1014.210938	-139.814377
1013.083984	162.785446
1011.957031	10.396151
1010.830078	328.210602
1009.702148	29.355375
1008.574219	91.925507
1007.446289	830.406860
1006.318359	888.191650
1005.190430	1508.593872
1004.061523	1583.765259
1002.932617	1404.172485
1001.802734	1000.974854
1000.673828	201.698044
999.543945	292.286438
998.414063	90.724411
997.283203	320.487732
996.153320	101.170883
995.022461	392.581146
993.891602	372.123169
992.759766	851.016663
991.628906	839.147766
990.497070	1107.723755
989.364258	1585.882935
988.232422	1584.656494
987.099609	1653.977905
985.966797	2034.355957
984.833984	2026.169434
983.700195	2145.837158
982.566406	1965.450195
981.432617	2135.635498
980.298828	1481.252563
979.164063	1644.696533
978.029297	1252.756104
976.894531	1230.990112
975.759766	962.500244
974.624023	639.003784
973.488281	828.477356
972.352539	573.231750
971.215820	386.226379
970.080078	555.606018
968.943359	377.337921
967.805664	504.695770
966.668945	601.154907
965.531250	321.672516
964.393555	198.249298
963.254883	290.082764
962.117188	234.662445
960.978516	115.511688
959.839844	110.494797
958.700195	85.649040
957.561523	418.413757
956.421875	312.202606
955.281250	502.047516
954.141602	211.544495
953.000977	451.612854
951.860352	513.976929
950.719727	506.129791
949.578125	189.327438
948.436523	428.913544
947.294922	221.633301
946.153320	476.304260
945.010742	183.619751
943.868164	258.625000
942.725586	169.463821
941.583008	106.533936
940.439453	100.421257
939.295898	15.558043
938.152344	22.476917
937.007813	97.072365
935.863281	1.181188
934.718750	296.248199
933.574219	145.671432
932.428711	209.054352
931.283203	139.226212
930.137695	-2.621901
928.992188	211.160110
927.845703	-100.855499
926.699219	230.516266
925.552734	180.183441
924.405273	25.206594
923.257813	59.850986
922.110352	127.132156
920.962891	-125.828873
919.814453	-91.264389
918.666016	-93.752693
917.517578	62.630100
916.369141	-46.559299
915.219727	129.271103
914.070313	-23.429440
912.920898	-219.567017
911.770508	-15.606177
910.621094	77.412109
909.470703	22.599602
908.319336	-164.730896
907.168945	12.940270
906.017578	29.824583
904.866211	-5.403853
903.713867	167.749634
902.562500	-251.580032
901.410156	14.857894
900.256836	96.804153
899.104492	89.829224
897.951172	-125.269119
896.797852	-97.484665
895.644531	-35.019958
894.490234	137.924698
893.335938	-9.757752
892.181641	-29.576452
891.027344	-45.022953
889.872070	166.835480
888.716797	-171.026245
887.561523	-47.863281
886.405273	-6.918523
885.249023	-394.127258
884.092773	122.614716
882.936523	-119.521912
881.779297	-69.766106
880.622070	77.243546
879.464844	-179.675781
878.307617	135.855591
877.149414	-6.412536
875.991211	-49.257603
874.833008	52.573124
873.673828	-128.211349
872.514648	223.941422
871.355469	120.989243
870.196289	-141.375702
869.036133	46.952377
867.875977	-172.011490
866.715820	1.331106
865.554688	-81.646240
864.394531	91.784256
863.233398	105.902290
862.071289	130.869003
860.910156	54.792473
859.748047	163.876724
858.585938	399.927032
857.422852	111.255058
856.259766	192.626770
855.096680	119.316223
853.933594	168.652100
852.770508	218.088058
851.606445	80.742813
850.442383	100.356300
849.277344	49.230976
848.113281	4.710640
846.948242	16.134176
845.783203	-107.475853
844.617188	-35.703369
843.451172	128.389893
842.285156	50.284615
841.119141	-79.081505
839.952148	55.340759
838.785156	7.740941
837.618164	-58.959049
836.451172	60.832573
835.283203	133.620453
834.115234	-185.170288
832.947266	-107.758583
831.778320	14.702260
830.609375	-83.040955
829.440430	48.241871
828.271484	263.015137
827.101563	108.071213
825.931641	233.312271
824.761719	217.663452
823.590820	106.073601
822.420898	255.242615
821.250000	336.193848
820.078125	133.399460
818.907227	214.700821
817.735352	456.149261
816.562500	209.214783
815.390625	54.278576
814.217773	68.019615
813.044922	135.222321
811.872070	123.734787
810.698242	116.694077
809.524414	114.102638
808.350586	54.200813
807.176758	100.963249
806.001953	79.775322
804.827148	99.214607
803.651367	-64.134201
802.476563	-57.062386
801.300781	-215.671799
800.125000	97.940254
798.948242	-43.262421
797.772461	126.032661
796.595703	-31.738436
795.417969	4.027229
794.241211	235.316635
793.063477	67.558640
791.885742	120.794662
790.707031	-120.772949
789.529297	380.468079
788.350586	50.222683
787.170898	-76.127754
785.992188	143.307083
784.812500	-5.980230
783.632813	364.120148
782.452148	193.996246
781.272461	134.249664
780.091797	25.990759
778.911133	-192.144333
777.729492	-60.802689
776.547852	79.096596
775.366211	-201.906616
774.184570	105.336739
773.001953	84.831909
771.819336	-106.759163
770.636719	-76.205734
769.453125	-159.637375
768.269531	-118.262024
767.085938	-332.335632
765.902344	-280.137695
764.717773	-120.184654
763.533203	-247.224365
762.348633	28.916389
761.163086	-116.874565
759.977539	-213.988358
758.791992	41.160019
757.606445	-85.276184
756.419922	-158.880020
755.233398	-2.701598
754.046875	-65.605553
752.859375	31.651081
751.672852	-18.465080
750.485352	-15.873017
749.296875	106.730324
748.108398	425.000916
746.919922	141.542297
745.731445	93.793808
744.542969	117.585388
743.353516	44.694717
742.164063	366.947144
740.973633	81.852615
739.783203	72.070305
738.592773	-128.818253
737.402344	-50.376114
736.211914	97.282875
735.020508	274.234802
733.829102	-31.490295
732.636719	92.906197
731.444336	53.626160
730.251953	-17.131895
729.059570	136.371552
727.866211	80.181015
726.673828	28.136950
725.479492	-13.479345
724.286133	74.676468
723.091797	-94.811958
721.897461	-107.330124
720.703125	-9.034769
719.507813	-28.049595
718.312500	40.679783
717.117188	10.971457
715.921875	-140.106369
714.725586	-11.161759
713.529297	192.811615
712.332031	287.908844
711.135742	125.903381
709.938477	13.936501
708.740234	419.610107
707.542969	474.277100
706.344727	664.383240
705.146484	987.741699
703.948242	874.855957
702.749023	1318.591187
701.549805	1128.175903
700.350586	916.815552
699.150391	705.363953
697.950195	475.064575
696.750000	469.610321
695.549805	289.047974
694.348633	118.775085
693.147461	150.259964
691.946289	194.007614
690.744141	145.996521
689.541992	322.413635
688.339844	194.966599
687.136719	360.482544
685.934570	442.584412
684.730469	316.662170
683.527344	373.405243
682.323242	286.622620
681.119141	340.877533
679.915039	201.868225
678.710938	293.106110
677.505859	282.453552
676.300781	120.209785
675.094727	275.177948
673.889648	141.725372
672.683594	51.721638
671.476563	25.868355
670.270508	-16.666817
669.063477	108.487877
667.856445	194.140869
666.648438	122.318146
665.440430	-53.032822
664.232422	-129.014343
663.024414	-37.411198
661.815430	-72.038551
660.606445	-197.631424
659.397461	-4.748116
658.188477	270.777069
656.978516	-36.496414
655.768555	86.199936
654.557617	-102.916946
653.346680	38.611874
652.135742	2.719379
650.924805	-8.163736
649.712891	3.913242
648.501953	-39.419594
647.289063	-195.842346
646.077148	-228.096054
644.864258	6.015893
643.651367	-70.741814
642.438477	147.695694
641.224609	-142.251770
640.010742	-56.620895
638.796875	136.696838
637.582031	353.274139
636.367188	-11.924051
635.152344	37.454243
633.937500	219.351349
632.721680	83.342926
631.505859	84.124283
630.289063	266.897430
629.073242	290.441132
627.856445	298.782196
626.639648	437.852478
625.421875	335.934387
624.204102	473.721893
622.986328	186.062332
621.768555	47.966423
620.549805	65.594269
619.331055	-179.529266
618.111328	-45.216228
616.892578	154.646271
