1721.000977	-69.748489
1720.027344	353.303467
1719.052734	64.282639
1718.078125	187.612457
1717.104492	-82.394684
1716.128906	162.399139
1715.154297	-103.912262
1714.178711	47.032394
1713.204102	38.344563
1712.228516	-17.131208
1711.251953	36.950409
1710.276367	292.810852
1709.299805	12.745012
1708.324219	236.708832
1707.347656	-23.764776
1706.370117	109.526291
1705.393555	55.549755
1704.416016	297.924835
1703.438477	-89.411385
1702.460938	-31.985600
1701.483398	-72.083176
1700.505859	-173.832123
1699.527344	225.046463
1698.548828	112.452187
1697.570313	-13.128157
1696.591797	-215.517105
1695.612305	133.493881
1694.632813	-161.203369
1693.653320	77.503944
1692.673828	-110.234955
1691.694336	84.662086
1690.713867	116.053749
1689.734375	106.528877
1688.753906	-303.457672
1687.772461	252.784790
1686.791992	-129.208786
1685.810547	-111.073708
1684.830078	29.311956
1683.848633	-204.879807
1682.866211	85.568420
1681.884766	-222.447372
1680.902344	9.280228
1679.919922	-240.119995
1678.937500	-255.321152
1677.955078	161.968048
1676.971680	-351.848877
1675.989258	-36.400249
1675.005859	34.839134
1674.022461	-0.678438
1673.038086	-31.089945
1672.054688	68.167740
1671.070313	152.159683
1670.085938	157.438065
1669.101563	241.489868
1668.117188	178.323242
1667.131836	-67.528587
1666.146484	-39.140007
1665.161133	286.154388
1664.175781	177.631058
1663.189453	56.521633
1662.204102	1.499773
1661.217773	93.588074
1660.231445	-128.553680
1659.245117	-203.544876
1658.257813	218.109039
1657.270508	-107.526909
1656.284180	58.373417
1655.295898	69.798492
1654.308594	-7.256267
1653.321289	52.480213
1652.333008	291.906189
1651.344727	43.088837
1650.356445	201.672592
1649.367188	-117.663200
1648.378906	96.696648
1647.389648	-108.553200
1646.400391	-71.020721
1645.411133	133.342117
1644.420898	130.548462
1643.431641	-51.438572
1642.441406	97.488182
1641.451172	140.414948
1640.459961	213.671265
1639.469727	244.111572
1638.478516	2.122767
1637.487305	123.542259
1636.496094	545.089050
1635.504883	66.431267
1634.512695	462.738373
1633.520508	513.681091
1632.528320	136.319992
1631.536133	280.666687
1630.543945	775.119568
1629.550781	624.760254
1628.557617	623.069336
1627.564453	1059.421753
1626.571289	760.811157
1625.578125	1093.913208
1624.583984	1135.108521
1623.589844	1342.332275
1622.595703	1602.324463
1621.601563	1646.061279
1620.606445	1737.556274
1619.611328	1846.648682
1618.616211	1767.312866
1617.621094	1848.809937
1616.625977	1666.620117
1615.629883	1949.019043
1614.633789	1787.015625
1613.637695	1768.165894
1612.641602	1257.546021
1611.645508	1723.053833
1610.648438	1453.471313
1609.651367	1542.619507
1608.654297	1689.414307
1607.657227	1916.380615
1606.659180	2045.505859
1605.662109	2277.344238
1604.664063	2276.104736
1603.666016	1816.547974
1602.666992	2145.926758
1601.668945	2247.383789
1600.669922	1930.784058
1599.670898	1776.976196
1598.671875	1925.964355
1597.671875	1862.247681
1596.672852	1866.101318
1595.672852	1762.410645
1594.672852	1418.774414
1593.671875	1520.123535
1592.671875	1364.069336
1591.670898	1045.659546
1590.669922	784.819092
1589.668945	953.589417
1588.667969	752.765991
1587.666016	883.971619
1586.664063	738.090454
1585.662109	532.365356
1584.660156	596.121216
1583.658203	482.749451
1582.655273	793.279297
1581.652344	403.114807
1580.649414	449.274414
1579.646484	363.313812
1578.642578	277.336609
1577.638672	405.586945
1576.634766	244.866730
1575.630859	295.823578
1574.626953	525.960693
1573.622070	-120.125877
1572.618164	50.217464
1571.613281	155.749924
1570.607422	-213.890396
1569.602539	249.678955
1568.596680	88.947647
1567.590820	-161.234009
1566.584961	463.438354
1565.579102	163.517227
1564.572266	263.608673
1563.566406	-234.906265
1562.559570	225.204361
1561.551758	449.215790
1560.544922	-307.291382
1559.537109	-150.337158
1558.530273	-186.979477
1557.521484	-117.028748
1556.513672	-285.197632
1555.505859	27.682684
1554.497070	10.673631
1553.488281	273.696808
1552.479492	-283.608765
1551.470703	-127.228935
1550.460938	-67.572968
1549.451172	182.702896
1548.441406	-30.137121
1547.431641	165.505234
1546.421875	180.372787
1545.411133	289.200928
1544.400391	-272.429901
1543.389648	392.861877
1542.378906	-79.596802
1541.367188	-59.945389
1540.355469	78.308815
1539.343750	50.912800
1538.332031	13.619453
1537.320313	-342.324158
1536.307617	168.653503
1535.294922	281.877441
1534.282227	-83.866165
1533.269531	125.572258
1532.256836	268.281677
1531.243164	-3.564615
1530.229492	331.434662
1529.215820	108.974121
1528.202148	-352.552460
1527.187500	-259.319427
1526.172852	6.367706
1525.158203	5.834409
1524.143555	47.169907
1523.127930	177.115997
1522.113281	41.095474
1521.097656	340.840637
1520.082031	374.635864
1519.065430	477.291443
1518.049805	-44.972980
1517.033203	-109.534325
1516.016602	84.149635
1515.000000	400.687775
1513.982422	-96.578194
1512.965820	-318.346680
1511.948242	322.409912
1510.930664	206.270889
1509.913086	-3.137206
1508.894531	217.252060
1507.875977	3.019916
1506.857422	309.253845
1505.838867	63.222988
1504.820313	104.372269
1503.800781	385.893280
1502.781250	360.757813
1501.761719	29.164654
1500.742188	77.707191
1499.721680	33.096733
1498.702148	93.925186
1497.681641	110.633163
1496.661133	117.571091
1495.639648	166.141846
1494.618164	180.451630
1493.597656	-62.202118
1492.576172	282.605988
1491.553711	-13.768816
1490.532227	167.067352
1489.509766	0.548005
1488.487305	-165.853790
1487.464844	122.572472
1486.442383	132.287277
1485.418945	49.164680
1484.395508	66.294678
1483.372070	-234.071259
1482.348633	298.503906
1481.324219	37.365093
1480.300781	137.695984
1479.276367	255.102997
1478.251953	79.714783
1477.226563	-68.727020
1476.202148	0.050487
1475.176758	249.287064
1474.151367	142.538712
1473.125000	-144.491730
1472.099609	331.452332
1471.073242	20.273321
1470.046875	379.175293
1469.020508	146.192749
1467.994141	266.440155
1466.966797	182.202759
1465.939453	504.527985
1464.912109	-2.971646
1463.884766	180.742111
1462.856445	250.114883
1461.829102	273.356537
1460.800781	187.242004
1459.772461	604.411804
1458.743164	661.790405
1457.714844	755.698181
1456.685547	941.939941
1455.656250	868.319824
1454.625977	787.512573
1453.596680	740.839661
1452.566406	898.130066
1451.536133	829.769409
1450.505859	742.125793
1449.474609	800.120361
1448.444336	489.596893
1447.413086	814.514099
1446.381836	753.960205
1445.350586	744.428162
1444.318359	599.284668
1443.286133	510.016083
1442.253906	701.837891
1441.221680	520.766235
1440.189453	487.551727
1439.156250	345.510773
1438.123047	121.355598
1437.089844	18.367886
1436.056641	389.626221
1435.022461	11.113400
1433.988281	331.625000
1432.954102	-48.924511
1431.919922	-18.347321
1430.885742	285.362762
1429.850586	-99.471275
1428.815430	-131.406036
1427.780273	-165.638565
1426.744141	56.142666
1425.708984	-166.173004
1424.672852	-178.357208
1423.636719	-154.240662
1422.600586	116.018494
1421.563477	96.847443
1420.527344	-486.402832
1419.490234	10.653250
1418.452148	-49.151939
1417.415039	18.904852
1416.376953	87.018417
1415.338867	70.909630
1414.300781	175.316635
1413.262695	272.567383
1412.224609	23.263266
1411.185547	-52.570057
1410.146484	59.400887
1409.107422	-167.742142
1408.067383	-207.113846
1407.027344	-121.326485
1405.987305	-33.067898
1404.947266	216.290451
1403.907227	76.373161
1402.866211	-185.922333
1401.826172	128.471207
1400.785156	281.927246
1399.743164	188.113571
1398.702148	336.897522
1397.660156	336.910919
1396.618164	221.860489
1395.576172	541.148010
1394.533203	414.296539
1393.491211	738.402710
1392.448242	1163.142334
1391.405273	1503.908936
1390.361328	1727.198486
1389.318359	1806.763184
1388.274414	2240.865234
1387.230469	2488.093018
1386.186523	2416.879639
1385.141602	2776.643311
1384.097656	3004.736328
1383.052734	3204.101563
1382.007813	2719.315674
1380.961914	2976.226563
1379.916992	2659.260010
1378.871094	2266.008301
1377.825195	2496.832275
1376.778320	2111.119385
1375.732422	2263.212891
1374.685547	1569.764038
1373.638672	1905.949707
1372.591797	1499.550049
1371.543945	1692.539063
1370.497070	1634.962036
1369.449219	1372.279541
1368.400391	1159.877686
1367.352539	1241.007935
1366.303711	1479.545654
1365.255859	1234.132813
1364.206055	1034.163574
1363.157227	1008.319519
1362.108398	1420.922852
1361.058594	1006.897522
1360.008789	1348.020508
1358.958984	1015.282898
1357.908203	1401.616577
1356.857422	1528.446899
1355.806641	1148.499268
1354.755859	1166.041870
1353.705078	1219.319824
1352.653320	1032.472290
1351.601563	1295.072632
1350.549805	1070.389160
1349.498047	1128.635498
1348.445313	897.068359
1347.393555	549.287964
1346.340820	548.410583
1345.287109	970.189026
1344.234375	928.980896
1343.180664	809.520081
1342.126953	666.441772
1341.073242	393.006348
1340.019531	575.099426
1338.964844	629.107056
1337.910156	7.519639
1336.855469	339.027435
1335.799805	471.383850
1334.745117	248.375214
1333.689453	321.572235
1332.633789	477.656494
1331.578125	254.915817
1330.521484	-71.853111
1329.464844	-192.550873
1328.408203	98.528358
1327.351563	37.059139
1326.294922	46.598869
1325.237305	120.003029
1324.179688	-165.910400
1323.122070	-182.236359
1322.064453	-40.206497
1321.005859	175.015305
1319.947266	99.657051
1318.888672	62.147266
1317.830078	-152.390198
1316.770508	17.923887
1315.710938	-189.385696
1314.651367	-170.089600
1313.591797	-23.399900
1312.531250	175.121384
1311.471680	-88.541725
1310.411133	282.026947
1309.349609	-356.259552
1308.289063	-87.073593
1307.227539	160.798080
1306.166016	-64.826965
1305.104492	-205.570862
1304.042969	9.248956
1302.980469	-154.972214
1301.917969	-142.619965
1300.855469	-252.601517
1299.792969	274.914154
1298.729492	-72.622841
1297.666016	106.659706
1296.602539	100.171005
1295.539063	-305.835968
1294.474609	183.534302
1293.411133	-24.980713
1292.346680	-10.292136
1291.281250	-28.494576
1290.216797	129.391632
1289.151367	190.971054
1288.085938	156.315155
1287.020508	443.075439
1285.955078	258.258942
1284.888672	47.714485
1283.822266	106.880730
1282.755859	405.100677
1281.689453	208.709503
1280.622070	495.040497
1279.554688	502.489410
1278.487305	519.289917
1277.419922	362.812439
1276.351563	145.515289
1275.283203	66.391968
1274.214844	310.203552
1273.146484	291.879089
1272.077148	413.880890
1271.008789	528.806030
1269.939453	157.384369
1268.869141	534.056763
1267.799805	410.475098
1266.729492	471.494202
1265.659180	537.142944
1264.588867	460.295807
1263.517578	486.184692
1262.447266	460.703766
1261.375977	428.204071
1260.304688	246.370789
1259.232422	372.517853
1258.161133	715.500488
1257.088867	834.458862
1256.016602	605.988281
1254.943359	440.519989
1253.871094	701.546082
1252.797852	1048.624634
1251.724609	1174.261230
1250.650391	901.601929
1249.577148	1190.146851
1248.502930	1138.692261
1247.428711	614.825989
1246.354492	1196.325195
1245.279297	1051.785034
1244.204102	821.235046
1243.128906	386.159180
1242.053711	439.416809
1240.977539	759.888367
1239.902344	510.929657
1238.826172	770.797913
1237.750000	807.569397
1236.672852	479.722260
1235.595703	667.383728
1234.518555	636.760681
1233.441406	487.782837
1232.364258	304.047791
1231.286133	459.006287
1230.208008	298.488831
1229.129883	307.272705
1228.051758	536.232971
1226.972656	178.742249
1225.893555	136.490433
1224.814453	119.719810
1223.734375	-49.935310
1222.655273	433.428467
1221.575195	175.767273
1220.495117	52.435219
1219.415039	285.475372
1218.333984	407.338470
1217.252930	189.128662
1216.171875	-61.376530
1215.090820	74.283951
1214.008789	392.451477
1212.926758	-246.234573
1211.844727	-191.559158
1210.762695	-5.268206
1209.679688	266.350708
1208.597656	-76.302467
1207.513672	123.604439
1206.430664	28.013075
1205.347656	188.553864
1204.263672	-98.521751
1203.179688	11.187548
1202.095703	-229.646133
1201.010742	32.138790
1199.925781	-17.349281
1198.840820	-87.574959
1197.755859	12.684664
1196.670898	71.425926
1195.584961	560.716675
1194.499023	-195.709702
1193.413086	-28.848982
1192.326172	-71.496666
1191.239258	83.713547
1190.152344	271.039734
1189.065430	170.810257
1187.978516	-124.818329
1186.890625	156.612335
1185.802734	293.120972
1184.714844	11.387475
1183.625977	372.940582
1182.538086	263.528351
1181.449219	264.348511
1180.360352	501.599487
1179.270508	603.306030
1178.180664	665.951660
1177.090820	645.966309
1176.000977	623.682312
1174.911133	566.998291
1173.820313	624.938965
1172.729492	648.464478
1171.638672	630.715698
1170.547852	473.216248
1169.456055	826.533813
1168.364258	440.026855
1167.272461	527.594116
1166.179688	381.627441
1165.087891	910.812439
1163.995117	1377.967651
1162.902344	1300.494751
1161.808594	1717.011963
1160.715820	1861.255859
1159.622070	1342.505737
1158.528320	1653.569458
1157.433594	1023.104370
1156.339844	1041.678955
1155.245117	946.029663
1154.149414	585.535461
1153.054688	359.885864
1151.958984	554.270508
1150.863281	125.614166
1149.767578	431.725555
1148.671875	470.835144
1147.575195	297.838501
1146.478516	248.015884
1145.381836	-27.445160
1144.285156	18.517853
1143.187500	157.843369
1142.089844	-40.008690
1140.992188	135.684311
1139.894531	-130.398010
1138.795898	-200.625870
1137.697266	15.905950
1136.598633	-318.271423
1135.499023	-211.028229
1134.400391	105.395210
1133.300781	-178.600922
1132.201172	30.798664
1131.100586	-132.635727
1130.000977	-177.847595
1128.900391	-98.116508
1127.799805	245.017303
1126.698242	63.456852
1125.596680	181.622833
1124.495117	-56.610023
1123.393555	361.027496
1122.291992	551.601501
1121.189453	562.886047
1120.086914	853.067322
1118.984375	764.496582
1117.881836	1568.989746
1116.778320	1362.418457
1115.674805	1713.258057
1114.571289	1411.586182
1113.466797	1701.071167
1112.363281	1324.785034
1111.258789	1242.904785
1110.153320	1505.008179
1109.048828	1160.631958
1107.943359	1112.702881
1106.837891	1162.020630
1105.732422	1163.814941
1104.625977	1009.601685
1103.520508	789.909851
1102.414063	545.424011
1101.306641	605.979431
1100.200195	598.738037
1099.092773	212.126373
1097.985352	742.189880
1096.877930	333.099731
1095.769531	50.519913
1094.661133	307.202911
1093.552734	329.179199
1092.444336	64.744873
1091.335938	199.426498
1090.226563	230.329300
1089.117188	209.354172
1088.006836	138.785995
1086.897461	306.978271
1085.787109	-24.865728
1084.676758	80.166672
1083.566406	367.437836
1082.455078	413.744141
1081.343750	621.978699
1080.232422	348.722656
1079.121094	678.236694
1078.008789	515.168640
1076.896484	639.849121
1075.784180	741.960754
1074.671875	576.611938
1073.558594	665.110352
1072.445313	544.665710
1071.332031	574.663635
1070.217773	710.091492
1069.104492	398.811218
1067.990234	442.122650
1066.875977	283.469940
1065.760742	-5.253510
1064.645508	111.943306
1063.530273	177.473343
1062.415039	146.542511
1061.299805	299.309814
1060.183594	308.562897
1059.067383	-116.753868
1057.951172	102.955986
1056.833984	183.686996
1055.716797	237.461746
1054.599609	-131.771744
1053.482422	203.801758
1052.364258	-42.385925
1051.247070	221.325302
1050.128906	82.413490
1049.009766	117.826492
1047.891602	23.552843
1046.772461	217.441360
1045.653320	-234.352158
1044.533203	117.892769
1043.414063	-144.053635
1042.293945	-211.780502
1041.173828	-60.862282
1040.052734	112.210335
1038.932617	347.586975
1037.811523	-17.130564
1036.689453	-147.674149
1035.568359	194.328903
1034.446289	-174.832489
1033.324219	10.869258
1032.202148	24.874393
1031.079102	-219.566086
1029.957031	-388.274078
1028.833984	-187.488693
1027.709961	-456.488586
1026.586914	-191.446823
1025.462891	-137.962234
1024.338867	175.610596
1023.214844	-0.233327
1022.089844	-245.024765
1020.964844	-327.563324
1019.839844	100.892136
1018.714844	-343.995331
1017.588867	-2.577082
1016.462891	176.488297
1015.336914	153.348251
1014.210938	-209.466888
1013.083984	177.769379
1011.957031	-227.273010
1010.830078	232.760513
1009.702148	441.885345
1008.574219	777.166260
1007.446289	1400.317261
1006.318359	2519.435303
1005.190430	3761.992188
1004.061523	3947.334961
1002.932617	2828.189209
1001.802734	1977.300171
1000.673828	1108.991577
999.543945	-82.139778
998.414063	313.436768
997.283203	164.567932
996.153320	152.769455
995.022461	346.450134
993.891602	276.887238
992.759766	653.606873
991.628906	689.801514
990.497070	200.137054
989.364258	465.808289
988.232422	539.168396
987.099609	504.191559
985.966797	625.788696
984.833984	912.682373
983.700195	883.862976
982.566406	612.351318
981.432617	722.264526
980.298828	591.731445
979.164063	950.359619
978.029297	306.197662
976.894531	437.581665
975.759766	720.738281
974.624023	362.903656
973.488281	733.728638
972.352539	556.260437
971.215820	409.535675
970.080078	410.153748
968.943359	368.844086
967.805664	443.938904
966.668945	343.034302
965.531250	738.726501
964.393555	461.753357
963.254883	154.010773
962.117188	395.365265
960.978516	434.459412
959.839844	552.441895
958.700195	512.212158
957.561523	790.059753
956.421875	756.134399
955.281250	833.940796
954.141602	1023.440979
953.000977	940.885925
951.860352	1097.147949
950.719727	1130.517456
949.578125	826.374023
948.436523	1015.047546
947.294922	730.559021
946.153320	400.112946
945.010742	498.675018
943.868164	588.333313
942.725586	277.503571
941.583008	207.304657
940.439453	174.186508
939.295898	309.319824
938.152344	-14.695891
937.007813	37.167377
935.863281	77.994789
934.718750	-73.496773
933.574219	128.741669
932.428711	298.031036
931.283203	272.902313
930.137695	-7.607095
928.992188	-106.990944
927.845703	72.751381
926.699219	-33.321350
925.552734	-65.300392
924.405273	212.150833
923.257813	217.013290
922.110352	269.738861
920.962891	257.033417
919.814453	-99.809464
918.666016	65.957275
917.517578	168.473221
916.369141	157.729538
915.219727	-131.554214
914.070313	212.201324
912.920898	162.151566
911.770508	70.758331
910.621094	14.165988
909.470703	392.158386
908.319336	-251.179245
907.168945	-107.940536
906.017578	78.615433
904.866211	0.197497
903.713867	-227.990097
902.562500	-39.415768
901.410156	96.970139
900.256836	148.671219
899.104492	358.672272
897.951172	-263.976868
896.797852	-166.707718
895.644531	-258.004822
894.490234	-314.608826
893.335938	92.361320
892.181641	-161.324921
891.027344	46.277695
889.872070	409.639709
888.716797	-4.021820
887.561523	2.265753
886.405273	-4.405703
885.249023	8.426884
884.092773	265.611267
882.936523	157.432755
881.779297	-251.043854
880.622070	-19.761850
879.464844	-4.521843
878.307617	148.988861
877.149414	-1.941926
875.991211	432.226685
874.833008	22.494871
873.673828	-26.677362
872.514648	325.461578
871.355469	69.400192
870.196289	296.498108
869.036133	-114.456230
867.875977	173.104843
866.715820	-43.509842
865.554688	248.414246
864.394531	598.483887
863.233398	22.710119
862.071289	334.132507
860.910156	490.618805
859.748047	416.942444
858.585938	184.263824
857.422852	280.845093
856.259766	768.819092
855.096680	134.697479
853.933594	246.718597
852.770508	333.065979
851.606445	380.853912
850.442383	267.729950
849.277344	161.249985
848.113281	284.684631
846.948242	219.380325
845.783203	147.854904
844.617188	48.645237
843.451172	194.139801
842.285156	185.400620
841.119141	260.454529
839.952148	-212.942459
838.785156	378.894135
837.618164	15.346367
836.451172	35.499355
835.283203	-51.202866
834.115234	-150.490967
832.947266	-200.295670
831.778320	-254.145279
830.609375	-463.888458
829.440430	43.082848
828.271484	507.286743
827.101563	69.488403
825.931641	159.959030
824.761719	417.271118
823.590820	102.256592
822.420898	233.957260
821.250000	263.351196
820.078125	339.921295
818.907227	553.297607
817.735352	649.470825
816.562500	370.439117
815.390625	516.162964
814.217773	293.235535
813.044922	531.065063
811.872070	364.164185
810.698242	-77.243584
809.524414	-11.251072
808.350586	-38.724998
807.176758	40.522461
806.001953	-71.573845
804.827148	-185.483261
803.651367	-392.696564
802.476563	-86.939507
801.300781	172.146225
800.125000	184.757721
798.948242	374.033386
797.772461	-171.751053
796.595703	196.494339
795.417969	452.249451
794.241211	274.960022
793.063477	350.638733
791.885742	148.491638
790.707031	324.399719
789.529297	481.392181
788.350586	195.267914
787.170898	537.177429
785.992188	894.023193
784.812500	515.471924
783.632813	501.808990
782.452148	437.536682
781.272461	619.223022
780.091797	546.949768
778.911133	218.781967
777.729492	362.964142
776.547852	424.771515
775.366211	59.438091
774.184570	320.529785
773.001953	363.904327
771.819336	-99.898857
770.636719	-87.748055
769.453125	-375.461304
768.269531	-126.273720
767.085938	-202.272873
765.902344	-100.690994
764.717773	-163.647034
763.533203	26.853043
762.348633	185.767853
761.163086	110.603394
759.977539	-211.135559
758.791992	51.481804
757.606445	141.245499
756.419922	-2.842592
755.233398	-83.532684
754.046875	78.179626
752.859375	260.975769
751.672852	-166.822464
750.485352	500.295654
749.296875	373.760010
748.108398	592.424438
746.919922	804.741882
745.731445	430.262634
744.542969	259.955017
743.353516	438.714844
742.164063	165.582687
740.973633	335.926849
739.783203	268.846252
738.592773	-12.406025
737.402344	107.489365
736.211914	225.222900
735.020508	317.697815
733.829102	747.891663
732.636719	441.586456
731.444336	598.837952
730.251953	523.238831
729.059570	181.405365
727.866211	122.568619
726.673828	212.435364
725.479492	503.243835
724.286133	98.574524
723.091797	54.089825
721.897461	189.518173
720.703125	-28.894753
719.507813	323.812714
718.312500	-57.950573
717.117188	-356.040039
715.921875	330.560181
714.725586	-112.019958
713.529297	-21.698488
712.332031	-199.009338
711.135742	28.782484
709.938477	692.702332
708.740234	356.107117
707.542969	718.682922
706.344727	1631.759888
705.146484	1991.349121
703.948242	2878.231445
702.749023	3042.987549
701.549805	2696.685303
700.350586	2191.915527
699.150391	1601.717041
697.950195	971.987793
696.750000	765.117188
695.549805	426.924957
694.348633	280.178406
693.147461	-135.217361
691.946289	252.524323
690.744141	446.379425
689.541992	400.740326
688.339844	248.853180
687.136719	331.715515
685.934570	543.187439
684.730469	145.542282
683.527344	501.950928
682.323242	577.625549
681.119141	447.525055
679.915039	221.828568
678.710938	419.450684
677.505859	286.923859
676.300781	417.771088
675.094727	307.867157
673.889648	318.180389
672.683594	34.056255
671.476563	454.608948
670.270508	-316.395416
669.063477	83.275978
667.856445	422.715942
666.648438	395.567963
665.440430	115.975296
664.232422	440.882904
663.024414	-307.996704
661.815430	54.386513
660.606445	137.628769
659.397461	171.460556
658.188477	118.751259
656.978516	82.919998
655.768555	293.333069
654.557617	276.864319
653.346680	341.415833
652.135742	-101.396271
650.924805	212.011597
649.712891	96.701675
648.501953	-269.519958
647.289063	287.141724
646.077148	-29.909039
644.864258	-329.403992
643.651367	-85.710724
642.438477	53.850052
641.224609	-246.354645
640.010742	192.143814
638.796875	436.152527
637.582031	584.712952
636.367188	508.333405
635.152344	701.098206
633.937500	465.564514
632.721680	678.268127
631.505859	911.326599
630.289063	918.182434
629.073242	1342.350952
627.856445	969.392517
626.639648	1313.913574
625.421875	1196.754517
624.204102	792.887695
622.986328	560.424377
621.768555	762.070984
620.549805	659.093445
619.331055	110.312950
618.111328	397.969635
616.892578	20.789770
