1721.000977	-164.122345
1720.027344	292.108521
1719.052734	116.331230
1718.078125	-26.242367
1717.104492	218.398865
1716.128906	-57.934078
1715.154297	86.197227
1714.178711	368.510376
1713.204102	207.126953
1712.228516	286.517120
1711.251953	42.885124
1710.276367	9.271523
1709.299805	85.643623
1708.324219	-14.800885
1707.347656	117.616104
1706.370117	-57.277508
1705.393555	156.761673
1704.416016	78.948364
1703.438477	65.022362
1702.460938	66.363518
1701.483398	72.740097
1700.505859	-92.221466
1699.527344	-55.296165
1698.548828	-61.882786
1697.570313	-40.418114
1696.591797	93.368851
1695.612305	211.720612
1694.632813	13.410528
1693.653320	57.636719
1692.673828	-102.340439
1691.694336	-213.797867
1690.713867	-72.707069
1689.734375	60.675259
1688.753906	20.583241
1687.772461	-52.657269
1686.791992	-220.160904
1685.810547	-20.666687
1684.830078	-109.128479
1683.848633	120.831573
1682.866211	45.087399
1681.884766	-84.068321
1680.902344	-4.435802
1679.919922	-138.606445
1678.937500	14.826245
1677.955078	28.295036
1676.971680	-59.978260
1675.989258	238.353638
1675.005859	63.678501
1674.022461	125.497780
1673.038086	85.647224
1672.054688	68.726318
1671.070313	34.044552
1670.085938	50.203400
1669.101563	-2.171066
1668.117188	34.364521
1667.131836	-10.319303
1666.146484	99.847168
1665.161133	-160.416595
1664.175781	48.735752
1663.189453	120.874771
1662.204102	-161.939835
1661.217773	62.389477
1660.231445	91.507851
1659.245117	64.905792
1658.257813	18.070759
1657.270508	-26.172737
1656.284180	86.663651
1655.295898	-63.849663
1654.308594	-11.741095
1653.321289	-205.100540
1652.333008	100.106270
1651.344727	-146.258667
1650.356445	-233.140854
1649.367188	125.084778
1648.378906	98.934868
1647.389648	176.450821
1646.400391	3.790132
1645.411133	88.948479
1644.420898	-30.515415
1643.431641	62.265045
1642.441406	-41.921368
1641.451172	33.208427
1640.459961	-30.489918
1639.469727	-8.316263
1638.478516	54.234215
1637.487305	-125.356438
1636.496094	-103.090820
1635.504883	-0.120941
1634.512695	29.720486
1633.520508	288.923096
1632.528320	265.837738
1631.536133	94.159050
1630.543945	63.625538
1629.550781	347.889008
1628.557617	317.357788
1627.564453	231.488174
1626.571289	721.978638
1625.578125	885.202454
1624.583984	811.907227
1623.589844	607.885864
1622.595703	816.348572
1621.601563	723.070984
1620.606445	1097.338867
1619.611328	978.940125
1618.616211	1157.072266
1617.621094	1106.570435
1616.625977	933.052185
1615.629883	1234.153931
1614.633789	1048.151733
1613.637695	1027.887695
1612.641602	957.462708
1611.645508	944.782166
1610.648438	1253.155762
1609.651367	1293.092651
1608.654297	1147.498657
1607.657227	1192.480469
1606.659180	1352.722656
1605.662109	1362.586304
1604.664063	1129.453125
1603.666016	1590.180420
1602.666992	1174.310059
1601.668945	1281.861328
1600.669922	1236.682983
1599.670898	1461.792358
1598.671875	1439.125977
1597.671875	1211.347656
1596.672852	1423.835571
1595.672852	926.130371
1594.672852	1076.088867
1593.671875	861.077698
1592.671875	901.049622
1591.670898	806.088135
1590.669922	943.456360
1589.668945	743.648132
1588.667969	488.999817
1587.666016	576.417358
1586.664063	394.271362
1585.662109	321.986359
1584.660156	421.858795
1583.658203	-27.004265
1582.655273	229.977982
1581.652344	257.493652
1580.649414	83.104919
1579.646484	105.654305
1578.642578	63.401363
1577.638672	237.874100
1576.634766	240.433624
1575.630859	1.472280
1574.626953	91.202759
1573.622070	-5.782272
1572.618164	287.948486
1571.613281	260.614807
1570.607422	-65.197533
1569.602539	29.398857
1568.596680	7.084735
1567.590820	-42.565876
1566.584961	119.041672
1565.579102	146.406342
1564.572266	19.724483
1563.566406	22.253653
1562.559570	54.562424
1561.551758	186.143967
1560.544922	-106.753906
1559.537109	205.951096
1558.530273	-178.632828
1557.521484	109.130508
1556.513672	59.504433
1555.505859	86.759666
1554.497070	-81.849632
1553.488281	37.105190
1552.479492	-131.430420
1551.470703	329.356140
1550.460938	-183.471313
1549.451172	131.010056
1548.441406	-200.832428
1547.431641	83.811981
1546.421875	61.462025
1545.411133	66.322182
1544.400391	95.915924
1543.389648	127.968071
1542.378906	-166.390274
1541.367188	-15.646971
1540.355469	90.541801
1539.343750	-10.890113
1538.332031	-80.161201
1537.320313	-225.978210
1536.307617	265.405457
1535.294922	-114.994484
1534.282227	-21.275410
1533.269531	3.301273
1532.256836	180.853058
1531.243164	-107.939743
1530.229492	32.555717
1529.215820	-132.783249
1528.202148	-66.300079
1527.187500	-22.039003
1526.172852	4.955095
1525.158203	-32.118202
1524.143555	-12.514397
1523.127930	-138.234711
1522.113281	-52.125183
1521.097656	-39.915176
1520.082031	53.520332
1519.065430	-72.101074
1518.049805	-52.494648
1517.033203	55.647465
1516.016602	124.403381
1515.000000	-89.609314
1513.982422	65.186424
1512.965820	-33.198231
1511.948242	60.109200
1510.930664	-52.967533
1509.913086	74.708694
1508.894531	-3.939282
1507.875977	8.293508
1506.857422	-193.012451
1505.838867	-13.848941
1504.820313	-178.238983
1503.800781	35.197380
1502.781250	-58.000988
1501.761719	204.385071
1500.742188	336.746582
1499.721680	35.244869
1498.702148	299.937469
1497.681641	-121.445236
1496.661133	123.590599
1495.639648	148.128204
1494.618164	-20.742943
1493.597656	72.400536
1492.576172	-3.355304
1491.553711	1.669692
1490.532227	136.372574
1489.509766	16.669611
1488.487305	117.105209
1487.464844	107.503975
1486.442383	110.147522
1485.418945	-31.378733
1484.395508	103.250748
1483.372070	-60.158985
1482.348633	8.523292
1481.324219	-113.259506
1480.300781	75.061005
1479.276367	263.309784
1478.251953	-63.348000
1477.226563	-180.057190
1476.202148	-30.829744
1475.176758	69.575516
1474.151367	-95.777901
1473.125000	53.383179
1472.099609	73.359077
1471.073242	229.777893
1470.046875	140.130722
1469.020508	-63.918072
1467.994141	131.465775
1466.966797	202.625916
1465.939453	302.990814
1464.912109	77.271660
1463.884766	104.689430
1462.856445	207.509735
1461.829102	74.444328
1460.800781	218.616013
1459.772461	318.999878
1458.743164	280.832367
1457.714844	553.727234
1456.685547	690.487305
1455.656250	375.481934
1454.625977	475.844238
1453.596680	505.804840
1452.566406	533.342529
1451.536133	371.619568
1450.505859	491.425201
1449.474609	412.300781
1448.444336	406.003998
1447.413086	457.916199
1446.381836	279.554932
1445.350586	300.027802
1444.318359	407.741516
1443.286133	391.891205
1442.253906	293.732880
1441.221680	290.084991
1440.189453	233.209396
1439.156250	331.286346
1438.123047	422.092834
1437.089844	118.529358
1436.056641	163.447525
1435.022461	210.785583
1433.988281	190.435562
1432.954102	-202.145447
1431.919922	45.935162
1430.885742	376.095428
1429.850586	97.355713
1428.815430	-38.731960
1427.780273	-61.234001
1426.744141	87.706032
1425.708984	132.836258
1424.672852	161.076599
1423.636719	-230.474319
1422.600586	-26.011816
1421.563477	48.152725
1420.527344	-157.365799
1419.490234	97.659523
1418.452148	133.275620
1417.415039	291.810059
1416.376953	-151.976883
1415.338867	175.208420
1414.300781	131.440094
1413.262695	121.430984
1412.224609	-49.815109
1411.185547	209.804810
1410.146484	-52.761578
1409.107422	-62.606163
1408.067383	100.737411
1407.027344	119.773338
1405.987305	-161.662552
1404.947266	-159.339905
1403.907227	225.080978
1402.866211	167.314667
1401.826172	227.306686
1400.785156	42.351528
1399.743164	196.021423
1398.702148	371.271423
1397.660156	659.259521
1396.618164	260.944611
1395.576172	400.168274
1394.533203	491.385590
1393.491211	654.539490
1392.448242	846.409424
1391.405273	877.645447
1390.361328	872.944885
1389.318359	949.740662
1388.274414	1289.998047
1387.230469	1462.509399
1386.186523	1395.556030
1385.141602	1544.083130
1384.097656	1575.318481
1383.052734	1690.303711
1382.007813	1668.914917
1380.961914	1571.021851
1379.916992	1614.285278
1378.871094	1246.364258
1377.825195	1516.783325
1376.778320	1182.541138
1375.732422	1194.893921
1374.685547	1066.334961
1373.638672	976.066467
1372.591797	978.976929
1371.543945	986.678284
1370.497070	748.602234
1369.449219	835.138855
1368.400391	866.789978
1367.352539	676.661072
1366.303711	789.454773
1365.255859	876.012756
1364.206055	640.777283
1363.157227	729.752808
1362.108398	692.446045
1361.058594	731.392944
1360.008789	584.600098
1358.958984	637.887451
1357.908203	741.152588
1356.857422	775.382263
1355.806641	738.240356
1354.755859	751.093811
1353.705078	892.391602
1352.653320	581.863342
1351.601563	597.177368
1350.549805	453.265137
1349.498047	670.624390
1348.445313	263.088470
1347.393555	378.304565
1346.340820	595.595703
1345.287109	261.994843
1344.234375	230.024261
1343.180664	295.378082
1342.126953	339.371002
1341.073242	395.227386
1340.019531	199.685272
1338.964844	352.792969
1337.910156	328.060364
1336.855469	227.512634
1335.799805	72.520386
1334.745117	5.277264
1333.689453	-0.342411
1332.633789	5.897712
1331.578125	211.028671
1330.521484	-24.188173
1329.464844	209.286209
1328.408203	111.436005
1327.351563	37.301991
1326.294922	107.479683
1325.237305	135.076279
1324.179688	96.488121
1323.122070	-67.329895
1322.064453	-292.495178
1321.005859	47.062500
1319.947266	-5.586792
1318.888672	-105.425652
1317.830078	-70.633934
1316.770508	77.448456
1315.710938	286.838837
1314.651367	-133.793030
1313.591797	70.865158
1312.531250	-35.856445
1311.471680	90.914627
1310.411133	-6.305709
1309.349609	-51.626938
1308.289063	178.776459
1307.227539	-210.477936
1306.166016	-196.800674
1305.104492	61.778786
1304.042969	21.272038
1302.980469	-94.529663
1301.917969	46.232590
1300.855469	-109.494064
1299.792969	-95.780060
1298.729492	146.046799
1297.666016	-214.115570
1296.602539	168.697571
1295.539063	161.232208
1294.474609	-238.608917
1293.411133	-161.387466
1292.346680	54.376041
1291.281250	178.474518
1290.216797	56.043484
1289.151367	203.584000
1288.085938	182.120804
1287.020508	-85.656715
1285.955078	-74.184189
1284.888672	-34.572369
1283.822266	-149.702789
1282.755859	-42.089211
1281.689453	110.014420
1280.622070	280.802124
1279.554688	261.786804
1278.487305	104.616867
1277.419922	441.573517
1276.351563	169.743408
1275.283203	141.448029
1274.214844	227.835785
1273.146484	363.322632
1272.077148	138.565659
1271.008789	131.397110
1269.939453	98.519875
1268.869141	191.879257
1267.799805	49.194183
1266.729492	11.712523
1265.659180	245.216568
1264.588867	111.983658
1263.517578	32.514740
1262.447266	67.479759
1261.375977	160.781052
1260.304688	90.722336
1259.232422	169.997986
1258.161133	321.557129
1257.088867	249.208511
1256.016602	403.031158
1254.943359	337.705841
1253.871094	295.728485
1252.797852	202.523117
1251.724609	351.604340
1250.650391	388.852173
1249.577148	277.096375
1248.502930	458.683075
1247.428711	442.392334
1246.354492	588.985901
1245.279297	284.252167
1244.204102	186.644989
1243.128906	149.545242
1242.053711	421.646301
1240.977539	386.853821
1239.902344	303.299957
1238.826172	296.450226
1237.750000	266.389343
1236.672852	338.519043
1235.595703	69.363380
1234.518555	113.678276
1233.441406	250.805527
1232.364258	162.844772
1231.286133	255.850174
1230.208008	89.099670
1229.129883	216.884277
1228.051758	-10.026471
1226.972656	189.583801
1225.893555	-9.399650
1224.814453	153.085693
1223.734375	88.543320
1222.655273	109.718224
1221.575195	149.410385
1220.495117	221.501083
1219.415039	122.343834
1218.333984	108.830879
1217.252930	386.761414
1216.171875	206.733078
1215.090820	-44.871319
1214.008789	230.629593
1212.926758	-78.621338
1211.844727	-223.688568
1210.762695	33.230618
1209.679688	22.163330
1208.597656	-277.481842
1207.513672	-147.650772
1206.430664	-124.014824
1205.347656	-211.126968
1204.263672	-23.688517
1203.179688	-92.314613
1202.095703	-31.774830
1201.010742	-40.413048
1199.925781	82.335236
1198.840820	170.477768
1197.755859	-27.065584
1196.670898	-81.710922
1195.584961	-134.020813
1194.499023	37.014450
1193.413086	79.092049
1192.326172	-30.717741
1191.239258	119.506836
1190.152344	-31.642538
1189.065430	-83.828064
1187.978516	123.821220
1186.890625	71.643227
1185.802734	17.200228
1184.714844	-18.826271
1183.625977	101.370399
1182.538086	235.311264
1181.449219	137.295349
1180.360352	7.195363
1179.270508	108.958641
1178.180664	164.797714
1177.090820	349.087402
1176.000977	193.862656
1174.911133	256.554932
1173.820313	344.441681
1172.729492	274.149384
1171.638672	311.599701
1170.547852	138.270920
1169.456055	246.751053
1168.364258	224.664520
1167.272461	14.860726
1166.179688	219.453049
1165.087891	371.335052
1163.995117	488.831421
1162.902344	636.019653
1161.808594	474.411560
1160.715820	836.474792
1159.622070	853.208008
1158.528320	817.374084
1157.433594	786.129456
1156.339844	670.386902
1155.245117	604.940063
1154.149414	331.737762
1153.054688	544.913513
1151.958984	322.067535
1150.863281	318.380585
1149.767578	481.235138
1148.671875	418.220673
1147.575195	252.616577
1146.478516	91.650490
1145.381836	256.695038
1144.285156	414.831818
1143.187500	199.258255
1142.089844	58.947964
1140.992188	5.236451
1139.894531	-62.113064
1138.795898	9.413196
1137.697266	-37.429932
1136.598633	-41.025738
1135.499023	-74.196396
1134.400391	-114.174011
1133.300781	109.608467
1132.201172	-78.160591
1131.100586	9.141924
1130.000977	-37.653637
1128.900391	-311.605255
1127.799805	-281.104645
1126.698242	-155.261200
1125.596680	-27.210793
1124.495117	57.653419
1123.393555	167.430481
1122.291992	177.332672
1121.189453	85.151024
1120.086914	339.942932
1118.984375	585.543701
1117.881836	615.696960
1116.778320	693.408386
1115.674805	936.460022
1114.571289	1032.159912
1113.466797	1016.835876
1112.363281	641.525452
1111.258789	580.996521
1110.153320	549.892944
1109.048828	475.804810
1107.943359	831.511780
1106.837891	481.450104
1105.732422	567.900452
1104.625977	627.161255
1103.520508	349.645081
1102.414063	415.668488
1101.306641	474.857605
1100.200195	330.742249
1099.092773	89.572418
1097.985352	200.649734
1096.877930	167.209793
1095.769531	23.187700
1094.661133	269.480835
1093.552734	-111.368629
1092.444336	202.439392
1091.335938	144.099411
1090.226563	137.593338
1089.117188	203.168182
1088.006836	187.575287
1086.897461	374.676849
1085.787109	140.558304
1084.676758	192.435516
1083.566406	606.643677
1082.455078	444.535522
1081.343750	516.450012
1080.232422	349.864960
1079.121094	495.906433
1078.008789	392.276764
1076.896484	549.398987
1075.784180	421.006714
1074.671875	452.153809
1073.558594	397.880310
1072.445313	267.232483
1071.332031	228.658691
1070.217773	385.349304
1069.104492	384.831421
1067.990234	299.002075
1066.875977	215.407669
1065.760742	297.761810
1064.645508	263.433228
1063.530273	220.108643
1062.415039	174.509949
1061.299805	140.089478
1060.183594	309.484558
1059.067383	17.372641
1057.951172	76.895599
1056.833984	-40.524265
1055.716797	336.693054
1054.599609	73.710861
1053.482422	186.635849
1052.364258	283.790588
1051.247070	130.402695
1050.128906	178.227386
1049.009766	386.896606
1047.891602	257.987946
1046.772461	146.943771
1045.653320	-91.426888
1044.533203	20.842754
1043.414063	-29.975981
1042.293945	108.889076
1041.173828	31.161169
1040.052734	33.717113
1038.932617	141.053268
1037.811523	-57.255817
1036.689453	-88.328125
1035.568359	-114.989189
1034.446289	125.716087
1033.324219	5.296560
1032.202148	259.093445
1031.079102	163.051590
1029.957031	20.232731
1028.833984	128.943085
1027.709961	-252.093445
1026.586914	23.364992
1025.462891	-217.473373
1024.338867	-60.175320
1023.214844	59.178619
1022.089844	29.454798
1020.964844	-158.128189
1019.839844	-103.502380
1018.714844	-148.943558
1017.588867	-12.327748
1016.462891	39.771000
1015.336914	45.151176
1014.210938	21.597609
1013.083984	-44.189709
1011.957031	322.572906
1010.830078	-58.357021
1009.702148	201.638367
1008.574219	521.296082
1007.446289	650.114014
1006.318359	1377.095825
1005.190430	2205.573486
1004.061523	2422.269775
1002.932617	1708.735229
1001.802734	960.014587
1000.673828	702.939087
999.543945	328.609039
998.414063	368.084564
997.283203	252.621689
996.153320	429.042236
995.022461	233.864166
993.891602	564.763123
992.759766	700.953979
991.628906	556.421265
990.497070	935.364197
989.364258	916.540527
988.232422	1284.026978
987.099609	1505.573364
985.966797	1424.600098
984.833984	1539.947144
983.700195	1701.475586
982.566406	1355.627808
981.432617	1486.097168
980.298828	1464.333618
979.164063	1585.736938
978.029297	995.341431
976.894531	924.997253
975.759766	936.093506
974.624023	863.430542
973.488281	594.810547
972.352539	526.507507
971.215820	585.766968
970.080078	361.164154
968.943359	407.089844
967.805664	222.040665
966.668945	355.762207
965.531250	535.490662
964.393555	490.947052
963.254883	290.374603
962.117188	364.365265
960.978516	359.193970
959.839844	426.400330
958.700195	249.883896
957.561523	492.487061
956.421875	408.041107
955.281250	659.117310
954.141602	710.491943
953.000977	643.388794
951.860352	666.115601
950.719727	870.640320
949.578125	428.747009
948.436523	468.839478
947.294922	272.371979
946.153320	240.127106
945.010742	323.830353
943.868164	339.610291
942.725586	355.329590
941.583008	320.688873
940.439453	174.481995
939.295898	23.921772
938.152344	258.060486
937.007813	48.449753
935.863281	177.513580
934.718750	120.821846
933.574219	-29.778137
932.428711	-158.529633
931.283203	99.067703
930.137695	40.101505
928.992188	-21.051556
927.845703	-5.880801
926.699219	-58.346600
925.552734	98.472733
924.405273	181.074234
923.257813	32.628536
922.110352	624.953857
920.962891	337.030640
919.814453	-79.269058
918.666016	116.370056
917.517578	176.953842
916.369141	-51.921993
915.219727	-28.348169
914.070313	86.557137
912.920898	42.657280
911.770508	92.246368
910.621094	15.754073
909.470703	-38.985348
908.319336	123.545860
907.168945	-157.083954
906.017578	-302.954468
904.866211	9.341640
903.713867	19.784233
902.562500	21.566633
901.410156	77.587830
900.256836	-0.894031
899.104492	-111.838051
897.951172	98.149071
896.797852	125.988327
895.644531	-192.886383
894.490234	-158.451920
893.335938	-54.691654
892.181641	44.722889
891.027344	-141.659119
889.872070	70.343803
888.716797	-48.808414
887.561523	78.777145
886.405273	-109.465904
885.249023	96.004257
884.092773	234.404785
882.936523	13.980200
881.779297	264.801025
880.622070	197.965515
879.464844	189.538498
878.307617	8.416824
877.149414	84.352867
875.991211	-12.363928
874.833008	42.094910
873.673828	12.440912
872.514648	60.527782
871.355469	67.691757
870.196289	-101.861771
869.036133	-34.163231
867.875977	201.673965
866.715820	10.896173
865.554688	-89.249496
864.394531	-25.584641
863.233398	102.718781
862.071289	353.737366
860.910156	445.496613
859.748047	117.762527
858.585938	300.063446
857.422852	458.713348
856.259766	305.646637
855.096680	447.234436
853.933594	412.650574
852.770508	324.478973
851.606445	135.496857
850.442383	208.706360
849.277344	307.752014
848.113281	318.873688
846.948242	182.028610
845.783203	148.349182
844.617188	-41.781494
843.451172	165.026520
842.285156	-202.717392
841.119141	-62.160130
839.952148	91.308235
838.785156	127.002792
837.618164	224.928833
836.451172	-60.377144
835.283203	-148.453384
834.115234	9.799710
832.947266	159.559067
831.778320	7.714420
830.609375	243.233932
829.440430	-57.967316
828.271484	430.021759
827.101563	436.989563
825.931641	506.071533
824.761719	412.897308
823.590820	-21.848049
822.420898	135.287766
821.250000	181.471069
820.078125	336.634399
818.907227	380.912598
817.735352	442.382751
816.562500	640.477112
815.390625	352.435120
814.217773	177.666367
813.044922	79.862671
811.872070	33.399002
810.698242	-38.462769
809.524414	73.036911
808.350586	48.350883
807.176758	72.791290
806.001953	167.604584
804.827148	-67.309937
803.651367	161.817719
802.476563	-0.368633
801.300781	-187.853882
800.125000	209.535812
798.948242	149.906540
797.772461	147.830429
796.595703	228.750992
795.417969	309.772827
794.241211	99.986626
793.063477	295.924225
791.885742	334.847809
790.707031	471.498505
789.529297	262.424530
788.350586	354.759979
787.170898	256.339264
785.992188	242.899155
784.812500	471.212769
783.632813	82.923683
782.452148	220.323853
781.272461	107.863678
780.091797	192.500366
778.911133	353.429413
777.729492	190.573715
776.547852	275.477966
775.366211	170.061295
774.184570	71.147026
773.001953	42.160027
771.819336	-126.232674
770.636719	-97.891594
769.453125	-27.208275
768.269531	-112.789635
767.085938	-434.785492
765.902344	-175.877014
764.717773	-26.781916
763.533203	44.236015
762.348633	-279.278046
761.163086	-60.420715
759.977539	-35.628117
758.791992	-67.710716
757.606445	85.790489
756.419922	-140.080582
755.233398	15.581325
754.046875	314.465485
752.859375	194.149017
751.672852	-37.659622
750.485352	143.266174
749.296875	206.285553
748.108398	-82.073723
746.919922	54.644978
745.731445	140.847488
744.542969	334.256012
743.353516	10.476893
742.164063	212.248596
740.973633	193.316132
739.783203	271.017517
738.592773	54.664822
737.402344	197.433350
736.211914	12.664472
735.020508	35.720375
733.829102	136.374771
732.636719	169.829712
731.444336	96.284805
730.251953	89.829643
729.059570	30.934727
727.866211	221.401840
726.673828	-24.052546
725.479492	-66.266991
724.286133	109.274963
723.091797	104.620499
721.897461	-27.777935
720.703125	-53.453068
719.507813	63.078911
718.312500	-107.074715
717.117188	-120.385689
715.921875	173.555267
714.725586	-5.101626
713.529297	-16.584110
712.332031	264.334473
711.135742	-16.821474
709.938477	13.202835
708.740234	70.259102
707.542969	567.591675
706.344727	899.744629
705.146484	1121.074585
703.948242	1630.031982
702.749023	1552.704590
701.549805	1681.703857
700.350586	1120.668945
699.150391	722.332825
697.950195	809.483948
696.750000	502.866302
695.549805	396.196747
694.348633	60.494637
693.147461	28.732288
691.946289	5.223672
690.744141	256.241333
689.541992	-91.906738
688.339844	36.194572
687.136719	143.381790
685.934570	227.602539
684.730469	162.123947
683.527344	320.987915
682.323242	394.586884
681.119141	123.456055
679.915039	176.266953
678.710938	-13.769144
677.505859	169.755890
676.300781	183.112732
675.094727	32.656475
673.889648	-57.558205
672.683594	72.045113
671.476563	-146.500732
670.270508	64.023468
669.063477	86.052757
667.856445	-42.981773
666.648438	-105.561684
665.440430	32.830032
664.232422	18.200893
663.024414	347.223602
661.815430	179.896378
660.606445	29.447308
659.397461	-130.988281
658.188477	124.415665
656.978516	-27.057314
655.768555	92.547935
654.557617	63.782085
653.346680	91.215912
652.135742	84.006760
650.924805	-120.840790
649.712891	-124.887527
648.501953	-82.969933
647.289063	-118.820786
646.077148	-215.854614
644.864258	-186.375259
643.651367	134.451920
642.438477	-129.264603
641.224609	-66.506554
640.010742	215.443665
638.796875	146.118454
637.582031	90.206734
636.367188	-71.618553
635.152344	107.275223
633.937500	246.145950
632.721680	186.738342
631.505859	136.922440
630.289063	222.170822
629.073242	650.001404
627.856445	723.745117
626.639648	1014.781799
625.421875	769.353638
624.204102	546.382629
622.986328	764.687195
621.768555	434.879700
620.549805	431.501343
619.331055	9.798687
618.111328	363.727264
616.892578	-3.900678
