1721.000977	84.543320
1720.027344	-6.344820
1719.052734	302.571625
1718.078125	318.145081
1717.104492	279.171356
1716.128906	162.578522
1715.154297	478.776581
1714.178711	143.048828
1713.204102	4.272128
1712.228516	-50.451962
1711.251953	99.267876
1710.276367	-256.173035
1709.299805	202.434738
1708.324219	-46.263069
1707.347656	-18.837652
1706.370117	-242.676437
1705.393555	37.313911
1704.416016	53.286316
1703.438477	7.519618
1702.460938	148.126877
1701.483398	-317.582214
1700.505859	-105.991982
1699.527344	-53.242512
1698.548828	103.988480
1697.570313	158.728989
1696.591797	-42.186913
1695.612305	165.310425
1694.632813	22.760801
1693.653320	102.156830
1692.673828	114.998421
1691.694336	-73.884956
1690.713867	-267.960144
1689.734375	-31.047359
1688.753906	233.665878
1687.772461	-248.813477
1686.791992	-308.066071
1685.810547	-191.580170
1684.830078	-151.624496
1683.848633	66.520554
1682.866211	68.020157
1681.884766	115.329369
1680.902344	53.084328
1679.919922	67.183174
1678.937500	-216.462189
1677.955078	207.225815
1676.971680	96.564964
1675.989258	-128.460327
1675.005859	-256.809875
1674.022461	118.195763
1673.038086	-137.230331
1672.054688	-133.339462
1671.070313	-58.328815
1670.085938	-11.260406
1669.101563	142.467941
1668.117188	-11.016444
1667.131836	58.933712
1666.146484	83.221985
1665.161133	94.859734
1664.175781	167.422516
1663.189453	212.084305
1662.204102	168.066818
1661.217773	-15.326466
1660.231445	-23.703424
1659.245117	-44.680931
1658.257813	-210.017303
1657.270508	212.415161
1656.284180	-5.920452
1655.295898	-84.896996
1654.308594	-67.550774
1653.321289	3.009623
1652.333008	243.115219
1651.344727	-212.478836
1650.356445	207.298553
1649.367188	73.172821
1648.378906	113.650139
1647.389648	37.891460
1646.400391	303.402802
1645.411133	-80.448517
1644.420898	101.750328
1643.431641	71.836052
1642.441406	213.684830
1641.451172	67.766502
1640.459961	333.364960
1639.469727	409.700531
1638.478516	-116.914635
1637.487305	264.820618
1636.496094	283.327545
1635.504883	203.574158
1634.512695	310.442047
1633.520508	523.190735
1632.528320	466.313507
1631.536133	459.918701
1630.543945	496.417480
1629.550781	686.552856
1628.557617	687.859131
1627.564453	968.631897
1626.571289	768.688477
1625.578125	1054.494385
1624.583984	1184.259521
1623.589844	1070.080322
1622.595703	1529.312622
1621.601563	1377.525635
1620.606445	1537.501587
1619.611328	1938.711426
1618.616211	1581.071655
1617.621094	1756.151123
1616.625977	1486.706177
1615.629883	1440.867310
1614.633789	1621.024780
1613.637695	1472.378296
1612.641602	1707.758423
1611.645508	1584.341309
1610.648438	1428.394409
1609.651367	1412.985474
1608.654297	1670.906006
1607.657227	1723.218750
1606.659180	1820.635010
1605.662109	1930.603271
1604.664063	1827.611572
1603.666016	2142.953857
1602.666992	2230.313965
1601.668945	2064.843262
1600.669922	1919.473633
1599.670898	1949.366089
1598.671875	1856.685181
1597.671875	1941.644409
1596.672852	1508.941772
1595.672852	1656.501709
1594.672852	1761.526123
1593.671875	1414.136719
1592.671875	1181.881104
1591.670898	1249.510132
1590.669922	835.071472
1589.668945	897.790344
1588.667969	663.396179
1587.666016	733.622375
1586.664063	723.975586
1585.662109	534.700745
1584.660156	390.419861
1583.658203	340.987396
1582.655273	84.600044
1581.652344	434.135376
1580.649414	285.031921
1579.646484	410.118866
1578.642578	532.647766
1577.638672	261.564636
1576.634766	-203.650909
1575.630859	28.502340
1574.626953	282.966980
1573.622070	59.449917
1572.618164	45.070435
1571.613281	140.141510
1570.607422	-33.474148
1569.602539	14.327163
1568.596680	77.005074
1567.590820	132.201035
1566.584961	-76.058105
1565.579102	-130.179047
1564.572266	71.565002
1563.566406	0.049269
1562.559570	-245.279953
1561.551758	348.582886
1560.544922	249.720062
1559.537109	-186.613358
1558.530273	305.155151
1557.521484	310.492401
1556.513672	-80.949654
1555.505859	-122.627495
1554.497070	105.891144
1553.488281	-32.496117
1552.479492	96.784866
1551.470703	-58.890945
1550.460938	13.342460
1549.451172	-402.294983
1548.441406	-87.396927
1547.431641	187.761261
1546.421875	39.613285
1545.411133	141.402298
1544.400391	-187.284485
1543.389648	-55.817955
1542.378906	154.716141
1541.367188	-121.882286
1540.355469	9.456503
1539.343750	-14.943003
1538.332031	-367.924255
1537.320313	-56.305275
1536.307617	-38.717640
1535.294922	-169.282944
1534.282227	95.171059
1533.269531	90.502220
1532.256836	56.224640
1531.243164	26.874886
1530.229492	-377.363922
1529.215820	-145.215866
1528.202148	217.503113
1527.187500	274.402008
1526.172852	247.492081
1525.158203	117.115707
1524.143555	-18.128891
1523.127930	-54.820107
1522.113281	144.913574
1521.097656	-246.280533
1520.082031	514.571777
1519.065430	-90.629288
1518.049805	-119.848221
1517.033203	246.945328
1516.016602	126.672783
1515.000000	134.315292
1513.982422	-248.906387
1512.965820	-366.505768
1511.948242	-100.753021
1510.930664	-38.996288
1509.913086	-9.182093
1508.894531	-48.140316
1507.875977	165.802307
1506.857422	70.400459
1505.838867	-34.761082
1504.820313	208.539169
1503.800781	208.887527
1502.781250	113.611458
1501.761719	114.022308
1500.742188	354.693146
1499.721680	-46.873520
1498.702148	201.126450
1497.681641	314.281219
1496.661133	-135.937363
1495.639648	-147.618484
1494.618164	193.287720
1493.597656	374.993134
1492.576172	236.035461
1491.553711	-110.830421
1490.532227	361.994019
1489.509766	39.765484
1488.487305	47.809044
1487.464844	82.773949
1486.442383	59.098530
1485.418945	372.670563
1484.395508	131.551285
1483.372070	105.520767
1482.348633	272.466553
1481.324219	129.276611
1480.300781	105.818085
1479.276367	48.221615
1478.251953	107.811768
1477.226563	-81.435425
1476.202148	27.020605
1475.176758	135.451492
1474.151367	121.982353
1473.125000	130.478088
1472.099609	117.105759
1471.073242	133.000687
1470.046875	100.217422
1469.020508	-20.178827
1467.994141	151.711075
1466.966797	362.506195
1465.939453	-76.577003
1464.912109	533.343018
1463.884766	384.018829
1462.856445	424.507263
1461.829102	319.146027
1460.800781	641.762939
1459.772461	388.212555
1458.743164	620.848816
1457.714844	501.153473
1456.685547	639.040588
1455.656250	842.499390
1454.625977	633.122192
1453.596680	720.083496
1452.566406	705.108459
1451.536133	753.291443
1450.505859	699.615356
1449.474609	762.432617
1448.444336	476.090790
1447.413086	480.862579
1446.381836	405.699249
1445.350586	907.429443
1444.318359	858.966370
1443.286133	609.520813
1442.253906	551.581543
1441.221680	559.109863
1440.189453	43.776058
1439.156250	179.804214
1438.123047	-49.567917
1437.089844	57.519382
1436.056641	271.060577
1435.022461	124.221359
1433.988281	340.190308
1432.954102	-79.626045
1431.919922	332.192505
1430.885742	132.575897
1429.850586	-6.509132
1428.815430	156.442001
1427.780273	121.384560
1426.744141	117.777679
1425.708984	-209.182968
1424.672852	-335.653503
1423.636719	-302.760651
1422.600586	-23.767990
1421.563477	472.209686
1420.527344	-208.585846
1419.490234	162.006317
1418.452148	98.670097
1417.415039	-72.986099
1416.376953	1.214731
1415.338867	61.004486
1414.300781	-165.722290
1413.262695	144.606689
1412.224609	170.840988
1411.185547	-298.627716
1410.146484	170.525818
1409.107422	-67.671158
1408.067383	-471.654907
1407.027344	-274.274323
1405.987305	-124.988472
1404.947266	62.763058
1403.907227	15.015299
1402.866211	32.209259
1401.826172	292.073914
1400.785156	196.477737
1399.743164	242.627869
1398.702148	392.061340
1397.660156	407.094360
1396.618164	307.021637
1395.576172	578.880127
1394.533203	901.042908
1393.491211	1156.011108
1392.448242	1075.306641
1391.405273	1459.680786
1390.361328	1556.388062
1389.318359	1672.309448
1388.274414	2291.227539
1387.230469	2363.957520
1386.186523	2187.725586
1385.141602	2674.673340
1384.097656	2905.423096
1383.052734	3011.711182
1382.007813	3098.880127
1380.961914	3030.610107
1379.916992	3022.226563
1378.871094	2578.805908
1377.825195	2503.717773
1376.778320	2029.650391
1375.732422	1907.057495
1374.685547	2236.004395
1373.638672	1709.957642
1372.591797	1826.444214
1371.543945	1556.231323
1370.497070	1474.748169
1369.449219	1383.802734
1368.400391	1412.215332
1367.352539	1221.277954
1366.303711	1643.271729
1365.255859	1254.621582
1364.206055	1161.712769
1363.157227	1183.299316
1362.108398	1357.406738
1361.058594	1140.857300
1360.008789	1350.722168
1358.958984	1436.750732
1357.908203	1520.406372
1356.857422	1116.216797
1355.806641	1050.119263
1354.755859	1010.273254
1353.705078	1332.002319
1352.653320	907.008240
1351.601563	876.877319
1350.549805	941.886353
1349.498047	826.321838
1348.445313	796.373962
1347.393555	502.855927
1346.340820	1157.008057
1345.287109	630.943359
1344.234375	527.683655
1343.180664	975.080872
1342.126953	375.992340
1341.073242	216.058151
1340.019531	672.863586
1338.964844	847.345337
1337.910156	689.913269
1336.855469	717.461243
1335.799805	515.182068
1334.745117	182.747070
1333.689453	-54.766277
1332.633789	304.612183
1331.578125	311.116211
1330.521484	291.612549
1329.464844	141.998978
1328.408203	243.290466
1327.351563	-341.413971
1326.294922	-180.857132
1325.237305	211.374863
1324.179688	-195.537277
1323.122070	90.251549
1322.064453	-278.575684
1321.005859	-151.108810
1319.947266	-28.384094
1318.888672	-134.732208
1317.830078	-45.044380
1316.770508	-163.082138
1315.710938	-170.122147
1314.651367	9.262730
1313.591797	-184.092133
1312.531250	-56.608269
1311.471680	-25.805632
1310.411133	111.082710
1309.349609	153.659805
1308.289063	57.241459
1307.227539	-67.385666
1306.166016	147.228043
1305.104492	58.017563
1304.042969	-9.939506
1302.980469	-87.261620
1301.917969	134.332718
1300.855469	-37.039814
1299.792969	196.262817
1298.729492	-179.602295
1297.666016	16.054447
1296.602539	-112.740120
1295.539063	207.425598
1294.474609	38.742050
1293.411133	-190.911392
1292.346680	-4.747049
1291.281250	-227.220413
1290.216797	-144.378036
1289.151367	252.948792
1288.085938	436.586151
1287.020508	38.346115
1285.955078	207.919601
1284.888672	84.300095
1283.822266	436.692505
1282.755859	242.799515
1281.689453	438.026947
1280.622070	164.583237
1279.554688	329.317749
1278.487305	348.796478
1277.419922	260.581512
1276.351563	467.365784
1275.283203	348.760315
1274.214844	330.838928
1273.146484	427.569977
1272.077148	180.451202
1271.008789	207.052460
1269.939453	416.002411
1268.869141	379.445282
1267.799805	571.939148
1266.729492	488.663574
1265.659180	211.561447
1264.588867	340.944946
1263.517578	535.647949
1262.447266	261.091614
1261.375977	329.729156
1260.304688	293.347198
1259.232422	562.576538
1258.161133	589.158569
1257.088867	639.042725
1256.016602	674.933594
1254.943359	219.024521
1253.871094	541.627136
1252.797852	584.523010
1251.724609	895.268311
1250.650391	1101.087646
1249.577148	936.655945
1248.502930	851.434509
1247.428711	782.553650
1246.354492	1109.235718
1245.279297	830.982971
1244.204102	497.042755
1243.128906	591.078918
1242.053711	643.239563
1240.977539	576.847412
1239.902344	659.209717
1238.826172	372.163330
1237.750000	482.408600
1236.672852	671.557251
1235.595703	568.110535
1234.518555	448.470551
1233.441406	419.387115
1232.364258	209.363907
1231.286133	342.715851
1230.208008	95.698029
1229.129883	382.044586
1228.051758	239.450684
1226.972656	57.512505
1225.893555	315.883514
1224.814453	-130.053650
1223.734375	-68.609001
1222.655273	-375.327118
1221.575195	475.539398
1220.495117	34.597069
1219.415039	119.107422
1218.333984	30.069118
1217.252930	116.854279
1216.171875	101.861183
1215.090820	3.652148
1214.008789	187.464157
1212.926758	177.087250
1211.844727	-293.041229
1210.762695	107.848068
1209.679688	-64.160179
1208.597656	-76.770966
1207.513672	-347.921356
1206.430664	-81.225388
1205.347656	-121.512489
1204.263672	-136.416702
1203.179688	97.762093
1202.095703	260.359650
1201.010742	213.105240
1199.925781	32.195007
1198.840820	-222.371216
1197.755859	209.683731
1196.670898	-3.347378
1195.584961	-71.223564
1194.499023	84.243492
1193.413086	-107.915161
1192.326172	-79.083519
1191.239258	80.872002
1190.152344	54.443394
1189.065430	-132.951614
1187.978516	293.604736
1186.890625	71.751900
1185.802734	-51.185196
1184.714844	-6.347404
1183.625977	-156.790604
1182.538086	278.467346
1181.449219	302.521912
1180.360352	595.143372
1179.270508	407.959351
1178.180664	351.642487
1177.090820	322.876038
1176.000977	729.886292
1174.911133	817.985474
1173.820313	727.211426
1172.729492	411.861603
1171.638672	486.197449
1170.547852	849.160034
1169.456055	201.845810
1168.364258	589.876404
1167.272461	487.786682
1166.179688	735.934692
1165.087891	787.165710
1163.995117	1266.204102
1162.902344	1019.905823
1161.808594	1398.031372
1160.715820	1620.507813
1159.622070	1479.415161
1158.528320	1121.257690
1157.433594	1441.854370
1156.339844	1076.991943
1155.245117	922.390503
1154.149414	605.717712
1153.054688	401.041412
1151.958984	525.089661
1150.863281	418.609100
1149.767578	444.478058
1148.671875	577.520325
1147.575195	354.750031
1146.478516	289.374634
1145.381836	135.116302
1144.285156	186.001801
1143.187500	234.564789
1142.089844	89.473640
1140.992188	-7.744871
1139.894531	-89.001465
1138.795898	-438.844635
1137.697266	-183.207565
1136.598633	256.588837
1135.499023	-252.398544
1134.400391	187.171661
1133.300781	-110.160370
1132.201172	397.328430
1131.100586	170.480057
1130.000977	186.838989
1128.900391	50.957027
1127.799805	196.733017
1126.698242	-148.053665
1125.596680	-136.297119
1124.495117	104.658180
1123.393555	513.393555
1122.291992	413.744171
1121.189453	842.571289
1120.086914	1005.867615
1118.984375	1232.538574
1117.881836	1418.274780
1116.778320	1515.507813
1115.674805	1728.206665
1114.571289	1379.042725
1113.466797	1682.181396
1112.363281	1305.941406
1111.258789	1579.459351
1110.153320	1178.422119
1109.048828	1485.706543
1107.943359	1141.343994
1106.837891	1188.331299
1105.732422	927.765076
1104.625977	913.654541
1103.520508	628.318481
1102.414063	546.408936
1101.306641	785.252991
1100.200195	696.478210
1099.092773	402.208984
1097.985352	71.907082
1096.877930	357.848938
1095.769531	530.781616
1094.661133	511.831024
1093.552734	154.519669
1092.444336	448.987183
1091.335938	134.580246
1090.226563	300.326965
1089.117188	625.935486
1088.006836	559.324402
1086.897461	607.567505
1085.787109	482.327209
1084.676758	543.944580
1083.566406	274.594421
1082.455078	399.105286
1081.343750	748.478455
1080.232422	607.275513
1079.121094	666.218018
1078.008789	720.556213
1076.896484	788.287659
1075.784180	671.641907
1074.671875	934.688171
1073.558594	620.235046
1072.445313	831.366333
1071.332031	781.873901
1070.217773	633.546692
1069.104492	507.667084
1067.990234	736.270752
1066.875977	347.793457
1065.760742	123.125275
1064.645508	122.702011
1063.530273	236.526535
1062.415039	231.433777
1061.299805	297.957886
1060.183594	17.125448
1059.067383	74.532722
1057.951172	400.526367
1056.833984	327.789032
1055.716797	-185.930450
1054.599609	-162.461227
1053.482422	115.941856
1052.364258	313.593994
1051.247070	307.588348
1050.128906	53.318001
1049.009766	127.625526
1047.891602	34.213909
1046.772461	-191.074966
1045.653320	3.559208
1044.533203	-125.807098
1043.414063	106.478973
1042.293945	151.051712
1041.173828	-116.924965
1040.052734	-94.855301
1038.932617	69.875183
1037.811523	459.650177
1036.689453	-314.711090
1035.568359	-41.148247
1034.446289	93.995354
1033.324219	166.583557
1032.202148	214.529648
1031.079102	104.206192
1029.957031	-284.477905
1028.833984	-49.823757
1027.709961	-289.441681
1026.586914	-77.367508
1025.462891	-136.906708
1024.338867	-198.761032
1023.214844	61.705650
1022.089844	-147.126877
1020.964844	1.836860
1019.839844	6.190094
1018.714844	-251.712204
1017.588867	-192.033508
1016.462891	-210.213028
1015.336914	108.928513
1014.210938	-80.453049
1013.083984	218.291061
1011.957031	186.225998
1010.830078	278.257690
1009.702148	423.331604
1008.574219	909.622620
1007.446289	1750.200806
1006.318359	2729.874756
1005.190430	3793.163330
1004.061523	4098.328613
1002.932617	2842.069336
1001.802734	1792.142822
1000.673828	901.948181
999.543945	184.625244
998.414063	268.389130
997.283203	75.489296
996.153320	397.821533
995.022461	403.712738
993.891602	153.073837
992.759766	311.232117
991.628906	740.963257
990.497070	646.855164
989.364258	484.196960
988.232422	827.096985
987.099609	737.064636
985.966797	949.289124
984.833984	1207.622437
983.700195	914.246948
982.566406	645.141357
981.432617	1019.841431
980.298828	880.644592
979.164063	840.549377
978.029297	958.988159
976.894531	409.805450
975.759766	486.209076
974.624023	386.298889
973.488281	926.890625
972.352539	586.805542
971.215820	453.572968
970.080078	401.695648
968.943359	270.536041
967.805664	451.532532
966.668945	627.953979
965.531250	384.396973
964.393555	492.404846
963.254883	393.741119
962.117188	560.777100
960.978516	334.581512
959.839844	536.452148
958.700195	481.328125
957.561523	652.148010
956.421875	741.609009
955.281250	861.610901
954.141602	1099.889771
953.000977	1057.341553
951.860352	1163.757202
950.719727	1083.779175
949.578125	1040.971436
948.436523	1109.796875
947.294922	543.491882
946.153320	480.878815
945.010742	389.740265
943.868164	449.543640
942.725586	47.646549
941.583008	363.246429
940.439453	278.446228
939.295898	305.112244
938.152344	93.457619
937.007813	301.362732
935.863281	87.467484
934.718750	2.477460
933.574219	26.645119
932.428711	46.358612
931.283203	46.363697
930.137695	120.510635
928.992188	-171.940109
927.845703	72.231674
926.699219	-23.931059
925.552734	128.445557
924.405273	319.921661
923.257813	435.005219
922.110352	319.070251
920.962891	24.553238
919.814453	209.198044
918.666016	324.063660
917.517578	71.012505
916.369141	122.711708
915.219727	61.221653
914.070313	-115.531303
912.920898	44.846642
911.770508	542.103516
910.621094	80.608414
909.470703	190.819092
908.319336	-96.612671
907.168945	-288.313782
906.017578	225.818130
904.866211	18.940136
903.713867	7.503670
902.562500	-103.711998
901.410156	303.653656
900.256836	192.436295
899.104492	-61.799831
897.951172	-159.807159
896.797852	13.211906
895.644531	-50.012493
894.490234	138.139587
893.335938	-145.944489
892.181641	22.754541
891.027344	-61.876881
889.872070	-293.616943
888.716797	297.148102
887.561523	320.863373
886.405273	24.493053
885.249023	-198.138290
884.092773	113.430038
882.936523	27.217373
881.779297	29.719547
880.622070	12.862347
879.464844	-133.491165
878.307617	83.119751
877.149414	29.835814
875.991211	179.586349
874.833008	435.113312
873.673828	-146.485260
872.514648	-104.331131
871.355469	-340.256622
870.196289	32.038795
869.036133	98.188705
867.875977	110.570816
866.715820	13.204309
865.554688	450.191895
864.394531	266.932617
863.233398	525.249512
862.071289	376.763611
860.910156	52.052807
859.748047	571.015076
858.585938	309.093201
857.422852	342.054779
856.259766	379.467285
855.096680	292.369080
853.933594	394.591461
852.770508	359.446198
851.606445	590.826416
850.442383	257.505524
849.277344	128.466782
848.113281	343.135681
846.948242	302.510834
845.783203	-186.303116
844.617188	11.689198
843.451172	181.912262
842.285156	208.614777
841.119141	31.885265
839.952148	-157.421082
838.785156	-277.869080
837.618164	23.926472
836.451172	-192.438477
835.283203	107.477715
834.115234	-78.406456
832.947266	95.536018
831.778320	-224.604477
830.609375	-253.468872
829.440430	-8.360097
828.271484	80.793785
827.101563	112.415634
825.931641	221.195389
824.761719	402.798431
823.590820	274.831573
822.420898	168.534286
821.250000	71.056404
820.078125	326.044006
818.907227	803.102173
817.735352	527.057495
816.562500	554.258728
815.390625	492.141510
814.217773	370.599640
813.044922	232.311691
811.872070	490.691833
810.698242	-64.640320
809.524414	-265.893982
808.350586	76.211845
807.176758	9.645490
806.001953	254.105011
804.827148	98.641563
803.651367	330.687744
802.476563	-83.717728
801.300781	57.318405
800.125000	98.615448
798.948242	121.000778
797.772461	207.370285
796.595703	96.360504
795.417969	527.247620
794.241211	463.410187
793.063477	278.821503
791.885742	478.724152
790.707031	746.660828
789.529297	550.101563
788.350586	529.899658
787.170898	429.349731
785.992188	369.353851
784.812500	574.531555
783.632813	389.939392
782.452148	400.542206
781.272461	426.181458
780.091797	411.774384
778.911133	408.165283
777.729492	-33.364506
776.547852	393.067749
775.366211	17.715561
774.184570	207.429947
773.001953	-72.183525
771.819336	132.619934
770.636719	-100.000465
769.453125	-313.325897
768.269531	-272.885834
767.085938	-183.736374
765.902344	2.656149
764.717773	176.440262
763.533203	54.811935
762.348633	133.827881
761.163086	-2.238392
759.977539	-30.554935
758.791992	-96.694298
757.606445	50.220078
756.419922	87.578835
755.233398	-9.829902
754.046875	-138.700180
752.859375	315.948425
751.672852	176.701508
750.485352	264.936615
749.296875	574.174438
748.108398	294.186432
746.919922	472.961700
745.731445	-21.280300
744.542969	523.410400
743.353516	304.826477
742.164063	109.489090
740.973633	149.577621
739.783203	120.339615
738.592773	51.213089
737.402344	582.597046
736.211914	-204.507904
735.020508	83.214363
733.829102	553.308228
732.636719	333.035278
731.444336	251.236786
730.251953	580.358887
729.059570	-38.167919
727.866211	320.089874
726.673828	212.994736
725.479492	390.739777
724.286133	-235.822739
723.091797	-135.689880
721.897461	-579.913635
720.703125	-172.328140
719.507813	101.063019
718.312500	-213.541306
717.117188	118.048737
715.921875	37.499798
714.725586	-160.195023
713.529297	-77.909775
712.332031	-91.904922
711.135742	230.237625
709.938477	-40.959068
708.740234	130.407501
707.542969	558.265015
706.344727	985.765808
705.146484	1859.347778
703.948242	2338.157471
702.749023	2860.366455
701.549805	2617.074219
700.350586	1831.839233
699.150391	1738.603638
697.950195	1353.601929
696.750000	818.659729
695.549805	302.556580
694.348633	96.720848
693.147461	375.757416
691.946289	275.818878
690.744141	194.499527
689.541992	647.578735
688.339844	279.000641
687.136719	717.033447
685.934570	622.706482
684.730469	179.237381
683.527344	190.814590
682.323242	266.673981
681.119141	344.500580
679.915039	-63.508690
678.710938	520.633301
677.505859	114.765175
676.300781	640.455688
675.094727	236.811691
673.889648	310.257202
672.683594	157.767731
671.476563	94.525772
670.270508	101.850006
669.063477	30.568310
667.856445	123.067757
666.648438	-26.549694
665.440430	202.895203
664.232422	37.207573
663.024414	39.448196
661.815430	186.773773
660.606445	299.217743
659.397461	116.338760
658.188477	12.513894
656.978516	318.354462
655.768555	-7.622482
654.557617	-180.042496
653.346680	98.392639
652.135742	-14.893735
650.924805	-399.858704
649.712891	247.884064
648.501953	23.502108
647.289063	-160.686890
646.077148	-197.420029
644.864258	-68.182152
643.651367	-253.233063
642.438477	-222.725601
641.224609	91.260048
640.010742	6.880826
638.796875	459.325378
637.582031	472.534607
636.367188	464.703522
635.152344	427.706848
633.937500	651.723572
632.721680	601.956787
631.505859	739.267151
630.289063	1400.782959
629.073242	913.309143
627.856445	1116.745972
626.639648	1053.463989
625.421875	1284.455933
624.204102	1466.741699
622.986328	489.983154
621.768555	906.041565
620.549805	660.336060
619.331055	-12.700613
618.111328	390.624084
616.892578	247.874344
