1721.000977	315.050964
1720.027344	86.745842
1719.052734	-19.295673
1718.078125	171.288055
1717.104492	-75.286751
1716.128906	246.590973
1715.154297	387.929504
1714.178711	143.734131
1713.204102	-37.113907
1712.228516	-172.622665
1711.251953	-244.846817
1710.276367	89.503181
1709.299805	-55.951534
1708.324219	-178.978943
1707.347656	37.810856
1706.370117	-160.789337
1705.393555	8.586683
1704.416016	-316.497803
1703.438477	-209.737518
1702.460938	62.658974
1701.483398	17.392462
1700.505859	186.373886
1699.527344	-8.124279
1698.548828	-445.727600
1697.570313	145.937561
1696.591797	-128.880920
1695.612305	160.327271
1694.632813	22.701145
1693.653320	147.689758
1692.673828	9.452431
1691.694336	105.694740
1690.713867	181.160583
1689.734375	133.944931
1688.753906	-112.440331
1687.772461	-381.945007
1686.791992	-90.798569
1685.810547	-75.234322
1684.830078	-294.224213
1683.848633	-256.085358
1682.866211	0.839389
1681.884766	33.476025
1680.902344	86.274590
1679.919922	314.525787
1678.937500	-45.231789
1677.955078	106.387611
1676.971680	82.302162
1675.989258	279.409180
1675.005859	232.233002
1674.022461	-51.394604
1673.038086	170.720047
1672.054688	225.027893
1671.070313	-327.913513
1670.085938	18.413849
1669.101563	-105.201454
1668.117188	83.466286
1667.131836	-32.590649
1666.146484	186.355469
1665.161133	52.541149
1664.175781	-230.883362
1663.189453	375.928528
1662.204102	330.905182
1661.217773	-25.941971
1660.231445	139.480225
1659.245117	279.515991
1658.257813	330.803741
1657.270508	103.478775
1656.284180	-169.261520
1655.295898	-87.475349
1654.308594	-3.113505
1653.321289	174.895020
1652.333008	-246.843597
1651.344727	384.015320
1650.356445	99.083519
1649.367188	236.572342
1648.378906	174.370438
1647.389648	104.628387
1646.400391	146.166183
1645.411133	-4.272405
1644.420898	355.632843
1643.431641	354.339386
1642.441406	219.243912
1641.451172	-44.483154
1640.459961	194.193069
1639.469727	490.916351
1638.478516	411.630371
1637.487305	766.289978
1636.496094	661.895508
1635.504883	449.193390
1634.512695	501.292572
1633.520508	455.147095
1632.528320	603.108459
1631.536133	748.559570
1630.543945	876.386780
1629.550781	888.351563
1628.557617	1013.676575
1627.564453	731.240295
1626.571289	1171.253296
1625.578125	1276.508057
1624.583984	1039.637085
1623.589844	1416.592651
1622.595703	1547.034424
1621.601563	1855.977295
1620.606445	1885.827271
1619.611328	1963.473755
1618.616211	2443.126953
1617.621094	2498.141357
1616.625977	1940.422485
1615.629883	2136.204590
1614.633789	1967.970093
1613.637695	1845.042603
1612.641602	1772.405273
1611.645508	2031.002441
1610.648438	1745.232788
1609.651367	2089.062988
1608.654297	1783.448608
1607.657227	2182.373291
1606.659180	2255.353271
1605.662109	2320.876221
1604.664063	2707.022461
1603.666016	2484.461182
1602.666992	2660.134521
1601.668945	2825.803467
1600.669922	2295.591797
1599.670898	2281.144775
1598.671875	1901.465454
1597.671875	1949.687622
1596.672852	1602.829468
1595.672852	1706.179321
1594.672852	1592.038696
1593.671875	1200.530029
1592.671875	1416.452271
1591.670898	1202.586548
1590.669922	1001.335876
1589.668945	1124.835815
1588.667969	946.218323
1587.666016	959.875671
1586.664063	1075.878662
1585.662109	558.105225
1584.660156	686.671753
1583.658203	875.073425
1582.655273	210.593567
1581.652344	157.209015
1580.649414	639.758850
1579.646484	-103.917839
1578.642578	64.575768
1577.638672	265.403961
1576.634766	45.288757
1575.630859	-179.688507
1574.626953	-309.954224
1573.622070	201.943420
1572.618164	564.380310
1571.613281	541.038086
1570.607422	196.834396
1569.602539	370.074554
1568.596680	-98.223434
1567.590820	-2.051635
1566.584961	183.566116
1565.579102	83.383331
1564.572266	75.141533
1563.566406	146.427063
1562.559570	1.637414
1561.551758	167.209915
1560.544922	-171.093384
1559.537109	68.926056
1558.530273	48.389568
1557.521484	-264.894867
1556.513672	19.678595
1555.505859	-214.062180
1554.497070	-85.793037
1553.488281	-492.904541
1552.479492	-104.424049
1551.470703	492.007874
1550.460938	-140.350845
1549.451172	-529.746216
1548.441406	-272.775757
1547.431641	-134.712814
1546.421875	-249.115814
1545.411133	91.773529
1544.400391	2.103660
1543.389648	36.148266
1542.378906	13.325576
1541.367188	-115.809029
1540.355469	-121.286812
1539.343750	-25.427750
1538.332031	-43.239296
1537.320313	-191.943726
1536.307617	81.702148
1535.294922	-96.586922
1534.282227	149.806702
1533.269531	238.164749
1532.256836	92.093178
1531.243164	-2.121581
1530.229492	66.512505
1529.215820	66.093636
1528.202148	-121.674492
1527.187500	99.803383
1526.172852	306.421570
1525.158203	140.938461
1524.143555	-159.934341
1523.127930	58.968971
1522.113281	-313.114807
1521.097656	198.735229
1520.082031	299.370209
1519.065430	-178.321106
1518.049805	-38.231186
1517.033203	-232.719940
1516.016602	310.661316
1515.000000	-250.098389
1513.982422	617.565735
1512.965820	-223.125809
1511.948242	-110.098900
1510.930664	160.141861
1509.913086	400.827759
1508.894531	-38.772984
1507.875977	253.455963
1506.857422	59.601372
1505.838867	162.804703
1504.820313	135.969162
1503.800781	141.042953
1502.781250	217.278885
1501.761719	53.236431
1500.742188	19.236759
1499.721680	406.814270
1498.702148	363.043457
1497.681641	5.718870
1496.661133	415.241455
1495.639648	469.528687
1494.618164	53.766506
1493.597656	10.328138
1492.576172	-69.784172
1491.553711	9.200191
1490.532227	447.835114
1489.509766	162.373291
1488.487305	349.011963
1487.464844	78.466866
1486.442383	314.043549
1485.418945	735.265625
1484.395508	30.076138
1483.372070	45.819748
1482.348633	-123.979286
1481.324219	77.441231
1480.300781	-60.432682
1479.276367	192.270233
1478.251953	20.363674
1477.226563	14.453861
1476.202148	18.397264
1475.176758	66.268867
1474.151367	214.147659
1473.125000	503.370605
1472.099609	341.738800
1471.073242	136.359131
1470.046875	637.552368
1469.020508	137.659119
1467.994141	188.332458
1466.966797	136.784805
1465.939453	377.395203
1464.912109	238.383072
1463.884766	238.171005
1462.856445	622.311584
1461.829102	461.674377
1460.800781	434.875702
1459.772461	451.922852
1458.743164	733.903870
1457.714844	636.843872
1456.685547	1200.617676
1455.656250	1314.923340
1454.625977	1162.138672
1453.596680	839.596252
1452.566406	1174.995850
1451.536133	949.793213
1450.505859	775.715393
1449.474609	1159.651855
1448.444336	1007.602539
1447.413086	981.748352
1446.381836	589.966431
1445.350586	1080.600952
1444.318359	1079.213623
1443.286133	842.931274
1442.253906	970.140930
1441.221680	535.600830
1440.189453	348.276123
1439.156250	400.713501
1438.123047	784.753906
1437.089844	776.772583
1436.056641	599.566772
1435.022461	294.324036
1433.988281	608.279419
1432.954102	213.909653
1431.919922	407.090027
1430.885742	344.152771
1429.850586	319.961700
1428.815430	25.360561
1427.780273	-339.048889
1426.744141	-114.156494
1425.708984	-147.510223
1424.672852	62.957874
1423.636719	143.141739
1422.600586	-78.138245
1421.563477	48.025414
1420.527344	511.821899
1419.490234	30.515404
1418.452148	446.051575
1417.415039	92.861092
1416.376953	397.579834
1415.338867	85.667198
1414.300781	180.943420
1413.262695	273.869385
1412.224609	301.859009
1411.185547	-163.429291
1410.146484	42.853867
1409.107422	-318.557281
1408.067383	-244.437714
1407.027344	-256.813385
1405.987305	-55.141479
1404.947266	285.944946
1403.907227	341.027679
1402.866211	400.961151
1401.826172	278.446075
1400.785156	449.019653
1399.743164	530.760071
1398.702148	312.535309
1397.660156	315.262146
1396.618164	610.800110
1395.576172	954.281677
1394.533203	846.804077
1393.491211	1238.226563
1392.448242	1296.329834
1391.405273	1500.703613
1390.361328	1482.203247
1389.318359	2331.085449
1388.274414	2580.865967
1387.230469	2658.208496
1386.186523	2919.960205
1385.141602	3289.382813
1384.097656	3627.650146
1383.052734	3922.767578
1382.007813	3909.260986
1380.961914	4005.842041
1379.916992	3669.695068
1378.871094	3634.974854
1377.825195	3736.589355
1376.778320	2868.059326
1375.732422	2881.572754
1374.685547	2630.010742
1373.638672	2142.230713
1372.591797	2254.009277
1371.543945	2076.972900
1370.497070	1950.234375
1369.449219	1694.769653
1368.400391	1952.347900
1367.352539	1966.655273
1366.303711	1446.899170
1365.255859	1554.440918
1364.206055	1466.533936
1363.157227	1733.817993
1362.108398	1529.349854
1361.058594	1887.147217
1360.008789	1494.741821
1358.958984	1228.761841
1357.908203	1641.354248
1356.857422	1668.308350
1355.806641	1726.256226
1354.755859	1406.021118
1353.705078	1671.059570
1352.653320	1610.276611
1351.601563	1357.035400
1350.549805	1448.600586
1349.498047	1088.713623
1348.445313	1163.787964
1347.393555	1436.061035
1346.340820	1162.078979
1345.287109	1325.118652
1344.234375	569.557922
1343.180664	761.267395
1342.126953	340.808655
1341.073242	1106.669189
1340.019531	750.480957
1338.964844	766.755615
1337.910156	752.269104
1336.855469	522.169128
1335.799805	640.537720
1334.745117	486.493561
1333.689453	427.295380
1332.633789	327.925934
1331.578125	-74.385132
1330.521484	179.178955
1329.464844	158.171021
1328.408203	-134.858963
1327.351563	21.736649
1326.294922	237.437500
1325.237305	-97.837769
1324.179688	-506.196777
1323.122070	-39.859100
1322.064453	95.522125
1321.005859	-241.610779
1319.947266	205.606964
1318.888672	-239.927017
1317.830078	98.591202
1316.770508	94.736954
1315.710938	-114.375183
1314.651367	-181.792877
1313.591797	243.862000
1312.531250	322.684540
1311.471680	-98.322449
1310.411133	25.414909
1309.349609	-95.986832
1308.289063	136.170151
1307.227539	-74.641518
1306.166016	108.008690
1305.104492	-102.622169
1304.042969	-216.601257
1302.980469	-36.293949
1301.917969	-96.058929
1300.855469	-85.178185
1299.792969	43.339722
1298.729492	-32.776627
1297.666016	368.461578
1296.602539	57.311398
1295.539063	-220.770828
1294.474609	-31.138382
1293.411133	5.764756
1292.346680	502.994507
1291.281250	-169.332489
1290.216797	34.327820
1289.151367	-34.347290
1288.085938	-224.986511
1287.020508	196.800079
1285.955078	170.433731
1284.888672	892.155273
1283.822266	422.570251
1282.755859	501.709259
1281.689453	526.938843
1280.622070	734.918030
1279.554688	860.845947
1278.487305	412.956360
1277.419922	154.940033
1276.351563	119.432693
1275.283203	493.535736
1274.214844	532.889221
1273.146484	923.152649
1272.077148	415.110352
1271.008789	232.363876
1269.939453	732.357422
1268.869141	199.016220
1267.799805	348.301178
1266.729492	415.750336
1265.659180	452.820374
1264.588867	798.151428
1263.517578	972.887329
1262.447266	799.766113
1261.375977	507.693207
1260.304688	38.429996
1259.232422	59.253262
1258.161133	574.533630
1257.088867	732.825256
1256.016602	958.666748
1254.943359	580.741211
1253.871094	958.001221
1252.797852	901.758911
1251.724609	922.416077
1250.650391	1313.320068
1249.577148	1047.528564
1248.502930	884.260437
1247.428711	1172.542236
1246.354492	1048.885254
1245.279297	760.117432
1244.204102	450.554443
1243.128906	568.949829
1242.053711	1105.728882
1240.977539	989.188293
1239.902344	164.026367
1238.826172	733.059631
1237.750000	781.592041
1236.672852	335.490723
1235.595703	711.415100
1234.518555	1105.743652
1233.441406	460.307983
1232.364258	580.760071
1231.286133	397.287323
1230.208008	218.533554
1229.129883	387.631165
1228.051758	357.310211
1226.972656	278.316833
1225.893555	465.810364
1224.814453	152.864639
1223.734375	-16.375744
1222.655273	34.439449
1221.575195	312.076416
1220.495117	284.085052
1219.415039	330.148590
1218.333984	-125.834435
1217.252930	251.014023
1216.171875	236.904495
1215.090820	30.906919
1214.008789	261.826141
1212.926758	92.864334
1211.844727	-163.822601
1210.762695	-281.817078
1209.679688	-101.876770
1208.597656	133.399185
1207.513672	-67.730118
1206.430664	-100.301895
1205.347656	-342.823792
1204.263672	-70.858154
1203.179688	-227.984039
1202.095703	-73.776077
1201.010742	-143.269257
1199.925781	114.527649
1198.840820	561.145447
1197.755859	164.396317
1196.670898	30.377420
1195.584961	373.045959
1194.499023	43.315048
1193.413086	-141.280609
1192.326172	-118.721352
1191.239258	179.894180
1190.152344	361.057770
1189.065430	-177.660767
1187.978516	286.261627
1186.890625	140.813278
1185.802734	75.848694
1184.714844	-18.976345
1183.625977	345.631195
1182.538086	452.853394
1181.449219	509.479858
1180.360352	673.958801
1179.270508	808.489563
1178.180664	486.328796
1177.090820	572.628479
1176.000977	690.977844
1174.911133	724.411621
1173.820313	776.132813
1172.729492	1196.820190
1171.638672	753.406738
1170.547852	940.184937
1169.456055	579.416382
1168.364258	724.869568
1167.272461	929.754944
1166.179688	820.923828
1165.087891	1128.628784
1163.995117	1246.252808
1162.902344	1603.974609
1161.808594	1536.129883
1160.715820	2067.342285
1159.622070	2022.221191
1158.528320	1515.445557
1157.433594	1294.456177
1156.339844	1637.791016
1155.245117	841.278076
1154.149414	935.576782
1153.054688	812.947754
1151.958984	560.226685
1150.863281	24.639154
1149.767578	43.614212
1148.671875	213.080826
1147.575195	291.202454
1146.478516	15.884468
1145.381836	57.473797
1144.285156	35.196259
1143.187500	106.285477
1142.089844	-107.423416
1140.992188	341.603973
1139.894531	305.444946
1138.795898	-58.538059
1137.697266	187.490112
1136.598633	160.337265
1135.499023	14.853940
1134.400391	-128.327515
1133.300781	105.932251
1132.201172	-276.000214
1131.100586	21.702040
1130.000977	39.765312
1128.900391	-437.476013
1127.799805	318.688446
1126.698242	-108.566902
1125.596680	-18.094124
1124.495117	183.496490
1123.393555	-18.963940
1122.291992	631.609558
1121.189453	639.945923
1120.086914	1140.282959
1118.984375	1046.362061
1117.881836	1800.123535
1116.778320	2059.464111
1115.674805	2271.047363
1114.571289	1916.204590
1113.466797	1937.355713
1112.363281	1736.571777
1111.258789	1565.217041
1110.153320	1645.052124
1109.048828	1555.109253
1107.943359	1494.525879
1106.837891	1646.477783
1105.732422	1398.093018
1104.625977	1070.610962
1103.520508	1037.014038
1102.414063	768.356873
1101.306641	852.122559
1100.200195	513.457642
1099.092773	1254.150757
1097.985352	1109.507202
1096.877930	466.064758
1095.769531	249.277649
1094.661133	483.689423
1093.552734	255.548950
1092.444336	309.288727
1091.335938	635.696716
1090.226563	454.726654
1089.117188	179.106003
1088.006836	293.245422
1086.897461	585.199097
1085.787109	649.472900
1084.676758	965.771179
1083.566406	793.397522
1082.455078	769.504333
1081.343750	756.776550
1080.232422	921.650635
1079.121094	962.664490
1078.008789	918.103088
1076.896484	1401.694580
1075.784180	1127.617676
1074.671875	1237.761841
1073.558594	1024.267090
1072.445313	1212.752686
1071.332031	743.178528
1070.217773	754.067200
1069.104492	574.092651
1067.990234	737.367554
1066.875977	494.421875
1065.760742	700.000549
1064.645508	183.367874
1063.530273	556.819702
1062.415039	215.030777
1061.299805	411.050751
1060.183594	434.343018
1059.067383	-239.046371
1057.951172	787.295654
1056.833984	140.726624
1055.716797	-55.800724
1054.599609	67.622711
1053.482422	188.624847
1052.364258	141.672348
1051.247070	195.258530
1050.128906	197.247330
1049.009766	272.844482
1047.891602	153.876068
1046.772461	206.838196
1045.653320	83.180595
1044.533203	44.283367
1043.414063	190.594528
1042.293945	441.585999
1041.173828	2.758774
1040.052734	-538.659729
1038.932617	-69.497978
1037.811523	-22.194929
1036.689453	-155.677475
1035.568359	-391.757690
1034.446289	660.214661
1033.324219	-251.360062
1032.202148	300.837769
1031.079102	55.331635
1029.957031	48.049046
1028.833984	-311.114716
1027.709961	-338.680115
1026.586914	-83.785316
1025.462891	110.757309
1024.338867	-44.107819
1023.214844	-256.865570
1022.089844	-134.032166
1020.964844	-75.858101
1019.839844	-268.949249
1018.714844	-164.427032
1017.588867	73.125481
1016.462891	-100.369682
1015.336914	-122.987030
1014.210938	-336.621338
1013.083984	-133.176270
1011.957031	25.649647
1010.830078	137.672699
1009.702148	127.500626
1008.574219	952.962769
1007.446289	1724.695801
1006.318359	3524.105957
1005.190430	4934.841797
1004.061523	5248.369629
1002.932617	4272.805176
1001.802734	2620.052490
1000.673828	660.256714
999.543945	-44.114014
998.414063	404.329620
997.283203	325.956177
996.153320	6.451243
995.022461	-284.354645
993.891602	79.088631
992.759766	521.735291
991.628906	623.811035
990.497070	124.848740
989.364258	-208.440369
988.232422	34.541348
987.099609	-325.369110
985.966797	-195.354828
984.833984	31.526312
983.700195	432.384216
982.566406	252.907288
981.432617	71.158974
980.298828	208.968323
979.164063	304.663696
978.029297	314.238861
976.894531	680.515198
975.759766	51.044689
974.624023	71.213966
973.488281	214.505737
972.352539	291.561920
971.215820	529.030701
970.080078	214.143036
968.943359	675.569031
967.805664	184.552063
966.668945	370.718262
965.531250	589.600647
964.393555	366.601074
963.254883	233.613525
962.117188	392.683136
960.978516	630.564941
959.839844	833.091125
958.700195	844.428894
957.561523	730.596985
956.421875	829.455444
955.281250	873.287231
954.141602	1307.314819
953.000977	1613.850952
951.860352	1310.838257
950.719727	1625.770996
949.578125	1110.148315
948.436523	1166.295898
947.294922	620.149536
946.153320	295.258667
945.010742	646.684753
943.868164	477.070282
942.725586	335.878784
941.583008	562.101135
940.439453	261.115204
939.295898	84.790497
938.152344	137.957901
937.007813	83.913200
935.863281	143.416901
934.718750	156.948425
933.574219	-21.758831
932.428711	441.352631
931.283203	-12.514919
930.137695	297.500946
928.992188	-86.440414
927.845703	308.363037
926.699219	61.828739
925.552734	37.725548
924.405273	506.146179
923.257813	211.617691
922.110352	365.975433
920.962891	-33.015545
919.814453	-7.258488
918.666016	401.625427
917.517578	142.073242
916.369141	-150.020905
915.219727	338.998413
914.070313	-53.130413
912.920898	498.670410
911.770508	-152.092010
910.621094	112.547729
909.470703	-109.735596
908.319336	148.182846
907.168945	-228.219833
906.017578	238.090668
904.866211	139.723953
903.713867	-156.136734
902.562500	-6.948040
901.410156	92.262199
900.256836	230.462784
899.104492	-266.717163
897.951172	16.827623
896.797852	-92.043388
895.644531	288.923676
894.490234	-469.860840
893.335938	-639.084473
892.181641	-24.258968
891.027344	-247.520996
889.872070	-61.553715
888.716797	-232.669891
887.561523	234.603165
886.405273	-55.354973
885.249023	-148.314316
884.092773	93.967323
882.936523	193.560272
881.779297	172.153030
880.622070	250.233017
879.464844	185.811951
878.307617	76.174896
877.149414	141.545898
875.991211	-131.888855
874.833008	117.151779
873.673828	68.427269
872.514648	405.955414
871.355469	305.677490
870.196289	-70.387253
869.036133	-23.697660
867.875977	70.517380
866.715820	171.292694
865.554688	-3.576368
864.394531	28.549021
863.233398	590.416199
862.071289	377.255585
860.910156	355.904205
859.748047	453.032074
858.585938	231.936127
857.422852	568.053101
856.259766	558.042786
855.096680	509.521667
853.933594	695.441956
852.770508	595.708984
851.606445	618.615417
850.442383	798.464539
849.277344	488.885223
848.113281	181.815689
846.948242	830.018677
845.783203	244.472275
844.617188	-254.823181
843.451172	-91.042488
842.285156	128.613525
841.119141	228.338501
839.952148	238.203522
838.785156	381.110809
837.618164	93.632614
836.451172	-77.854210
835.283203	-0.711737
834.115234	-126.730339
832.947266	-201.103790
831.778320	-74.131340
830.609375	-289.221466
829.440430	336.427795
828.271484	10.626216
827.101563	251.610046
825.931641	-7.335167
824.761719	-127.052383
823.590820	116.609009
822.420898	599.584167
821.250000	612.857300
820.078125	485.464417
818.907227	682.749207
817.735352	711.618591
816.562500	971.045837
815.390625	503.443146
814.217773	381.652008
813.044922	430.672943
811.872070	-125.283691
810.698242	154.371078
809.524414	-266.621002
808.350586	-12.147717
807.176758	-234.444641
806.001953	150.186890
804.827148	-373.774536
803.651367	528.127686
802.476563	219.604462
801.300781	70.922028
800.125000	466.780273
798.948242	284.530518
797.772461	514.846313
796.595703	309.741058
795.417969	650.790771
794.241211	624.546265
793.063477	834.158386
791.885742	593.918335
790.707031	578.904236
789.529297	1217.528198
788.350586	710.707581
787.170898	882.857056
785.992188	792.254456
784.812500	920.173157
783.632813	774.863037
782.452148	920.019592
781.272461	940.332825
780.091797	524.592407
778.911133	174.840073
777.729492	178.849472
776.547852	510.993744
775.366211	549.080322
774.184570	447.705627
773.001953	437.428589
771.819336	120.761864
770.636719	-98.401604
769.453125	-262.416962
768.269531	-417.779999
767.085938	202.147934
765.902344	-314.099976
764.717773	-222.042938
763.533203	-34.962715
762.348633	76.161850
761.163086	202.069397
759.977539	-201.366104
758.791992	49.098957
757.606445	-275.979309
756.419922	52.477558
755.233398	-244.957703
754.046875	376.243500
752.859375	538.062073
751.672852	687.211853
750.485352	802.630005
749.296875	875.907715
748.108398	745.070374
746.919922	883.552856
745.731445	630.805786
744.542969	569.506165
743.353516	541.838440
742.164063	684.394531
740.973633	194.421432
739.783203	586.894104
738.592773	294.513611
737.402344	224.785645
736.211914	394.337280
735.020508	584.724548
733.829102	500.114624
732.636719	732.200439
731.444336	79.130180
730.251953	178.973129
729.059570	148.728577
727.866211	221.086258
726.673828	228.388107
725.479492	-26.264071
724.286133	-310.194275
723.091797	86.322044
721.897461	-365.169739
720.703125	-199.222885
719.507813	627.639343
718.312500	-167.024658
717.117188	-183.516815
715.921875	77.947273
714.725586	-39.158089
713.529297	42.200459
712.332031	244.564545
711.135742	-2.329726
709.938477	235.233994
708.740234	-38.921585
707.542969	459.227173
706.344727	1426.534790
705.146484	2472.563232
703.948242	3524.263184
702.749023	3497.317871
701.549805	3370.240967
700.350586	2467.829346
699.150391	1876.245361
697.950195	1111.986084
696.750000	1047.855103
695.549805	498.563446
694.348633	126.453186
693.147461	237.369202
691.946289	-309.267120
690.744141	151.217819
689.541992	389.000702
688.339844	75.733055
687.136719	174.284058
685.934570	-115.725906
684.730469	409.003937
683.527344	-11.514271
682.323242	0.311258
681.119141	240.736893
679.915039	-122.774651
678.710938	636.912903
677.505859	-319.356506
676.300781	461.390594
675.094727	207.279877
673.889648	102.999046
672.683594	129.802658
671.476563	-133.054947
670.270508	236.692093
669.063477	271.279846
667.856445	57.979004
666.648438	-115.199440
665.440430	76.757301
664.232422	321.155243
663.024414	3.552969
661.815430	77.954773
660.606445	-72.099106
659.397461	151.114258
658.188477	-143.456696
656.978516	-182.515350
655.768555	219.772095
654.557617	146.097412
653.346680	203.994217
652.135742	224.164963
650.924805	466.788116
649.712891	-104.074318
648.501953	-89.026840
647.289063	231.124008
646.077148	-333.542267
644.864258	-153.658279
643.651367	-631.152222
642.438477	-283.908875
641.224609	-99.142914
640.010742	36.650673
638.796875	613.690063
637.582031	493.429169
636.367188	695.236084
635.152344	721.093262
633.937500	935.378357
632.721680	1099.583130
631.505859	981.527649
630.289063	1728.669434
629.073242	2058.067383
627.856445	2278.480225
626.639648	1969.027588
625.421875	1586.242798
624.204102	1807.883545
622.986328	1274.831543
621.768555	1184.267578
620.549805	930.910767
619.331055	601.181824
618.111328	704.029785
616.892578	337.116180
