1721.000977	-131.335434
1720.027344	226.061996
1719.052734	-15.537491
1718.078125	304.204865
1717.104492	12.649187
1716.128906	143.767990
1715.154297	-15.502055
1714.178711	9.307284
1713.204102	-227.860138
1712.228516	162.384048
1711.251953	-39.871765
1710.276367	100.743935
1709.299805	97.427971
1708.324219	-42.006313
1707.347656	56.276413
1706.370117	179.714005
1705.393555	62.212082
1704.416016	246.282471
1703.438477	64.180115
1702.460938	22.491030
1701.483398	-116.632019
1700.505859	35.430950
1699.527344	222.932602
1698.548828	47.277016
1697.570313	68.165581
1696.591797	109.258133
1695.612305	-20.974895
1694.632813	-123.264275
1693.653320	72.950714
1692.673828	-11.800939
1691.694336	-30.335434
1690.713867	155.048920
1689.734375	18.891769
1688.753906	-196.392502
1687.772461	-103.251068
1686.791992	-71.406517
1685.810547	197.300751
1684.830078	-148.172592
1683.848633	-45.290119
1682.866211	-153.907974
1681.884766	-28.281130
1680.902344	-37.692898
1679.919922	-39.511093
1678.937500	284.332764
1677.955078	50.871601
1676.971680	64.182922
1675.989258	118.171387
1675.005859	-16.032549
1674.022461	48.078617
1673.038086	-119.121933
1672.054688	92.348488
1671.070313	-92.567253
1670.085938	-10.720136
1669.101563	58.411556
1668.117188	76.757492
1667.131836	115.406281
1666.146484	-117.464737
1665.161133	45.581253
1664.175781	-4.483014
1663.189453	62.151093
1662.204102	138.951736
1661.217773	-20.011887
1660.231445	-338.541412
1659.245117	136.235352
1658.257813	-14.913667
1657.270508	-117.826897
1656.284180	-159.855804
1655.295898	-62.596073
1654.308594	-180.471802
1653.321289	-60.350491
1652.333008	59.758858
1651.344727	81.212914
1650.356445	62.246780
1649.367188	-131.150696
1648.378906	-15.958365
1647.389648	-1.878997
1646.400391	128.499832
1645.411133	107.287643
1644.420898	250.319778
1643.431641	-63.753922
1642.441406	309.146179
1641.451172	63.452171
1640.459961	125.824501
1639.469727	180.672913
1638.478516	207.788147
1637.487305	197.113480
1636.496094	158.758713
1635.504883	317.138214
1634.512695	152.830353
1633.520508	76.854073
1632.528320	255.456604
1631.536133	224.941788
1630.543945	421.172974
1629.550781	96.099625
1628.557617	377.960876
1627.564453	491.108246
1626.571289	498.558228
1625.578125	470.827301
1624.583984	702.239075
1623.589844	780.182617
1622.595703	792.761292
1621.601563	760.124146
1620.606445	1064.328369
1619.611328	1169.925903
1618.616211	1157.434814
1617.621094	878.730042
1616.625977	979.388306
1615.629883	1371.279297
1614.633789	1092.794556
1613.637695	1178.373169
1612.641602	1153.540161
1611.645508	1296.831299
1610.648438	1181.733765
1609.651367	780.838013
1608.654297	1107.205078
1607.657227	994.802612
1606.659180	877.445862
1605.662109	1318.914307
1604.664063	1319.316650
1603.666016	1234.585815
1602.666992	1555.542358
1601.668945	1258.036743
1600.669922	1331.094849
1599.670898	1304.039307
1598.671875	1337.054688
1597.671875	1109.911377
1596.672852	1130.472900
1595.672852	1061.009277
1594.672852	876.592224
1593.671875	884.691956
1592.671875	750.378540
1591.670898	945.881470
1590.669922	746.667969
1589.668945	644.931274
1588.667969	600.663574
1587.666016	583.860596
1586.664063	559.577454
1585.662109	400.569061
1584.660156	618.307190
1583.658203	439.397430
1582.655273	203.193985
1581.652344	186.471832
1580.649414	438.941132
1579.646484	257.695831
1578.642578	-3.218333
1577.638672	565.448364
1576.634766	43.071133
1575.630859	-58.303722
1574.626953	106.715729
1573.622070	-2.128364
1572.618164	215.045120
1571.613281	76.350044
1570.607422	119.259529
1569.602539	-126.311035
1568.596680	68.260101
1567.590820	-97.691116
1566.584961	86.826118
1565.579102	159.442307
1564.572266	-83.484947
1563.566406	-30.759735
1562.559570	-87.340279
1561.551758	230.945999
1560.544922	-14.331820
1559.537109	-239.682693
1558.530273	-167.217163
1557.521484	170.588547
1556.513672	-121.663589
1555.505859	126.714310
1554.497070	-11.755884
1553.488281	-122.921333
1552.479492	1.344904
1551.470703	115.634651
1550.460938	118.388794
1549.451172	-72.028763
1548.441406	-32.129646
1547.431641	-36.818020
1546.421875	37.672855
1545.411133	-66.041237
1544.400391	-182.096237
1543.389648	-171.982162
1542.378906	-107.487839
1541.367188	97.865868
1540.355469	246.272232
1539.343750	75.825310
1538.332031	93.204147
1537.320313	33.990139
1536.307617	95.783577
1535.294922	103.220261
1534.282227	-146.086121
1533.269531	-7.818719
1532.256836	145.183044
1531.243164	-27.543945
1530.229492	34.105968
1529.215820	-207.591339
1528.202148	-25.142176
1527.187500	159.673004
1526.172852	-259.372101
1525.158203	-86.919533
1524.143555	-180.588806
1523.127930	-77.211098
1522.113281	-42.813725
1521.097656	136.796875
1520.082031	60.353477
1519.065430	52.827694
1518.049805	119.120964
1517.033203	133.717926
1516.016602	-31.214039
1515.000000	35.036667
1513.982422	98.789413
1512.965820	-78.321945
1511.948242	-46.513844
1510.930664	-142.461670
1509.913086	83.380226
1508.894531	90.572487
1507.875977	-61.814186
1506.857422	-17.767332
1505.838867	33.625893
1504.820313	-79.377899
1503.800781	178.056442
1502.781250	116.571846
1501.761719	182.622208
1500.742188	18.219992
1499.721680	-55.432373
1498.702148	282.635620
1497.681641	32.589779
1496.661133	20.248756
1495.639648	233.205658
1494.618164	144.945129
1493.597656	-38.716282
1492.576172	127.664780
1491.553711	227.915329
1490.532227	46.833664
1489.509766	-41.226563
1488.487305	-58.321888
1487.464844	-24.051161
1486.442383	-155.978088
1485.418945	59.158630
1484.395508	108.089470
1483.372070	193.664780
1482.348633	108.275909
1481.324219	-152.858704
1480.300781	274.539154
1479.276367	8.647867
1478.251953	116.223053
1477.226563	-56.780403
1476.202148	16.671295
1475.176758	-17.188581
1474.151367	2.631792
1473.125000	-31.162613
1472.099609	-1.540239
1471.073242	-71.804695
1470.046875	-64.060028
1469.020508	2.165114
1467.994141	7.521734
1466.966797	158.959106
1465.939453	47.511696
1464.912109	235.445694
1463.884766	182.486328
1462.856445	277.944275
1461.829102	11.074884
1460.800781	21.508789
1459.772461	155.944199
1458.743164	477.475159
1457.714844	521.934692
1456.685547	406.074890
1455.656250	632.749939
1454.625977	529.124390
1453.596680	398.892181
1452.566406	394.956024
1451.536133	369.224640
1450.505859	343.546082
1449.474609	453.743256
1448.444336	389.343567
1447.413086	194.076324
1446.381836	328.605774
1445.350586	630.346313
1444.318359	362.583954
1443.286133	417.174072
1442.253906	278.027161
1441.221680	562.743164
1440.189453	125.939514
1439.156250	168.603516
1438.123047	363.752411
1437.089844	87.079788
1436.056641	311.285126
1435.022461	117.051132
1433.988281	19.662395
1432.954102	367.154266
1431.919922	175.595230
1430.885742	104.981583
1429.850586	-67.027237
1428.815430	-72.260239
1427.780273	36.052216
1426.744141	-157.422485
1425.708984	-275.930908
1424.672852	102.775688
1423.636719	-199.014832
1422.600586	-51.958679
1421.563477	196.365616
1420.527344	-20.710997
1419.490234	97.424004
1418.452148	-44.744881
1417.415039	-285.588226
1416.376953	-30.012793
1415.338867	-20.174635
1414.300781	-169.222275
1413.262695	-14.804248
1412.224609	74.608635
1411.185547	79.791763
1410.146484	145.174667
1409.107422	-183.924438
1408.067383	189.414474
1407.027344	-146.678085
1405.987305	55.909035
1404.947266	159.917801
1403.907227	-53.255516
1402.866211	41.209698
1401.826172	147.700867
1400.785156	153.328232
1399.743164	34.146328
1398.702148	337.536407
1397.660156	141.663651
1396.618164	279.431366
1395.576172	275.657593
1394.533203	365.454254
1393.491211	726.219604
1392.448242	839.947388
1391.405273	608.538635
1390.361328	839.740234
1389.318359	1027.774170
1388.274414	1198.997925
1387.230469	1547.400024
1386.186523	1488.681274
1385.141602	1403.694336
1384.097656	1390.588257
1383.052734	1473.228760
1382.007813	1572.621826
1380.961914	1504.590698
1379.916992	1494.026489
1378.871094	1505.013916
1377.825195	1248.345825
1376.778320	1123.246094
1375.732422	1315.996094
1374.685547	1195.791870
1373.638672	889.410828
1372.591797	1261.256470
1371.543945	721.135071
1370.497070	801.778564
1369.449219	674.836670
1368.400391	688.719238
1367.352539	604.857178
1366.303711	673.662231
1365.255859	291.914886
1364.206055	873.255676
1363.157227	899.167847
1362.108398	560.594421
1361.058594	810.517517
1360.008789	824.610168
1358.958984	710.160828
1357.908203	531.513000
1356.857422	795.622864
1355.806641	726.542480
1354.755859	728.886536
1353.705078	581.423950
1352.653320	790.713257
1351.601563	745.571655
1350.549805	679.084595
1349.498047	493.839203
1348.445313	282.560272
1347.393555	586.827820
1346.340820	387.541077
1345.287109	292.822540
1344.234375	295.496307
1343.180664	321.914825
1342.126953	379.188049
1341.073242	270.409119
1340.019531	142.723923
1338.964844	380.259674
1337.910156	373.540314
1336.855469	181.973419
1335.799805	255.895294
1334.745117	163.975266
1333.689453	-91.326317
1332.633789	404.170624
1331.578125	96.873657
1330.521484	289.160217
1329.464844	-207.275970
1328.408203	-0.781263
1327.351563	44.784405
1326.294922	-18.446745
1325.237305	173.719208
1324.179688	-199.172546
1323.122070	80.418427
1322.064453	-29.983055
1321.005859	525.867798
1319.947266	-172.683121
1318.888672	123.223045
1317.830078	12.937283
1316.770508	77.368507
1315.710938	-209.838562
1314.651367	-13.248904
1313.591797	112.496315
1312.531250	7.071697
1311.471680	57.319859
1310.411133	109.903038
1309.349609	303.867645
1308.289063	5.296482
1307.227539	-31.657900
1306.166016	-184.001205
1305.104492	-8.966338
1304.042969	224.850540
1302.980469	100.794083
1301.917969	-225.580872
1300.855469	-196.557983
1299.792969	39.446320
1298.729492	-133.850220
1297.666016	118.486137
1296.602539	187.363205
1295.539063	329.063782
1294.474609	259.225555
1293.411133	48.478218
1292.346680	211.238220
1291.281250	237.731750
1290.216797	236.043564
1289.151367	-115.366875
1288.085938	-152.188797
1287.020508	343.554047
1285.955078	135.414032
1284.888672	328.353210
1283.822266	282.063202
1282.755859	17.795725
1281.689453	264.517242
1280.622070	274.478912
1279.554688	331.278625
1278.487305	214.742371
1277.419922	42.053432
1276.351563	108.203224
1275.283203	24.529963
1274.214844	383.129150
1273.146484	273.684143
1272.077148	255.487152
1271.008789	202.222748
1269.939453	139.614182
1268.869141	224.270645
1267.799805	241.120911
1266.729492	71.038635
1265.659180	160.301620
1264.588867	202.808151
1263.517578	432.067291
1262.447266	-20.394491
1261.375977	299.810181
1260.304688	288.539215
1259.232422	533.864197
1258.161133	230.995255
1257.088867	443.558044
1256.016602	173.453537
1254.943359	516.431030
1253.871094	579.630432
1252.797852	318.954742
1251.724609	449.687805
1250.650391	638.565186
1249.577148	683.008301
1248.502930	469.044922
1247.428711	492.533295
1246.354492	448.530029
1245.279297	432.442719
1244.204102	307.049377
1243.128906	460.713348
1242.053711	314.426910
1240.977539	419.189392
1239.902344	435.607788
1238.826172	482.200226
1237.750000	463.733185
1236.672852	108.559563
1235.595703	487.139130
1234.518555	178.518890
1233.441406	368.937225
1232.364258	287.820099
1231.286133	195.125824
1230.208008	218.413910
1229.129883	301.961823
1228.051758	67.902557
1226.972656	-1.528181
1225.893555	95.885376
1224.814453	49.627785
1223.734375	195.596878
1222.655273	-77.590385
1221.575195	107.681831
1220.495117	167.887146
1219.415039	209.549194
1218.333984	114.686913
1217.252930	12.922406
1216.171875	-278.417969
1215.090820	-248.289032
1214.008789	-51.767574
1212.926758	-10.167012
1211.844727	-137.242981
1210.762695	-118.749168
1209.679688	-86.420494
1208.597656	-141.837173
1207.513672	77.436150
1206.430664	241.230209
1205.347656	-104.959427
1204.263672	49.560047
1203.179688	84.082626
1202.095703	-109.682442
1201.010742	-52.100937
1199.925781	-326.429626
1198.840820	-6.150697
1197.755859	127.382607
1196.670898	12.109979
1195.584961	-105.422218
1194.499023	122.421806
1193.413086	55.550510
1192.326172	-84.937012
1191.239258	-68.920593
1190.152344	103.500397
1189.065430	117.168015
1187.978516	323.957489
1186.890625	128.389832
1185.802734	160.421112
1184.714844	162.571075
1183.625977	-122.422455
1182.538086	274.801575
1181.449219	81.753662
1180.360352	341.018768
1179.270508	317.873749
1178.180664	443.883972
1177.090820	246.381744
1176.000977	418.228546
1174.911133	475.350433
1173.820313	190.858200
1172.729492	268.631683
1171.638672	190.553879
1170.547852	511.142578
1169.456055	153.606262
1168.364258	309.186035
1167.272461	363.962158
1166.179688	354.623596
1165.087891	526.083862
1163.995117	516.720886
1162.902344	724.671997
1161.808594	591.778687
1160.715820	861.362549
1159.622070	694.217407
1158.528320	746.549072
1157.433594	522.386414
1156.339844	595.304871
1155.245117	617.944031
1154.149414	462.468140
1153.054688	402.956421
1151.958984	279.562164
1150.863281	395.823120
1149.767578	140.180710
1148.671875	623.642822
1147.575195	550.494141
1146.478516	468.264465
1145.381836	101.164772
1144.285156	390.525146
1143.187500	347.128326
1142.089844	187.590012
1140.992188	23.576162
1139.894531	137.403152
1138.795898	-3.761490
1137.697266	-149.405701
1136.598633	44.027096
1135.499023	-108.383469
1134.400391	205.497986
1133.300781	-87.839088
1132.201172	-8.236267
1131.100586	41.784519
1130.000977	-69.528183
1128.900391	-164.891937
1127.799805	-289.734344
1126.698242	37.338688
1125.596680	-92.030167
1124.495117	-57.923141
1123.393555	164.511124
1122.291992	78.317314
1121.189453	225.774246
1120.086914	389.042084
1118.984375	647.456482
1117.881836	636.034790
1116.778320	731.120239
1115.674805	599.609192
1114.571289	359.434998
1113.466797	1000.276794
1112.363281	698.993958
1111.258789	879.974548
1110.153320	832.302063
1109.048828	739.406250
1107.943359	958.706238
1106.837891	528.852295
1105.732422	508.429840
1104.625977	325.256683
1103.520508	569.305359
1102.414063	392.973541
1101.306641	128.610382
1100.200195	2.137568
1099.092773	205.372665
1097.985352	194.053619
1096.877930	315.894775
1095.769531	182.692261
1094.661133	396.957489
1093.552734	-47.464451
1092.444336	-18.161976
1091.335938	33.665112
1090.226563	243.228943
1089.117188	279.175568
1088.006836	62.769848
1086.897461	159.536880
1085.787109	91.856529
1084.676758	26.447090
1083.566406	125.366508
1082.455078	453.760376
1081.343750	242.030609
1080.232422	214.824905
1079.121094	412.501953
1078.008789	286.310852
1076.896484	261.309662
1075.784180	366.648071
1074.671875	148.381973
1073.558594	458.066986
1072.445313	466.659698
1071.332031	302.340912
1070.217773	135.824463
1069.104492	272.344543
1067.990234	195.616501
1066.875977	215.360580
1065.760742	48.917419
1064.645508	191.954514
1063.530273	-200.874619
1062.415039	116.917450
1061.299805	82.745949
1060.183594	-54.495922
1059.067383	-75.240181
1057.951172	-57.936874
1056.833984	-157.091309
1055.716797	-121.940163
1054.599609	65.322380
1053.482422	1.906398
1052.364258	50.308426
1051.247070	123.261314
1050.128906	301.212097
1049.009766	0.718397
1047.891602	153.960510
1046.772461	-182.186981
1045.653320	-167.542587
1044.533203	72.595131
1043.414063	-29.003502
1042.293945	-68.104759
1041.173828	64.603844
1040.052734	23.173197
1038.932617	86.561409
1037.811523	18.294909
1036.689453	114.991875
1035.568359	-185.168655
1034.446289	-175.478836
1033.324219	10.174881
1032.202148	-7.013043
1031.079102	-202.417770
1029.957031	145.499496
1028.833984	-90.022484
1027.709961	50.614956
1026.586914	30.941122
1025.462891	62.376179
1024.338867	15.899253
1023.214844	-86.201385
1022.089844	89.556236
1020.964844	-101.538055
1019.839844	-32.633465
1018.714844	-119.322525
1017.588867	207.060150
1016.462891	-35.209019
1015.336914	-24.355387
1014.210938	19.723869
1013.083984	103.651031
1011.957031	-3.312881
1010.830078	29.438879
1009.702148	-113.076981
1008.574219	205.525742
1007.446289	710.096008
1006.318359	1110.221191
1005.190430	2256.689697
1004.061523	2259.660645
1002.932617	1870.610352
1001.802734	981.315125
1000.673828	623.578308
999.543945	347.802368
998.414063	359.688721
997.283203	106.062157
996.153320	228.419983
995.022461	299.789337
993.891602	287.057404
992.759766	488.605530
991.628906	422.660065
990.497070	807.267334
989.364258	977.403381
988.232422	1246.748047
987.099609	1420.966675
985.966797	1475.858887
984.833984	1588.014526
983.700195	1867.673950
982.566406	1763.400879
981.432617	1630.435547
980.298828	1437.935913
979.164063	1331.384766
978.029297	989.050964
976.894531	816.409363
975.759766	480.799744
974.624023	449.102905
973.488281	617.656799
972.352539	546.170532
971.215820	413.020935
970.080078	310.659821
968.943359	595.328979
967.805664	189.368240
966.668945	504.554199
965.531250	535.995544
964.393555	330.044647
963.254883	345.970642
962.117188	440.888611
960.978516	417.106110
959.839844	285.690704
958.700195	222.286530
957.561523	319.026764
956.421875	251.107330
955.281250	321.306030
954.141602	391.410797
953.000977	634.582153
951.860352	702.234131
950.719727	316.207184
949.578125	434.133636
948.436523	337.298798
947.294922	435.320679
946.153320	290.229523
945.010742	-12.457773
943.868164	199.148010
942.725586	-99.135712
941.583008	425.026123
940.439453	-8.884799
939.295898	149.790634
938.152344	159.705933
937.007813	71.213905
935.863281	290.739502
934.718750	140.985184
933.574219	89.506950
932.428711	269.397858
931.283203	-124.877777
930.137695	-58.597797
928.992188	-3.305654
927.845703	99.882713
926.699219	52.513969
925.552734	-160.568481
924.405273	-33.589958
923.257813	-294.593384
922.110352	21.811565
920.962891	-132.439728
919.814453	-40.601856
918.666016	-203.561234
917.517578	44.894909
916.369141	-229.057709
915.219727	145.398682
914.070313	86.811455
912.920898	-217.502930
911.770508	91.374908
910.621094	115.362267
909.470703	324.016663
908.319336	-99.673462
907.168945	108.898781
906.017578	87.162056
904.866211	-17.078056
903.713867	-114.778938
902.562500	-77.886253
901.410156	-75.742729
900.256836	119.431320
899.104492	-17.260864
897.951172	-19.482212
896.797852	132.198059
895.644531	90.946434
894.490234	25.880062
893.335938	205.617249
892.181641	-101.958611
891.027344	-216.688766
889.872070	-86.766434
888.716797	-220.893600
887.561523	-6.606724
886.405273	469.321014
885.249023	-172.964706
884.092773	71.507484
882.936523	34.904343
881.779297	91.267342
880.622070	-14.392675
879.464844	87.399643
878.307617	204.309113
877.149414	-76.056122
875.991211	53.875175
874.833008	170.851852
873.673828	-152.308807
872.514648	-56.801300
871.355469	396.701355
870.196289	121.334717
869.036133	152.232758
867.875977	8.634344
866.715820	259.446533
865.554688	29.869875
864.394531	127.820152
863.233398	118.147011
862.071289	291.515503
860.910156	473.508911
859.748047	358.594452
858.585938	149.184250
857.422852	99.092651
856.259766	154.471741
855.096680	504.406219
853.933594	-97.712593
852.770508	67.561249
851.606445	142.644073
850.442383	88.956947
849.277344	353.150726
848.113281	282.499756
846.948242	136.885300
845.783203	-19.264303
844.617188	-27.223656
843.451172	239.441177
842.285156	62.312637
841.119141	-11.712449
839.952148	220.865067
838.785156	-52.148438
837.618164	77.796097
836.451172	156.427368
835.283203	-45.307907
834.115234	110.653801
832.947266	228.173843
831.778320	31.281233
830.609375	144.785019
829.440430	230.589371
828.271484	38.576904
827.101563	62.689045
825.931641	191.659851
824.761719	476.695984
823.590820	214.951981
822.420898	258.871368
821.250000	260.232452
820.078125	193.452957
818.907227	632.629639
817.735352	374.123505
816.562500	-18.470240
815.390625	374.043640
814.217773	314.569763
813.044922	368.265564
811.872070	317.694244
810.698242	-22.422499
809.524414	55.271309
808.350586	11.729226
807.176758	-106.128464
806.001953	74.228783
804.827148	129.132477
803.651367	105.470703
802.476563	-81.770737
801.300781	-47.597050
800.125000	-128.060562
798.948242	-31.894072
797.772461	104.783043
796.595703	-94.092201
795.417969	308.384277
794.241211	-140.658157
793.063477	194.061844
791.885742	361.124878
790.707031	112.376572
789.529297	67.585220
788.350586	254.171600
787.170898	-63.832157
785.992188	375.319611
784.812500	435.044189
783.632813	401.672333
782.452148	387.547821
781.272461	235.926346
780.091797	232.761078
778.911133	377.946075
777.729492	-190.038086
776.547852	25.317369
775.366211	98.986298
774.184570	-106.411110
773.001953	24.640894
771.819336	-146.525726
770.636719	-247.726685
769.453125	-205.057617
768.269531	-265.788849
767.085938	-180.629028
765.902344	-194.624863
764.717773	-191.602509
763.533203	-249.665268
762.348633	-140.893387
761.163086	-13.075996
759.977539	-15.971372
758.791992	2.324260
757.606445	145.083694
756.419922	220.429779
755.233398	118.837814
754.046875	-22.644363
752.859375	-83.950653
751.672852	-86.198936
750.485352	90.554443
749.296875	250.450836
748.108398	294.610992
746.919922	54.822392
745.731445	78.077499
744.542969	111.878479
743.353516	135.189484
742.164063	223.669647
740.973633	-51.349796
739.783203	-95.157196
738.592773	157.178940
737.402344	81.871277
736.211914	44.380505
735.020508	67.766098
733.829102	263.171051
732.636719	322.123474
731.444336	269.877625
730.251953	251.173309
729.059570	35.406563
727.866211	393.898285
726.673828	155.061951
725.479492	-152.836212
724.286133	159.208160
723.091797	113.028610
721.897461	108.657005
720.703125	-31.813211
719.507813	-136.737106
718.312500	228.917572
717.117188	121.699509
715.921875	254.852859
714.725586	-153.518478
713.529297	154.940689
712.332031	39.031578
711.135742	-28.911709
709.938477	205.832275
708.740234	333.851868
707.542969	536.808472
706.344727	587.190979
705.146484	1052.549805
703.948242	1336.075928
702.749023	1400.356445
701.549805	1729.200317
700.350586	1163.588745
699.150391	954.390137
697.950195	707.616333
696.750000	433.705994
695.549805	449.176575
694.348633	256.282166
693.147461	96.593109
691.946289	273.877899
690.744141	186.696152
689.541992	479.967621
688.339844	240.620331
687.136719	367.062561
685.934570	412.209106
684.730469	502.856018
683.527344	514.346375
682.323242	52.138039
681.119141	154.731842
679.915039	369.200531
678.710938	89.476845
677.505859	120.945587
676.300781	421.911743
675.094727	357.587555
673.889648	189.491043
672.683594	160.224564
671.476563	381.604279
670.270508	318.926849
669.063477	148.466751
667.856445	342.477325
666.648438	27.004761
665.440430	69.718758
664.232422	-148.372635
663.024414	28.778860
661.815430	-162.344482
660.606445	-18.357243
659.397461	-37.730919
658.188477	335.681488
656.978516	215.107849
655.768555	313.690796
654.557617	-54.442188
653.346680	65.092644
652.135742	-248.780869
650.924805	-141.231064
649.712891	-33.482845
648.501953	8.487656
647.289063	-60.619465
646.077148	-125.207817
644.864258	-113.087067
643.651367	-147.933273
642.438477	139.170227
641.224609	-174.866760
640.010742	199.724319
638.796875	117.653633
637.582031	182.468033
636.367188	70.996162
635.152344	328.685638
633.937500	214.775497
632.721680	-35.950348
631.505859	335.381409
630.289063	290.301941
629.073242	751.930725
627.856445	783.066162
626.639648	665.509583
625.421875	608.930664
624.204102	332.076202
622.986328	136.935455
621.768555	136.408997
620.549805	-55.256901
619.331055	72.915726
618.111328	147.577728
616.892578	-185.850372
