1721.000977	3.312330
1720.027344	392.706177
1719.052734	143.288132
1718.078125	1.049572
1717.104492	291.755219
1716.128906	120.027313
1715.154297	96.505440
1714.178711	3.179370
1713.204102	-16.317482
1712.228516	-238.796005
1711.251953	45.582691
1710.276367	-13.869244
1709.299805	-53.288116
1708.324219	42.593761
1707.347656	283.914276
1706.370117	20.515099
1705.393555	317.256256
1704.416016	-315.181732
1703.438477	295.394958
1702.460938	-25.454454
1701.483398	-177.730026
1700.505859	109.434807
1699.527344	150.840164
1698.548828	84.655228
1697.570313	191.967590
1696.591797	324.547943
1695.612305	73.804771
1694.632813	-39.171974
1693.653320	39.148651
1692.673828	-186.421661
1691.694336	67.608009
1690.713867	-137.802368
1689.734375	-225.926163
1688.753906	256.997162
1687.772461	222.071701
1686.791992	100.418037
1685.810547	-51.886745
1684.830078	4.720864
1683.848633	188.562927
1682.866211	30.979992
1681.884766	-29.822519
1680.902344	39.149849
1679.919922	110.590240
1678.937500	77.634903
1677.955078	47.204903
1676.971680	82.869354
1675.989258	230.414108
1675.005859	34.632187
1674.022461	133.783386
1673.038086	115.966919
1672.054688	-270.237579
1671.070313	235.350494
1670.085938	-64.367531
1669.101563	-54.154770
1668.117188	110.936378
1667.131836	220.120926
1666.146484	-160.476273
1665.161133	205.033096
1664.175781	47.884800
1663.189453	96.242386
1662.204102	172.537964
1661.217773	129.675262
1660.231445	43.793251
1659.245117	1.075942
1658.257813	-41.595020
1657.270508	-139.917282
1656.284180	-27.930738
1655.295898	124.530533
1654.308594	23.878050
1653.321289	-18.462278
1652.333008	-197.380814
1651.344727	-32.113613
1650.356445	107.855896
1649.367188	68.273903
1648.378906	102.113388
1647.389648	-207.774902
1646.400391	-65.112404
1645.411133	388.325867
1644.420898	121.698006
1643.431641	-63.912983
1642.441406	15.726703
1641.451172	416.009979
1640.459961	324.003082
1639.469727	98.383720
1638.478516	57.077393
1637.487305	250.435349
1636.496094	214.293106
1635.504883	246.308350
1634.512695	66.609863
1633.520508	292.815887
1632.528320	337.570282
1631.536133	284.122284
1630.543945	447.369568
1629.550781	235.382339
1628.557617	579.946228
1627.564453	826.257568
1626.571289	805.770447
1625.578125	1016.829529
1624.583984	953.645874
1623.589844	1134.500610
1622.595703	1370.656250
1621.601563	1478.557129
1620.606445	1415.533325
1619.611328	1083.707520
1618.616211	1279.674194
1617.621094	1231.957397
1616.625977	1628.817749
1615.629883	1435.501831
1614.633789	1259.883545
1613.637695	1631.514526
1612.641602	1300.448120
1611.645508	1762.315674
1610.648438	1240.805664
1609.651367	1584.695923
1608.654297	1605.063354
1607.657227	1442.476929
1606.659180	1653.382935
1605.662109	1583.633057
1604.664063	1759.421875
1603.666016	1804.935303
1602.666992	1347.141235
1601.668945	1753.283813
1600.669922	1778.821533
1599.670898	1674.248779
1598.671875	1679.831909
1597.671875	1300.207031
1596.672852	1581.010498
1595.672852	1219.115112
1594.672852	1204.867065
1593.671875	973.191467
1592.671875	834.103516
1591.670898	1172.240112
1590.669922	890.816162
1589.668945	569.574890
1588.667969	545.585449
1587.666016	579.015564
1586.664063	951.849731
1585.662109	660.842834
1584.660156	177.886444
1583.658203	732.672974
1582.655273	461.856628
1581.652344	408.054810
1580.649414	219.690430
1579.646484	450.061432
1578.642578	269.236328
1577.638672	53.617649
1576.634766	49.780750
1575.630859	245.138931
1574.626953	206.418015
1573.622070	147.788239
1572.618164	-57.608612
1571.613281	354.037476
1570.607422	205.856766
1569.602539	368.600433
1568.596680	1.687969
1567.590820	134.557251
1566.584961	-50.733688
1565.579102	19.968967
1564.572266	-98.172028
1563.566406	369.887512
1562.559570	38.167007
1561.551758	-17.867128
1560.544922	-14.295650
1559.537109	210.107986
1558.530273	-89.063095
1557.521484	-38.399498
1556.513672	-17.506481
1555.505859	0.894217
1554.497070	-45.188633
1553.488281	-237.486832
1552.479492	-122.449760
1551.470703	96.582619
1550.460938	-125.382759
1549.451172	34.094257
1548.441406	-190.253952
1547.431641	352.828430
1546.421875	-62.062893
1545.411133	-31.440374
1544.400391	224.274918
1543.389648	94.053757
1542.378906	-68.263931
1541.367188	118.038017
1540.355469	-49.191856
1539.343750	13.460676
1538.332031	266.316101
1537.320313	69.503525
1536.307617	18.454065
1535.294922	-91.837143
1534.282227	66.985619
1533.269531	260.287872
1532.256836	302.985901
1531.243164	246.966080
1530.229492	-43.346733
1529.215820	-0.641644
1528.202148	106.146179
1527.187500	-228.350754
1526.172852	-96.939934
1525.158203	261.088043
1524.143555	-11.651146
1523.127930	35.871586
1522.113281	-224.394714
1521.097656	-19.292669
1520.082031	79.889816
1519.065430	137.179977
1518.049805	86.216286
1517.033203	-55.753887
1516.016602	21.210060
1515.000000	184.196579
1513.982422	133.240829
1512.965820	57.750778
1511.948242	-157.774094
1510.930664	331.843140
1509.913086	116.360916
1508.894531	75.304749
1507.875977	56.369141
1506.857422	248.539093
1505.838867	99.530090
1504.820313	-203.979477
1503.800781	-301.317474
1502.781250	62.460514
1501.761719	23.974339
1500.742188	238.015671
1499.721680	150.498932
1498.702148	-108.474953
1497.681641	68.732796
1496.661133	331.607544
1495.639648	-10.494777
1494.618164	237.610397
1493.597656	294.716888
1492.576172	72.807472
1491.553711	120.138779
1490.532227	282.459808
1489.509766	146.333557
1488.487305	49.411251
1487.464844	67.449432
1486.442383	95.280853
1485.418945	10.697276
1484.395508	512.527527
1483.372070	361.987152
1482.348633	101.639374
1481.324219	58.713554
1480.300781	-218.495026
1479.276367	292.725677
1478.251953	249.868332
1477.226563	338.773834
1476.202148	147.201965
1475.176758	221.519348
1474.151367	91.044678
1473.125000	-129.545105
1472.099609	66.726280
1471.073242	2.229650
1470.046875	269.080383
1469.020508	175.411972
1467.994141	240.084396
1466.966797	243.890045
1465.939453	306.141418
1464.912109	460.868378
1463.884766	389.317657
1462.856445	278.900940
1461.829102	180.745941
1460.800781	347.661743
1459.772461	743.036682
1458.743164	389.757263
1457.714844	583.370605
1456.685547	823.080750
1455.656250	873.295349
1454.625977	678.268188
1453.596680	794.124207
1452.566406	664.817688
1451.536133	474.945526
1450.505859	634.557068
1449.474609	537.017578
1448.444336	366.830414
1447.413086	570.128052
1446.381836	419.473877
1445.350586	474.932770
1444.318359	627.319519
1443.286133	535.019470
1442.253906	517.886658
1441.221680	357.946777
1440.189453	292.540161
1439.156250	386.944580
1438.123047	181.289368
1437.089844	239.486923
1436.056641	442.846222
1435.022461	114.112083
1433.988281	124.069748
1432.954102	121.989052
1431.919922	47.458191
1430.885742	2.006741
1429.850586	-91.702248
1428.815430	-156.333115
1427.780273	-20.457876
1426.744141	-63.255142
1425.708984	14.722920
1424.672852	128.904037
1423.636719	11.473144
1422.600586	29.231192
1421.563477	348.482239
1420.527344	224.011368
1419.490234	220.170654
1418.452148	-22.232918
1417.415039	29.513048
1416.376953	-0.629639
1415.338867	190.886642
1414.300781	21.167448
1413.262695	-191.759781
1412.224609	-33.852001
1411.185547	-46.832001
1410.146484	-66.968941
1409.107422	-221.745209
1408.067383	-15.664674
1407.027344	-78.916649
1405.987305	-77.174942
1404.947266	374.066284
1403.907227	61.041420
1402.866211	94.143295
1401.826172	103.281502
1400.785156	415.036713
1399.743164	356.967682
1398.702148	205.380081
1397.660156	392.280701
1396.618164	607.952148
1395.576172	837.982300
1394.533203	760.973267
1393.491211	897.472412
1392.448242	882.928345
1391.405273	983.494568
1390.361328	1443.498047
1389.318359	1594.325317
1388.274414	1644.531250
1387.230469	1725.905273
1386.186523	1977.289429
1385.141602	2312.387695
1384.097656	2360.230469
1383.052734	2520.552979
1382.007813	2458.392334
1380.961914	2616.332275
1379.916992	2441.906250
1378.871094	2248.473145
1377.825195	2086.251465
1376.778320	1826.168579
1375.732422	1597.322266
1374.685547	1602.694580
1373.638672	1354.988525
1372.591797	1654.185913
1371.543945	1218.097534
1370.497070	1290.585938
1369.449219	1069.610229
1368.400391	1063.463135
1367.352539	1198.094971
1366.303711	905.894897
1365.255859	871.349976
1364.206055	1218.195679
1363.157227	928.719299
1362.108398	1213.577271
1361.058594	1405.459351
1360.008789	1187.714233
1358.958984	1272.482178
1357.908203	1190.628906
1356.857422	963.690430
1355.806641	939.142944
1354.755859	978.882568
1353.705078	942.547607
1352.653320	751.713013
1351.601563	589.535522
1350.549805	995.520752
1349.498047	762.168152
1348.445313	395.912354
1347.393555	329.150726
1346.340820	476.176605
1345.287109	682.530762
1344.234375	551.789917
1343.180664	357.066101
1342.126953	338.046875
1341.073242	373.640045
1340.019531	387.917419
1338.964844	290.780823
1337.910156	84.681252
1336.855469	238.969864
1335.799805	134.941132
1334.745117	38.116268
1333.689453	239.803406
1332.633789	197.537338
1331.578125	207.417252
1330.521484	-38.314877
1329.464844	94.742775
1328.408203	0.648400
1327.351563	-62.615997
1326.294922	-43.037151
1325.237305	38.037266
1324.179688	17.467867
1323.122070	48.939789
1322.064453	333.270996
1321.005859	-223.513000
1319.947266	-17.122025
1318.888672	-70.538918
1317.830078	-12.932053
1316.770508	32.874680
1315.710938	-18.057261
1314.651367	289.689697
1313.591797	-155.128967
1312.531250	77.108307
1311.471680	-133.979477
1310.411133	289.163757
1309.349609	238.434265
1308.289063	-94.982819
1307.227539	219.601654
1306.166016	369.217590
1305.104492	-29.856117
1304.042969	-99.129585
1302.980469	144.692947
1301.917969	9.574822
1300.855469	-207.796814
1299.792969	-140.428192
1298.729492	-115.398384
1297.666016	-142.074265
1296.602539	-1.811630
1295.539063	2.109868
1294.474609	170.525345
1293.411133	-53.396561
1292.346680	-131.588760
1291.281250	-47.707741
1290.216797	-22.514730
1289.151367	96.567322
1288.085938	-44.842361
1287.020508	238.472687
1285.955078	134.676239
1284.888672	181.025589
1283.822266	337.573425
1282.755859	250.303833
1281.689453	116.226280
1280.622070	115.775940
1279.554688	197.337433
1278.487305	32.980793
1277.419922	98.184258
1276.351563	367.037415
1275.283203	43.668930
1274.214844	139.312912
1273.146484	365.943726
1272.077148	332.873718
1271.008789	23.920753
1269.939453	404.789978
1268.869141	364.783905
1267.799805	352.866791
1266.729492	102.661888
1265.659180	364.137451
1264.588867	102.408524
1263.517578	242.395111
1262.447266	300.649078
1261.375977	153.518555
1260.304688	258.467804
1259.232422	456.694366
1258.161133	491.605347
1257.088867	386.607666
1256.016602	370.265137
1254.943359	547.392578
1253.871094	339.982849
1252.797852	694.138428
1251.724609	645.204224
1250.650391	749.999084
1249.577148	626.613403
1248.502930	817.526733
1247.428711	666.285156
1246.354492	759.425598
1245.279297	524.552124
1244.204102	492.128693
1243.128906	441.137543
1242.053711	727.254272
1240.977539	769.227661
1239.902344	513.786255
1238.826172	762.576111
1237.750000	254.117752
1236.672852	440.189270
1235.595703	568.154785
1234.518555	431.484955
1233.441406	445.726349
1232.364258	455.337891
1231.286133	-75.490204
1230.208008	432.840576
1229.129883	66.896477
1228.051758	153.134338
1226.972656	179.088303
1225.893555	306.995422
1224.814453	68.861397
1223.734375	-115.892883
1222.655273	160.228195
1221.575195	371.416199
1220.495117	223.794846
1219.415039	131.785828
1218.333984	437.730042
1217.252930	193.087051
1216.171875	119.682854
1215.090820	291.382507
1214.008789	116.310173
1212.926758	40.694874
1211.844727	55.231735
1210.762695	-13.380215
1209.679688	-40.385880
1208.597656	-7.331167
1207.513672	115.733238
1206.430664	-153.562302
1205.347656	-99.706833
1204.263672	-145.060410
1203.179688	-17.411781
1202.095703	6.434136
1201.010742	-117.259636
1199.925781	-47.291683
1198.840820	-237.718857
1197.755859	198.558197
1196.670898	28.910349
1195.584961	193.233490
1194.499023	-91.429283
1193.413086	-16.896572
1192.326172	151.954102
1191.239258	26.255623
1190.152344	-71.773514
1189.065430	257.981659
1187.978516	-56.156895
1186.890625	75.779053
1185.802734	138.721130
1184.714844	224.620224
1183.625977	236.975784
1182.538086	208.000870
1181.449219	-71.233017
1180.360352	147.803329
1179.270508	352.972656
1178.180664	310.245575
1177.090820	524.475220
1176.000977	724.854614
1174.911133	482.598206
1173.820313	735.629395
1172.729492	381.172485
1171.638672	718.908813
1170.547852	453.968750
1169.456055	459.420227
1168.364258	483.192627
1167.272461	461.166382
1166.179688	423.126129
1165.087891	540.722046
1163.995117	793.250366
1162.902344	963.318115
1161.808594	1156.174805
1160.715820	1522.718506
1159.622070	1329.048340
1158.528320	1350.288696
1157.433594	1257.267334
1156.339844	830.774719
1155.245117	893.208740
1154.149414	677.037659
1153.054688	518.034363
1151.958984	701.444397
1150.863281	378.200867
1149.767578	328.853943
1148.671875	427.778015
1147.575195	268.968628
1146.478516	506.909546
1145.381836	437.031830
1144.285156	257.795776
1143.187500	365.687073
1142.089844	418.853546
1140.992188	34.753555
1139.894531	24.200867
1138.795898	25.015089
1137.697266	-126.655975
1136.598633	101.690903
1135.499023	-247.863022
1134.400391	150.945358
1133.300781	65.257751
1132.201172	47.786404
1131.100586	-165.149231
1130.000977	-130.334824
1128.900391	-150.078003
1127.799805	-88.070847
1126.698242	169.158371
1125.596680	294.583618
1124.495117	367.731476
1123.393555	604.200684
1122.291992	205.328369
1121.189453	484.767761
1120.086914	952.270203
1118.984375	1063.604370
1117.881836	1081.931519
1116.778320	1455.992676
1115.674805	1288.384888
1114.571289	1170.654053
1113.466797	975.945679
1112.363281	1186.564087
1111.258789	951.132629
1110.153320	1161.585938
1109.048828	1113.988281
1107.943359	1274.478516
1106.837891	824.251587
1105.732422	860.306396
1104.625977	927.948120
1103.520508	970.667175
1102.414063	622.430176
1101.306641	486.648132
1100.200195	723.536255
1099.092773	337.074615
1097.985352	637.007019
1096.877930	760.719238
1095.769531	153.236710
1094.661133	470.912781
1093.552734	359.869476
1092.444336	271.375305
1091.335938	212.177322
1090.226563	272.406281
1089.117188	535.360901
1088.006836	471.470764
1086.897461	407.561188
1085.787109	372.890594
1084.676758	329.175873
1083.566406	911.162048
1082.455078	509.417114
1081.343750	724.251770
1080.232422	633.018555
1079.121094	699.181152
1078.008789	499.944122
1076.896484	563.725830
1075.784180	539.769226
1074.671875	473.069550
1073.558594	837.612183
1072.445313	600.052063
1071.332031	521.942810
1070.217773	598.681824
1069.104492	616.971191
1067.990234	31.600763
1066.875977	366.153534
1065.760742	440.315796
1064.645508	234.086563
1063.530273	469.496063
1062.415039	561.281616
1061.299805	236.174545
1060.183594	327.804260
1059.067383	267.010010
1057.951172	268.861053
1056.833984	17.644812
1055.716797	393.151886
1054.599609	23.256283
1053.482422	105.349648
1052.364258	202.965195
1051.247070	653.771851
1050.128906	397.809601
1049.009766	557.600769
1047.891602	344.051056
1046.772461	291.354340
1045.653320	86.702370
1044.533203	60.688454
1043.414063	61.390820
1042.293945	70.916878
1041.173828	406.155975
1040.052734	56.187489
1038.932617	400.002441
1037.811523	-132.872391
1036.689453	-175.107971
1035.568359	-85.900238
1034.446289	263.896271
1033.324219	9.626599
1032.202148	-4.057580
1031.079102	293.938232
1029.957031	-172.000961
1028.833984	-30.138592
1027.709961	15.846690
1026.586914	170.736984
1025.462891	-37.157436
1024.338867	155.257401
1023.214844	207.393036
1022.089844	19.298540
1020.964844	340.130676
1019.839844	102.986649
1018.714844	185.731216
1017.588867	-451.284088
1016.462891	-60.040699
1015.336914	88.931702
1014.210938	568.423767
1013.083984	384.103210
1011.957031	301.801514
1010.830078	203.895355
1009.702148	527.220215
1008.574219	635.238831
1007.446289	1104.369019
1006.318359	2264.538330
1005.190430	3091.748535
1004.061523	3282.772217
1002.932617	2758.336670
1001.802734	1789.016968
1000.673828	875.369507
999.543945	690.050659
998.414063	526.821106
997.283203	297.181671
996.153320	67.541214
995.022461	308.791748
993.891602	452.559814
992.759766	379.564636
991.628906	675.462097
990.497070	412.253021
989.364258	637.081970
988.232422	976.509766
987.099609	1203.081787
985.966797	1305.850952
984.833984	1159.142334
983.700195	1180.014404
982.566406	1286.770752
981.432617	1232.413940
980.298828	1158.130249
979.164063	1253.444824
978.029297	817.611206
976.894531	773.962036
975.759766	712.603577
974.624023	384.734833
973.488281	668.861572
972.352539	708.463257
971.215820	347.476959
970.080078	435.316528
968.943359	245.890366
967.805664	518.168091
966.668945	394.550446
965.531250	651.080322
964.393555	595.383545
963.254883	431.957520
962.117188	584.780029
960.978516	673.743042
959.839844	510.119415
958.700195	359.629059
957.561523	634.809143
956.421875	567.535522
955.281250	708.542053
954.141602	985.358521
953.000977	1090.952515
951.860352	966.284973
950.719727	1067.283691
949.578125	955.640869
948.436523	1062.986084
947.294922	598.698181
946.153320	434.466553
945.010742	486.895660
943.868164	718.658386
942.725586	589.278198
941.583008	203.991592
940.439453	26.531952
939.295898	137.662308
938.152344	34.486450
937.007813	460.083435
935.863281	109.880646
934.718750	447.788605
933.574219	261.413239
932.428711	31.394163
931.283203	19.694221
930.137695	269.810059
928.992188	205.615295
927.845703	167.564072
926.699219	66.254272
925.552734	115.381905
924.405273	77.254662
923.257813	-37.154385
922.110352	332.110657
920.962891	106.560356
919.814453	50.926369
918.666016	-0.345396
917.517578	318.410065
916.369141	36.404636
915.219727	339.733368
914.070313	136.121613
912.920898	113.089958
911.770508	-14.305522
910.621094	-28.597513
909.470703	-47.243240
908.319336	236.100311
907.168945	37.140663
906.017578	153.147339
904.866211	78.064583
903.713867	107.208565
902.562500	43.065998
901.410156	-298.737823
900.256836	12.511391
899.104492	11.399853
897.951172	10.307014
896.797852	124.136024
895.644531	73.261307
894.490234	-3.559113
893.335938	-93.287407
892.181641	209.040726
891.027344	-237.813538
889.872070	-242.853607
888.716797	107.073387
887.561523	-42.867065
886.405273	-151.586365
885.249023	92.310379
884.092773	16.193735
882.936523	-12.251268
881.779297	-49.257988
880.622070	-163.937714
879.464844	-17.111275
878.307617	-34.378845
877.149414	86.620300
875.991211	75.997162
874.833008	289.917175
873.673828	31.338984
872.514648	-211.906052
871.355469	-88.318558
870.196289	-152.240982
869.036133	-209.558075
867.875977	-169.747559
866.715820	385.096069
865.554688	136.361801
864.394531	47.253880
863.233398	-310.812195
862.071289	418.418945
860.910156	374.910461
859.748047	430.525787
858.585938	666.948059
857.422852	232.453674
856.259766	441.160919
855.096680	581.148804
853.933594	452.615387
852.770508	410.245026
851.606445	131.775528
850.442383	-187.193314
849.277344	121.060860
848.113281	392.874481
846.948242	267.722992
845.783203	-22.386456
844.617188	226.198593
843.451172	80.271935
842.285156	-1.076370
841.119141	3.544440
839.952148	-6.654194
838.785156	2.630346
837.618164	-101.416489
836.451172	-3.914004
835.283203	102.296883
834.115234	16.019728
832.947266	107.607620
831.778320	188.651566
830.609375	-89.477303
829.440430	90.364830
828.271484	432.819733
827.101563	106.293251
825.931641	303.688568
824.761719	616.574951
823.590820	491.653290
822.420898	194.041595
821.250000	614.125427
820.078125	404.558136
818.907227	481.266724
817.735352	724.561401
816.562500	242.747513
815.390625	398.990814
814.217773	271.824951
813.044922	157.727966
811.872070	295.355713
810.698242	-167.656403
809.524414	98.213631
808.350586	104.383003
807.176758	391.790253
806.001953	-20.989521
804.827148	-184.388718
803.651367	252.443237
802.476563	40.565022
801.300781	62.905544
800.125000	223.634659
798.948242	44.415592
797.772461	20.617529
796.595703	209.476898
795.417969	260.390381
794.241211	298.743256
793.063477	441.297974
791.885742	781.374451
790.707031	542.179077
789.529297	697.886292
788.350586	626.761169
787.170898	407.416168
785.992188	569.955872
784.812500	696.563843
783.632813	647.409546
782.452148	657.765747
781.272461	329.407166
780.091797	378.277802
778.911133	446.336823
777.729492	237.255478
776.547852	341.590088
775.366211	73.695244
774.184570	108.509468
773.001953	-44.747250
771.819336	57.992023
770.636719	-37.860031
769.453125	-173.694839
768.269531	-30.498945
767.085938	192.995407
765.902344	-166.289871
764.717773	154.437225
763.533203	150.085754
762.348633	0.231571
761.163086	40.383320
759.977539	129.097900
758.791992	38.610958
757.606445	-49.664192
756.419922	-179.994507
755.233398	85.906723
754.046875	86.296234
752.859375	331.020172
751.672852	365.101532
750.485352	508.645721
749.296875	416.424805
748.108398	463.119354
746.919922	312.054047
745.731445	463.891327
744.542969	314.971466
743.353516	31.563921
742.164063	460.688812
740.973633	246.642899
739.783203	440.159149
738.592773	56.009281
737.402344	245.162308
736.211914	96.202438
735.020508	331.275757
733.829102	671.054993
732.636719	767.258423
731.444336	504.711304
730.251953	365.878937
729.059570	172.496231
727.866211	249.416092
726.673828	447.684509
725.479492	186.999557
724.286133	-144.907349
723.091797	341.797852
721.897461	57.842438
720.703125	-37.805412
719.507813	-171.241882
718.312500	-76.801300
717.117188	-64.143776
715.921875	-55.864731
714.725586	-114.669456
713.529297	-154.841904
712.332031	159.957764
711.135742	355.346161
709.938477	134.877411
708.740234	580.261963
707.542969	710.052124
706.344727	1056.567627
705.146484	1895.033936
703.948242	2182.247559
702.749023	2663.010986
701.549805	2324.018555
700.350586	1980.784790
699.150391	1597.882568
697.950195	1125.348145
696.750000	908.979187
695.549805	707.056519
694.348633	265.592041
693.147461	286.144745
691.946289	239.876266
690.744141	399.350922
689.541992	300.640137
688.339844	27.105122
687.136719	194.189011
685.934570	277.871552
684.730469	271.966553
683.527344	415.457031
682.323242	463.165192
681.119141	676.798706
679.915039	572.582764
678.710938	347.911499
677.505859	-3.345087
676.300781	369.406494
675.094727	347.852966
673.889648	351.129578
672.683594	-99.609634
671.476563	330.581726
670.270508	286.110748
669.063477	53.172676
667.856445	269.769196
666.648438	105.370224
665.440430	15.662288
664.232422	327.587280
663.024414	-281.145538
661.815430	45.521034
660.606445	221.299561
659.397461	126.422272
658.188477	445.283478
656.978516	-35.390884
655.768555	98.144203
654.557617	106.045364
653.346680	252.778198
652.135742	110.940979
650.924805	139.001450
649.712891	-53.113033
648.501953	52.634544
647.289063	-59.549637
646.077148	-30.643600
644.864258	-295.671112
643.651367	68.994041
642.438477	197.542847
641.224609	-212.612457
640.010742	140.639343
638.796875	272.592010
637.582031	426.404541
636.367188	91.739807
635.152344	324.584961
633.937500	289.442169
632.721680	406.157043
631.505859	341.622467
630.289063	412.655487
629.073242	972.725220
627.856445	1027.169067
626.639648	1114.647461
625.421875	699.259949
624.204102	695.148682
622.986328	533.546448
621.768555	296.793945
620.549805	85.644249
619.331055	-231.082733
618.111328	134.353317
616.892578	-9.637997
