1721.000977	-6.729632
1720.027344	-104.212646
1719.052734	97.518051
1718.078125	-4.507156
1717.104492	236.388168
1716.128906	-5.828271
1715.154297	2.551349
1714.178711	48.611526
1713.204102	58.041359
1712.228516	-138.248611
1711.251953	102.978127
1710.276367	54.018486
1709.299805	94.094582
1708.324219	366.583069
1707.347656	98.246780
1706.370117	-91.175941
1705.393555	123.289001
1704.416016	145.299210
1703.438477	-219.381882
1702.460938	-95.902313
1701.483398	6.663274
1700.505859	111.357658
1699.527344	39.287762
1698.548828	92.107056
1697.570313	-315.252197
1696.591797	-186.388779
1695.612305	-55.326633
1694.632813	134.132248
1693.653320	11.855927
1692.673828	-18.733458
1691.694336	-67.389206
1690.713867	-95.836792
1689.734375	-4.577187
1688.753906	165.498871
1687.772461	-62.363712
1686.791992	250.077606
1685.810547	32.203960
1684.830078	35.965382
1683.848633	70.165337
1682.866211	-99.496597
1681.884766	-27.277304
1680.902344	-1.004167
1679.919922	60.822018
1678.937500	290.502808
1677.955078	219.846146
1676.971680	-11.077955
1675.989258	-102.058586
1675.005859	2.723184
1674.022461	59.148197
1673.038086	-9.002255
1672.054688	-79.652435
1671.070313	-33.432182
1670.085938	50.874870
1669.101563	117.387787
1668.117188	95.038795
1667.131836	-13.589957
1666.146484	-35.861561
1665.161133	-108.831024
1664.175781	44.026443
1663.189453	26.931673
1662.204102	88.509460
1661.217773	25.880621
1660.231445	59.644035
1659.245117	-144.743210
1658.257813	129.818680
1657.270508	-150.376968
1656.284180	2.661870
1655.295898	29.079439
1654.308594	-83.651215
1653.321289	127.678154
1652.333008	45.465374
1651.344727	168.269714
1650.356445	30.589403
1649.367188	120.608116
1648.378906	187.930115
1647.389648	-88.472023
1646.400391	-15.940626
1645.411133	-89.901108
1644.420898	-32.412300
1643.431641	50.402901
1642.441406	75.172516
1641.451172	168.172256
1640.459961	180.431030
1639.469727	-82.273849
1638.478516	-21.875656
1637.487305	177.306793
1636.496094	121.776741
1635.504883	270.572479
1634.512695	177.373199
1633.520508	207.780304
1632.528320	-11.205257
1631.536133	150.374405
1630.543945	259.065979
1629.550781	375.324127
1628.557617	375.791443
1627.564453	338.571106
1626.571289	505.275970
1625.578125	518.497375
1624.583984	851.236938
1623.589844	952.518494
1622.595703	749.567993
1621.601563	745.363342
1620.606445	839.229492
1619.611328	1026.090210
1618.616211	954.151978
1617.621094	1168.649292
1616.625977	1013.941711
1615.629883	1035.092773
1614.633789	1149.162476
1613.637695	1007.235962
1612.641602	978.329102
1611.645508	1074.911743
1610.648438	1173.990723
1609.651367	1195.330200
1608.654297	1056.240723
1607.657227	1142.840698
1606.659180	1166.773804
1605.662109	1260.896484
1604.664063	1046.877197
1603.666016	1429.052002
1602.666992	1250.186768
1601.668945	1254.186523
1600.669922	1238.172241
1599.670898	1314.775635
1598.671875	1081.130737
1597.671875	1132.746948
1596.672852	1356.929565
1595.672852	1295.983276
1594.672852	1187.578979
1593.671875	941.759338
1592.671875	693.564941
1591.670898	722.776428
1590.669922	796.941528
1589.668945	718.752136
1588.667969	503.281921
1587.666016	462.623718
1586.664063	484.373291
1585.662109	496.134674
1584.660156	433.051025
1583.658203	365.002869
1582.655273	456.552917
1581.652344	114.275574
1580.649414	200.842422
1579.646484	240.018860
1578.642578	30.012302
1577.638672	81.630630
1576.634766	185.514343
1575.630859	266.933899
1574.626953	375.689026
1573.622070	96.112267
1572.618164	-63.911621
1571.613281	-49.749725
1570.607422	101.176147
1569.602539	194.837830
1568.596680	39.806751
1567.590820	11.591442
1566.584961	47.982189
1565.579102	-44.865437
1564.572266	316.891083
1563.566406	42.677082
1562.559570	-37.774807
1561.551758	-80.989578
1560.544922	89.259071
1559.537109	-140.128235
1558.530273	-208.166245
1557.521484	53.681679
1556.513672	139.327362
1555.505859	-8.157908
1554.497070	-26.715612
1553.488281	-117.165588
1552.479492	25.318119
1551.470703	217.261703
1550.460938	-118.485222
1549.451172	-350.112427
1548.441406	-106.313293
1547.431641	-65.618187
1546.421875	-175.928467
1545.411133	10.677812
1544.400391	58.648861
1543.389648	235.180069
1542.378906	-31.002832
1541.367188	254.181290
1540.355469	-4.546654
1539.343750	60.527390
1538.332031	-163.515274
1537.320313	-224.464432
1536.307617	275.168365
1535.294922	-20.471922
1534.282227	24.645313
1533.269531	62.314396
1532.256836	-50.575600
1531.243164	26.502872
1530.229492	138.056305
1529.215820	239.674057
1528.202148	40.445480
1527.187500	117.334679
1526.172852	-5.446609
1525.158203	22.099253
1524.143555	-19.361134
1523.127930	-1.729845
1522.113281	222.720978
1521.097656	35.926823
1520.082031	-0.668910
1519.065430	-49.584480
1518.049805	58.971607
1517.033203	44.467068
1516.016602	-250.394836
1515.000000	-58.330154
1513.982422	111.504227
1512.965820	128.892151
1511.948242	192.932190
1510.930664	310.980072
1509.913086	114.587364
1508.894531	16.477135
1507.875977	-49.686264
1506.857422	139.442749
1505.838867	166.518341
1504.820313	181.308960
1503.800781	-34.506241
1502.781250	83.299644
1501.761719	80.906227
1500.742188	100.574165
1499.721680	-107.716576
1498.702148	112.910789
1497.681641	-188.391357
1496.661133	71.336365
1495.639648	-85.358658
1494.618164	345.610840
1493.597656	-16.673706
1492.576172	169.377655
1491.553711	-107.096382
1490.532227	83.799385
1489.509766	-67.794189
1488.487305	64.330246
1487.464844	-77.399612
1486.442383	18.025944
1485.418945	101.190590
1484.395508	40.186382
1483.372070	-54.975990
1482.348633	204.020798
1481.324219	1.449930
1480.300781	111.450424
1479.276367	-34.852165
1478.251953	106.850868
1477.226563	167.993912
1476.202148	241.339813
1475.176758	61.057243
1474.151367	170.991913
1473.125000	232.137863
1472.099609	5.736201
1471.073242	130.285889
1470.046875	142.755524
1469.020508	16.427193
1467.994141	313.848602
1466.966797	43.951454
1465.939453	426.465881
1464.912109	336.783356
1463.884766	239.867493
1462.856445	11.667692
1461.829102	282.123535
1460.800781	413.902466
1459.772461	343.904327
1458.743164	366.307098
1457.714844	332.862518
1456.685547	496.220703
1455.656250	474.962952
1454.625977	655.278992
1453.596680	255.357819
1452.566406	311.933746
1451.536133	535.958923
1450.505859	308.674164
1449.474609	413.820282
1448.444336	259.489868
1447.413086	260.425537
1446.381836	251.706070
1445.350586	376.326141
1444.318359	294.970032
1443.286133	577.063965
1442.253906	495.786194
1441.221680	230.553223
1440.189453	142.209259
1439.156250	102.344933
1438.123047	43.183098
1437.089844	112.321815
1436.056641	116.167732
1435.022461	141.813583
1433.988281	174.749496
1432.954102	-118.623749
1431.919922	228.637497
1430.885742	331.750366
1429.850586	57.993305
1428.815430	173.262360
1427.780273	-148.541794
1426.744141	106.835930
1425.708984	195.620468
1424.672852	-79.992645
1423.636719	110.216537
1422.600586	-5.952991
1421.563477	107.076332
1420.527344	-291.049316
1419.490234	-69.424950
1418.452148	-129.841324
1417.415039	5.011414
1416.376953	-50.473186
1415.338867	-110.698814
1414.300781	-206.968155
1413.262695	-120.169861
1412.224609	-112.790260
1411.185547	-114.995552
1410.146484	-1.660486
1409.107422	164.599670
1408.067383	-10.678058
1407.027344	13.744664
1405.987305	-209.401794
1404.947266	-4.586271
1403.907227	22.376637
1402.866211	-99.579361
1401.826172	124.453339
1400.785156	57.861839
1399.743164	305.857056
1398.702148	66.531754
1397.660156	223.326065
1396.618164	552.856506
1395.576172	277.792816
1394.533203	619.254517
1393.491211	497.853302
1392.448242	587.508240
1391.405273	797.011414
1390.361328	714.121094
1389.318359	1201.513062
1388.274414	1082.741455
1387.230469	1114.936035
1386.186523	1336.309082
1385.141602	1327.830322
1384.097656	1451.036133
1383.052734	1677.112061
1382.007813	1400.786987
1380.961914	1349.432861
1379.916992	1331.628784
1378.871094	1488.386719
1377.825195	1322.456787
1376.778320	1065.832397
1375.732422	1000.496216
1374.685547	975.827881
1373.638672	862.856567
1372.591797	972.017456
1371.543945	727.885864
1370.497070	796.543762
1369.449219	686.254028
1368.400391	740.643127
1367.352539	525.556396
1366.303711	684.954163
1365.255859	703.677612
1364.206055	634.228333
1363.157227	693.533325
1362.108398	619.435852
1361.058594	676.404175
1360.008789	766.724792
1358.958984	533.244690
1357.908203	545.069092
1356.857422	683.054504
1355.806641	730.598816
1354.755859	485.566589
1353.705078	735.355713
1352.653320	485.729645
1351.601563	476.345551
1350.549805	493.144257
1349.498047	450.558655
1348.445313	626.580994
1347.393555	313.269867
1346.340820	460.809570
1345.287109	131.092117
1344.234375	181.342010
1343.180664	395.339386
1342.126953	229.645325
1341.073242	206.376419
1340.019531	425.049561
1338.964844	98.290024
1337.910156	134.397079
1336.855469	2.235304
1335.799805	50.234726
1334.745117	169.314651
1333.689453	169.929520
1332.633789	161.093353
1331.578125	76.520340
1330.521484	-22.205084
1329.464844	111.048210
1328.408203	239.531540
1327.351563	-69.640488
1326.294922	115.621338
1325.237305	163.671097
1324.179688	-12.858221
1323.122070	47.048393
1322.064453	73.862984
1321.005859	-57.607166
1319.947266	-179.561142
1318.888672	-65.310104
1317.830078	22.934427
1316.770508	71.020836
1315.710938	-86.210960
1314.651367	-12.148263
1313.591797	66.610710
1312.531250	-132.943008
1311.471680	-9.375212
1310.411133	-62.656345
1309.349609	-120.626770
1308.289063	0.518766
1307.227539	-50.358070
1306.166016	-47.036556
1305.104492	-24.872681
1304.042969	-2.712655
1302.980469	181.842926
1301.917969	-97.258675
1300.855469	-115.088242
1299.792969	144.654526
1298.729492	-63.705135
1297.666016	-29.800022
1296.602539	-45.273163
1295.539063	-182.943359
1294.474609	102.374062
1293.411133	98.632675
1292.346680	-71.864105
1291.281250	-28.616674
1290.216797	-154.409744
1289.151367	151.708603
1288.085938	-56.206928
1287.020508	97.259331
1285.955078	248.312088
1284.888672	343.009186
1283.822266	214.932755
1282.755859	222.861740
1281.689453	99.547768
1280.622070	2.050702
1279.554688	59.196808
1278.487305	207.647919
1277.419922	180.423279
1276.351563	66.582771
1275.283203	69.810150
1274.214844	87.068054
1273.146484	-22.012896
1272.077148	9.273714
1271.008789	337.524170
1269.939453	191.028503
1268.869141	264.296265
1267.799805	342.207001
1266.729492	27.564411
1265.659180	465.189056
1264.588867	318.785889
1263.517578	345.209778
1262.447266	490.670441
1261.375977	-64.083061
1260.304688	74.381203
1259.232422	219.771698
1258.161133	302.124359
1257.088867	316.805420
1256.016602	506.317230
1254.943359	381.083099
1253.871094	391.053101
1252.797852	419.642303
1251.724609	247.901947
1250.650391	311.417450
1249.577148	447.078430
1248.502930	319.639832
1247.428711	480.814972
1246.354492	376.674255
1245.279297	409.807068
1244.204102	435.938477
1243.128906	427.176025
1242.053711	411.435791
1240.977539	509.566895
1239.902344	517.035278
1238.826172	345.609650
1237.750000	420.442810
1236.672852	411.636017
1235.595703	244.961319
1234.518555	166.549713
1233.441406	95.129852
1232.364258	262.694031
1231.286133	281.722382
1230.208008	47.967522
1229.129883	50.792858
1228.051758	-29.836586
1226.972656	211.684326
1225.893555	251.518372
1224.814453	163.925522
1223.734375	247.737473
1222.655273	171.748428
1221.575195	56.428257
1220.495117	100.847992
1219.415039	73.511757
1218.333984	-48.670586
1217.252930	69.733337
1216.171875	-68.590691
1215.090820	144.545059
1214.008789	332.152008
1212.926758	62.127441
1211.844727	30.180552
1210.762695	69.850662
1209.679688	-17.518738
1208.597656	-114.080673
1207.513672	-236.006317
1206.430664	-224.022430
1205.347656	30.218422
1204.263672	-68.596504
1203.179688	-135.079712
1202.095703	19.815920
1201.010742	-28.224260
1199.925781	198.019257
1198.840820	69.312347
1197.755859	313.864288
1196.670898	201.312057
1195.584961	-72.383598
1194.499023	204.262436
1193.413086	-117.646057
1192.326172	101.355598
1191.239258	147.713440
1190.152344	182.552719
1189.065430	-47.079426
1187.978516	15.381731
1186.890625	142.172363
1185.802734	266.611511
1184.714844	50.955284
1183.625977	-6.108948
1182.538086	-21.798912
1181.449219	24.507921
1180.360352	210.829758
1179.270508	566.900879
1178.180664	665.831177
1177.090820	35.216675
1176.000977	267.254822
1174.911133	285.945831
1173.820313	309.211517
1172.729492	437.905884
1171.638672	298.445160
1170.547852	216.325623
1169.456055	349.549164
1168.364258	262.881897
1167.272461	334.234100
1166.179688	-22.478268
1165.087891	211.397797
1163.995117	403.990875
1162.902344	829.820862
1161.808594	631.135803
1160.715820	917.272095
1159.622070	871.827209
1158.528320	623.010315
1157.433594	879.264832
1156.339844	667.124329
1155.245117	704.022156
1154.149414	181.483856
1153.054688	385.136658
1151.958984	376.445221
1150.863281	475.011292
1149.767578	368.223572
1148.671875	131.486374
1147.575195	282.508606
1146.478516	246.528671
1145.381836	274.394165
1144.285156	411.636322
1143.187500	-9.354275
1142.089844	294.178223
1140.992188	169.460281
1139.894531	129.048477
1138.795898	-52.473221
1137.697266	105.180183
1136.598633	-121.739456
1135.499023	-127.909920
1134.400391	-143.161591
1133.300781	-133.392883
1132.201172	-89.522003
1131.100586	70.238106
1130.000977	-149.515366
1128.900391	-89.753029
1127.799805	-120.856117
1126.698242	75.120628
1125.596680	-37.723583
1124.495117	-123.275749
1123.393555	52.165043
1122.291992	-49.237453
1121.189453	402.825287
1120.086914	262.844910
1118.984375	635.295715
1117.881836	484.001495
1116.778320	754.264954
1115.674805	636.997620
1114.571289	648.894287
1113.466797	660.784973
1112.363281	708.901184
1111.258789	643.815186
1110.153320	739.430969
1109.048828	629.118469
1107.943359	536.948181
1106.837891	566.940796
1105.732422	438.648468
1104.625977	344.315216
1103.520508	622.926208
1102.414063	307.161133
1101.306641	298.749939
1100.200195	188.714859
1099.092773	184.843048
1097.985352	27.461691
1096.877930	269.626801
1095.769531	103.256065
1094.661133	489.655121
1093.552734	63.922932
1092.444336	161.513901
1091.335938	56.155846
1090.226563	302.440186
1089.117188	158.766251
1088.006836	107.510597
1086.897461	-15.804675
1085.787109	239.232361
1084.676758	201.462463
1083.566406	192.959061
1082.455078	74.172806
1081.343750	326.649506
1080.232422	309.073883
1079.121094	327.472473
1078.008789	420.034088
1076.896484	328.214722
1075.784180	474.630707
1074.671875	510.869080
1073.558594	268.520874
1072.445313	369.868286
1071.332031	320.711182
1070.217773	231.142517
1069.104492	249.319366
1067.990234	200.143372
1066.875977	137.504120
1065.760742	52.431961
1064.645508	164.685654
1063.530273	23.545519
1062.415039	142.418793
1061.299805	-74.898575
1060.183594	-106.220146
1059.067383	75.210960
1057.951172	28.128168
1056.833984	101.915092
1055.716797	3.289631
1054.599609	-5.819519
1053.482422	-75.366463
1052.364258	110.051834
1051.247070	132.110687
1050.128906	64.687439
1049.009766	334.753632
1047.891602	126.445763
1046.772461	210.853806
1045.653320	337.617798
1044.533203	182.896347
1043.414063	95.183647
1042.293945	215.040131
1041.173828	263.381317
1040.052734	-49.792446
1038.932617	174.700775
1037.811523	-149.567169
1036.689453	101.482727
1035.568359	67.050255
1034.446289	88.283211
1033.324219	-278.230682
1032.202148	36.993973
1031.079102	102.580193
1029.957031	99.062263
1028.833984	-127.125351
1027.709961	131.885437
1026.586914	-83.206726
1025.462891	-84.717628
1024.338867	-8.453629
1023.214844	-36.792557
1022.089844	-60.748425
1020.964844	-2.525844
1019.839844	-193.264328
1018.714844	-170.720551
1017.588867	204.872543
1016.462891	-74.818283
1015.336914	-132.455917
1014.210938	216.021347
1013.083984	-150.244568
1011.957031	-54.979195
1010.830078	259.742523
1009.702148	106.359222
1008.574219	451.778442
1007.446289	805.829529
1006.318359	1066.570557
1005.190430	1836.662964
1004.061523	2107.959229
1002.932617	1535.361206
1001.802734	996.145508
1000.673828	722.710876
999.543945	367.432648
998.414063	295.422150
997.283203	314.037537
996.153320	250.750610
995.022461	441.649139
993.891602	417.971802
992.759766	584.258179
991.628906	681.902649
990.497070	1040.052979
989.364258	865.734253
988.232422	1291.948608
987.099609	1642.825928
985.966797	1613.877319
984.833984	1598.096558
983.700195	1586.634399
982.566406	1654.484253
981.432617	1735.442993
980.298828	1620.094727
979.164063	1191.759644
978.029297	953.019775
976.894531	989.648560
975.759766	579.109009
974.624023	430.672516
973.488281	374.669464
972.352539	529.879333
971.215820	220.665314
970.080078	320.670990
968.943359	627.264954
967.805664	518.058655
966.668945	404.428711
965.531250	380.862549
964.393555	311.078094
963.254883	368.643311
962.117188	166.953064
960.978516	294.619415
959.839844	286.040375
958.700195	62.289673
957.561523	305.938690
956.421875	540.608826
955.281250	549.179688
954.141602	395.416351
953.000977	579.233093
951.860352	780.423157
950.719727	490.614532
949.578125	614.892456
948.436523	605.435364
947.294922	411.976776
946.153320	544.720947
945.010742	329.323486
943.868164	107.388962
942.725586	360.209656
941.583008	383.195099
940.439453	303.317230
939.295898	190.620483
938.152344	169.705917
937.007813	144.357941
935.863281	191.054886
934.718750	320.665497
933.574219	196.859360
932.428711	83.956100
931.283203	372.653076
930.137695	4.344667
928.992188	17.938889
927.845703	-25.242680
926.699219	121.261353
925.552734	-172.732635
924.405273	-124.446014
923.257813	-41.358574
922.110352	161.473160
920.962891	150.721176
919.814453	13.625123
918.666016	277.142975
917.517578	200.960556
916.369141	98.671898
915.219727	118.221794
914.070313	157.316528
912.920898	-97.197815
911.770508	-38.561878
910.621094	89.599594
909.470703	-23.538847
908.319336	-247.449326
907.168945	145.612701
906.017578	108.503502
904.866211	23.642578
903.713867	103.769981
902.562500	25.458473
901.410156	164.130905
900.256836	-16.118189
899.104492	-118.196465
897.951172	-189.874283
896.797852	132.988724
895.644531	-18.862455
894.490234	48.183701
893.335938	-99.214859
892.181641	84.806084
891.027344	-149.078659
889.872070	147.473068
888.716797	-190.136658
887.561523	-168.406815
886.405273	-75.278252
885.249023	-148.663422
884.092773	-1.442106
882.936523	284.097687
881.779297	-214.900620
880.622070	172.197220
879.464844	40.775154
878.307617	8.810843
877.149414	479.965515
875.991211	-197.353302
874.833008	209.029358
873.673828	-51.379375
872.514648	20.589558
871.355469	38.693142
870.196289	205.635605
869.036133	-95.163513
867.875977	-14.299119
866.715820	193.735718
865.554688	93.741638
864.394531	133.880417
863.233398	-118.712509
862.071289	111.061813
860.910156	181.604782
859.748047	151.097260
858.585938	140.076324
857.422852	324.864624
856.259766	-14.907293
855.096680	432.312256
853.933594	114.414734
852.770508	518.682190
851.606445	211.908463
850.442383	-10.837196
849.277344	118.752853
848.113281	138.965912
846.948242	320.248627
845.783203	222.685257
844.617188	39.507614
843.451172	169.660919
842.285156	64.071381
841.119141	3.700297
839.952148	174.949722
838.785156	185.594208
837.618164	-92.766434
836.451172	119.565163
835.283203	-44.852360
834.115234	-121.262856
832.947266	-4.869526
831.778320	284.933380
830.609375	-276.528351
829.440430	306.524261
828.271484	340.030304
827.101563	53.076283
825.931641	133.996841
824.761719	142.424133
823.590820	86.948822
822.420898	253.781998
821.250000	378.017792
820.078125	261.186890
818.907227	462.567535
817.735352	297.084595
816.562500	215.049713
815.390625	331.571869
814.217773	164.678162
813.044922	296.460144
811.872070	112.994202
810.698242	-59.544361
809.524414	28.048454
808.350586	-14.100538
807.176758	-68.809952
806.001953	-10.492171
804.827148	-60.534187
803.651367	189.608734
802.476563	-15.338305
801.300781	147.880707
800.125000	28.459658
798.948242	189.845734
797.772461	-1.395957
796.595703	-81.889511
795.417969	269.004639
794.241211	127.277939
793.063477	-33.306423
791.885742	413.394531
790.707031	9.152332
789.529297	120.798470
788.350586	160.454193
787.170898	100.601799
785.992188	166.028442
784.812500	621.576538
783.632813	250.672195
782.452148	102.547859
781.272461	265.996826
780.091797	82.256546
778.911133	91.402351
777.729492	409.701813
776.547852	-63.385506
775.366211	90.079742
774.184570	241.497742
773.001953	-19.350367
771.819336	-121.394791
770.636719	57.828671
769.453125	129.327606
768.269531	-160.330933
767.085938	-139.274948
765.902344	-352.499786
764.717773	-375.533203
763.533203	-50.223114
762.348633	42.922989
761.163086	89.701401
759.977539	1.558484
758.791992	-172.917908
757.606445	150.248642
756.419922	-9.296228
755.233398	-202.425278
754.046875	-279.554993
752.859375	188.862366
751.672852	35.955994
750.485352	360.999573
749.296875	102.953194
748.108398	328.976471
746.919922	26.908218
745.731445	59.372250
744.542969	45.560726
743.353516	199.909470
742.164063	188.140182
740.973633	247.790100
739.783203	204.448013
738.592773	297.590973
737.402344	-37.673168
736.211914	252.691193
735.020508	213.379135
733.829102	388.018555
732.636719	201.712631
731.444336	34.280769
730.251953	196.002747
729.059570	34.746212
727.866211	101.881699
726.673828	53.636562
725.479492	3.197262
724.286133	189.288895
723.091797	266.286499
721.897461	-90.174835
720.703125	-32.275707
719.507813	178.162872
718.312500	-63.455692
717.117188	88.002907
715.921875	370.927094
714.725586	260.581909
713.529297	41.436497
712.332031	-117.212738
711.135742	64.466446
709.938477	389.939911
708.740234	284.981750
707.542969	490.853790
706.344727	898.814758
705.146484	1206.223633
703.948242	1515.344727
702.749023	1651.014648
701.549805	1525.801025
700.350586	1187.819092
699.150391	1156.068237
697.950195	565.786194
696.750000	250.468353
695.549805	264.056091
694.348633	281.560059
693.147461	355.009857
691.946289	128.559616
690.744141	95.443901
689.541992	338.722290
688.339844	369.572357
687.136719	281.687408
685.934570	449.261566
684.730469	414.987640
683.527344	571.641052
682.323242	254.506699
681.119141	232.168671
679.915039	78.886787
678.710938	390.380798
677.505859	450.510223
676.300781	72.779907
675.094727	288.213470
673.889648	5.832331
672.683594	457.271576
671.476563	106.402229
670.270508	112.005798
669.063477	38.847916
667.856445	106.523048
666.648438	4.391868
665.440430	7.901509
664.232422	-56.827942
663.024414	-96.616211
661.815430	-41.131134
660.606445	4.129701
659.397461	115.703339
658.188477	126.155983
656.978516	-131.791397
655.768555	56.919456
654.557617	-196.148010
653.346680	13.835824
652.135742	42.461056
650.924805	67.411797
649.712891	-107.298759
648.501953	-172.013962
647.289063	-165.953247
646.077148	18.120634
644.864258	-176.474869
643.651367	118.293587
642.438477	-66.315552
641.224609	-171.616104
640.010742	92.808899
638.796875	354.074341
637.582031	175.844971
636.367188	73.038849
635.152344	183.542160
633.937500	52.672127
632.721680	-10.806684
631.505859	262.498291
630.289063	424.328430
629.073242	476.896942
627.856445	482.053345
626.639648	782.979553
625.421875	619.732117
624.204102	460.875092
622.986328	249.055649
621.768555	446.180939
620.549805	120.643425
619.331055	-93.241913
618.111328	-185.128983
616.892578	255.031693
