1721.000977	83.521019
1720.027344	-25.090084
1719.052734	36.837559
1718.078125	31.398172
1717.104492	-123.426376
1716.128906	28.982121
1715.154297	21.787365
1714.178711	-34.668003
1713.204102	-9.598186
1712.228516	99.511017
1711.251953	-81.436264
1710.276367	88.158760
1709.299805	1.119345
1708.324219	8.426945
1707.347656	97.219429
1706.370117	-226.504608
1705.393555	-10.549711
1704.416016	13.055128
1703.438477	-106.946396
1702.460938	-38.003513
1701.483398	61.261261
1700.505859	-72.447853
1699.527344	95.152550
1698.548828	-8.453957
1697.570313	0.106566
1696.591797	-9.480818
1695.612305	118.557899
1694.632813	11.421753
1693.653320	-198.003128
1692.673828	59.445427
1691.694336	-127.372551
1690.713867	78.507515
1689.734375	268.822021
1688.753906	175.828049
1687.772461	143.864334
1686.791992	40.400810
1685.810547	-88.677452
1684.830078	-159.235474
1683.848633	-33.788723
1682.866211	-53.703907
1681.884766	247.093384
1680.902344	94.510948
1679.919922	48.775288
1678.937500	51.297386
1677.955078	51.175491
1676.971680	109.445656
1675.989258	-38.359989
1675.005859	197.704788
1674.022461	189.572723
1673.038086	0.919337
1672.054688	122.276459
1671.070313	146.975693
1670.085938	-92.529297
1669.101563	18.430069
1668.117188	-10.333268
1667.131836	-11.225291
1666.146484	84.273529
1665.161133	40.155285
1664.175781	-29.341993
1663.189453	106.566345
1662.204102	-97.352554
1661.217773	-159.267563
1660.231445	-129.931442
1659.245117	-133.565903
1658.257813	283.319946
1657.270508	137.717148
1656.284180	75.751312
1655.295898	3.643199
1654.308594	237.870010
1653.321289	-21.507681
1652.333008	-53.069996
1651.344727	39.339355
1650.356445	73.542458
1649.367188	-312.041107
1648.378906	-32.534611
1647.389648	198.823059
1646.400391	5.539191
1645.411133	52.372906
1644.420898	200.225815
1643.431641	176.311890
1642.441406	11.005292
1641.451172	-91.105164
1640.459961	81.936607
1639.469727	189.332336
1638.478516	62.055725
1637.487305	197.177612
1636.496094	329.739594
1635.504883	270.648499
1634.512695	234.270325
1633.520508	175.247833
1632.528320	315.329437
1631.536133	1.917780
1630.543945	300.698700
1629.550781	334.954102
1628.557617	442.228668
1627.564453	408.524536
1626.571289	533.400330
1625.578125	701.020203
1624.583984	725.191406
1623.589844	937.999207
1622.595703	937.012085
1621.601563	1323.196533
1620.606445	1196.484985
1619.611328	1497.044556
1618.616211	1400.544922
1617.621094	1278.987793
1616.625977	1044.492188
1615.629883	1598.496216
1614.633789	1411.754639
1613.637695	1142.290527
1612.641602	998.421997
1611.645508	1456.724976
1610.648438	1373.072998
1609.651367	1387.273560
1608.654297	1220.974609
1607.657227	1282.865234
1606.659180	1174.319214
1605.662109	1396.587891
1604.664063	1263.048096
1603.666016	1512.776367
1602.666992	1451.902466
1601.668945	1471.200928
1600.669922	1390.373047
1599.670898	1679.952148
1598.671875	1383.982910
1597.671875	1573.403564
1596.672852	1287.613525
1595.672852	1359.488159
1594.672852	1373.851563
1593.671875	1095.789063
1592.671875	952.806946
1591.670898	1132.153809
1590.669922	826.880554
1589.668945	629.127380
1588.667969	631.200500
1587.666016	698.169434
1586.664063	750.147522
1585.662109	348.003448
1584.660156	444.955627
1583.658203	404.704865
1582.655273	494.125427
1581.652344	316.768066
1580.649414	446.068024
1579.646484	241.397995
1578.642578	126.499550
1577.638672	131.220306
1576.634766	377.515045
1575.630859	105.818970
1574.626953	187.733368
1573.622070	456.265594
1572.618164	62.816128
1571.613281	259.128479
1570.607422	17.589201
1569.602539	169.079163
1568.596680	-10.173598
1567.590820	342.594513
1566.584961	-50.335480
1565.579102	88.622192
1564.572266	31.262188
1563.566406	329.105988
1562.559570	85.495071
1561.551758	-128.232742
1560.544922	15.565048
1559.537109	-26.824612
1558.530273	188.848190
1557.521484	156.352921
1556.513672	-47.226555
1555.505859	-52.362946
1554.497070	111.060921
1553.488281	61.273495
1552.479492	73.460289
1551.470703	-38.226379
1550.460938	-122.630180
1549.451172	-33.653511
1548.441406	-110.591286
1547.431641	50.136597
1546.421875	-4.504977
1545.411133	321.900208
1544.400391	2.523952
1543.389648	-24.871941
1542.378906	73.853233
1541.367188	-52.442810
1540.355469	56.126572
1539.343750	-3.383805
1538.332031	21.137510
1537.320313	-129.725357
1536.307617	-134.831390
1535.294922	-283.133789
1534.282227	114.176231
1533.269531	-147.635544
1532.256836	-36.740803
1531.243164	-24.582392
1530.229492	340.282959
1529.215820	78.648453
1528.202148	-71.923218
1527.187500	125.109581
1526.172852	87.947914
1525.158203	233.136948
1524.143555	62.962101
1523.127930	208.093979
1522.113281	23.239035
1521.097656	-141.853531
1520.082031	-112.426048
1519.065430	-171.604691
1518.049805	-152.007324
1517.033203	-203.757645
1516.016602	-24.310911
1515.000000	37.053894
1513.982422	110.677505
1512.965820	90.906769
1511.948242	-39.432598
1510.930664	71.043930
1509.913086	264.990967
1508.894531	-44.539654
1507.875977	141.992752
1506.857422	110.006538
1505.838867	-280.238190
1504.820313	205.590942
1503.800781	-29.961962
1502.781250	16.633989
1501.761719	-52.019283
1500.742188	-115.724152
1499.721680	95.098740
1498.702148	63.274239
1497.681641	-122.877190
1496.661133	261.765076
1495.639648	171.173019
1494.618164	80.637169
1493.597656	129.694016
1492.576172	186.076355
1491.553711	71.165497
1490.532227	337.951935
1489.509766	98.362015
1488.487305	-38.407700
1487.464844	62.035759
1486.442383	-81.961540
1485.418945	-8.405827
1484.395508	-91.219757
1483.372070	21.431019
1482.348633	-51.544922
1481.324219	-68.323639
1480.300781	249.368027
1479.276367	520.564331
1478.251953	52.334675
1477.226563	67.338997
1476.202148	238.471329
1475.176758	29.137247
1474.151367	146.605209
1473.125000	-123.521332
1472.099609	47.592785
1471.073242	201.591660
1470.046875	323.884247
1469.020508	117.373177
1467.994141	147.158417
1466.966797	-25.105618
1465.939453	321.140259
1464.912109	212.232254
1463.884766	371.010590
1462.856445	191.645355
1461.829102	330.963226
1460.800781	163.898010
1459.772461	257.024231
1458.743164	284.508301
1457.714844	635.178528
1456.685547	524.170044
1455.656250	265.086639
1454.625977	542.758850
1453.596680	745.098694
1452.566406	617.280640
1451.536133	591.466858
1450.505859	451.669281
1449.474609	588.468689
1448.444336	545.798096
1447.413086	602.574524
1446.381836	266.663147
1445.350586	306.575775
1444.318359	574.254700
1443.286133	556.000305
1442.253906	499.033478
1441.221680	432.440430
1440.189453	353.807190
1439.156250	311.533203
1438.123047	237.854233
1437.089844	154.565353
1436.056641	177.776093
1435.022461	193.745361
1433.988281	11.480236
1432.954102	-1.458613
1431.919922	38.813705
1430.885742	405.307068
1429.850586	-85.938171
1428.815430	48.618000
1427.780273	-5.196185
1426.744141	54.505413
1425.708984	36.989880
1424.672852	99.144669
1423.636719	115.468559
1422.600586	124.584663
1421.563477	-129.151947
1420.527344	-71.689499
1419.490234	46.039547
1418.452148	216.767776
1417.415039	-79.994316
1416.376953	-63.421158
1415.338867	27.848934
1414.300781	128.749557
1413.262695	-222.977097
1412.224609	-114.768524
1411.185547	-184.663834
1410.146484	67.913231
1409.107422	342.072052
1408.067383	-11.564281
1407.027344	34.131153
1405.987305	-16.314339
1404.947266	200.083572
1403.907227	-23.309938
1402.866211	125.792488
1401.826172	325.319916
1400.785156	279.845184
1399.743164	119.174980
1398.702148	280.271332
1397.660156	213.340073
1396.618164	391.206909
1395.576172	252.389282
1394.533203	605.309631
1393.491211	639.222473
1392.448242	749.857544
1391.405273	1045.036255
1390.361328	1388.036865
1389.318359	1163.148438
1388.274414	1642.579590
1387.230469	1781.790405
1386.186523	1557.062012
1385.141602	1495.225220
1384.097656	2082.010498
1383.052734	1835.925415
1382.007813	2037.312622
1380.961914	1901.419312
1379.916992	1791.930420
1378.871094	1739.891235
1377.825195	1869.554199
1376.778320	1351.611938
1375.732422	1459.872192
1374.685547	1501.230103
1373.638672	1260.818848
1372.591797	1359.571899
1371.543945	1035.806885
1370.497070	736.091064
1369.449219	973.374512
1368.400391	938.635559
1367.352539	830.021362
1366.303711	1012.380615
1365.255859	665.471497
1364.206055	726.291138
1363.157227	691.810730
1362.108398	783.645081
1361.058594	846.879822
1360.008789	912.501221
1358.958984	709.091064
1357.908203	827.137512
1356.857422	745.257507
1355.806641	696.757507
1354.755859	888.566956
1353.705078	761.636841
1352.653320	565.824463
1351.601563	683.928406
1350.549805	547.700317
1349.498047	492.352905
1348.445313	510.698730
1347.393555	790.350281
1346.340820	689.948608
1345.287109	551.622437
1344.234375	394.407928
1343.180664	272.877930
1342.126953	426.658783
1341.073242	245.927963
1340.019531	309.583679
1338.964844	494.157562
1337.910156	204.559036
1336.855469	-35.112576
1335.799805	142.383484
1334.745117	329.317047
1333.689453	175.115143
1332.633789	298.069794
1331.578125	264.741302
1330.521484	82.321785
1329.464844	-185.185944
1328.408203	75.067513
1327.351563	-107.113365
1326.294922	91.573921
1325.237305	96.305977
1324.179688	-149.516052
1323.122070	16.031456
1322.064453	-189.446243
1321.005859	-28.643541
1319.947266	-19.048052
1318.888672	-30.683428
1317.830078	71.034111
1316.770508	94.830231
1315.710938	-346.251556
1314.651367	-69.877480
1313.591797	-180.446152
1312.531250	55.721313
1311.471680	-264.624084
1310.411133	-162.860611
1309.349609	68.499901
1308.289063	66.518822
1307.227539	38.638359
1306.166016	72.030708
1305.104492	147.816772
1304.042969	14.066690
1302.980469	-30.169273
1301.917969	106.831757
1300.855469	60.286396
1299.792969	194.899567
1298.729492	28.456001
1297.666016	-224.887909
1296.602539	196.537598
1295.539063	-122.494225
1294.474609	89.643311
1293.411133	-74.141464
1292.346680	-136.850891
1291.281250	-77.420616
1290.216797	-116.584991
1289.151367	76.640114
1288.085938	-37.598907
1287.020508	-3.964297
1285.955078	149.295761
1284.888672	58.620670
1283.822266	75.852051
1282.755859	93.095261
1281.689453	124.412659
1280.622070	52.638275
1279.554688	67.584373
1278.487305	45.073093
1277.419922	153.711746
1276.351563	238.904770
1275.283203	106.421356
1274.214844	236.085632
1273.146484	-141.940399
1272.077148	-232.105728
1271.008789	262.393555
1269.939453	415.356903
1268.869141	107.803818
1267.799805	321.528320
1266.729492	88.931519
1265.659180	167.118423
1264.588867	399.422882
1263.517578	365.466461
1262.447266	207.833954
1261.375977	85.286133
1260.304688	70.142677
1259.232422	304.622864
1258.161133	396.756683
1257.088867	309.316772
1256.016602	82.058289
1254.943359	617.059998
1253.871094	175.488358
1252.797852	379.452209
1251.724609	643.901917
1250.650391	596.201416
1249.577148	506.640198
1248.502930	705.758789
1247.428711	490.573883
1246.354492	640.784668
1245.279297	625.784546
1244.204102	475.920197
1243.128906	584.226746
1242.053711	325.215851
1240.977539	270.849335
1239.902344	493.037323
1238.826172	478.184021
1237.750000	-10.449868
1236.672852	267.419830
1235.595703	282.848633
1234.518555	89.395134
1233.441406	406.559204
1232.364258	389.516571
1231.286133	244.920639
1230.208008	77.213585
1229.129883	155.356277
1228.051758	96.719711
1226.972656	255.961288
1225.893555	-6.537444
1224.814453	155.004669
1223.734375	-290.290070
1222.655273	382.985870
1221.575195	201.770493
1220.495117	6.763625
1219.415039	290.836243
1218.333984	-89.150963
1217.252930	143.958740
1216.171875	34.749241
1215.090820	108.241920
1214.008789	128.549454
1212.926758	158.105850
1211.844727	-299.815552
1210.762695	80.947212
1209.679688	-41.881763
1208.597656	-79.208000
1207.513672	107.389030
1206.430664	93.146744
1205.347656	-105.658051
1204.263672	-16.019989
1203.179688	-115.520859
1202.095703	38.669270
1201.010742	227.378067
1199.925781	-35.710686
1198.840820	-22.163574
1197.755859	187.208694
1196.670898	18.775093
1195.584961	9.308670
1194.499023	119.573158
1193.413086	-133.863266
1192.326172	-88.028305
1191.239258	263.785065
1190.152344	-51.587402
1189.065430	12.633364
1187.978516	49.245979
1186.890625	-49.769386
1185.802734	58.100826
1184.714844	-174.110413
1183.625977	-34.085026
1182.538086	14.030356
1181.449219	-112.370049
1180.360352	410.938141
1179.270508	387.796478
1178.180664	309.607056
1177.090820	444.805145
1176.000977	311.611145
1174.911133	313.772827
1173.820313	249.452057
1172.729492	274.558655
1171.638672	327.158722
1170.547852	519.494141
1169.456055	365.882996
1168.364258	393.254608
1167.272461	658.725769
1166.179688	447.976044
1165.087891	781.981262
1163.995117	692.571533
1162.902344	701.566589
1161.808594	818.040405
1160.715820	961.910339
1159.622070	650.820740
1158.528320	828.946960
1157.433594	805.921509
1156.339844	792.054077
1155.245117	746.213928
1154.149414	385.287262
1153.054688	638.614990
1151.958984	387.429565
1150.863281	236.755676
1149.767578	373.596771
1148.671875	457.919128
1147.575195	-128.212952
1146.478516	177.314957
1145.381836	231.982849
1144.285156	254.723785
1143.187500	313.896912
1142.089844	51.874466
1140.992188	-89.338219
1139.894531	67.760262
1138.795898	145.111038
1137.697266	-139.419540
1136.598633	28.941397
1135.499023	-130.345520
1134.400391	-187.222824
1133.300781	-12.171050
1132.201172	112.783554
1131.100586	-114.597649
1130.000977	-78.307999
1128.900391	114.693428
1127.799805	55.499481
1126.698242	82.599991
1125.596680	-162.742279
1124.495117	252.477890
1123.393555	320.322296
1122.291992	481.134064
1121.189453	356.072876
1120.086914	738.993225
1118.984375	1046.914063
1117.881836	769.898987
1116.778320	1258.918213
1115.674805	1043.109619
1114.571289	951.954834
1113.466797	851.757874
1112.363281	1034.597900
1111.258789	995.499756
1110.153320	994.863098
1109.048828	1039.460327
1107.943359	855.544861
1106.837891	664.900940
1105.732422	614.500366
1104.625977	670.334717
1103.520508	572.442139
1102.414063	429.370697
1101.306641	480.601929
1100.200195	387.244537
1099.092773	463.238953
1097.985352	349.541504
1096.877930	396.106415
1095.769531	336.561615
1094.661133	385.291199
1093.552734	100.165413
1092.444336	326.995941
1091.335938	147.895203
1090.226563	149.143356
1089.117188	290.063995
1088.006836	108.714523
1086.897461	344.102631
1085.787109	277.588013
1084.676758	422.689758
1083.566406	342.596436
1082.455078	548.287170
1081.343750	560.353333
1080.232422	446.405426
1079.121094	399.928925
1078.008789	531.037537
1076.896484	473.221283
1075.784180	258.073029
1074.671875	420.433716
1073.558594	522.016541
1072.445313	450.575256
1071.332031	255.622726
1070.217773	491.696228
1069.104492	453.816315
1067.990234	355.308289
1066.875977	214.168411
1065.760742	126.855606
1064.645508	-16.532230
1063.530273	239.115402
1062.415039	-101.577339
1061.299805	66.466881
1060.183594	108.915779
1059.067383	317.021790
1057.951172	251.788010
1056.833984	40.999241
1055.716797	259.972504
1054.599609	362.423828
1053.482422	109.049667
1052.364258	36.888580
1051.247070	326.956848
1050.128906	40.017818
1049.009766	171.107666
1047.891602	9.334849
1046.772461	155.868637
1045.653320	230.788330
1044.533203	207.337189
1043.414063	123.549942
1042.293945	236.146225
1041.173828	-35.220184
1040.052734	333.777771
1038.932617	60.130417
1037.811523	-41.761406
1036.689453	110.480392
1035.568359	-105.215958
1034.446289	198.356689
1033.324219	-126.602448
1032.202148	100.941208
1031.079102	-179.476700
1029.957031	-239.411591
1028.833984	165.833313
1027.709961	65.604996
1026.586914	-192.626175
1025.462891	-63.769188
1024.338867	180.596512
1023.214844	269.118896
1022.089844	-142.666748
1020.964844	-238.757614
1019.839844	20.627169
1018.714844	50.995045
1017.588867	56.822460
1016.462891	71.440735
1015.336914	108.165962
1014.210938	13.835746
1013.083984	305.551331
1011.957031	244.310410
1010.830078	333.827606
1009.702148	216.983322
1008.574219	505.800903
1007.446289	987.227478
1006.318359	1802.948486
1005.190430	2547.313232
1004.061523	2810.600586
1002.932617	2136.984619
1001.802734	1248.824097
1000.673828	825.801819
999.543945	278.949554
998.414063	303.053223
997.283203	94.795433
996.153320	227.104080
995.022461	474.215424
993.891602	380.728271
992.759766	470.598541
991.628906	644.305542
990.497070	665.419006
989.364258	1086.132446
988.232422	1151.113037
987.099609	1218.168701
985.966797	1371.172363
984.833984	1442.380127
983.700195	1423.017090
982.566406	1321.978149
981.432617	1443.582031
980.298828	1106.546021
979.164063	1038.429077
978.029297	1098.048096
976.894531	736.819885
975.759766	360.254730
974.624023	532.009033
973.488281	520.892456
972.352539	492.093170
971.215820	375.199158
970.080078	256.089447
968.943359	444.835693
967.805664	567.438599
966.668945	221.689651
965.531250	673.791199
964.393555	567.504822
963.254883	478.752197
962.117188	469.040436
960.978516	316.522614
959.839844	300.103271
958.700195	568.916931
957.561523	321.908722
956.421875	450.053711
955.281250	672.364685
954.141602	583.152405
953.000977	813.960083
951.860352	875.837402
950.719727	832.439941
949.578125	710.122925
948.436523	640.362000
947.294922	666.918396
946.153320	592.701782
945.010742	437.463715
943.868164	251.607971
942.725586	477.061920
941.583008	203.686539
940.439453	332.715790
939.295898	269.252960
938.152344	65.889595
937.007813	264.625275
935.863281	56.879910
934.718750	-144.260742
933.574219	-161.923721
932.428711	243.892517
931.283203	-3.120423
930.137695	-1.294579
928.992188	161.936462
927.845703	-100.271416
926.699219	344.129089
925.552734	618.247437
924.405273	292.806000
923.257813	3266.655029
922.110352	3226.104980
920.962891	2220.654297
919.814453	2844.476563
918.666016	2422.990479
917.517578	273.475769
916.369141	-127.661308
915.219727	-43.481285
914.070313	-39.823185
912.920898	-60.092873
911.770508	115.299454
910.621094	25.446917
909.470703	-20.910685
908.319336	-91.155655
907.168945	-20.161669
906.017578	-138.130188
904.866211	-362.413818
903.713867	175.272858
902.562500	-94.516197
901.410156	288.859558
900.256836	82.088333
899.104492	205.067734
897.951172	89.522537
896.797852	190.814941
895.644531	88.390915
894.490234	-61.625912
893.335938	342.970367
892.181641	-250.889908
891.027344	-47.700153
889.872070	6.077508
888.716797	10.105885
887.561523	135.342712
886.405273	135.107315
885.249023	121.952988
884.092773	-48.959396
882.936523	33.165794
881.779297	20.222353
880.622070	82.970375
879.464844	-31.358955
878.307617	-121.807915
877.149414	100.906235
875.991211	232.937836
874.833008	112.504379
873.673828	100.074341
872.514648	38.126045
871.355469	241.546860
870.196289	125.878426
869.036133	18.968460
867.875977	84.605423
866.715820	178.323120
865.554688	30.840557
864.394531	299.166809
863.233398	145.481552
862.071289	297.619629
860.910156	439.052277
859.748047	296.528168
858.585938	233.776169
857.422852	532.441711
856.259766	291.450653
855.096680	456.945984
853.933594	353.873291
852.770508	577.545349
851.606445	466.152832
850.442383	103.695175
849.277344	293.302704
848.113281	382.090302
846.948242	108.297043
845.783203	8.560328
844.617188	404.493256
843.451172	124.883286
842.285156	175.724457
841.119141	192.397476
839.952148	299.212982
838.785156	116.903061
837.618164	221.858002
836.451172	-90.662819
835.283203	119.510979
834.115234	218.442703
832.947266	37.159145
831.778320	-0.538235
830.609375	-170.666809
829.440430	271.051971
828.271484	79.896538
827.101563	382.748779
825.931641	384.318970
824.761719	292.057251
823.590820	39.808578
822.420898	323.860138
821.250000	597.272217
820.078125	456.641479
818.907227	437.896606
817.735352	282.789917
816.562500	394.546783
815.390625	568.280151
814.217773	403.122040
813.044922	474.811310
811.872070	305.849976
810.698242	30.618916
809.524414	241.327087
808.350586	24.093344
807.176758	28.554022
806.001953	-54.081589
804.827148	-2.437586
803.651367	72.757927
802.476563	275.717010
801.300781	178.921600
800.125000	146.127411
798.948242	79.512825
797.772461	342.475769
796.595703	208.209885
795.417969	380.026733
794.241211	619.887512
793.063477	261.123169
791.885742	456.659515
790.707031	412.483795
789.529297	495.786102
788.350586	574.964478
787.170898	425.251556
785.992188	292.730804
784.812500	495.302734
783.632813	555.961792
782.452148	517.171814
781.272461	188.386032
780.091797	425.269104
778.911133	168.925873
777.729492	336.138702
776.547852	247.377136
775.366211	23.397757
774.184570	-166.503937
773.001953	43.450508
771.819336	-317.350281
770.636719	-60.716557
769.453125	-260.496857
768.269531	-227.693771
767.085938	-237.035873
765.902344	-24.560406
764.717773	61.257164
763.533203	-258.088531
762.348633	45.265369
761.163086	-83.887115
759.977539	-82.133919
758.791992	-61.323360
757.606445	41.764484
756.419922	-30.051050
755.233398	-30.126087
754.046875	268.987610
752.859375	83.628792
751.672852	66.851097
750.485352	220.635773
749.296875	201.817627
748.108398	313.494873
746.919922	357.836121
745.731445	215.011795
744.542969	126.940353
743.353516	394.175232
742.164063	327.142426
740.973633	249.641403
739.783203	-84.095261
738.592773	94.737457
737.402344	170.595001
736.211914	51.182770
735.020508	101.790367
733.829102	125.070282
732.636719	316.110901
731.444336	70.824509
730.251953	85.586571
729.059570	255.403397
727.866211	414.607483
726.673828	-103.050568
725.479492	-69.644608
724.286133	279.884949
723.091797	-97.316971
721.897461	53.047562
720.703125	-70.881790
719.507813	223.583069
718.312500	-82.491821
717.117188	136.355820
715.921875	367.537659
714.725586	293.335785
713.529297	225.324982
712.332031	52.766006
711.135742	-32.106518
709.938477	33.283894
708.740234	614.171997
707.542969	626.936340
706.344727	904.569458
705.146484	1749.378906
703.948242	1732.253052
702.749023	1848.446045
701.549805	1701.764648
700.350586	1684.231079
699.150391	1274.817017
697.950195	665.461426
696.750000	710.226685
695.549805	675.699097
694.348633	185.138535
693.147461	254.523193
691.946289	446.497406
690.744141	72.404060
689.541992	374.276031
688.339844	151.889969
687.136719	336.918243
685.934570	376.254578
684.730469	525.565613
683.527344	358.941498
682.323242	146.594223
681.119141	472.008942
679.915039	155.746094
678.710938	53.302387
677.505859	303.548279
676.300781	70.282829
675.094727	299.536224
673.889648	368.990295
672.683594	21.727711
671.476563	84.935715
670.270508	189.549103
669.063477	285.832947
667.856445	168.796127
666.648438	153.303772
665.440430	-0.801070
664.232422	-14.031807
663.024414	-16.806934
661.815430	-38.074741
660.606445	42.145187
659.397461	356.121704
658.188477	209.218765
656.978516	93.609177
655.768555	-44.413116
654.557617	117.406227
653.346680	248.494644
652.135742	-111.471909
650.924805	-150.960403
649.712891	-169.371002
648.501953	-179.055176
647.289063	-12.916736
646.077148	-221.598785
644.864258	-81.188812
643.651367	-100.970772
642.438477	-41.756420
641.224609	-60.113049
640.010742	181.834274
638.796875	142.414810
637.582031	215.081543
636.367188	385.405579
635.152344	287.123352
633.937500	251.686600
632.721680	416.918579
631.505859	324.219238
630.289063	629.604675
629.073242	915.650818
627.856445	1124.937012
626.639648	1294.567505
625.421875	716.146240
624.204102	689.949036
622.986328	376.118164
621.768555	97.148697
620.549805	91.127884
619.331055	-19.481840
618.111328	-8.897475
616.892578	63.391315
