1721.000977	17.300005
1720.027344	93.267616
1719.052734	-178.713287
1718.078125	277.347168
1717.104492	437.511108
1716.128906	176.248550
1715.154297	-52.208874
1714.178711	167.412369
1713.204102	-144.200531
1712.228516	15.231418
1711.251953	484.035583
1710.276367	380.929108
1709.299805	46.855118
1708.324219	-23.791267
1707.347656	-120.478760
1706.370117	156.094666
1705.393555	181.418121
1704.416016	-54.626461
1703.438477	-247.442429
1702.460938	78.614204
1701.483398	-43.205879
1700.505859	182.374619
1699.527344	121.316933
1698.548828	141.793945
1697.570313	64.946198
1696.591797	115.610870
1695.612305	286.030945
1694.632813	-309.716034
1693.653320	-313.216522
1692.673828	219.034134
1691.694336	301.864288
1690.713867	9.507503
1689.734375	13.024330
1688.753906	-154.441238
1687.772461	-23.701902
1686.791992	-40.899181
1685.810547	-221.289505
1684.830078	-106.102982
1683.848633	-179.544464
1682.866211	218.092651
1681.884766	-26.063454
1680.902344	-15.623395
1679.919922	284.929840
1678.937500	-68.602982
1677.955078	-396.556244
1676.971680	-35.123180
1675.989258	186.339706
1675.005859	-161.813660
1674.022461	400.193237
1673.038086	77.564392
1672.054688	108.310814
1671.070313	-198.816132
1670.085938	149.487976
1669.101563	38.088871
1668.117188	178.117645
1667.131836	132.817871
1666.146484	-229.612839
1665.161133	-56.497318
1664.175781	-17.832478
1663.189453	-52.695740
1662.204102	188.929657
1661.217773	-66.370201
1660.231445	-121.264824
1659.245117	257.243866
1658.257813	-71.187813
1657.270508	221.158463
1656.284180	22.213322
1655.295898	71.491035
1654.308594	189.206177
1653.321289	-24.575487
1652.333008	-63.629738
1651.344727	155.451569
1650.356445	-300.772552
1649.367188	628.966919
1648.378906	-64.640663
1647.389648	2.911044
1646.400391	300.488007
1645.411133	350.423950
1644.420898	-104.818810
1643.431641	157.496353
1642.441406	164.727722
1641.451172	179.617218
1640.459961	280.365356
1639.469727	101.086540
1638.478516	-80.588997
1637.487305	207.054520
1636.496094	474.482849
1635.504883	68.687126
1634.512695	-94.895699
1633.520508	51.660477
1632.528320	339.336792
1631.536133	382.604614
1630.543945	687.870728
1629.550781	698.425903
1628.557617	724.154480
1627.564453	636.672119
1626.571289	964.530090
1625.578125	1541.406616
1624.583984	1338.262329
1623.589844	1592.998779
1622.595703	1845.176880
1621.601563	1757.923828
1620.606445	2153.315918
1619.611328	1932.937744
1618.616211	2262.918701
1617.621094	1962.338745
1616.625977	1689.559814
1615.629883	1836.222900
1614.633789	1829.750000
1613.637695	1921.202148
1612.641602	2082.921143
1611.645508	1705.245483
1610.648438	1628.722534
1609.651367	2043.778198
1608.654297	2142.793457
1607.657227	1725.446655
1606.659180	2127.773682
1605.662109	2457.330566
1604.664063	2047.769043
1603.666016	2106.757324
1602.666992	2566.358643
1601.668945	2347.382813
1600.669922	2213.599365
1599.670898	2287.597900
1598.671875	2301.544922
1597.671875	1890.242554
1596.672852	1796.773804
1595.672852	1848.353882
1594.672852	1432.470947
1593.671875	1016.747681
1592.671875	1483.305664
1591.670898	1225.165649
1590.669922	709.885620
1589.668945	914.023193
1588.667969	905.874084
1587.666016	785.379883
1586.664063	637.495361
1585.662109	739.194153
1584.660156	509.074799
1583.658203	259.109100
1582.655273	652.557312
1581.652344	-8.700023
1580.649414	427.021881
1579.646484	182.257385
1578.642578	463.265015
1577.638672	191.171539
1576.634766	225.511459
1575.630859	132.856384
1574.626953	147.281906
1573.622070	-5.080114
1572.618164	-0.586774
1571.613281	-16.026478
1570.607422	212.264435
1569.602539	122.180885
1568.596680	243.432693
1567.590820	-28.110935
1566.584961	396.309479
1565.579102	8.062840
1564.572266	0.021667
1563.566406	175.795807
1562.559570	113.087646
1561.551758	-153.198608
1560.544922	-49.521389
1559.537109	-15.402784
1558.530273	-254.187927
1557.521484	-148.141235
1556.513672	-59.474728
1555.505859	-0.604560
1554.497070	115.225060
1553.488281	112.041893
1552.479492	-126.548363
1551.470703	85.845161
1550.460938	-152.671967
1549.451172	-217.743744
1548.441406	-463.528046
1547.431641	-261.182709
1546.421875	-53.970985
1545.411133	-450.593719
1544.400391	53.387157
1543.389648	-103.187988
1542.378906	158.185257
1541.367188	-225.812927
1540.355469	-238.900635
1539.343750	-4.866340
1538.332031	-20.463320
1537.320313	-451.022949
1536.307617	108.877304
1535.294922	-101.800888
1534.282227	-188.959152
1533.269531	244.680573
1532.256836	196.982330
1531.243164	58.005615
1530.229492	-406.475433
1529.215820	9.586919
1528.202148	-121.833885
1527.187500	210.181213
1526.172852	-488.038971
1525.158203	-170.845123
1524.143555	197.962891
1523.127930	-140.226974
1522.113281	-25.168335
1521.097656	43.058411
1520.082031	295.871857
1519.065430	-125.679703
1518.049805	141.860855
1517.033203	-240.082657
1516.016602	-216.076096
1515.000000	26.768242
1513.982422	330.959839
1512.965820	121.428139
1511.948242	199.464569
1510.930664	24.467960
1509.913086	11.673729
1508.894531	202.700943
1507.875977	234.096771
1506.857422	-166.485397
1505.838867	63.818810
1504.820313	318.592468
1503.800781	60.591572
1502.781250	278.515472
1501.761719	91.814453
1500.742188	147.919250
1499.721680	91.269676
1498.702148	86.172943
1497.681641	103.140472
1496.661133	502.242401
1495.639648	382.039795
1494.618164	-127.350410
1493.597656	29.348564
1492.576172	386.679932
1491.553711	75.914444
1490.532227	44.225563
1489.509766	-58.350975
1488.487305	235.293518
1487.464844	30.144438
1486.442383	423.964508
1485.418945	67.436447
1484.395508	16.512453
1483.372070	175.728653
1482.348633	-104.644470
1481.324219	-28.392672
1480.300781	-130.285263
1479.276367	-80.789192
1478.251953	-219.132462
1477.226563	-198.811523
1476.202148	131.341202
1475.176758	-36.058712
1474.151367	137.994812
1473.125000	390.017273
1472.099609	59.589638
1471.073242	202.015579
1470.046875	161.753906
1469.020508	625.707764
1467.994141	317.678680
1466.966797	228.916962
1465.939453	240.052902
1464.912109	134.458344
1463.884766	235.770721
1462.856445	451.408508
1461.829102	139.357193
1460.800781	274.843750
1459.772461	546.470581
1458.743164	939.547058
1457.714844	1096.874268
1456.685547	1183.746216
1455.656250	940.354858
1454.625977	711.697144
1453.596680	825.534485
1452.566406	682.106812
1451.536133	939.214844
1450.505859	1079.839600
1449.474609	873.607361
1448.444336	456.587189
1447.413086	483.496246
1446.381836	709.252014
1445.350586	857.444641
1444.318359	770.603333
1443.286133	918.863831
1442.253906	699.011658
1441.221680	624.621277
1440.189453	465.618774
1439.156250	585.096130
1438.123047	399.704193
1437.089844	258.025238
1436.056641	542.215698
1435.022461	393.465515
1433.988281	177.167282
1432.954102	35.985172
1431.919922	64.134155
1430.885742	0.536189
1429.850586	139.959702
1428.815430	-78.047028
1427.780273	44.609776
1426.744141	167.280792
1425.708984	-55.153236
1424.672852	-205.029938
1423.636719	-183.446152
1422.600586	-53.237907
1421.563477	-455.995544
1420.527344	-98.956535
1419.490234	159.163406
1418.452148	-257.596527
1417.415039	159.662231
1416.376953	164.849533
1415.338867	437.480896
1414.300781	14.149826
1413.262695	200.199829
1412.224609	-172.174072
1411.185547	-484.159119
1410.146484	38.962780
1409.107422	-159.699341
1408.067383	399.362823
1407.027344	3.695109
1405.987305	-225.839554
1404.947266	369.188110
1403.907227	233.555054
1402.866211	76.430046
1401.826172	94.810196
1400.785156	262.135162
1399.743164	222.982895
1398.702148	99.935783
1397.660156	279.387146
1396.618164	233.303635
1395.576172	561.544067
1394.533203	1196.688110
1393.491211	1153.086548
1392.448242	1397.235229
1391.405273	1689.299438
1390.361328	2048.394287
1389.318359	2206.189941
1388.274414	2665.781006
1387.230469	2710.964844
1386.186523	2875.916504
1385.141602	2875.692871
1384.097656	3193.854248
1383.052734	3411.444824
1382.007813	3451.999512
1380.961914	3535.646484
1379.916992	3279.803955
1378.871094	2957.192871
1377.825195	2780.586182
1376.778320	2623.229004
1375.732422	2243.844482
1374.685547	2724.551514
1373.638672	2486.326660
1372.591797	2078.755127
1371.543945	1535.351440
1370.497070	1808.447144
1369.449219	1668.697388
1368.400391	1486.121216
1367.352539	1687.686523
1366.303711	1367.013550
1365.255859	1370.773071
1364.206055	1438.918091
1363.157227	1409.408081
1362.108398	1649.183594
1361.058594	1867.467041
1360.008789	1380.823486
1358.958984	1815.841919
1357.908203	1510.428467
1356.857422	1259.940918
1355.806641	1287.995605
1354.755859	1917.931519
1353.705078	1584.439087
1352.653320	1339.108154
1351.601563	1212.800415
1350.549805	1595.221924
1349.498047	1005.645142
1348.445313	1404.660278
1347.393555	938.990479
1346.340820	938.996826
1345.287109	1022.131714
1344.234375	1036.453857
1343.180664	751.781677
1342.126953	699.796448
1341.073242	669.227722
1340.019531	482.187836
1338.964844	461.232330
1337.910156	395.288330
1336.855469	779.729919
1335.799805	578.741699
1334.745117	534.252686
1333.689453	402.171906
1332.633789	760.367798
1331.578125	166.694931
1330.521484	318.912262
1329.464844	61.692715
1328.408203	145.324509
1327.351563	-73.833878
1326.294922	-257.388763
1325.237305	185.735458
1324.179688	170.090424
1323.122070	-294.574677
1322.064453	-2.870072
1321.005859	-143.602829
1319.947266	-203.940125
1318.888672	-13.917959
1317.830078	-67.123062
1316.770508	-285.522491
1315.710938	312.708618
1314.651367	7.073403
1313.591797	-383.327362
1312.531250	44.789413
1311.471680	-444.433807
1310.411133	-162.601868
1309.349609	74.335289
1308.289063	-32.815899
1307.227539	53.257828
1306.166016	-324.677399
1305.104492	182.955795
1304.042969	-93.577614
1302.980469	44.263538
1301.917969	-326.231232
1300.855469	345.695190
1299.792969	29.421099
1298.729492	4.894020
1297.666016	88.540146
1296.602539	324.952576
1295.539063	20.744020
1294.474609	240.631653
1293.411133	-366.445770
1292.346680	165.810165
1291.281250	12.187954
1290.216797	46.458340
1289.151367	-222.064560
1288.085938	86.791451
1287.020508	266.486786
1285.955078	-93.365776
1284.888672	480.251984
1283.822266	122.848175
1282.755859	262.535614
1281.689453	153.755249
1280.622070	419.892578
1279.554688	503.201813
1278.487305	342.909088
1277.419922	245.912399
1276.351563	240.237991
1275.283203	105.847115
1274.214844	402.059692
1273.146484	534.383118
1272.077148	390.648438
1271.008789	396.645691
1269.939453	465.748199
1268.869141	497.408722
1267.799805	503.358795
1266.729492	259.303772
1265.659180	830.560486
1264.588867	675.280884
1263.517578	550.405579
1262.447266	766.400330
1261.375977	205.134735
1260.304688	589.085754
1259.232422	853.885437
1258.161133	404.905701
1257.088867	214.926514
1256.016602	812.987305
1254.943359	515.770874
1253.871094	847.848511
1252.797852	851.277466
1251.724609	1343.827759
1250.650391	1100.279907
1249.577148	980.240234
1248.502930	846.270142
1247.428711	1038.151245
1246.354492	864.660889
1245.279297	626.095093
1244.204102	787.638062
1243.128906	677.063049
1242.053711	912.897400
1240.977539	827.886536
1239.902344	761.504211
1238.826172	611.503052
1237.750000	1060.786011
1236.672852	464.922852
1235.595703	463.632751
1234.518555	789.603210
1233.441406	516.724854
1232.364258	480.603058
1231.286133	13.053792
1230.208008	406.046295
1229.129883	432.541504
1228.051758	340.797241
1226.972656	-121.714302
1225.893555	120.319878
1224.814453	542.927185
1223.734375	411.821930
1222.655273	428.966125
1221.575195	73.382278
1220.495117	349.781830
1219.415039	135.504700
1218.333984	286.819946
1217.252930	498.196899
1216.171875	-48.981602
1215.090820	-31.832664
1214.008789	211.803436
1212.926758	41.688980
1211.844727	10.257611
1210.762695	306.833618
1209.679688	148.322845
1208.597656	-171.726807
1207.513672	108.491905
1206.430664	-176.816422
1205.347656	227.871246
1204.263672	-264.964996
1203.179688	-167.191818
1202.095703	151.886169
1201.010742	399.342804
1199.925781	192.651230
1198.840820	-23.168930
1197.755859	362.370636
1196.670898	155.809082
1195.584961	214.134308
1194.499023	56.022560
1193.413086	45.282490
1192.326172	-110.445641
1191.239258	-91.255135
1190.152344	-88.185013
1189.065430	-4.629782
1187.978516	-192.413635
1186.890625	31.322454
1185.802734	549.110107
1184.714844	-4.019352
1183.625977	21.949272
1182.538086	364.840973
1181.449219	69.256538
1180.360352	623.157288
1179.270508	332.214691
1178.180664	511.776764
1177.090820	854.132507
1176.000977	528.910828
1174.911133	786.260010
1173.820313	463.468842
1172.729492	706.943726
1171.638672	597.415100
1170.547852	542.910278
1169.456055	678.522461
1168.364258	507.216827
1167.272461	592.395508
1166.179688	812.569824
1165.087891	973.154358
1163.995117	808.761536
1162.902344	1499.930664
1161.808594	1744.825195
1160.715820	2410.316650
1159.622070	1854.822510
1158.528320	1534.963501
1157.433594	1608.223877
1156.339844	1334.236450
1155.245117	850.231079
1154.149414	622.160645
1153.054688	791.408142
1151.958984	730.046997
1150.863281	155.288071
1149.767578	265.174103
1148.671875	-78.877304
1147.575195	-190.210541
1146.478516	396.115753
1145.381836	487.562103
1144.285156	348.803955
1143.187500	77.942154
1142.089844	201.242188
1140.992188	-101.374481
1139.894531	40.099503
1138.795898	297.573547
1137.697266	-116.421288
1136.598633	95.438728
1135.499023	-113.640182
1134.400391	-161.165756
1133.300781	-208.693817
1132.201172	-90.275421
1131.100586	0.787782
1130.000977	-142.230713
1128.900391	-123.925919
1127.799805	-255.540314
1126.698242	-132.820984
1125.596680	35.231770
1124.495117	346.171967
1123.393555	225.819260
1122.291992	688.532288
1121.189453	375.309998
1120.086914	908.019165
1118.984375	1141.209839
1117.881836	1442.268066
1116.778320	1711.426880
1115.674805	1907.943848
1114.571289	1483.712524
1113.466797	1313.263062
1112.363281	1550.404053
1111.258789	1042.688232
1110.153320	1734.564087
1109.048828	1607.074829
1107.943359	1153.870483
1106.837891	1431.298706
1105.732422	862.955994
1104.625977	986.532166
1103.520508	933.746399
1102.414063	894.490906
1101.306641	782.916931
1100.200195	441.001495
1099.092773	553.035034
1097.985352	215.747818
1096.877930	338.982483
1095.769531	407.948029
1094.661133	499.402069
1093.552734	565.956787
1092.444336	215.271301
1091.335938	105.922585
1090.226563	348.166290
1089.117188	369.416351
1088.006836	282.455658
1086.897461	323.879059
1085.787109	236.858856
1084.676758	568.578613
1083.566406	431.912201
1082.455078	1073.857056
1081.343750	714.272583
1080.232422	586.474060
1079.121094	739.772766
1078.008789	1151.482300
1076.896484	677.306091
1075.784180	637.004517
1074.671875	504.537384
1073.558594	610.155518
1072.445313	686.460999
1071.332031	657.132141
1070.217773	528.962708
1069.104492	674.591797
1067.990234	492.475403
1066.875977	319.340607
1065.760742	240.383240
1064.645508	181.568878
1063.530273	564.318115
1062.415039	182.559311
1061.299805	392.435791
1060.183594	30.865656
1059.067383	41.166363
1057.951172	199.160843
1056.833984	-66.131386
1055.716797	-87.427856
1054.599609	9.789686
1053.482422	10.668395
1052.364258	176.958008
1051.247070	291.655182
1050.128906	336.889496
1049.009766	-335.496796
1047.891602	520.833252
1046.772461	-57.651321
1045.653320	219.500549
1044.533203	337.858429
1043.414063	-140.036957
1042.293945	-129.002380
1041.173828	214.429260
1040.052734	-2.422801
1038.932617	-74.282745
1037.811523	-130.628113
1036.689453	31.426376
1035.568359	117.516479
1034.446289	-320.269440
1033.324219	159.985596
1032.202148	265.675018
1031.079102	-156.628601
1029.957031	-46.698730
1028.833984	174.349060
1027.709961	-118.939659
1026.586914	-87.349442
1025.462891	-236.101852
1024.338867	124.388931
1023.214844	-131.319443
1022.089844	-133.635529
1020.964844	-18.281712
1019.839844	-180.864365
1018.714844	-68.032791
1017.588867	-115.316917
1016.462891	-189.352737
1015.336914	-267.930084
1014.210938	-260.045837
1013.083984	120.468971
1011.957031	-120.493759
1010.830078	237.366074
1009.702148	652.560913
1008.574219	994.268311
1007.446289	1466.452393
1006.318359	2977.550049
1005.190430	4230.830566
1004.061523	4533.180664
1002.932617	4042.493896
1001.802734	1625.773804
1000.673828	1040.514893
999.543945	486.343109
998.414063	-209.309036
997.283203	110.445114
996.153320	-49.942051
995.022461	-159.564194
993.891602	373.933777
992.759766	560.074951
991.628906	443.324432
990.497070	498.755829
989.364258	655.575867
988.232422	472.195679
987.099609	509.465759
985.966797	597.332031
984.833984	440.111176
983.700195	507.790466
982.566406	804.648438
981.432617	843.259644
980.298828	200.581482
979.164063	395.472076
978.029297	56.937218
976.894531	147.957825
975.759766	456.815704
974.624023	269.970337
973.488281	635.592163
972.352539	323.060822
971.215820	347.155884
970.080078	214.937439
968.943359	410.307800
967.805664	469.103455
966.668945	426.639191
965.531250	366.453522
964.393555	459.964233
963.254883	529.110718
962.117188	490.501862
960.978516	820.632507
959.839844	564.358582
958.700195	722.849854
957.561523	484.008972
956.421875	925.178101
955.281250	1131.319214
954.141602	1071.949341
953.000977	1161.530884
951.860352	1325.463989
950.719727	1392.785522
949.578125	688.817200
948.436523	847.982788
947.294922	934.706055
946.153320	787.027954
945.010742	468.570984
943.868164	487.126678
942.725586	973.724426
941.583008	138.948502
940.439453	389.010986
939.295898	-185.319412
938.152344	304.920563
937.007813	244.161758
935.863281	211.735764
934.718750	242.570816
933.574219	714.395996
932.428711	314.821838
931.283203	113.969444
930.137695	41.868832
928.992188	-1.914779
927.845703	2.205724
926.699219	-83.155952
925.552734	136.663239
924.405273	68.582443
923.257813	59.305515
922.110352	-39.355915
920.962891	230.069977
919.814453	174.826599
918.666016	99.961945
917.517578	449.518280
916.369141	48.116016
915.219727	190.725266
914.070313	-171.390869
912.920898	-128.900894
911.770508	41.778641
910.621094	153.686493
909.470703	-206.064590
908.319336	-146.389053
907.168945	-295.255798
906.017578	-194.368378
904.866211	-293.271881
903.713867	-49.218544
902.562500	242.486923
901.410156	39.371605
900.256836	-293.814575
899.104492	12.904932
897.951172	-103.298073
896.797852	179.394760
895.644531	199.760788
894.490234	-165.526031
893.335938	-12.936404
892.181641	224.068802
891.027344	-186.346283
889.872070	-87.890213
888.716797	-123.611923
887.561523	117.664513
886.405273	103.617439
885.249023	-146.083405
884.092773	41.120728
882.936523	148.323776
881.779297	108.567680
880.622070	345.451630
879.464844	-82.985115
878.307617	-232.562683
877.149414	-207.133347
875.991211	189.632278
874.833008	-9.300812
873.673828	160.863846
872.514648	-37.794670
871.355469	-50.799660
870.196289	-238.322861
869.036133	-171.325256
867.875977	283.658478
866.715820	-47.832535
865.554688	88.342598
864.394531	515.332092
863.233398	565.456726
862.071289	223.923920
860.910156	366.912292
859.748047	694.977661
858.585938	108.881126
857.422852	391.975159
856.259766	836.344604
855.096680	349.950226
853.933594	581.697937
852.770508	293.579529
851.606445	269.944214
850.442383	-107.835106
849.277344	139.485489
848.113281	4.826899
846.948242	91.427490
845.783203	161.014801
844.617188	217.872223
843.451172	315.644775
842.285156	141.288589
841.119141	-58.505920
839.952148	-153.017441
838.785156	-322.262115
837.618164	-97.092728
836.451172	164.587051
835.283203	-66.079155
834.115234	-450.526550
832.947266	-233.248917
831.778320	362.819550
830.609375	-5.831434
829.440430	498.405609
828.271484	483.118530
827.101563	-32.114754
825.931641	64.299728
824.761719	139.539322
823.590820	163.705719
822.420898	734.795349
821.250000	313.084320
820.078125	491.578308
818.907227	768.416565
817.735352	571.723877
816.562500	791.278870
815.390625	746.570740
814.217773	56.135303
813.044922	101.621330
811.872070	192.087616
810.698242	16.437593
809.524414	132.920578
808.350586	-154.994904
807.176758	-116.797531
806.001953	-3.884346
804.827148	213.492508
803.651367	237.404846
802.476563	180.741806
801.300781	-67.047600
800.125000	23.556490
798.948242	278.012817
797.772461	-49.639442
796.595703	279.549805
795.417969	466.508942
794.241211	785.287109
793.063477	743.229675
791.885742	423.385223
790.707031	672.595581
789.529297	743.727905
788.350586	437.507446
787.170898	858.966980
785.992188	661.424988
784.812500	652.818542
783.632813	479.146545
782.452148	403.208191
781.272461	604.976135
780.091797	324.056152
778.911133	70.988838
777.729492	201.311630
776.547852	403.705139
775.366211	377.715454
774.184570	233.478424
773.001953	286.129150
771.819336	135.979736
770.636719	-261.213348
769.453125	-522.830627
768.269531	-226.471039
767.085938	-107.507454
765.902344	55.886322
764.717773	16.677359
763.533203	-258.761688
762.348633	-128.819824
761.163086	-85.315216
759.977539	171.295975
758.791992	-116.110031
757.606445	165.893692
756.419922	81.137375
755.233398	304.136688
754.046875	-403.982544
752.859375	-265.065918
751.672852	351.814484
750.485352	389.568115
749.296875	602.023865
748.108398	589.298035
746.919922	507.191925
745.731445	351.553589
744.542969	345.289673
743.353516	193.995956
742.164063	423.167358
740.973633	168.977676
739.783203	259.394562
738.592773	198.551178
737.402344	-99.540237
736.211914	127.257530
735.020508	160.829391
733.829102	114.619766
732.636719	569.697266
731.444336	196.150970
730.251953	608.938965
729.059570	74.023293
727.866211	117.664200
726.673828	-98.584702
725.479492	-170.308167
724.286133	-233.710999
723.091797	-31.300787
721.897461	-251.904495
720.703125	98.769447
719.507813	-65.513741
718.312500	25.338003
717.117188	-260.390656
715.921875	-63.168583
714.725586	60.657036
713.529297	282.500397
712.332031	-168.621780
711.135742	-20.219980
709.938477	36.078827
708.740234	747.725952
707.542969	567.662292
706.344727	1647.894531
705.146484	2368.634033
703.948242	3057.596680
702.749023	3231.032471
701.549805	2908.073730
700.350586	2443.398438
699.150391	1760.005371
697.950195	1212.208374
696.750000	649.961609
695.549805	491.814148
694.348633	-30.693607
693.147461	208.674026
691.946289	112.828148
690.744141	-33.004551
689.541992	72.801636
688.339844	263.742950
687.136719	65.791435
685.934570	345.906433
684.730469	355.730377
683.527344	-124.694717
682.323242	40.992943
681.119141	534.685791
679.915039	87.845963
678.710938	238.980164
677.505859	209.618332
676.300781	223.951721
675.094727	157.533340
673.889648	389.894806
672.683594	-36.826572
671.476563	156.523148
670.270508	-178.266037
669.063477	141.961746
667.856445	358.839264
666.648438	-101.022606
665.440430	129.043945
664.232422	371.892151
663.024414	-96.559921
661.815430	-150.534393
660.606445	186.980331
659.397461	-8.383300
658.188477	-10.685641
656.978516	227.512283
655.768555	226.804794
654.557617	-165.412720
653.346680	-116.603874
652.135742	156.212692
650.924805	-116.912193
649.712891	-25.508614
648.501953	108.411568
647.289063	-362.710876
646.077148	-186.723007
644.864258	-355.574799
643.651367	-219.706635
642.438477	-193.406433
641.224609	201.455063
640.010742	-336.929626
638.796875	61.855072
637.582031	516.198242
636.367188	180.296555
635.152344	386.106140
633.937500	602.634399
632.721680	646.996033
631.505859	899.813049
630.289063	1112.386841
629.073242	1502.680420
627.856445	963.326660
626.639648	1937.521606
625.421875	1834.708252
624.204102	1257.381714
622.986328	811.600708
621.768555	994.090088
620.549805	717.236145
619.331055	141.514420
618.111328	469.136444
616.892578	143.409119
