1721.000977	-249.550552
1720.027344	226.683960
1719.052734	151.333649
1718.078125	542.144775
1717.104492	67.500771
1716.128906	66.730652
1715.154297	139.591064
1714.178711	9.166849
1713.204102	-234.647034
1712.228516	-102.321190
1711.251953	165.104034
1710.276367	91.155624
1709.299805	178.001251
1708.324219	-68.569824
1707.347656	-146.612579
1706.370117	38.492893
1705.393555	38.837246
1704.416016	166.643509
1703.438477	-153.636322
1702.460938	-39.438629
1701.483398	151.043610
1700.505859	-3.994649
1699.527344	27.246719
1698.548828	-115.584595
1697.570313	27.468035
1696.591797	-172.061295
1695.612305	18.909037
1694.632813	2.765592
1693.653320	159.976181
1692.673828	-32.702915
1691.694336	427.671478
1690.713867	-56.178379
1689.734375	-34.990944
1688.753906	-19.085859
1687.772461	-21.192417
1686.791992	-191.614243
1685.810547	-86.890045
1684.830078	-28.144333
1683.848633	-68.874199
1682.866211	142.431015
1681.884766	121.907585
1680.902344	175.134827
1679.919922	-31.304949
1678.937500	-202.072556
1677.955078	34.243107
1676.971680	349.261047
1675.989258	-4.634537
1675.005859	-30.441221
1674.022461	497.895721
1673.038086	85.695053
1672.054688	11.636374
1671.070313	79.861450
1670.085938	31.255640
1669.101563	-7.140352
1668.117188	177.924805
1667.131836	98.961594
1666.146484	96.207535
1665.161133	-418.993164
1664.175781	-243.968414
1663.189453	-96.876534
1662.204102	-81.606323
1661.217773	-144.883011
1660.231445	68.195023
1659.245117	103.880653
1658.257813	-63.071182
1657.270508	134.863281
1656.284180	28.935719
1655.295898	16.764997
1654.308594	-15.541228
1653.321289	-30.033524
1652.333008	-135.541550
1651.344727	-187.793259
1650.356445	-35.066826
1649.367188	67.091080
1648.378906	146.569550
1647.389648	-6.458309
1646.400391	100.965767
1645.411133	-11.374658
1644.420898	121.432533
1643.431641	-119.477249
1642.441406	-82.465698
1641.451172	229.795395
1640.459961	135.643860
1639.469727	31.551706
1638.478516	-52.238850
1637.487305	-77.888725
1636.496094	176.492065
1635.504883	138.383224
1634.512695	332.274963
1633.520508	291.792755
1632.528320	488.271515
1631.536133	455.509033
1630.543945	178.535446
1629.550781	375.157471
1628.557617	564.230225
1627.564453	524.250366
1626.571289	660.533081
1625.578125	706.260376
1624.583984	774.669067
1623.589844	943.728577
1622.595703	1014.728516
1621.601563	1231.585205
1620.606445	1119.146851
1619.611328	1263.144165
1618.616211	1575.481812
1617.621094	1232.164063
1616.625977	1192.927246
1615.629883	1530.375854
1614.633789	1408.367065
1613.637695	1083.180298
1612.641602	1438.192749
1611.645508	1213.603882
1610.648438	1380.426392
1609.651367	1125.946777
1608.654297	1443.255127
1607.657227	1276.704956
1606.659180	1428.532104
1605.662109	1795.839966
1604.664063	1664.519653
1603.666016	1944.040894
1602.666992	2115.799805
1601.668945	1631.635620
1600.669922	1708.358032
1599.670898	1935.231567
1598.671875	1469.018188
1597.671875	1203.129761
1596.672852	1039.936523
1595.672852	1179.367798
1594.672852	1426.262085
1593.671875	1008.252319
1592.671875	775.372559
1591.670898	884.855103
1590.669922	577.198730
1589.668945	399.546356
1588.667969	681.377014
1587.666016	416.435120
1586.664063	478.549561
1585.662109	627.982483
1584.660156	580.296997
1583.658203	380.507385
1582.655273	158.352524
1581.652344	163.169022
1580.649414	215.350143
1579.646484	60.683712
1578.642578	0.748687
1577.638672	92.789925
1576.634766	149.935196
1575.630859	423.677521
1574.626953	5.267794
1573.622070	47.451206
1572.618164	-27.314543
1571.613281	57.153477
1570.607422	99.284042
1569.602539	79.243889
1568.596680	-52.690159
1567.590820	-30.456600
1566.584961	9.160571
1565.579102	-23.300339
1564.572266	150.414063
1563.566406	-145.339905
1562.559570	38.246128
1561.551758	169.595367
1560.544922	142.046692
1559.537109	-49.298504
1558.530273	-235.593460
1557.521484	-15.050915
1556.513672	-47.554749
1555.505859	-85.011406
1554.497070	-67.946434
1553.488281	-164.905304
1552.479492	-130.507446
1551.470703	213.535934
1550.460938	27.357603
1549.451172	101.261864
1548.441406	21.621599
1547.431641	48.438625
1546.421875	-281.134827
1545.411133	-259.256805
1544.400391	49.552872
1543.389648	-218.037781
1542.378906	-33.026806
1541.367188	-209.062424
1540.355469	-157.644699
1539.343750	-76.605576
1538.332031	9.326599
1537.320313	-70.285507
1536.307617	-73.336098
1535.294922	-49.239132
1534.282227	61.236099
1533.269531	70.462929
1532.256836	-48.634510
1531.243164	-64.096764
1530.229492	169.550995
1529.215820	-8.724048
1528.202148	131.105850
1527.187500	44.080322
1526.172852	-183.388214
1525.158203	-53.508251
1524.143555	-71.492195
1523.127930	90.293419
1522.113281	-370.942139
1521.097656	-39.311356
1520.082031	63.276089
1519.065430	-1.532586
1518.049805	-19.557371
1517.033203	-0.699679
1516.016602	340.300751
1515.000000	-44.155003
1513.982422	-76.950867
1512.965820	-40.902901
1511.948242	176.939194
1510.930664	185.878708
1509.913086	-21.319962
1508.894531	117.787529
1507.875977	48.160717
1506.857422	89.021088
1505.838867	-66.454796
1504.820313	67.653793
1503.800781	142.822556
1502.781250	141.938766
1501.761719	413.229797
1500.742188	-65.723404
1499.721680	195.693619
1498.702148	3.703666
1497.681641	130.273178
1496.661133	313.135101
1495.639648	-64.869469
1494.618164	-43.622829
1493.597656	-174.118729
1492.576172	135.951279
1491.553711	286.847931
1490.532227	315.403076
1489.509766	-110.959396
1488.487305	98.633888
1487.464844	44.129150
1486.442383	163.206955
1485.418945	-96.529541
1484.395508	-358.576202
1483.372070	-90.439903
1482.348633	84.807938
1481.324219	135.469818
1480.300781	47.009861
1479.276367	-70.688522
1478.251953	89.857147
1477.226563	-32.640354
1476.202148	203.495682
1475.176758	81.088402
1474.151367	46.530273
1473.125000	-275.618134
1472.099609	152.999268
1471.073242	233.043777
1470.046875	434.886200
1469.020508	212.918030
1467.994141	417.184998
1466.966797	-116.224823
1465.939453	151.363922
1464.912109	27.114122
1463.884766	100.014839
1462.856445	97.505920
1461.829102	357.690521
1460.800781	544.851868
1459.772461	467.026245
1458.743164	491.331421
1457.714844	396.629822
1456.685547	644.515625
1455.656250	630.046387
1454.625977	511.201294
1453.596680	654.656799
1452.566406	652.456726
1451.536133	325.138672
1450.505859	704.006165
1449.474609	345.368591
1448.444336	685.370667
1447.413086	523.382690
1446.381836	717.848450
1445.350586	505.133575
1444.318359	234.393631
1443.286133	472.548584
1442.253906	606.511047
1441.221680	246.494461
1440.189453	257.091125
1439.156250	313.712555
1438.123047	249.372116
1437.089844	173.019501
1436.056641	459.590698
1435.022461	131.815750
1433.988281	-125.641838
1432.954102	141.632370
1431.919922	387.101624
1430.885742	18.781948
1429.850586	17.868475
1428.815430	123.287941
1427.780273	190.087540
1426.744141	46.866882
1425.708984	5.160103
1424.672852	-396.052582
1423.636719	25.703953
1422.600586	83.101837
1421.563477	-18.645790
1420.527344	149.777664
1419.490234	-161.539597
1418.452148	18.992657
1417.415039	-63.121948
1416.376953	-104.195229
1415.338867	-19.942152
1414.300781	-140.345047
1413.262695	119.762199
1412.224609	4.324944
1411.185547	168.146698
1410.146484	-12.099251
1409.107422	125.325386
1408.067383	-174.965179
1407.027344	145.293869
1405.987305	42.383747
1404.947266	175.118881
1403.907227	-62.188320
1402.866211	53.814919
1401.826172	59.358448
1400.785156	-103.145081
1399.743164	75.400124
1398.702148	220.338684
1397.660156	218.878555
1396.618164	404.631378
1395.576172	691.120361
1394.533203	579.419434
1393.491211	710.018982
1392.448242	747.123596
1391.405273	956.840576
1390.361328	1154.540894
1389.318359	1412.124634
1388.274414	1693.601318
1387.230469	1680.470825
1386.186523	1866.127075
1385.141602	2257.613525
1384.097656	2050.709961
1383.052734	2193.274414
1382.007813	2426.741699
1380.961914	2631.459961
1379.916992	2135.563965
1378.871094	2034.379028
1377.825195	1969.150146
1376.778320	1856.206177
1375.732422	1566.591431
1374.685547	1742.916992
1373.638672	1477.437256
1372.591797	1195.417358
1371.543945	1300.262329
1370.497070	1374.106079
1369.449219	1245.155762
1368.400391	989.877747
1367.352539	777.704285
1366.303711	923.335083
1365.255859	1111.879761
1364.206055	766.491150
1363.157227	964.618896
1362.108398	905.414429
1361.058594	874.863403
1360.008789	987.258484
1358.958984	844.907654
1357.908203	907.368958
1356.857422	879.421143
1355.806641	953.844849
1354.755859	906.967651
1353.705078	907.726440
1352.653320	589.902039
1351.601563	1128.079712
1350.549805	829.454041
1349.498047	559.518494
1348.445313	600.958557
1347.393555	642.434753
1346.340820	885.779419
1345.287109	376.435547
1344.234375	389.574921
1343.180664	163.051788
1342.126953	389.845306
1341.073242	187.226288
1340.019531	281.192108
1338.964844	434.424683
1337.910156	113.510338
1336.855469	418.479675
1335.799805	52.754940
1334.745117	217.907608
1333.689453	217.220383
1332.633789	235.511841
1331.578125	-96.562439
1330.521484	-92.347610
1329.464844	-398.113098
1328.408203	-221.049072
1327.351563	107.365311
1326.294922	14.703553
1325.237305	347.708588
1324.179688	-201.150894
1323.122070	-33.619740
1322.064453	-156.772858
1321.005859	244.607452
1319.947266	-124.137245
1318.888672	-138.486145
1317.830078	-70.170380
1316.770508	-226.099106
1315.710938	-101.112495
1314.651367	-63.447548
1313.591797	106.318893
1312.531250	-164.976074
1311.471680	-56.514435
1310.411133	-63.592030
1309.349609	49.544483
1308.289063	-77.679604
1307.227539	-44.641998
1306.166016	-119.938965
1305.104492	150.964020
1304.042969	-13.763758
1302.980469	33.425995
1301.917969	-234.715424
1300.855469	-147.465973
1299.792969	-93.168037
1298.729492	-95.324028
1297.666016	38.903236
1296.602539	72.011208
1295.539063	375.384064
1294.474609	208.707047
1293.411133	79.709549
1292.346680	126.918877
1291.281250	-34.866661
1290.216797	61.672134
1289.151367	-50.716637
1288.085938	113.849007
1287.020508	41.403702
1285.955078	-47.420277
1284.888672	32.638660
1283.822266	-30.342220
1282.755859	211.431503
1281.689453	52.371433
1280.622070	258.887695
1279.554688	200.619995
1278.487305	147.067886
1277.419922	259.789490
1276.351563	306.915710
1275.283203	110.619438
1274.214844	148.406113
1273.146484	347.601471
1272.077148	329.188019
1271.008789	207.904587
1269.939453	112.386528
1268.869141	304.401062
1267.799805	428.573700
1266.729492	-29.061649
1265.659180	298.343689
1264.588867	354.709259
1263.517578	128.533371
1262.447266	19.177774
1261.375977	117.571037
1260.304688	276.587250
1259.232422	258.234497
1258.161133	246.894089
1257.088867	475.721222
1256.016602	303.472778
1254.943359	450.600311
1253.871094	352.996796
1252.797852	649.147583
1251.724609	544.544006
1250.650391	689.147339
1249.577148	400.649445
1248.502930	403.225189
1247.428711	608.260376
1246.354492	699.196289
1245.279297	455.117218
1244.204102	580.916931
1243.128906	504.372498
1242.053711	692.860718
1240.977539	309.526611
1239.902344	700.118652
1238.826172	426.126312
1237.750000	502.956909
1236.672852	463.640259
1235.595703	454.513458
1234.518555	503.412323
1233.441406	652.065186
1232.364258	287.923096
1231.286133	146.601852
1230.208008	378.694397
1229.129883	-80.229034
1228.051758	293.196655
1226.972656	411.520874
1225.893555	335.164734
1224.814453	374.657440
1223.734375	214.946838
1222.655273	145.609695
1221.575195	305.465576
1220.495117	64.851654
1219.415039	178.363586
1218.333984	194.650375
1217.252930	55.957451
1216.171875	-94.242592
1215.090820	-13.195889
1214.008789	-38.522938
1212.926758	-86.954872
1211.844727	128.006332
1210.762695	65.686806
1209.679688	49.565681
1208.597656	105.024498
1207.513672	-107.323563
1206.430664	-40.337803
1205.347656	-1.076206
1204.263672	-58.729565
1203.179688	49.683914
1202.095703	-54.083813
1201.010742	-19.508699
1199.925781	-49.487843
1198.840820	68.010010
1197.755859	157.803223
1196.670898	146.208206
1195.584961	-100.270515
1194.499023	136.809799
1193.413086	-15.205112
1192.326172	-38.300987
1191.239258	355.023529
1190.152344	21.321201
1189.065430	46.502178
1187.978516	-13.402282
1186.890625	4.858425
1185.802734	232.230972
1184.714844	-41.382282
1183.625977	25.081743
1182.538086	236.199997
1181.449219	-0.524373
1180.360352	256.396301
1179.270508	547.613037
1178.180664	588.590027
1177.090820	563.010864
1176.000977	775.965393
1174.911133	495.816925
1173.820313	479.417511
1172.729492	389.674805
1171.638672	671.184509
1170.547852	292.759003
1169.456055	418.391083
1168.364258	177.564499
1167.272461	339.783142
1166.179688	602.627563
1165.087891	947.739197
1163.995117	896.869080
1162.902344	857.450256
1161.808594	1202.237061
1160.715820	1565.159912
1159.622070	1088.981689
1158.528320	939.816833
1157.433594	1039.755737
1156.339844	735.314819
1155.245117	855.791931
1154.149414	245.526764
1153.054688	503.012268
1151.958984	600.602905
1150.863281	483.649628
1149.767578	175.109268
1148.671875	14.948519
1147.575195	397.556427
1146.478516	383.299438
1145.381836	211.767303
1144.285156	170.192230
1143.187500	-69.591454
1142.089844	18.720224
1140.992188	-327.974487
1139.894531	81.353470
1138.795898	-3.461596
1137.697266	-256.654816
1136.598633	145.519684
1135.499023	108.472290
1134.400391	7.762333
1133.300781	-15.619254
1132.201172	-82.190804
1131.100586	-12.393536
1130.000977	-160.761871
1128.900391	-275.010040
1127.799805	-473.252106
1126.698242	-258.169556
1125.596680	-25.036627
1124.495117	76.337746
1123.393555	345.568451
1122.291992	480.815308
1121.189453	432.259979
1120.086914	989.159485
1118.984375	945.013367
1117.881836	1043.667114
1116.778320	1040.274780
1115.674805	1043.663696
1114.571289	1210.118774
1113.466797	1251.921021
1112.363281	854.467834
1111.258789	880.446838
1110.153320	951.648499
1109.048828	927.776917
1107.943359	722.927856
1106.837891	830.235291
1105.732422	668.415466
1104.625977	800.499390
1103.520508	753.972412
1102.414063	438.553101
1101.306641	523.084717
1100.200195	571.423645
1099.092773	172.632233
1097.985352	250.317123
1096.877930	285.055878
1095.769531	91.846016
1094.661133	70.143845
1093.552734	-32.769989
1092.444336	234.137085
1091.335938	320.542206
1090.226563	210.780594
1089.117188	83.009834
1088.006836	363.029968
1086.897461	-21.554077
1085.787109	334.860382
1084.676758	537.987549
1083.566406	218.789673
1082.455078	520.789307
1081.343750	530.136230
1080.232422	388.736023
1079.121094	575.691467
1078.008789	481.476196
1076.896484	848.066223
1075.784180	337.999939
1074.671875	502.163269
1073.558594	681.926208
1072.445313	508.977722
1071.332031	392.197998
1070.217773	443.775177
1069.104492	493.047394
1067.990234	544.487427
1066.875977	214.507111
1065.760742	382.507385
1064.645508	126.601295
1063.530273	162.188477
1062.415039	-142.958420
1061.299805	130.089493
1060.183594	57.959488
1059.067383	142.591003
1057.951172	112.932457
1056.833984	269.034821
1055.716797	73.616943
1054.599609	59.484653
1053.482422	-124.724167
1052.364258	-47.224342
1051.247070	88.333221
1050.128906	33.728611
1049.009766	1.431613
1047.891602	56.248611
1046.772461	-105.739784
1045.653320	136.570419
1044.533203	133.053955
1043.414063	-0.007810
1042.293945	-244.688919
1041.173828	99.819901
1040.052734	180.828720
1038.932617	36.451401
1037.811523	115.070511
1036.689453	148.983978
1035.568359	82.513016
1034.446289	-55.321423
1033.324219	-30.514339
1032.202148	196.915970
1031.079102	-25.703218
1029.957031	-143.638000
1028.833984	-250.473404
1027.709961	-341.766907
1026.586914	-65.954178
1025.462891	-179.643967
1024.338867	-239.983109
1023.214844	-122.493706
1022.089844	-360.825439
1020.964844	-292.423767
1019.839844	-219.689651
1018.714844	52.866558
1017.588867	-14.604239
1016.462891	-2.189742
1015.336914	-36.482285
1014.210938	26.814480
1013.083984	136.585632
1011.957031	90.931305
1010.830078	273.661560
1009.702148	154.641800
1008.574219	596.472412
1007.446289	1155.488892
1006.318359	2152.913574
1005.190430	3067.827881
1004.061523	3432.927490
1002.932617	2537.771729
1001.802734	1390.540405
1000.673828	684.221008
999.543945	491.514740
998.414063	236.860641
997.283203	375.936066
996.153320	216.332855
995.022461	167.245789
993.891602	389.963898
992.759766	674.355835
991.628906	540.969055
990.497070	575.412048
989.364258	574.403259
988.232422	1147.354004
987.099609	1141.618530
985.966797	1257.168091
984.833984	1098.990967
983.700195	1534.147095
982.566406	1071.447876
981.432617	1224.012451
980.298828	1107.491577
979.164063	1213.503296
978.029297	792.787231
976.894531	455.878845
975.759766	872.217957
974.624023	440.574799
973.488281	460.304718
972.352539	482.134644
971.215820	446.645325
970.080078	349.504761
968.943359	155.539963
967.805664	414.505188
966.668945	154.490814
965.531250	428.548157
964.393555	566.164185
963.254883	472.960510
962.117188	469.774200
960.978516	189.830032
959.839844	149.211136
958.700195	406.993988
957.561523	366.180481
956.421875	950.496948
955.281250	810.690308
954.141602	684.042114
953.000977	822.612549
951.860352	1162.680786
950.719727	917.466553
949.578125	904.489624
948.436523	735.941467
947.294922	350.618256
946.153320	87.995888
945.010742	598.011963
943.868164	328.735260
942.725586	405.165283
941.583008	249.654984
940.439453	122.561867
939.295898	96.029343
938.152344	128.457382
937.007813	20.945663
935.863281	-14.481282
934.718750	50.521946
933.574219	344.720703
932.428711	313.427582
931.283203	63.833447
930.137695	-179.149765
928.992188	156.061829
927.845703	85.366783
926.699219	66.995293
925.552734	46.408302
924.405273	-24.354980
923.257813	207.769821
922.110352	102.066055
920.962891	431.998688
919.814453	114.982002
918.666016	70.219299
917.517578	212.634659
916.369141	104.708847
915.219727	-51.069561
914.070313	34.635742
912.920898	-71.081085
911.770508	-31.118126
910.621094	137.068161
909.470703	153.034805
908.319336	-70.012604
907.168945	80.643387
906.017578	-153.152985
904.866211	-271.779968
903.713867	-103.852158
902.562500	-59.677460
901.410156	-134.856766
900.256836	63.290386
899.104492	222.338913
897.951172	-353.653687
896.797852	-159.885910
895.644531	81.484894
894.490234	12.938210
893.335938	-16.564266
892.181641	272.308411
891.027344	-343.903778
889.872070	172.235870
888.716797	-110.351974
887.561523	-394.933960
886.405273	207.483444
885.249023	16.022003
884.092773	-238.000900
882.936523	-9.836241
881.779297	125.337929
880.622070	-158.630249
879.464844	43.594223
878.307617	165.885406
877.149414	-197.600494
875.991211	86.699287
874.833008	77.453743
873.673828	-48.231472
872.514648	-5.534030
871.355469	177.396698
870.196289	-178.668732
869.036133	-135.729843
867.875977	75.369362
866.715820	-161.668961
865.554688	260.605164
864.394531	256.406158
863.233398	17.625193
862.071289	13331.060547
860.910156	601.628723
859.748047	167.464081
858.585938	353.096588
857.422852	506.490479
856.259766	346.036957
855.096680	327.647003
853.933594	169.710068
852.770508	177.408554
851.606445	421.500061
850.442383	386.439545
849.277344	274.232880
848.113281	115.007156
846.948242	149.123016
845.783203	39.624680
844.617188	9.676520
843.451172	-24.396364
842.285156	252.576355
841.119141	143.751266
839.952148	-211.316238
838.785156	-133.280319
837.618164	133.374847
836.451172	113.114220
835.283203	37.354877
834.115234	-53.183136
832.947266	-66.468628
831.778320	269.148163
830.609375	202.658142
829.440430	266.824677
828.271484	157.963913
827.101563	-110.983063
825.931641	167.438583
824.761719	445.913849
823.590820	290.837219
822.420898	287.646423
821.250000	397.789307
820.078125	-17.015772
818.907227	614.212585
817.735352	426.081146
816.562500	626.421326
815.390625	479.277618
814.217773	409.142395
813.044922	288.078949
811.872070	471.994049
810.698242	300.228271
809.524414	150.037582
808.350586	-123.394287
807.176758	18.647520
806.001953	52.261723
804.827148	-67.154259
803.651367	-26.765257
802.476563	-3.205371
801.300781	399.043640
800.125000	-83.100433
798.948242	132.322784
797.772461	239.474243
796.595703	336.142609
795.417969	301.266693
794.241211	383.394806
793.063477	612.156006
791.885742	482.300140
790.707031	528.815125
789.529297	666.722107
788.350586	238.443909
787.170898	374.594299
785.992188	392.148102
784.812500	293.294342
783.632813	290.020996
782.452148	416.148346
781.272461	550.862305
780.091797	418.876099
778.911133	327.342590
777.729492	343.953156
776.547852	216.828796
775.366211	356.476044
774.184570	-2.926904
773.001953	54.543743
771.819336	-185.939285
770.636719	95.870224
769.453125	67.073753
768.269531	-71.424294
767.085938	-273.083191
765.902344	-347.831055
764.717773	-69.878975
763.533203	-51.534409
762.348633	156.819046
761.163086	-181.184036
759.977539	61.060329
758.791992	-95.222427
757.606445	31.142260
756.419922	102.738083
755.233398	-91.099365
754.046875	115.476036
752.859375	143.012726
751.672852	-117.852791
750.485352	181.409500
749.296875	356.418976
748.108398	567.164490
746.919922	129.962448
745.731445	166.193466
744.542969	-369.455170
743.353516	421.578369
742.164063	394.751190
740.973633	84.304695
739.783203	23.981052
738.592773	106.494606
737.402344	445.114380
736.211914	258.792969
735.020508	110.316544
733.829102	379.405609
732.636719	90.379486
731.444336	-83.207298
730.251953	43.058788
729.059570	167.120590
727.866211	106.654778
726.673828	96.439430
725.479492	172.038635
724.286133	-221.555725
723.091797	-85.357079
721.897461	-208.857025
720.703125	-62.440384
719.507813	309.757111
718.312500	-117.333725
717.117188	7.732731
715.921875	-105.710976
714.725586	33.687931
713.529297	97.665894
712.332031	31.954752
711.135742	154.121429
709.938477	-126.929726
708.740234	337.308563
707.542969	738.564758
706.344727	966.282410
705.146484	1754.927002
703.948242	2223.923340
702.749023	2586.186035
701.549805	2051.687744
700.350586	1711.112549
699.150391	1439.289429
697.950195	882.025085
696.750000	683.088318
695.549805	502.814880
694.348633	201.713379
693.147461	-124.387878
691.946289	-69.723808
690.744141	300.945831
689.541992	95.180023
688.339844	240.751465
687.136719	142.874603
685.934570	441.849487
684.730469	497.424042
683.527344	363.803009
682.323242	552.011353
681.119141	580.127563
679.915039	31.033104
678.710938	517.680603
677.505859	103.512756
676.300781	-134.225937
675.094727	154.823044
673.889648	-103.687943
672.683594	-312.380066
671.476563	227.111496
670.270508	80.544167
669.063477	14.827413
667.856445	168.672867
666.648438	-0.500223
665.440430	56.086823
664.232422	280.353302
663.024414	277.040283
661.815430	85.633408
660.606445	-122.067467
659.397461	50.931259
658.188477	104.185318
656.978516	8.878888
655.768555	-5.522049
654.557617	75.412926
653.346680	253.725281
652.135742	209.387924
650.924805	169.643188
649.712891	-5.792010
648.501953	-71.270164
647.289063	-140.266342
646.077148	-76.630287
644.864258	-131.911438
643.651367	-242.075851
642.438477	-38.191864
641.224609	36.666798
640.010742	-103.846886
638.796875	226.157608
637.582031	351.198944
636.367188	232.389236
635.152344	108.658623
633.937500	315.397186
632.721680	153.201736
631.505859	679.266968
630.289063	902.376282
629.073242	1131.089478
627.856445	786.105469
626.639648	1192.858032
625.421875	1011.925354
624.204102	950.119019
622.986328	262.332214
621.768555	578.571411
620.549805	70.183228
619.331055	93.716827
618.111328	-7.294839
616.892578	-107.620872
