1721.000977	51.691162
1720.027344	123.447548
1719.052734	48.670471
1718.078125	-44.949650
1717.104492	68.374008
1716.128906	-167.993011
1715.154297	0.069329
1714.178711	-14.736798
1713.204102	-48.226753
1712.228516	-84.982552
1711.251953	-53.236778
1710.276367	-34.969067
1709.299805	-171.001465
1708.324219	-66.893784
1707.347656	-178.443848
1706.370117	90.846466
1705.393555	60.115772
1704.416016	28.890736
1703.438477	66.260475
1702.460938	-68.177559
1701.483398	142.166519
1700.505859	-41.644463
1699.527344	73.234932
1698.548828	136.593872
1697.570313	-20.122988
1696.591797	223.884796
1695.612305	120.184425
1694.632813	92.820854
1693.653320	111.133766
1692.673828	27.097994
1691.694336	80.628227
1690.713867	31.857826
1689.734375	82.367172
1688.753906	209.137482
1687.772461	24.640331
1686.791992	143.362000
1685.810547	55.452980
1684.830078	-157.393738
1683.848633	-39.166901
1682.866211	-17.900085
1681.884766	-62.941902
1680.902344	-245.543869
1679.919922	42.675312
1678.937500	-33.176662
1677.955078	137.697891
1676.971680	-136.684265
1675.989258	0.962527
1675.005859	-110.664383
1674.022461	19.195309
1673.038086	37.137821
1672.054688	34.734783
1671.070313	159.318634
1670.085938	-64.108376
1669.101563	22.341019
1668.117188	-155.268478
1667.131836	129.140793
1666.146484	-53.483803
1665.161133	45.608059
1664.175781	-40.488827
1663.189453	-78.349136
1662.204102	101.909042
1661.217773	-4.339494
1660.231445	-52.209713
1659.245117	44.421211
1658.257813	135.980530
1657.270508	-121.987373
1656.284180	-106.283318
1655.295898	-17.129776
1654.308594	99.904251
1653.321289	-137.359421
1652.333008	73.385513
1651.344727	43.785358
1650.356445	-36.318199
1649.367188	-58.169968
1648.378906	3.500944
1647.389648	269.946167
1646.400391	-90.366913
1645.411133	-8.301528
1644.420898	-123.238602
1643.431641	-25.893167
1642.441406	43.703285
1641.451172	-73.461479
1640.459961	-132.458038
1639.469727	38.291359
1638.478516	-40.727028
1637.487305	56.932751
1636.496094	46.192478
1635.504883	17.887901
1634.512695	-111.167915
1633.520508	112.746620
1632.528320	203.099777
1631.536133	6.305060
1630.543945	46.425316
1629.550781	139.477692
1628.557617	51.298206
1627.564453	21.124262
1626.571289	179.782089
1625.578125	376.188690
1624.583984	371.332916
1623.589844	409.305969
1622.595703	449.849823
1621.601563	472.847107
1620.606445	493.381470
1619.611328	564.232056
1618.616211	702.953247
1617.621094	653.291687
1616.625977	842.290894
1615.629883	996.112854
1614.633789	801.000977
1613.637695	834.418640
1612.641602	953.193481
1611.645508	1076.991821
1610.648438	1037.752319
1609.651367	1041.212036
1608.654297	899.307861
1607.657227	960.548950
1606.659180	1059.395508
1605.662109	1210.872437
1604.664063	1061.717285
1603.666016	990.308472
1602.666992	1264.514404
1601.668945	1075.512085
1600.669922	1181.967163
1599.670898	1218.346436
1598.671875	1299.781250
1597.671875	1131.067993
1596.672852	1044.995605
1595.672852	1081.496582
1594.672852	1135.510498
1593.671875	1052.060547
1592.671875	1008.659912
1591.670898	670.500244
1590.669922	709.661621
1589.668945	549.051636
1588.667969	523.348450
1587.666016	582.536438
1586.664063	202.484680
1585.662109	536.208252
1584.660156	208.740875
1583.658203	125.840836
1582.655273	307.294434
1581.652344	129.686584
1580.649414	21.950460
1579.646484	392.726288
1578.642578	317.373779
1577.638672	-7.035843
1576.634766	298.766663
1575.630859	29.279034
1574.626953	193.053741
1573.622070	120.310974
1572.618164	82.441704
1571.613281	238.624863
1570.607422	113.667892
1569.602539	33.527306
1568.596680	65.286400
1567.590820	74.653381
1566.584961	-45.222382
1565.579102	170.372955
1564.572266	8.269182
1563.566406	119.428848
1562.559570	88.983238
1561.551758	48.599403
1560.544922	23.118958
1559.537109	139.073593
1558.530273	-127.106102
1557.521484	90.491074
1556.513672	121.989525
1555.505859	-15.146979
1554.497070	-8.474228
1553.488281	15.525107
1552.479492	242.682449
1551.470703	-117.414917
1550.460938	-14.219195
1549.451172	-24.999016
1548.441406	-176.918945
1547.431641	-7.009730
1546.421875	-10.428061
1545.411133	-122.745247
1544.400391	-49.508980
1543.389648	31.090918
1542.378906	-73.818932
1541.367188	-153.997299
1540.355469	-122.942863
1539.343750	231.792358
1538.332031	50.227665
1537.320313	-104.115646
1536.307617	-280.654541
1535.294922	-64.566147
1534.282227	-73.232460
1533.269531	-153.493408
1532.256836	20.403860
1531.243164	-333.741760
1530.229492	-142.676544
1529.215820	48.281143
1528.202148	-2.480979
1527.187500	-53.256790
1526.172852	-84.322662
1525.158203	-147.433395
1524.143555	72.740242
1523.127930	76.056686
1522.113281	20.259375
1521.097656	131.851242
1520.082031	88.310104
1519.065430	135.799072
1518.049805	89.763016
1517.033203	-57.136040
1516.016602	51.756611
1515.000000	-87.747223
1513.982422	-141.191452
1512.965820	-2.932688
1511.948242	-46.592224
1510.930664	-19.016142
1509.913086	195.187515
1508.894531	94.955307
1507.875977	-49.448395
1506.857422	-166.813232
1505.838867	123.214714
1504.820313	-23.622900
1503.800781	-167.976456
1502.781250	237.061142
1501.761719	14.210083
1500.742188	56.186661
1499.721680	12.335607
1498.702148	127.767738
1497.681641	172.077301
1496.661133	13.054373
1495.639648	123.443069
1494.618164	84.421188
1493.597656	89.469315
1492.576172	65.122047
1491.553711	119.056679
1490.532227	214.549301
1489.509766	158.342499
1488.487305	-22.559650
1487.464844	63.072906
1486.442383	60.665558
1485.418945	-24.845205
1484.395508	-51.697453
1483.372070	6.944373
1482.348633	177.887497
1481.324219	160.735413
1480.300781	-59.016869
1479.276367	109.353615
1478.251953	43.401821
1477.226563	101.876717
1476.202148	162.767517
1475.176758	-34.862030
1474.151367	-42.251881
1473.125000	69.782494
1472.099609	174.464676
1471.073242	349.744141
1470.046875	186.355591
1469.020508	59.564217
1467.994141	3.437052
1466.966797	83.645920
1465.939453	17.789707
1464.912109	341.293823
1463.884766	221.889282
1462.856445	197.386642
1461.829102	73.202736
1460.800781	167.876938
1459.772461	170.145813
1458.743164	167.547394
1457.714844	276.729919
1456.685547	261.972046
1455.656250	286.084534
1454.625977	317.466736
1453.596680	42.966999
1452.566406	130.225388
1451.536133	297.531036
1450.505859	268.259521
1449.474609	445.173492
1448.444336	217.043976
1447.413086	209.644943
1446.381836	180.443192
1445.350586	214.275101
1444.318359	214.172012
1443.286133	192.277374
1442.253906	264.861206
1441.221680	73.486427
1440.189453	170.298996
1439.156250	300.959137
1438.123047	92.788956
1437.089844	-16.084206
1436.056641	49.263889
1435.022461	339.498383
1433.988281	71.098518
1432.954102	182.351746
1431.919922	-10.947637
1430.885742	-61.585396
1429.850586	15.842936
1428.815430	-27.509762
1427.780273	78.889061
1426.744141	-53.760193
1425.708984	187.803757
1424.672852	16.612242
1423.636719	-38.677109
1422.600586	130.408630
1421.563477	-67.142006
1420.527344	-40.342411
1419.490234	-95.505806
1418.452148	-102.432671
1417.415039	-253.904160
1416.376953	-34.296837
1415.338867	-48.396732
1414.300781	-45.613804
1413.262695	58.306023
1412.224609	-129.050156
1411.185547	-116.570648
1410.146484	-231.595322
1409.107422	-332.115234
1408.067383	-81.451294
1407.027344	-121.814545
1405.987305	27.775576
1404.947266	134.060364
1403.907227	-19.194462
1402.866211	72.676636
1401.826172	78.070335
1400.785156	61.862595
1399.743164	84.090637
1398.702148	65.533760
1397.660156	87.795586
1396.618164	285.222290
1395.576172	288.282623
1394.533203	219.406937
1393.491211	385.575348
1392.448242	311.958130
1391.405273	413.359283
1390.361328	315.842010
1389.318359	390.891144
1388.274414	662.330322
1387.230469	706.178406
1386.186523	857.768188
1385.141602	525.783142
1384.097656	811.408875
1383.052734	601.645264
1382.007813	774.737244
1380.961914	957.336121
1379.916992	738.177246
1378.871094	719.937134
1377.825195	761.478943
1376.778320	561.669861
1375.732422	486.205841
1374.685547	439.451172
1373.638672	409.453461
1372.591797	319.800415
1371.543945	445.031128
1370.497070	238.512177
1369.449219	354.203796
1368.400391	329.114655
1367.352539	144.271332
1366.303711	190.810913
1365.255859	208.751114
1364.206055	326.791016
1363.157227	285.151947
1362.108398	426.994263
1361.058594	313.925507
1360.008789	77.092560
1358.958984	337.978546
1357.908203	229.810257
1356.857422	224.038193
1355.806641	313.459930
1354.755859	364.798859
1353.705078	187.816391
1352.653320	234.431824
1351.601563	259.647247
1350.549805	170.784698
1349.498047	257.818451
1348.445313	-61.427841
1347.393555	253.671173
1346.340820	153.067764
1345.287109	107.122009
1344.234375	39.854675
1343.180664	112.640961
1342.126953	171.174194
1341.073242	-9.890664
1340.019531	143.535950
1338.964844	126.182121
1337.910156	118.331902
1336.855469	160.269180
1335.799805	-112.960541
1334.745117	71.176849
1333.689453	151.023636
1332.633789	-29.637165
1331.578125	31.279108
1330.521484	-130.326492
1329.464844	63.124886
1328.408203	36.465977
1327.351563	-136.832809
1326.294922	-0.233678
1325.237305	148.131287
1324.179688	135.692459
1323.122070	-30.356123
1322.064453	-21.466873
1321.005859	-3.129251
1319.947266	-138.316238
1318.888672	57.159367
1317.830078	51.882278
1316.770508	-154.022644
1315.710938	-3.493296
1314.651367	-41.769173
1313.591797	-164.939407
1312.531250	-73.449402
1311.471680	-281.428650
1310.411133	-29.644600
1309.349609	61.767735
1308.289063	49.476688
1307.227539	4.208008
1306.166016	100.279625
1305.104492	-57.997158
1304.042969	-30.216320
1302.980469	70.514740
1301.917969	44.133091
1300.855469	-33.991371
1299.792969	193.704636
1298.729492	61.493637
1297.666016	108.031441
1296.602539	69.928200
1295.539063	-33.957870
1294.474609	-15.622737
1293.411133	82.583221
1292.346680	21.038378
1291.281250	48.742584
1290.216797	-3.373305
1289.151367	10.246868
1288.085938	183.428818
1287.020508	-98.596169
1285.955078	-183.471756
1284.888672	50.607933
1283.822266	-1.442522
1282.755859	415.330872
1281.689453	49.197525
1280.622070	55.752445
1279.554688	-59.502880
1278.487305	-81.029472
1277.419922	63.697979
1276.351563	44.491299
1275.283203	-96.409721
1274.214844	-43.034443
1273.146484	101.554573
1272.077148	194.619400
1271.008789	173.068375
1269.939453	79.047760
1268.869141	15.447206
1267.799805	-256.098419
1266.729492	37.863876
1265.659180	30.375633
1264.588867	85.944664
1263.517578	-63.980354
1262.447266	126.975685
1261.375977	-15.890412
1260.304688	67.634789
1259.232422	-44.835926
1258.161133	285.880157
1257.088867	222.378738
1256.016602	193.874222
1254.943359	132.747009
1253.871094	211.465973
1252.797852	374.015503
1251.724609	322.206696
1250.650391	277.402466
1249.577148	360.674133
1248.502930	59.839199
1247.428711	280.420685
1246.354492	338.040771
1245.279297	142.081924
1244.204102	190.401123
1243.128906	85.243622
1242.053711	163.776520
1240.977539	98.177231
1239.902344	60.498528
1238.826172	269.077545
1237.750000	175.632660
1236.672852	209.938965
1235.595703	193.159134
1234.518555	-71.962524
1233.441406	103.935448
1232.364258	240.318069
1231.286133	112.215378
1230.208008	327.382843
1229.129883	13.844016
1228.051758	-32.985844
1226.972656	128.773926
1225.893555	58.771332
1224.814453	157.904999
1223.734375	-44.080120
1222.655273	-9.790568
1221.575195	186.526108
1220.495117	-151.867844
1219.415039	14.323651
1218.333984	-104.106514
1217.252930	55.066772
1216.171875	-167.365280
1215.090820	-135.388779
1214.008789	-94.181541
1212.926758	108.773537
1211.844727	-30.283112
1210.762695	45.541298
1209.679688	-35.699532
1208.597656	-151.524475
1207.513672	-216.518921
1206.430664	173.161728
1205.347656	-143.347778
1204.263672	-35.271004
1203.179688	-90.977692
1202.095703	-31.363131
1201.010742	-89.340332
1199.925781	27.877192
1198.840820	110.487892
1197.755859	-113.320526
1196.670898	-251.802750
1195.584961	65.712265
1194.499023	-118.777145
1193.413086	42.074905
1192.326172	90.103561
1191.239258	-57.433128
1190.152344	112.525581
1189.065430	167.437881
1187.978516	-7.574960
1186.890625	-76.768562
1185.802734	-14.926957
1184.714844	-215.028473
1183.625977	131.673233
1182.538086	69.447693
1181.449219	218.494492
1180.360352	82.838089
1179.270508	107.902641
1178.180664	279.820007
1177.090820	119.038551
1176.000977	31.734217
1174.911133	199.007721
1173.820313	205.738312
1172.729492	95.588020
1171.638672	187.151703
1170.547852	-122.234596
1169.456055	-19.188652
1168.364258	255.572571
1167.272461	-87.928352
1166.179688	150.126343
1165.087891	5.924592
1163.995117	250.744476
1162.902344	227.841568
1161.808594	307.869659
1160.715820	371.876862
1159.622070	566.160828
1158.528320	470.128510
1157.433594	488.392670
1156.339844	442.706268
1155.245117	426.740234
1154.149414	568.341248
1153.054688	515.857910
1151.958984	668.817627
1150.863281	465.758942
1149.767578	668.880005
1148.671875	634.721802
1147.575195	673.557312
1146.478516	545.964111
1145.381836	603.066040
1144.285156	466.459717
1143.187500	304.862549
1142.089844	248.129211
1140.992188	241.535019
1139.894531	341.964569
1138.795898	203.353073
1137.697266	319.699646
1136.598633	-5.385544
1135.499023	60.933121
1134.400391	20.354069
1133.300781	195.801559
1132.201172	87.035339
1131.100586	69.232796
1130.000977	160.519943
1128.900391	-300.241394
1127.799805	31.850060
1126.698242	-65.353523
1125.596680	173.479721
1124.495117	10.492085
1123.393555	-72.992500
1122.291992	136.222916
1121.189453	161.633133
1120.086914	189.309128
1118.984375	355.275970
1117.881836	317.185608
1116.778320	360.694031
1115.674805	173.104507
1114.571289	246.088516
1113.466797	407.361572
1112.363281	247.079391
1111.258789	351.705536
1110.153320	365.765991
1109.048828	230.504242
1107.943359	262.692505
1106.837891	120.736481
1105.732422	71.549713
1104.625977	85.678749
1103.520508	167.609131
1102.414063	353.437286
1101.306641	80.609047
1100.200195	218.951645
1099.092773	124.658241
1097.985352	-7.967223
1096.877930	209.293442
1095.769531	-144.426361
1094.661133	248.724136
1093.552734	-111.614044
1092.444336	130.271362
1091.335938	33.883648
1090.226563	-69.230766
1089.117188	62.051311
1088.006836	206.782150
1086.897461	144.229294
1085.787109	146.997864
1084.676758	120.491325
1083.566406	319.076141
1082.455078	89.992065
1081.343750	155.731339
1080.232422	250.674118
1079.121094	293.841156
1078.008789	244.791428
1076.896484	222.727173
1075.784180	99.530441
1074.671875	266.215149
1073.558594	315.998383
1072.445313	183.835327
1071.332031	154.999603
1070.217773	103.708298
1069.104492	288.076630
1067.990234	66.218231
1066.875977	-86.017197
1065.760742	273.138123
1064.645508	73.793663
1063.530273	-13.396110
1062.415039	49.594341
1061.299805	11.701691
1060.183594	70.126236
1059.067383	110.582977
1057.951172	21.121861
1056.833984	-34.748295
1055.716797	-12.284127
1054.599609	50.419773
1053.482422	-12.214594
1052.364258	177.887909
1051.247070	-92.770279
1050.128906	126.266624
1049.009766	112.711555
1047.891602	324.832733
1046.772461	-39.587097
1045.653320	31.680027
1044.533203	100.641663
1043.414063	33.350418
1042.293945	113.366196
1041.173828	61.643604
1040.052734	101.373695
1038.932617	38.444275
1037.811523	-55.723644
1036.689453	-190.028458
1035.568359	-96.944443
1034.446289	82.962875
1033.324219	-98.202225
1032.202148	-118.946419
1031.079102	60.702362
1029.957031	-249.612610
1028.833984	-45.624149
1027.709961	-157.807770
1026.586914	-212.134201
1025.462891	-17.345278
1024.338867	59.431210
1023.214844	-115.135574
1022.089844	10.424240
1020.964844	-141.938889
1019.839844	-316.506927
1018.714844	-233.356735
1017.588867	98.442322
1016.462891	17.026501
1015.336914	51.029888
1014.210938	-1.599926
1013.083984	-40.956825
1011.957031	8.383739
1010.830078	-4.461657
1009.702148	246.508713
1008.574219	273.392426
1007.446289	459.785583
1006.318359	790.066589
1005.190430	1073.609863
1004.061523	1053.510742
1002.932617	860.632690
1001.802734	561.503662
1000.673828	463.873047
999.543945	419.323425
998.414063	180.036987
997.283203	175.247467
996.153320	504.317169
995.022461	574.490356
993.891602	748.450562
992.759766	862.590515
991.628906	1403.022095
990.497070	1649.353516
989.364258	2138.414307
988.232422	2346.791504
987.099609	2698.473877
985.966797	2966.066162
984.833984	3149.625000
983.700195	3229.349609
982.566406	3247.216064
981.432617	2768.921875
980.298828	2341.472412
979.164063	2412.201904
978.029297	1727.095703
976.894531	1451.952393
975.759766	1423.520386
974.624023	1066.956421
973.488281	952.625244
972.352539	745.844421
971.215820	495.073517
970.080078	547.923096
968.943359	354.352325
967.805664	426.841736
966.668945	338.764069
965.531250	318.779358
964.393555	351.468750
963.254883	170.981155
962.117188	306.774811
960.978516	108.678391
959.839844	185.008743
958.700195	81.260422
957.561523	238.614838
956.421875	99.669960
955.281250	364.265137
954.141602	306.354645
953.000977	364.585114
951.860352	343.823700
950.719727	375.597595
949.578125	385.378754
948.436523	252.731918
947.294922	-15.674083
946.153320	83.764206
945.010742	288.146637
943.868164	91.941620
942.725586	-49.539310
941.583008	-7.288257
940.439453	275.411804
939.295898	243.120361
938.152344	-1.216072
937.007813	21.087259
935.863281	233.393814
934.718750	65.512482
933.574219	-39.013451
932.428711	33.285942
931.283203	77.132820
930.137695	35.813728
928.992188	-38.253876
927.845703	-70.896919
926.699219	5.465419
925.552734	131.898148
924.405273	195.017731
923.257813	-57.897579
922.110352	-278.050232
920.962891	-34.198322
919.814453	189.902588
918.666016	198.340546
917.517578	-17.441256
916.369141	75.855843
915.219727	-26.725796
914.070313	133.904037
912.920898	-49.142418
911.770508	-138.646957
910.621094	95.746902
909.470703	-72.008728
908.319336	-107.182358
907.168945	-33.735756
906.017578	-84.119080
904.866211	143.410507
903.713867	14.850713
902.562500	31.753527
901.410156	-25.126011
900.256836	-138.380417
899.104492	151.781601
897.951172	125.273415
896.797852	-133.138565
895.644531	-94.535065
894.490234	-21.280430
893.335938	-52.011536
892.181641	-128.186005
891.027344	66.325447
889.872070	-98.550323
888.716797	134.856430
887.561523	-101.299561
886.405273	-110.207520
885.249023	-147.189926
884.092773	-30.616415
882.936523	142.141434
881.779297	170.062531
880.622070	23.013792
879.464844	57.520119
878.307617	176.279297
877.149414	68.330063
875.991211	44.666069
874.833008	1.648215
873.673828	75.204056
872.514648	25.838840
871.355469	13.220096
870.196289	45.950882
869.036133	-119.579086
867.875977	94.316833
866.715820	254.325684
865.554688	175.235779
864.394531	199.638046
863.233398	224.100876
862.071289	323.964844
860.910156	55.889637
859.748047	498.007629
858.585938	208.679550
857.422852	235.691315
856.259766	350.935730
855.096680	341.555725
853.933594	207.641464
852.770508	366.085846
851.606445	41.260048
850.442383	193.432266
849.277344	201.790237
848.113281	102.940704
846.948242	83.645615
845.783203	49.458824
844.617188	56.153263
843.451172	395.358673
842.285156	87.052620
841.119141	160.552429
839.952148	-25.159710
838.785156	140.707474
837.618164	300.203583
836.451172	138.538391
835.283203	255.403305
834.115234	83.387787
832.947266	313.902557
831.778320	159.342407
830.609375	315.144867
829.440430	261.449005
828.271484	197.232727
827.101563	265.709442
825.931641	199.673309
824.761719	452.148956
823.590820	200.565735
822.420898	327.232178
821.250000	569.273560
820.078125	536.006592
818.907227	400.481934
817.735352	299.306824
816.562500	157.804596
815.390625	278.821747
814.217773	-41.380562
813.044922	344.237671
811.872070	371.831940
810.698242	156.694595
809.524414	95.174500
808.350586	-17.265467
807.176758	138.755478
806.001953	101.167465
804.827148	-78.817261
803.651367	11.626044
802.476563	246.820419
801.300781	186.481094
800.125000	264.514679
798.948242	113.115227
797.772461	-31.679930
796.595703	112.672264
795.417969	129.671097
794.241211	80.988586
793.063477	-12.103267
791.885742	181.532913
790.707031	61.172340
789.529297	231.660385
788.350586	107.396553
787.170898	-54.835484
785.992188	5.750937
784.812500	142.749084
783.632813	65.804436
782.452148	-85.116348
781.272461	166.585495
780.091797	-94.132065
778.911133	-9.528755
777.729492	-94.159439
776.547852	-136.307739
775.366211	-292.550903
774.184570	-76.364746
773.001953	-84.303169
771.819336	7.231140
770.636719	-254.124664
769.453125	55.258987
768.269531	20.258110
767.085938	-111.782478
765.902344	-260.559082
764.717773	57.358551
763.533203	-67.998108
762.348633	-165.784653
761.163086	-117.890320
759.977539	54.486370
758.791992	-272.871033
757.606445	-210.025757
756.419922	-176.656281
755.233398	-174.854309
754.046875	-42.399185
752.859375	79.509010
751.672852	-76.534599
750.485352	79.077583
749.296875	160.985916
748.108398	244.983688
746.919922	15.530367
745.731445	158.438873
744.542969	63.696888
743.353516	128.760147
742.164063	193.788727
740.973633	59.175762
739.783203	38.043167
738.592773	-81.805206
737.402344	69.222580
736.211914	329.298492
735.020508	217.764633
733.829102	60.080795
732.636719	57.644638
731.444336	157.912109
730.251953	138.563980
729.059570	-67.396675
727.866211	7.480396
726.673828	-24.608150
725.479492	-52.575649
724.286133	-26.174198
723.091797	104.802094
721.897461	103.746506
720.703125	58.640076
719.507813	65.747459
718.312500	112.475189
717.117188	315.895447
715.921875	303.754425
714.725586	-13.676318
713.529297	3.253904
712.332031	84.798248
711.135742	289.391571
709.938477	117.866112
708.740234	363.803711
707.542969	311.001984
706.344727	237.196396
705.146484	509.571228
703.948242	990.222412
702.749023	932.490967
701.549805	674.485352
700.350586	789.502625
699.150391	466.707703
697.950195	293.883240
696.750000	281.335358
695.549805	220.725037
694.348633	274.462341
693.147461	63.678936
691.946289	44.250122
690.744141	444.868256
689.541992	67.292923
688.339844	288.558258
687.136719	343.249481
685.934570	125.499817
684.730469	578.817810
683.527344	524.911926
682.323242	541.495178
681.119141	335.764191
679.915039	366.643524
678.710938	123.441200
677.505859	-11.871882
676.300781	211.635040
675.094727	221.331894
673.889648	133.498428
672.683594	0.030523
671.476563	109.032524
670.270508	87.417328
669.063477	18.141260
667.856445	4.802602
666.648438	82.572227
665.440430	19.581053
664.232422	97.387550
663.024414	-99.938828
661.815430	-86.102867
660.606445	-181.754776
659.397461	-151.105194
658.188477	-43.822369
656.978516	-19.052134
655.768555	-53.978294
654.557617	-167.115189
653.346680	-23.846827
652.135742	-64.054138
650.924805	-4.803856
649.712891	23.871351
648.501953	75.674210
647.289063	-204.124023
646.077148	48.749084
644.864258	-149.392288
643.651367	-35.591351
642.438477	109.746414
641.224609	-53.258259
640.010742	278.904480
638.796875	-26.556570
637.582031	105.462158
636.367188	-12.694974
635.152344	-92.719872
633.937500	-188.055756
632.721680	3.709758
631.505859	28.034996
630.289063	113.302109
629.073242	99.227501
627.856445	16.805552
626.639648	443.381348
625.421875	216.316238
624.204102	101.994598
622.986328	227.699722
621.768555	174.710464
620.549805	296.171631
619.331055	30.013029
618.111328	213.347641
616.892578	9.421237
