1721.000977	105.463852
1720.027344	-121.044197
1719.052734	136.183533
1718.078125	71.667709
1717.104492	450.116943
1716.128906	58.118950
1715.154297	155.266098
1714.178711	-22.724043
1713.204102	-52.682816
1712.228516	11.467466
1711.251953	115.895988
1710.276367	176.126022
1709.299805	-86.980629
1708.324219	-245.550629
1707.347656	-59.031113
1706.370117	-213.536530
1705.393555	-35.790695
1704.416016	-104.211296
1703.438477	146.680832
1702.460938	-86.275604
1701.483398	-145.670410
1700.505859	-95.494637
1699.527344	-117.280853
1698.548828	47.139580
1697.570313	456.423767
1696.591797	-151.277802
1695.612305	47.894772
1694.632813	170.139771
1693.653320	72.584175
1692.673828	255.563263
1691.694336	88.718323
1690.713867	18.656904
1689.734375	213.721771
1688.753906	-137.150650
1687.772461	-29.177370
1686.791992	55.710087
1685.810547	94.545296
1684.830078	39.021069
1683.848633	-166.889084
1682.866211	-329.537445
1681.884766	264.039246
1680.902344	60.502106
1679.919922	35.150681
1678.937500	14.853683
1677.955078	203.139526
1676.971680	121.677849
1675.989258	-376.779297
1675.005859	408.848114
1674.022461	-25.961069
1673.038086	-221.732071
1672.054688	14.560905
1671.070313	278.680145
1670.085938	245.560013
1669.101563	179.467697
1668.117188	-3.343605
1667.131836	-41.399017
1666.146484	189.593811
1665.161133	121.154732
1664.175781	344.502533
1663.189453	309.101410
1662.204102	-96.388191
1661.217773	12.926854
1660.231445	109.586884
1659.245117	168.264481
1658.257813	112.948380
1657.270508	-106.913750
1656.284180	-68.279121
1655.295898	33.647583
1654.308594	97.670090
1653.321289	-93.868240
1652.333008	-156.235184
1651.344727	107.839417
1650.356445	333.944305
1649.367188	34.040005
1648.378906	32.695755
1647.389648	584.956665
1646.400391	-58.254005
1645.411133	-175.582672
1644.420898	83.569618
1643.431641	34.612282
1642.441406	187.729416
1641.451172	-68.102173
1640.459961	259.257385
1639.469727	319.108917
1638.478516	361.326263
1637.487305	375.860138
1636.496094	390.465454
1635.504883	268.992889
1634.512695	276.178009
1633.520508	606.031311
1632.528320	232.815384
1631.536133	335.958588
1630.543945	660.776123
1629.550781	965.355225
1628.557617	557.387329
1627.564453	821.724548
1626.571289	1000.457153
1625.578125	1050.860962
1624.583984	1108.826294
1623.589844	1131.619995
1622.595703	1353.107666
1621.601563	1561.994751
1620.606445	1647.665894
1619.611328	1725.819092
1618.616211	1914.538696
1617.621094	1970.104370
1616.625977	1711.781860
1615.629883	2088.823242
1614.633789	1833.164429
1613.637695	1806.046143
1612.641602	1445.255493
1611.645508	1804.658203
1610.648438	1677.336548
1609.651367	1683.015259
1608.654297	1621.036621
1607.657227	1681.943604
1606.659180	2023.514404
1605.662109	2184.602295
1604.664063	2353.143555
1603.666016	2143.460449
1602.666992	2269.401855
1601.668945	1987.279541
1600.669922	2175.827148
1599.670898	1896.365234
1598.671875	1979.819824
1597.671875	1913.149170
1596.672852	2001.608398
1595.672852	1779.978638
1594.672852	1350.974609
1593.671875	1339.519653
1592.671875	1248.148071
1591.670898	732.102295
1590.669922	1005.561951
1589.668945	667.105957
1588.667969	783.193970
1587.666016	592.189087
1586.664063	468.653870
1585.662109	684.510986
1584.660156	448.761475
1583.658203	302.902374
1582.655273	226.900436
1581.652344	175.861313
1580.649414	453.854431
1579.646484	377.873169
1578.642578	149.917679
1577.638672	547.279236
1576.634766	20.533367
1575.630859	211.091476
1574.626953	282.077972
1573.622070	211.139801
1572.618164	35.745068
1571.613281	288.295776
1570.607422	-18.929192
1569.602539	253.409409
1568.596680	239.684479
1567.590820	133.990326
1566.584961	-138.175293
1565.579102	367.468628
1564.572266	70.487488
1563.566406	19.529280
1562.559570	-140.696854
1561.551758	-72.491730
1560.544922	166.964600
1559.537109	-40.388069
1558.530273	-217.862549
1557.521484	-87.740448
1556.513672	-66.773148
1555.505859	-445.014038
1554.497070	-250.492996
1553.488281	105.035133
1552.479492	-77.294609
1551.470703	72.416512
1550.460938	-119.775284
1549.451172	111.562790
1548.441406	53.130348
1547.431641	-228.060455
1546.421875	-16.655621
1545.411133	-84.962006
1544.400391	24.869310
1543.389648	-48.366188
1542.378906	71.296936
1541.367188	-150.276123
1540.355469	-82.574249
1539.343750	167.965729
1538.332031	84.865997
1537.320313	24.035501
1536.307617	163.241989
1535.294922	72.772034
1534.282227	135.394012
1533.269531	138.761093
1532.256836	21.225719
1531.243164	-320.774231
1530.229492	309.163025
1529.215820	-20.408783
1528.202148	224.612793
1527.187500	-3.746273
1526.172852	-138.349792
1525.158203	-85.632324
1524.143555	-42.774479
1523.127930	150.285019
1522.113281	-166.393585
1521.097656	-20.130075
1520.082031	-24.046154
1519.065430	-87.027618
1518.049805	69.024673
1517.033203	-55.400211
1516.016602	-346.976746
1515.000000	-235.182312
1513.982422	193.665863
1512.965820	20.262335
1511.948242	-84.264748
1510.930664	184.681488
1509.913086	-131.003265
1508.894531	96.131607
1507.875977	-182.537842
1506.857422	96.120453
1505.838867	77.760010
1504.820313	79.073433
1503.800781	124.548676
1502.781250	444.723724
1501.761719	578.451294
1500.742188	116.463120
1499.721680	71.344978
1498.702148	310.561676
1497.681641	69.518120
1496.661133	355.232391
1495.639648	239.239792
1494.618164	130.691116
1493.597656	117.721352
1492.576172	151.286682
1491.553711	-311.830292
1490.532227	213.607727
1489.509766	-214.981766
1488.487305	141.582916
1487.464844	-100.900223
1486.442383	194.495728
1485.418945	228.330048
1484.395508	-263.067474
1483.372070	318.120697
1482.348633	-109.467659
1481.324219	-146.183167
1480.300781	-126.649368
1479.276367	44.236092
1478.251953	290.755676
1477.226563	-33.636353
1476.202148	-28.532911
1475.176758	-30.698277
1474.151367	-81.549576
1473.125000	255.223206
1472.099609	155.733475
1471.073242	163.545639
1470.046875	171.425812
1469.020508	42.995979
1467.994141	109.487488
1466.966797	107.847473
1465.939453	315.591614
1464.912109	323.798889
1463.884766	285.856781
1462.856445	245.560425
1461.829102	266.177521
1460.800781	508.094391
1459.772461	125.287010
1458.743164	585.996033
1457.714844	597.121216
1456.685547	1033.412842
1455.656250	716.717407
1454.625977	849.432251
1453.596680	1050.171143
1452.566406	753.333313
1451.536133	760.038452
1450.505859	1031.275269
1449.474609	717.898499
1448.444336	870.380188
1447.413086	727.073608
1446.381836	404.539185
1445.350586	477.273438
1444.318359	753.580566
1443.286133	550.208191
1442.253906	952.512024
1441.221680	335.304993
1440.189453	280.114716
1439.156250	508.214539
1438.123047	620.156067
1437.089844	81.326324
1436.056641	370.080933
1435.022461	404.861542
1433.988281	219.699722
1432.954102	177.333939
1431.919922	144.756470
1430.885742	254.850250
1429.850586	-166.501297
1428.815430	327.818726
1427.780273	-151.127167
1426.744141	-11.740442
1425.708984	-50.913357
1424.672852	-126.187103
1423.636719	148.511612
1422.600586	95.131920
1421.563477	-286.129608
1420.527344	-59.502308
1419.490234	-266.807709
1418.452148	22.540255
1417.415039	97.428749
1416.376953	-15.549137
1415.338867	57.085129
1414.300781	62.354721
1413.262695	108.649979
1412.224609	-169.927856
1411.185547	11.338126
1410.146484	-16.699148
1409.107422	-116.793961
1408.067383	187.270828
1407.027344	262.875122
1405.987305	-14.840899
1404.947266	85.001236
1403.907227	256.979156
1402.866211	169.501816
1401.826172	135.015549
1400.785156	182.264572
1399.743164	347.217377
1398.702148	336.975891
1397.660156	77.230179
1396.618164	165.593353
1395.576172	661.810913
1394.533203	680.620422
1393.491211	1174.294800
1392.448242	1514.403809
1391.405273	1705.856934
1390.361328	1976.372437
1389.318359	1997.718628
1388.274414	2287.395508
1387.230469	2696.765381
1386.186523	2658.331299
1385.141602	2615.190674
1384.097656	3139.353271
1383.052734	3091.511230
1382.007813	3376.280273
1380.961914	3462.488770
1379.916992	2941.406738
1378.871094	2769.645508
1377.825195	3076.054443
1376.778320	2371.603027
1375.732422	2269.588135
1374.685547	2239.335938
1373.638672	1882.012451
1372.591797	1723.081177
1371.543945	2036.906616
1370.497070	1546.433228
1369.449219	1435.601318
1368.400391	1167.429810
1367.352539	1505.241699
1366.303711	1141.930908
1365.255859	1551.257568
1364.206055	1138.165283
1363.157227	1371.103027
1362.108398	1356.232300
1361.058594	1608.191406
1360.008789	1476.703369
1358.958984	1452.474243
1357.908203	1566.365112
1356.857422	1394.684937
1355.806641	1389.694214
1354.755859	1710.657593
1353.705078	1306.163940
1352.653320	1065.953613
1351.601563	1258.561401
1350.549805	1196.834229
1349.498047	1444.094971
1348.445313	871.662537
1347.393555	1035.857178
1346.340820	1211.895752
1345.287109	734.992065
1344.234375	1167.473999
1343.180664	740.718750
1342.126953	753.131897
1341.073242	540.235779
1340.019531	733.021545
1338.964844	880.706787
1337.910156	393.048492
1336.855469	455.502655
1335.799805	375.783081
1334.745117	374.330109
1333.689453	202.365524
1332.633789	267.321777
1331.578125	-198.044281
1330.521484	-267.889709
1329.464844	308.385895
1328.408203	162.812744
1327.351563	142.710129
1326.294922	-182.434647
1325.237305	-268.610382
1324.179688	181.900238
1323.122070	249.365829
1322.064453	-332.976349
1321.005859	355.928040
1319.947266	-56.082638
1318.888672	-153.829666
1317.830078	192.338364
1316.770508	26.167315
1315.710938	-246.102188
1314.651367	-270.498444
1313.591797	-40.112141
1312.531250	8.591750
1311.471680	-79.451759
1310.411133	-11.862977
1309.349609	62.767456
1308.289063	-65.242767
1307.227539	101.275284
1306.166016	-64.351997
1305.104492	59.737846
1304.042969	-96.370064
1302.980469	232.461212
1301.917969	8.155666
1300.855469	-168.986679
1299.792969	-291.943146
1298.729492	243.618576
1297.666016	26.587366
1296.602539	58.825760
1295.539063	37.004917
1294.474609	351.183868
1293.411133	355.160400
1292.346680	182.983063
1291.281250	-104.180855
1290.216797	200.384430
1289.151367	234.895462
1288.085938	39.432480
1287.020508	357.838623
1285.955078	289.097687
1284.888672	433.768860
1283.822266	536.178528
1282.755859	469.775299
1281.689453	415.113342
1280.622070	381.552795
1279.554688	282.416077
1278.487305	490.112823
1277.419922	430.794952
1276.351563	685.174133
1275.283203	487.733032
1274.214844	484.588409
1273.146484	640.517151
1272.077148	719.180298
1271.008789	493.820984
1269.939453	420.507751
1268.869141	592.634766
1267.799805	570.726501
1266.729492	593.203064
1265.659180	354.047272
1264.588867	507.325165
1263.517578	499.412720
1262.447266	617.557068
1261.375977	497.584778
1260.304688	524.650452
1259.232422	663.661438
1258.161133	581.044617
1257.088867	589.380432
1256.016602	683.960327
1254.943359	850.730713
1253.871094	418.563812
1252.797852	909.126099
1251.724609	942.939575
1250.650391	1137.395996
1249.577148	1315.469116
1248.502930	888.251343
1247.428711	854.495117
1246.354492	1044.102783
1245.279297	1180.102661
1244.204102	732.298218
1243.128906	921.763550
1242.053711	1087.885376
1240.977539	633.375793
1239.902344	897.052551
1238.826172	637.902588
1237.750000	792.268250
1236.672852	579.658691
1235.595703	536.603821
1234.518555	867.240479
1233.441406	657.041260
1232.364258	695.158569
1231.286133	396.910034
1230.208008	295.896088
1229.129883	408.218323
1228.051758	376.759613
1226.972656	502.880615
1225.893555	290.662231
1224.814453	205.924835
1223.734375	202.263474
1222.655273	430.144653
1221.575195	113.898903
1220.495117	112.540817
1219.415039	76.461128
1218.333984	368.879883
1217.252930	272.592896
1216.171875	30.658907
1215.090820	31.566326
1214.008789	279.765656
1212.926758	88.787170
1211.844727	-37.431519
1210.762695	478.527710
1209.679688	160.576340
1208.597656	207.555954
1207.513672	120.606880
1206.430664	-134.774155
1205.347656	-127.023361
1204.263672	164.438721
1203.179688	-33.166264
1202.095703	110.560310
1201.010742	-319.802124
1199.925781	317.108734
1198.840820	359.238342
1197.755859	318.407196
1196.670898	3.506092
1195.584961	80.184761
1194.499023	131.496902
1193.413086	240.317688
1192.326172	240.921844
1191.239258	-62.172081
1190.152344	7.485276
1189.065430	371.460480
1187.978516	128.296616
1186.890625	-209.020630
1185.802734	150.132721
1184.714844	-414.516632
1183.625977	346.489594
1182.538086	257.426605
1181.449219	315.335815
1180.360352	774.938904
1179.270508	222.198029
1178.180664	534.744934
1177.090820	629.208679
1176.000977	521.800171
1174.911133	533.664063
1173.820313	820.614075
1172.729492	708.617920
1171.638672	883.105225
1170.547852	603.892456
1169.456055	592.773865
1168.364258	767.142700
1167.272461	350.749084
1166.179688	786.012085
1165.087891	1243.972290
1163.995117	1383.686890
1162.902344	1383.802856
1161.808594	1399.911377
1160.715820	1619.509766
1159.622070	1596.686646
1158.528320	1484.737305
1157.433594	1452.791748
1156.339844	1432.285156
1155.245117	1007.532288
1154.149414	1067.017212
1153.054688	348.030548
1151.958984	695.199402
1150.863281	608.659058
1149.767578	524.432922
1148.671875	289.700378
1147.575195	105.224152
1146.478516	358.541840
1145.381836	661.883667
1144.285156	37.616592
1143.187500	375.042297
1142.089844	-21.133743
1140.992188	-57.333679
1139.894531	45.352303
1138.795898	-81.926476
1137.697266	-256.948975
1136.598633	2.663359
1135.499023	30.114452
1134.400391	-372.270447
1133.300781	198.647430
1132.201172	241.917160
1131.100586	-5.761291
1130.000977	23.874790
1128.900391	-96.457832
1127.799805	-228.108551
1126.698242	-37.291557
1125.596680	205.639832
1124.495117	201.056122
1123.393555	284.948944
1122.291992	511.716064
1121.189453	692.987000
1120.086914	844.681702
1118.984375	1254.737061
1117.881836	1730.316528
1116.778320	1722.982910
1115.674805	1450.554688
1114.571289	1474.949097
1113.466797	1417.776001
1112.363281	1546.270386
1111.258789	1142.734741
1110.153320	1547.250122
1109.048828	1345.211914
1107.943359	1532.289429
1106.837891	1110.910522
1105.732422	1456.175781
1104.625977	1012.327454
1103.520508	903.140076
1102.414063	656.130249
1101.306641	391.113281
1100.200195	973.117737
1099.092773	617.765503
1097.985352	318.972626
1096.877930	516.804504
1095.769531	93.975708
1094.661133	833.105469
1093.552734	326.868561
1092.444336	849.060730
1091.335938	588.696533
1090.226563	488.420044
1089.117188	428.705963
1088.006836	193.237366
1086.897461	750.679871
1085.787109	544.424133
1084.676758	624.132324
1083.566406	951.354187
1082.455078	628.010681
1081.343750	390.256439
1080.232422	1050.039429
1079.121094	924.627930
1078.008789	540.645996
1076.896484	844.611511
1075.784180	627.007629
1074.671875	876.770508
1073.558594	901.723206
1072.445313	742.442383
1071.332031	758.301697
1070.217773	522.663086
1069.104492	542.919861
1067.990234	679.761841
1066.875977	224.254211
1065.760742	607.657043
1064.645508	277.777740
1063.530273	174.392365
1062.415039	283.890137
1061.299805	-21.269381
1060.183594	282.954834
1059.067383	282.362671
1057.951172	19.698860
1056.833984	104.058868
1055.716797	-107.143936
1054.599609	211.991394
1053.482422	90.174431
1052.364258	151.715225
1051.247070	651.438721
1050.128906	468.954529
1049.009766	266.331451
1047.891602	-334.046600
1046.772461	607.292908
1045.653320	11.369502
1044.533203	264.187958
1043.414063	244.429764
1042.293945	-79.003471
1041.173828	166.665863
1040.052734	-69.811554
1038.932617	193.379166
1037.811523	213.248428
1036.689453	-190.634995
1035.568359	-106.264275
1034.446289	-280.570892
1033.324219	39.719517
1032.202148	333.019714
1031.079102	182.872726
1029.957031	-165.471451
1028.833984	-10.706854
1027.709961	34.801754
1026.586914	329.386993
1025.462891	-121.512856
1024.338867	-361.048431
1023.214844	-149.228638
1022.089844	-95.479881
1020.964844	-155.229736
1019.839844	171.544128
1018.714844	-97.315552
1017.588867	38.018414
1016.462891	301.943146
1015.336914	-60.413456
1014.210938	-52.087482
1013.083984	-6.197365
1011.957031	292.439667
1010.830078	397.846191
1009.702148	363.348846
1008.574219	989.372986
1007.446289	1679.249878
1006.318359	2632.365479
1005.190430	4307.132813
1004.061523	4279.921875
1002.932617	3698.978271
1001.802734	1962.480103
1000.673828	857.464294
999.543945	480.833832
998.414063	126.351227
997.283203	4.115706
996.153320	615.981995
995.022461	221.453659
993.891602	551.961853
992.759766	605.917908
991.628906	345.990265
990.497070	817.142517
989.364258	501.741364
988.232422	976.756714
987.099609	486.780518
985.966797	981.127991
984.833984	740.388855
983.700195	788.552063
982.566406	538.823853
981.432617	661.672974
980.298828	1028.990356
979.164063	1032.346436
978.029297	971.647461
976.894531	661.917114
975.759766	744.179199
974.624023	344.047028
973.488281	401.810181
972.352539	388.976990
971.215820	593.801208
970.080078	925.991699
968.943359	809.215637
967.805664	483.438141
966.668945	597.333862
965.531250	431.897430
964.393555	494.908173
963.254883	469.849854
962.117188	394.167694
960.978516	623.562805
959.839844	420.248627
958.700195	605.333862
957.561523	943.807678
956.421875	854.190918
955.281250	1073.699341
954.141602	1306.151367
953.000977	1251.156860
951.860352	979.075195
950.719727	1395.025024
949.578125	1536.790405
948.436523	1413.348145
947.294922	985.469543
946.153320	724.039124
945.010742	716.469788
943.868164	579.680298
942.725586	552.211792
941.583008	658.054443
940.439453	464.140533
939.295898	429.787933
938.152344	382.221527
937.007813	231.846085
935.863281	243.089340
934.718750	374.352112
933.574219	197.558670
932.428711	121.145012
931.283203	88.320656
930.137695	470.017883
928.992188	159.868271
927.845703	56.956177
926.699219	496.976013
925.552734	415.661072
924.405273	598.005920
923.257813	407.564636
922.110352	315.168335
920.962891	444.902161
919.814453	234.780121
918.666016	257.638062
917.517578	128.053421
916.369141	259.599731
915.219727	-168.119019
914.070313	752.850525
912.920898	103.297005
911.770508	-302.531097
910.621094	317.734924
909.470703	46.686535
908.319336	-148.254807
907.168945	-34.684998
906.017578	321.987427
904.866211	-94.424194
903.713867	303.266418
902.562500	80.143318
901.410156	-166.780075
900.256836	109.113411
899.104492	118.165718
897.951172	135.855270
896.797852	-104.398827
895.644531	-30.319149
894.490234	-97.113548
893.335938	-116.210548
892.181641	92.097092
891.027344	38.360352
889.872070	192.441925
888.716797	88.964066
887.561523	-261.072906
886.405273	63.924305
885.249023	213.648270
884.092773	-21.486605
882.936523	39.660641
881.779297	310.433655
880.622070	49.649807
879.464844	18.012621
878.307617	85.795921
877.149414	235.636627
875.991211	-3.042644
874.833008	-96.948524
873.673828	-294.307129
872.514648	34.823490
871.355469	156.869461
870.196289	330.702271
869.036133	6.615729
867.875977	94.387253
866.715820	-270.209351
865.554688	41.803539
864.394531	349.510742
863.233398	407.429871
862.071289	525.698181
860.910156	521.403687
859.748047	577.466858
858.585938	558.359497
857.422852	380.251251
856.259766	251.824478
855.096680	469.676880
853.933594	481.285004
852.770508	383.476990
851.606445	661.755127
850.442383	33.839790
849.277344	-37.563309
848.113281	161.716064
846.948242	240.894150
845.783203	-119.602470
844.617188	178.740891
843.451172	-39.676979
842.285156	192.432419
841.119141	501.798889
839.952148	-234.558548
838.785156	-16.976469
837.618164	-201.971405
836.451172	127.283821
835.283203	120.449242
834.115234	-145.160461
832.947266	-115.109032
831.778320	-74.169701
830.609375	-43.716164
829.440430	303.441437
828.271484	580.117859
827.101563	128.009018
825.931641	264.009491
824.761719	244.226715
823.590820	-46.592342
822.420898	92.212234
821.250000	303.765442
820.078125	647.788086
818.907227	473.360321
817.735352	418.721313
816.562500	396.333679
815.390625	404.080536
814.217773	595.408997
813.044922	85.651253
811.872070	369.104706
810.698242	94.482086
809.524414	399.591095
808.350586	19.131004
807.176758	294.820374
806.001953	110.872292
804.827148	-25.914907
803.651367	-66.663979
802.476563	152.364914
801.300781	71.700188
800.125000	-0.173850
798.948242	123.772583
797.772461	137.421448
796.595703	280.895935
795.417969	-51.230858
794.241211	621.456360
793.063477	504.311951
791.885742	642.165222
790.707031	502.198517
789.529297	850.488831
788.350586	700.407104
787.170898	955.626709
785.992188	91.617317
784.812500	633.445923
783.632813	518.357056
782.452148	549.704956
781.272461	555.847778
780.091797	437.255585
778.911133	556.026794
777.729492	425.191467
776.547852	533.722351
775.366211	375.841156
774.184570	417.031036
773.001953	481.638367
771.819336	-292.869446
770.636719	-314.431549
769.453125	-257.643127
768.269531	-44.397106
767.085938	-160.566833
765.902344	-16.822672
764.717773	15.107273
763.533203	116.805382
762.348633	296.655487
761.163086	-25.531637
759.977539	-263.092377
758.791992	123.692535
757.606445	-94.610092
756.419922	-47.170147
755.233398	265.815613
754.046875	-116.426308
752.859375	213.418442
751.672852	490.537170
750.485352	13.964701
749.296875	646.751465
748.108398	856.367554
746.919922	558.952942
745.731445	-24.317425
744.542969	387.211945
743.353516	632.483765
742.164063	547.682312
740.973633	-35.050472
739.783203	-29.374174
738.592773	366.885925
737.402344	351.396759
736.211914	104.965752
735.020508	695.921997
733.829102	545.902954
732.636719	307.772797
731.444336	346.489349
730.251953	483.629852
729.059570	-201.072205
727.866211	352.938660
726.673828	112.521820
725.479492	-50.420441
724.286133	96.513283
723.091797	172.040176
721.897461	144.815002
720.703125	-158.787155
719.507813	175.680054
718.312500	-140.694046
717.117188	-47.232910
715.921875	-146.349564
714.725586	-49.148014
713.529297	271.396362
712.332031	25.406422
711.135742	209.591736
709.938477	230.583374
708.740234	489.321472
707.542969	837.467041
706.344727	1354.225586
705.146484	2398.309570
703.948242	2851.403564
702.749023	3197.683350
701.549805	2678.394775
700.350586	2567.614746
699.150391	1546.040283
697.950195	1399.661499
696.750000	1015.671021
695.549805	202.679871
694.348633	732.547119
693.147461	196.321655
691.946289	-61.062489
690.744141	357.517426
689.541992	274.453522
688.339844	318.045837
687.136719	282.400146
685.934570	76.166313
684.730469	613.666443
683.527344	112.092491
682.323242	150.550064
681.119141	357.014526
679.915039	305.844971
678.710938	393.624451
677.505859	346.385742
676.300781	467.102448
675.094727	351.271149
673.889648	-108.704361
672.683594	233.702042
671.476563	8.118031
670.270508	136.983810
669.063477	180.916885
667.856445	233.215561
666.648438	1.963502
665.440430	77.337952
664.232422	-54.056915
663.024414	-205.829620
661.815430	-293.129303
660.606445	76.960052
659.397461	178.489258
658.188477	-159.855606
656.978516	240.154739
655.768555	155.015533
654.557617	60.177288
653.346680	153.956497
652.135742	-9.646239
650.924805	83.552338
649.712891	-175.303223
648.501953	-127.767349
647.289063	-444.324768
646.077148	176.519287
644.864258	-86.157730
643.651367	-279.436646
642.438477	52.104286
641.224609	20.301041
640.010742	39.487507
638.796875	-98.234863
637.582031	-48.865475
636.367188	346.051636
635.152344	298.318237
633.937500	423.451385
632.721680	454.097168
631.505859	733.821411
630.289063	584.240906
629.073242	1216.246460
627.856445	1250.787231
626.639648	1208.125122
625.421875	1579.333008
624.204102	1019.410156
622.986328	580.177673
621.768555	191.947189
620.549805	-50.728786
619.331055	194.763809
618.111328	202.340622
616.892578	-249.130646
