1721.000977	-59.087132
1720.027344	74.909012
1719.052734	-66.888344
1718.078125	-42.931614
1717.104492	5.626855
1716.128906	24.955713
1715.154297	122.802849
1714.178711	109.445236
1713.204102	-97.029686
1712.228516	-114.642624
1711.251953	115.448204
1710.276367	160.228958
1709.299805	-31.381599
1708.324219	42.657562
1707.347656	-116.987663
1706.370117	-85.281380
1705.393555	-13.275771
1704.416016	221.818405
1703.438477	54.657757
1702.460938	58.350109
1701.483398	61.512199
1700.505859	237.990463
1699.527344	176.228195
1698.548828	80.816452
1697.570313	-43.090965
1696.591797	-11.558804
1695.612305	6.787271
1694.632813	-3.327925
1693.653320	251.668488
1692.673828	330.142670
1691.694336	-50.987133
1690.713867	-54.735249
1689.734375	188.640793
1688.753906	209.803665
1687.772461	-29.330584
1686.791992	-64.678864
1685.810547	16.977924
1684.830078	80.581978
1683.848633	52.260658
1682.866211	-55.183792
1681.884766	-60.881916
1680.902344	85.995262
1679.919922	232.676743
1678.937500	-150.088409
1677.955078	108.283325
1676.971680	119.712257
1675.989258	187.007904
1675.005859	86.378021
1674.022461	181.444168
1673.038086	126.451874
1672.054688	244.222275
1671.070313	-169.040909
1670.085938	-23.419531
1669.101563	30.699530
1668.117188	-118.323898
1667.131836	232.705505
1666.146484	-45.759251
1665.161133	-1.895459
1664.175781	-18.923704
1663.189453	-8.056136
1662.204102	-98.584129
1661.217773	49.220970
1660.231445	62.661873
1659.245117	86.260704
1658.257813	-32.004520
1657.270508	138.567459
1656.284180	38.162838
1655.295898	-105.229851
1654.308594	-8.022974
1653.321289	-12.036494
1652.333008	-66.616714
1651.344727	129.328537
1650.356445	29.332943
1649.367188	-176.780273
1648.378906	-41.426315
1647.389648	-72.901733
1646.400391	-53.755287
1645.411133	-67.392685
1644.420898	-15.292989
1643.431641	-76.775330
1642.441406	134.524796
1641.451172	201.915848
1640.459961	375.344269
1639.469727	36.536591
1638.478516	202.509735
1637.487305	194.446304
1636.496094	171.331909
1635.504883	254.198883
1634.512695	72.411400
1633.520508	120.120026
1632.528320	34.339218
1631.536133	288.764954
1630.543945	276.179138
1629.550781	263.660614
1628.557617	374.586670
1627.564453	206.142181
1626.571289	704.736633
1625.578125	697.468811
1624.583984	682.715515
1623.589844	590.074951
1622.595703	824.426941
1621.601563	623.835876
1620.606445	833.073181
1619.611328	954.339050
1618.616211	942.464172
1617.621094	913.076416
1616.625977	1237.863770
1615.629883	1040.316772
1614.633789	1314.847534
1613.637695	1009.568298
1612.641602	950.381775
1611.645508	1079.430176
1610.648438	1130.714600
1609.651367	1009.002502
1608.654297	947.565918
1607.657227	1039.111328
1606.659180	1100.582397
1605.662109	1059.360718
1604.664063	1371.402466
1603.666016	1267.608521
1602.666992	1331.657349
1601.668945	1315.624023
1600.669922	1289.613892
1599.670898	1233.625244
1598.671875	1447.903564
1597.671875	1306.920288
1596.672852	1015.992493
1595.672852	1030.247314
1594.672852	1034.529541
1593.671875	948.853699
1592.671875	775.798340
1591.670898	775.208801
1590.669922	552.348572
1589.668945	719.169373
1588.667969	508.945068
1587.666016	538.448303
1586.664063	400.753235
1585.662109	303.055664
1584.660156	414.961578
1583.658203	581.706970
1582.655273	197.311737
1581.652344	177.071640
1580.649414	276.492188
1579.646484	81.828972
1578.642578	66.629387
1577.638672	-80.574448
1576.634766	165.774857
1575.630859	100.790352
1574.626953	80.647636
1573.622070	45.571110
1572.618164	246.914276
1571.613281	-129.006653
1570.607422	20.033831
1569.602539	101.881485
1568.596680	-0.300695
1567.590820	322.614288
1566.584961	9.182168
1565.579102	120.754562
1564.572266	-45.960438
1563.566406	-58.615955
1562.559570	18.107458
1561.551758	-116.241173
1560.544922	124.262268
1559.537109	-17.513859
1558.530273	-47.582859
1557.521484	-221.542191
1556.513672	152.647690
1555.505859	-21.291189
1554.497070	-190.224686
1553.488281	-39.382774
1552.479492	116.337570
1551.470703	96.084320
1550.460938	192.227066
1549.451172	191.736176
1548.441406	-11.785209
1547.431641	133.778793
1546.421875	-52.353409
1545.411133	-179.053299
1544.400391	-201.819092
1543.389648	114.238655
1542.378906	-37.192757
1541.367188	-35.314854
1540.355469	11.035472
1539.343750	153.723343
1538.332031	-14.964220
1537.320313	21.419994
1536.307617	25.655020
1535.294922	57.030125
1534.282227	147.619553
1533.269531	85.136230
1532.256836	49.803875
1531.243164	229.085190
1530.229492	-129.414963
1529.215820	-95.696404
1528.202148	31.677528
1527.187500	-126.960281
1526.172852	20.035223
1525.158203	-160.740997
1524.143555	119.188858
1523.127930	91.119629
1522.113281	-151.162506
1521.097656	-233.353287
1520.082031	65.973778
1519.065430	-43.338570
1518.049805	24.531151
1517.033203	43.151867
1516.016602	-4.647485
1515.000000	-72.108658
1513.982422	54.628719
1512.965820	-30.044384
1511.948242	-200.704529
1510.930664	14.382615
1509.913086	-3.959203
1508.894531	73.451729
1507.875977	-148.696091
1506.857422	-12.397255
1505.838867	37.945499
1504.820313	95.618881
1503.800781	-99.407265
1502.781250	48.986290
1501.761719	-50.335590
1500.742188	29.333765
1499.721680	290.318756
1498.702148	75.826965
1497.681641	-133.690674
1496.661133	134.501312
1495.639648	49.933403
1494.618164	244.507126
1493.597656	108.557564
1492.576172	43.624569
1491.553711	147.534042
1490.532227	6.787500
1489.509766	140.012756
1488.487305	1.764628
1487.464844	27.373899
1486.442383	43.198692
1485.418945	32.129978
1484.395508	77.262596
1483.372070	53.989841
1482.348633	-110.909264
1481.324219	-2.284898
1480.300781	-135.351547
1479.276367	56.228806
1478.251953	167.215958
1477.226563	202.529297
1476.202148	54.925934
1475.176758	224.388504
1474.151367	-10.912126
1473.125000	141.444504
1472.099609	140.234848
1471.073242	195.065704
1470.046875	188.992630
1469.020508	129.358124
1467.994141	42.982189
1466.966797	214.691620
1465.939453	16.401258
1464.912109	353.547302
1463.884766	160.215378
1462.856445	176.152283
1461.829102	218.864426
1460.800781	249.412170
1459.772461	165.723816
1458.743164	351.838226
1457.714844	328.952057
1456.685547	191.916779
1455.656250	688.851013
1454.625977	527.552551
1453.596680	492.600525
1452.566406	394.571259
1451.536133	466.473816
1450.505859	278.782440
1449.474609	372.554718
1448.444336	609.406555
1447.413086	230.337418
1446.381836	244.154984
1445.350586	337.973083
1444.318359	390.579865
1443.286133	348.719421
1442.253906	200.340469
1441.221680	231.245224
1440.189453	191.963425
1439.156250	46.220890
1438.123047	166.764389
1437.089844	178.418564
1436.056641	127.211121
1435.022461	-40.031395
1433.988281	53.960037
1432.954102	116.522682
1431.919922	188.762360
1430.885742	161.938187
1429.850586	241.447113
1428.815430	142.228836
1427.780273	-130.773026
1426.744141	-130.820587
1425.708984	-68.061577
1424.672852	21.243145
1423.636719	6.802509
1422.600586	-152.324661
1421.563477	86.572289
1420.527344	9.554131
1419.490234	7.328145
1418.452148	0.313575
1417.415039	-228.333420
1416.376953	-143.669006
1415.338867	-30.097025
1414.300781	134.036957
1413.262695	-50.955448
1412.224609	-93.812431
1411.185547	-187.157013
1410.146484	27.550076
1409.107422	-29.615942
1408.067383	-204.569977
1407.027344	-165.409653
1405.987305	114.171661
1404.947266	-139.892441
1403.907227	166.078690
1402.866211	-56.581669
1401.826172	30.749887
1400.785156	173.306396
1399.743164	27.730499
1398.702148	386.343536
1397.660156	-20.718908
1396.618164	95.491859
1395.576172	386.805786
1394.533203	387.832764
1393.491211	611.903442
1392.448242	509.880310
1391.405273	525.381714
1390.361328	835.648560
1389.318359	688.243469
1388.274414	1046.328125
1387.230469	1270.192383
1386.186523	1067.834229
1385.141602	1248.582520
1384.097656	1539.388184
1383.052734	1289.358398
1382.007813	1328.923584
1380.961914	1464.166748
1379.916992	1190.518799
1378.871094	1497.933105
1377.825195	1028.474487
1376.778320	1015.655701
1375.732422	935.995300
1374.685547	877.894165
1373.638672	772.092773
1372.591797	840.664978
1371.543945	629.951782
1370.497070	727.234985
1369.449219	762.464600
1368.400391	492.366974
1367.352539	701.805542
1366.303711	512.978577
1365.255859	786.757324
1364.206055	464.578308
1363.157227	585.802979
1362.108398	695.094788
1361.058594	897.257996
1360.008789	723.110596
1358.958984	749.060425
1357.908203	629.821899
1356.857422	474.968811
1355.806641	579.557312
1354.755859	615.145630
1353.705078	634.100403
1352.653320	567.468384
1351.601563	617.379639
1350.549805	598.372925
1349.498047	543.756226
1348.445313	372.773682
1347.393555	199.523682
1346.340820	361.199829
1345.287109	368.504883
1344.234375	299.878906
1343.180664	122.136749
1342.126953	174.642746
1341.073242	319.661987
1340.019531	291.516296
1338.964844	279.994843
1337.910156	126.264503
1336.855469	285.475189
1335.799805	13.367364
1334.745117	127.564140
1333.689453	106.718781
1332.633789	29.068382
1331.578125	20.130028
1330.521484	148.495819
1329.464844	158.498489
1328.408203	364.893433
1327.351563	-1.230049
1326.294922	75.072906
1325.237305	-132.384781
1324.179688	-8.780266
1323.122070	100.604736
1322.064453	16.197477
1321.005859	-82.339432
1319.947266	-109.960541
1318.888672	-24.209276
1317.830078	-172.209167
1316.770508	-51.055321
1315.710938	58.258591
1314.651367	-96.709297
1313.591797	73.921425
1312.531250	-229.538040
1311.471680	-193.324707
1310.411133	-62.831326
1309.349609	-80.868828
1308.289063	9.507322
1307.227539	-88.615044
1306.166016	46.485165
1305.104492	-157.547943
1304.042969	-57.789001
1302.980469	4.268678
1301.917969	61.600052
1300.855469	123.620750
1299.792969	11.556938
1298.729492	5.368492
1297.666016	27.401445
1296.602539	40.028481
1295.539063	64.405479
1294.474609	4.185739
1293.411133	7.426863
1292.346680	27.105728
1291.281250	53.815773
1290.216797	-46.242844
1289.151367	144.774002
1288.085938	101.054146
1287.020508	99.585556
1285.955078	-155.196533
1284.888672	35.679668
1283.822266	242.888306
1282.755859	100.751373
1281.689453	28.981482
1280.622070	-33.390938
1279.554688	412.581696
1278.487305	183.875732
1277.419922	123.854187
1276.351563	127.057304
1275.283203	120.895584
1274.214844	156.857086
1273.146484	78.170135
1272.077148	88.388680
1271.008789	376.874939
1269.939453	309.871796
1268.869141	-56.294735
1267.799805	271.751251
1266.729492	15.559309
1265.659180	266.354431
1264.588867	136.378708
1263.517578	-84.604889
1262.447266	-114.077850
1261.375977	180.853210
1260.304688	335.655518
1259.232422	362.078430
1258.161133	127.279160
1257.088867	468.516357
1256.016602	324.704529
1254.943359	131.999329
1253.871094	288.915405
1252.797852	259.377502
1251.724609	388.235626
1250.650391	468.124054
1249.577148	294.207825
1248.502930	634.774963
1247.428711	558.628723
1246.354492	522.063965
1245.279297	306.394714
1244.204102	646.640930
1243.128906	407.781219
1242.053711	259.680786
1240.977539	188.333344
1239.902344	433.027008
1238.826172	398.835052
1237.750000	355.365448
1236.672852	253.854111
1235.595703	349.715637
1234.518555	-51.169064
1233.441406	197.866119
1232.364258	249.586884
1231.286133	4.381519
1230.208008	181.338486
1229.129883	1.166853
1228.051758	129.364777
1226.972656	-66.948952
1225.893555	188.628586
1224.814453	-49.310699
1223.734375	115.818794
1222.655273	60.914600
1221.575195	154.182968
1220.495117	94.655724
1219.415039	30.526388
1218.333984	183.876678
1217.252930	52.673996
1216.171875	-187.151825
1215.090820	7.756772
1214.008789	-111.772339
1212.926758	-141.125290
1211.844727	51.325039
1210.762695	51.977238
1209.679688	-76.700180
1208.597656	60.200027
1207.513672	-79.969673
1206.430664	-56.217659
1205.347656	-99.384010
1204.263672	69.683418
1203.179688	-70.360519
1202.095703	-48.937519
1201.010742	-41.362221
1199.925781	-102.928993
1198.840820	26.784214
1197.755859	-80.841560
1196.670898	-98.591286
1195.584961	1.099309
1194.499023	-138.679398
1193.413086	-94.257294
1192.326172	-42.956806
1191.239258	-182.628983
1190.152344	-53.119370
1189.065430	202.818314
1187.978516	-37.968132
1186.890625	-117.744431
1185.802734	-20.527699
1184.714844	-49.720131
1183.625977	242.693802
1182.538086	190.501892
1181.449219	136.033844
1180.360352	127.506866
1179.270508	167.178696
1178.180664	337.625885
1177.090820	411.655212
1176.000977	221.899612
1174.911133	527.527161
1173.820313	241.549561
1172.729492	423.273743
1171.638672	238.283798
1170.547852	131.277100
1169.456055	214.425491
1168.364258	125.795609
1167.272461	199.764511
1166.179688	411.037231
1165.087891	404.825043
1163.995117	286.508606
1162.902344	522.802979
1161.808594	594.333191
1160.715820	857.903992
1159.622070	495.021240
1158.528320	744.792480
1157.433594	484.922699
1156.339844	382.804626
1155.245117	433.752625
1154.149414	409.325378
1153.054688	569.835327
1151.958984	298.911377
1150.863281	445.688263
1149.767578	492.031219
1148.671875	497.303436
1147.575195	443.286163
1146.478516	409.819183
1145.381836	453.869171
1144.285156	424.984894
1143.187500	327.765930
1142.089844	387.760956
1140.992188	144.862411
1139.894531	-15.959110
1138.795898	-26.477066
1137.697266	99.558281
1136.598633	186.865509
1135.499023	-146.690125
1134.400391	-11.597444
1133.300781	125.706223
1132.201172	-84.843964
1131.100586	16.056681
1130.000977	85.112602
1128.900391	-102.562744
1127.799805	-199.303802
1126.698242	-187.012939
1125.596680	-15.813695
1124.495117	69.067078
1123.393555	83.568527
1122.291992	245.526291
1121.189453	457.307495
1120.086914	276.700592
1118.984375	520.121277
1117.881836	303.319183
1116.778320	576.081360
1115.674805	425.059418
1114.571289	681.817505
1113.466797	528.570251
1112.363281	613.119507
1111.258789	496.170380
1110.153320	435.843628
1109.048828	599.536621
1107.943359	577.661560
1106.837891	487.948120
1105.732422	350.790375
1104.625977	496.246735
1103.520508	225.800430
1102.414063	192.711304
1101.306641	414.890930
1100.200195	241.736572
1099.092773	-78.118904
1097.985352	265.852936
1096.877930	392.995209
1095.769531	138.727585
1094.661133	141.742493
1093.552734	316.158447
1092.444336	-73.243912
1091.335938	200.314056
1090.226563	343.005798
1089.117188	28.181921
1088.006836	130.263901
1086.897461	-17.720156
1085.787109	329.752991
1084.676758	278.563202
1083.566406	297.157104
1082.455078	137.942337
1081.343750	377.003906
1080.232422	168.323471
1079.121094	193.593658
1078.008789	286.278717
1076.896484	277.750732
1075.784180	42.225742
1074.671875	-8.976724
1073.558594	216.109436
1072.445313	142.379791
1071.332031	459.339386
1070.217773	131.872253
1069.104492	134.442276
1067.990234	94.345612
1066.875977	-17.543631
1065.760742	218.209229
1064.645508	47.978359
1063.530273	142.321503
1062.415039	-88.389122
1061.299805	-81.511803
1060.183594	-20.908884
1059.067383	55.309525
1057.951172	297.158173
1056.833984	-112.602295
1055.716797	-67.863205
1054.599609	111.079651
1053.482422	41.576973
1052.364258	220.328705
1051.247070	45.654972
1050.128906	132.583450
1049.009766	109.900299
1047.891602	-294.931610
1046.772461	307.966797
1045.653320	5.925151
1044.533203	-5.725954
1043.414063	-133.505768
1042.293945	127.103149
1041.173828	-58.772511
1040.052734	333.232849
1038.932617	-26.692707
1037.811523	106.337151
1036.689453	-86.270348
1035.568359	95.647758
1034.446289	-34.577148
1033.324219	-28.884491
1032.202148	-172.497742
1031.079102	-35.498859
1029.957031	-125.720528
1028.833984	-28.978247
1027.709961	-206.087387
1026.586914	-336.442841
1025.462891	111.569374
1024.338867	-70.079628
1023.214844	32.900448
1022.089844	24.614817
1020.964844	134.060211
1019.839844	-61.019928
1018.714844	14.944004
1017.588867	50.822701
1016.462891	122.146355
1015.336914	-81.905998
1014.210938	228.981400
1013.083984	-121.598259
1011.957031	55.905022
1010.830078	100.178154
1009.702148	117.745842
1008.574219	516.546997
1007.446289	533.866150
1006.318359	1200.372803
1005.190430	1804.470703
1004.061523	2025.030151
1002.932617	1643.095703
1001.802734	944.664612
1000.673828	593.989319
999.543945	247.816360
998.414063	191.548264
997.283203	424.974915
996.153320	191.628693
995.022461	418.163971
993.891602	538.421082
992.759766	501.635040
991.628906	497.938477
990.497070	847.571289
989.364258	1000.413940
988.232422	1270.132690
987.099609	1515.359741
985.966797	1753.773926
984.833984	1764.748169
983.700195	1777.833740
982.566406	1850.377686
981.432617	1715.555786
980.298828	1534.424683
979.164063	1247.506226
978.029297	1293.337402
976.894531	902.914185
975.759766	761.449829
974.624023	617.758972
973.488281	449.839691
972.352539	517.403320
971.215820	334.016266
970.080078	443.212494
968.943359	422.515289
967.805664	540.258911
966.668945	369.913239
965.531250	177.579498
964.393555	347.803528
963.254883	208.122314
962.117188	334.184204
960.978516	521.584106
959.839844	375.149597
958.700195	296.733978
957.561523	288.505676
956.421875	363.561310
955.281250	475.782410
954.141602	482.644501
953.000977	537.650269
951.860352	614.477417
950.719727	693.392578
949.578125	529.028198
948.436523	237.640533
947.294922	342.656372
946.153320	197.990906
945.010742	151.809830
943.868164	234.689972
942.725586	509.984131
941.583008	371.720886
940.439453	257.503479
939.295898	136.723450
938.152344	-67.111916
937.007813	94.002884
935.863281	60.555420
934.718750	-64.661789
933.574219	205.368439
932.428711	86.616463
931.283203	-49.589993
930.137695	-135.589111
928.992188	175.464554
927.845703	87.176186
926.699219	51.223377
925.552734	10.889207
924.405273	138.355042
923.257813	-80.750137
922.110352	133.755295
920.962891	-65.708740
919.814453	46.275539
918.666016	71.099060
917.517578	8.822499
916.369141	81.469444
915.219727	-157.057877
914.070313	19.948099
912.920898	53.333309
911.770508	-145.947174
910.621094	-149.513519
909.470703	-53.139423
908.319336	-87.181915
907.168945	87.317070
906.017578	-9.724657
904.866211	-22.048508
903.713867	-134.220657
902.562500	-81.400169
901.410156	-108.881943
900.256836	-36.575508
899.104492	-244.020782
897.951172	-32.934383
896.797852	141.225601
895.644531	-50.903423
894.490234	-106.440018
893.335938	48.181160
892.181641	36.013596
891.027344	-123.340393
889.872070	76.715691
888.716797	-47.887615
887.561523	-191.864349
886.405273	-19.942043
885.249023	4.895694
884.092773	243.807922
882.936523	188.697830
881.779297	81.789307
880.622070	165.114227
879.464844	129.659821
878.307617	-22.326956
877.149414	50.346798
875.991211	6.495963
874.833008	-63.157860
873.673828	214.640930
872.514648	11.380849
871.355469	112.357719
870.196289	-15.161956
869.036133	32.048424
867.875977	10.365735
866.715820	105.128738
865.554688	165.468552
864.394531	163.436111
863.233398	234.699112
862.071289	110.145378
860.910156	269.827179
859.748047	418.776062
858.585938	180.592636
857.422852	323.260162
856.259766	119.834183
855.096680	383.057526
853.933594	169.210175
852.770508	322.978271
851.606445	375.837646
850.442383	-11.426414
849.277344	157.679703
848.113281	307.533722
846.948242	463.886017
845.783203	21.722456
844.617188	199.794724
843.451172	24.094225
842.285156	97.324333
841.119141	213.539948
839.952148	-2.313503
838.785156	-119.356705
837.618164	-178.353271
836.451172	135.450699
835.283203	18.928677
834.115234	-50.284927
832.947266	126.794067
831.778320	-31.943037
830.609375	-147.657379
829.440430	136.744400
828.271484	83.388771
827.101563	36.638050
825.931641	165.314590
824.761719	247.107162
823.590820	271.362640
822.420898	101.465050
821.250000	273.415588
820.078125	229.883591
818.907227	402.087830
817.735352	60.227409
816.562500	100.506615
815.390625	177.209351
814.217773	124.006126
813.044922	252.189301
811.872070	158.880219
810.698242	153.147202
809.524414	-122.901787
808.350586	-94.120323
807.176758	58.315651
806.001953	-195.673782
804.827148	169.881577
803.651367	146.124542
802.476563	5.582434
801.300781	16.271830
800.125000	-13.254207
798.948242	55.188347
797.772461	-61.089787
796.595703	124.543983
795.417969	59.641525
794.241211	237.025925
793.063477	83.320557
791.885742	108.152718
790.707031	279.564026
789.529297	260.135651
788.350586	346.936920
787.170898	442.346924
785.992188	173.244385
784.812500	71.872940
783.632813	-5.979946
782.452148	206.594604
781.272461	63.405312
780.091797	191.477646
778.911133	97.355774
777.729492	113.483727
776.547852	214.389526
775.366211	-14.627662
774.184570	-55.163319
773.001953	48.238209
771.819336	90.418388
770.636719	5.892669
769.453125	-222.152908
768.269531	-221.822922
767.085938	-253.057388
765.902344	43.113686
764.717773	-351.047607
763.533203	-367.142853
762.348633	-62.411373
761.163086	-82.599068
759.977539	-7.786614
758.791992	119.784317
757.606445	93.483292
756.419922	145.243912
755.233398	24.266005
754.046875	50.862171
752.859375	-63.608376
751.672852	-165.344589
750.485352	12.977260
749.296875	260.702698
748.108398	-127.086502
746.919922	175.296707
745.731445	111.619392
744.542969	90.031334
743.353516	167.252579
742.164063	-310.377716
740.973633	-52.418976
739.783203	190.696365
738.592773	-59.847000
737.402344	296.477356
736.211914	-174.444733
735.020508	22.162960
733.829102	115.819107
732.636719	60.444378
731.444336	34.391499
730.251953	345.829468
729.059570	3.056179
727.866211	127.681587
726.673828	132.733170
725.479492	137.682968
724.286133	92.266426
723.091797	-106.077141
721.897461	-46.990181
720.703125	-113.613777
719.507813	133.482193
718.312500	133.509415
717.117188	-282.747040
715.921875	252.291016
714.725586	44.913193
713.529297	40.170135
712.332031	83.312477
711.135742	140.883850
709.938477	173.189865
708.740234	389.016571
707.542969	370.790039
706.344727	836.493530
705.146484	717.645203
703.948242	1113.823730
702.749023	1522.122559
701.549805	1365.067139
700.350586	1089.078979
699.150391	967.205200
697.950195	634.773865
696.750000	373.100311
695.549805	569.432007
694.348633	76.397346
693.147461	384.666779
691.946289	84.995201
690.744141	182.584381
689.541992	290.316010
688.339844	404.030731
687.136719	201.507919
685.934570	377.135284
684.730469	303.143311
683.527344	357.794373
682.323242	333.313843
681.119141	522.528992
679.915039	22.315102
678.710938	234.016983
677.505859	55.395821
676.300781	314.408081
675.094727	253.791306
673.889648	-8.020285
672.683594	277.423035
671.476563	40.403584
670.270508	275.818390
669.063477	67.790146
667.856445	274.004456
666.648438	34.966419
665.440430	75.485420
664.232422	-92.994080
663.024414	-91.686394
661.815430	-26.186100
660.606445	70.409828
659.397461	32.711998
658.188477	77.873619
656.978516	-58.640224
655.768555	77.851242
654.557617	-171.704376
653.346680	-14.035049
652.135742	5.583958
650.924805	-73.493706
649.712891	-22.106356
648.501953	-61.039204
647.289063	-301.559845
646.077148	85.462051
644.864258	91.542343
643.651367	-41.852757
642.438477	186.151886
641.224609	-63.088398
640.010742	20.240374
638.796875	-105.570694
637.582031	127.871384
636.367188	349.916138
635.152344	280.816254
633.937500	95.710175
632.721680	290.412781
631.505859	262.284180
630.289063	439.151978
629.073242	728.461670
627.856445	491.247986
626.639648	738.622375
625.421875	326.459167
624.204102	433.851074
622.986328	321.561157
621.768555	570.635681
620.549805	85.338516
619.331055	213.949661
618.111328	-7.660783
616.892578	-23.548820
