1721.000977	-138.247284
1720.027344	60.781013
1719.052734	37.807556
1718.078125	36.835030
1717.104492	142.544083
1716.128906	-234.975189
1715.154297	166.204193
1714.178711	9.962863
1713.204102	-34.329128
1712.228516	48.664795
1711.251953	-258.637909
1710.276367	55.856457
1709.299805	-96.640816
1708.324219	-277.952087
1707.347656	-68.212814
1706.370117	76.789635
1705.393555	82.936287
1704.416016	103.825111
1703.438477	-34.446281
1702.460938	0.696362
1701.483398	63.435764
1700.505859	36.196938
1699.527344	120.946304
1698.548828	120.904907
1697.570313	84.686707
1696.591797	-48.961323
1695.612305	115.832687
1694.632813	75.969040
1693.653320	74.086021
1692.673828	-7.212037
1691.694336	8.192172
1690.713867	-122.091354
1689.734375	-20.470842
1688.753906	93.610649
1687.772461	0.919463
1686.791992	226.683548
1685.810547	161.653992
1684.830078	96.501595
1683.848633	-14.642551
1682.866211	52.368938
1681.884766	-41.161140
1680.902344	193.599960
1679.919922	-152.113464
1678.937500	6.047398
1677.955078	-125.950996
1676.971680	72.673058
1675.989258	-105.180038
1675.005859	22.067619
1674.022461	255.984833
1673.038086	57.728325
1672.054688	-89.631126
1671.070313	19.614300
1670.085938	-36.274792
1669.101563	-41.350525
1668.117188	-87.031616
1667.131836	146.507248
1666.146484	57.691166
1665.161133	103.409912
1664.175781	-160.318161
1663.189453	-28.285141
1662.204102	-91.480011
1661.217773	35.513016
1660.231445	-45.319679
1659.245117	38.649059
1658.257813	-237.118179
1657.270508	-18.785446
1656.284180	72.925034
1655.295898	129.192856
1654.308594	-87.853027
1653.321289	-71.895683
1652.333008	-17.925674
1651.344727	-75.201759
1650.356445	-41.316788
1649.367188	28.027370
1648.378906	-56.769432
1647.389648	-174.315048
1646.400391	244.025818
1645.411133	91.278473
1644.420898	62.449604
1643.431641	-271.846008
1642.441406	-88.298149
1641.451172	95.269165
1640.459961	41.587955
1639.469727	-34.670780
1638.478516	-45.221970
1637.487305	194.041031
1636.496094	24.760395
1635.504883	92.648460
1634.512695	77.400986
1633.520508	-58.720001
1632.528320	397.447723
1631.536133	-5.536229
1630.543945	108.070236
1629.550781	201.558578
1628.557617	307.684998
1627.564453	129.419846
1626.571289	359.002014
1625.578125	558.379272
1624.583984	506.189880
1623.589844	693.029968
1622.595703	691.284668
1621.601563	797.718933
1620.606445	853.903625
1619.611328	902.600464
1618.616211	843.317444
1617.621094	1186.029175
1616.625977	918.411560
1615.629883	947.236877
1614.633789	1171.917603
1613.637695	984.968384
1612.641602	783.102966
1611.645508	1165.912231
1610.648438	1129.738892
1609.651367	1088.621826
1608.654297	859.539734
1607.657227	1089.316528
1606.659180	1198.742432
1605.662109	1087.691772
1604.664063	1254.782349
1603.666016	1451.900391
1602.666992	1118.117554
1601.668945	1322.773560
1600.669922	1307.109619
1599.670898	1364.058838
1598.671875	1095.770264
1597.671875	1172.803345
1596.672852	1254.847778
1595.672852	949.322327
1594.672852	968.925171
1593.671875	1100.999023
1592.671875	1033.150635
1591.670898	955.346680
1590.669922	722.733643
1589.668945	632.574402
1588.667969	390.169830
1587.666016	642.105957
1586.664063	489.655457
1585.662109	125.193497
1584.660156	174.992767
1583.658203	366.938263
1582.655273	282.011780
1581.652344	132.305405
1580.649414	144.674896
1579.646484	284.127502
1578.642578	159.414673
1577.638672	129.405945
1576.634766	104.384003
1575.630859	111.735123
1574.626953	246.031143
1573.622070	96.522743
1572.618164	-154.943909
1571.613281	185.766800
1570.607422	-204.948944
1569.602539	60.998341
1568.596680	80.670120
1567.590820	63.030045
1566.584961	-4.323363
1565.579102	55.049286
1564.572266	305.645050
1563.566406	42.014683
1562.559570	91.333061
1561.551758	66.118774
1560.544922	105.436485
1559.537109	8.215961
1558.530273	-280.016083
1557.521484	173.492294
1556.513672	44.000443
1555.505859	-8.600747
1554.497070	28.020947
1553.488281	-148.545044
1552.479492	-79.755302
1551.470703	-164.620056
1550.460938	-130.602921
1549.451172	9.851610
1548.441406	83.368164
1547.431641	-80.804550
1546.421875	-121.201973
1545.411133	-18.119673
1544.400391	-234.225479
1543.389648	116.094704
1542.378906	-332.446381
1541.367188	64.640915
1540.355469	26.516151
1539.343750	-236.498444
1538.332031	-173.313965
1537.320313	-223.813217
1536.307617	-145.917633
1535.294922	-3.893144
1534.282227	-116.220055
1533.269531	225.583237
1532.256836	147.735703
1531.243164	138.950668
1530.229492	-32.647823
1529.215820	118.833092
1528.202148	-28.098440
1527.187500	-125.712448
1526.172852	-218.387634
1525.158203	-22.781771
1524.143555	12.594821
1523.127930	84.856911
1522.113281	107.825203
1521.097656	-56.352268
1520.082031	-23.587112
1519.065430	11.585063
1518.049805	115.615105
1517.033203	-188.750381
1516.016602	3.745143
1515.000000	112.538849
1513.982422	113.090263
1512.965820	-173.913147
1511.948242	-116.833237
1510.930664	-108.931854
1509.913086	122.448006
1508.894531	17.284454
1507.875977	-31.389322
1506.857422	148.210678
1505.838867	16.056965
1504.820313	97.394501
1503.800781	-7.757569
1502.781250	41.624317
1501.761719	-78.213852
1500.742188	-4.353225
1499.721680	162.584747
1498.702148	165.277298
1497.681641	-52.544731
1496.661133	30.985085
1495.639648	197.717972
1494.618164	-230.569427
1493.597656	158.894623
1492.576172	124.794106
1491.553711	12.393637
1490.532227	81.070778
1489.509766	-67.968048
1488.487305	-43.335800
1487.464844	30.177479
1486.442383	8.335475
1485.418945	-25.728275
1484.395508	235.844925
1483.372070	-93.807205
1482.348633	187.211838
1481.324219	148.253403
1480.300781	43.421501
1479.276367	143.633667
1478.251953	-222.237762
1477.226563	-34.186138
1476.202148	139.173706
1475.176758	46.661758
1474.151367	59.032108
1473.125000	-23.663588
1472.099609	164.202835
1471.073242	140.021805
1470.046875	147.532684
1469.020508	-188.333893
1467.994141	182.073441
1466.966797	-27.050028
1465.939453	250.703918
1464.912109	277.728760
1463.884766	187.986420
1462.856445	207.744492
1461.829102	451.253693
1460.800781	225.437042
1459.772461	252.536560
1458.743164	442.466431
1457.714844	207.150925
1456.685547	336.333588
1455.656250	640.351929
1454.625977	342.073425
1453.596680	463.947327
1452.566406	313.947968
1451.536133	132.498596
1450.505859	358.744507
1449.474609	257.459564
1448.444336	190.215652
1447.413086	113.325264
1446.381836	213.457504
1445.350586	286.925598
1444.318359	403.999603
1443.286133	85.014442
1442.253906	269.972778
1441.221680	166.740509
1440.189453	334.736237
1439.156250	112.999687
1438.123047	-67.462593
1437.089844	64.295303
1436.056641	-4.726018
1435.022461	23.048409
1433.988281	-48.279392
1432.954102	18.257914
1431.919922	63.059284
1430.885742	1.568584
1429.850586	70.591415
1428.815430	-196.092773
1427.780273	-25.542145
1426.744141	-33.683399
1425.708984	-336.238922
1424.672852	-73.932663
1423.636719	-103.629097
1422.600586	25.940710
1421.563477	107.262314
1420.527344	-240.579636
1419.490234	36.125881
1418.452148	-166.862854
1417.415039	-107.057289
1416.376953	-162.871109
1415.338867	128.226181
1414.300781	98.975021
1413.262695	-4.843116
1412.224609	21.414537
1411.185547	54.921413
1410.146484	-99.200562
1409.107422	-53.548908
1408.067383	-55.973511
1407.027344	-125.669075
1405.987305	-43.830814
1404.947266	-5.237966
1403.907227	-132.410004
1402.866211	74.453751
1401.826172	146.783325
1400.785156	-172.298447
1399.743164	-239.109741
1398.702148	123.837631
1397.660156	83.496895
1396.618164	146.401154
1395.576172	245.312027
1394.533203	272.276642
1393.491211	486.321594
1392.448242	441.410400
1391.405273	849.562073
1390.361328	766.351257
1389.318359	668.862671
1388.274414	1199.011353
1387.230469	1278.776855
1386.186523	1269.975586
1385.141602	1215.742920
1384.097656	1381.764282
1383.052734	1318.064575
1382.007813	1551.068726
1380.961914	1408.529175
1379.916992	1366.537598
1378.871094	1231.372803
1377.825195	1311.424438
1376.778320	1071.281006
1375.732422	1043.924072
1374.685547	987.959595
1373.638672	1125.499023
1372.591797	900.123962
1371.543945	908.814148
1370.497070	497.532959
1369.449219	721.140442
1368.400391	591.642151
1367.352539	564.807861
1366.303711	418.800537
1365.255859	234.766754
1364.206055	463.176208
1363.157227	431.802307
1362.108398	548.195251
1361.058594	671.719666
1360.008789	580.912292
1358.958984	706.846863
1357.908203	430.481903
1356.857422	635.006287
1355.806641	563.483948
1354.755859	163.758057
1353.705078	577.620972
1352.653320	354.094086
1351.601563	323.260406
1350.549805	420.826447
1349.498047	171.457611
1348.445313	247.700714
1347.393555	95.934990
1346.340820	55.877739
1345.287109	141.698380
1344.234375	94.598183
1343.180664	211.296600
1342.126953	100.202507
1341.073242	171.846542
1340.019531	1.587432
1338.964844	16.374641
1337.910156	168.683304
1336.855469	64.987373
1335.799805	101.166100
1334.745117	104.199348
1333.689453	-68.018974
1332.633789	143.489975
1331.578125	28.215805
1330.521484	-4.139858
1329.464844	58.204483
1328.408203	-75.827988
1327.351563	10.213246
1326.294922	-118.969337
1325.237305	-73.107544
1324.179688	-147.802841
1323.122070	-97.178925
1322.064453	-11.111438
1321.005859	-31.373098
1319.947266	14.530231
1318.888672	20.289318
1317.830078	47.315632
1316.770508	-79.081413
1315.710938	-325.757385
1314.651367	-102.796875
1313.591797	-122.874352
1312.531250	-55.674454
1311.471680	-14.415688
1310.411133	38.621216
1309.349609	-115.753746
1308.289063	102.252518
1307.227539	355.507843
1306.166016	-175.632507
1305.104492	-21.298077
1304.042969	-17.688648
1302.980469	-207.078506
1301.917969	69.559410
1300.855469	19.064375
1299.792969	-139.599335
1298.729492	-98.299667
1297.666016	-80.517410
1296.602539	7.783997
1295.539063	-200.061996
1294.474609	-88.265068
1293.411133	44.637489
1292.346680	36.566711
1291.281250	-229.790375
1290.216797	100.267174
1289.151367	78.119461
1288.085938	-96.540497
1287.020508	-38.861629
1285.955078	58.671227
1284.888672	27.182528
1283.822266	61.355507
1282.755859	-176.386459
1281.689453	279.649567
1280.622070	30.246304
1279.554688	242.419006
1278.487305	-37.311234
1277.419922	-181.114746
1276.351563	218.236557
1275.283203	172.732559
1274.214844	17.271349
1273.146484	77.102547
1272.077148	64.393738
1271.008789	-53.533092
1269.939453	3.925179
1268.869141	161.858078
1267.799805	25.278992
1266.729492	143.414154
1265.659180	25.573812
1264.588867	96.943245
1263.517578	107.567070
1262.447266	195.220444
1261.375977	75.115967
1260.304688	237.388168
1259.232422	175.630539
1258.161133	106.905403
1257.088867	243.392166
1256.016602	237.608231
1254.943359	150.240860
1253.871094	321.565308
1252.797852	362.339172
1251.724609	223.740021
1250.650391	234.224686
1249.577148	295.923950
1248.502930	411.120789
1247.428711	468.080750
1246.354492	180.665039
1245.279297	416.744568
1244.204102	406.194275
1243.128906	472.371490
1242.053711	285.129669
1240.977539	274.587769
1239.902344	338.404053
1238.826172	430.054932
1237.750000	414.819672
1236.672852	144.151321
1235.595703	126.643631
1234.518555	201.976257
1233.441406	291.190216
1232.364258	23.074568
1231.286133	193.451477
1230.208008	-9.614529
1229.129883	135.175415
1228.051758	8.688498
1226.972656	116.309433
1225.893555	112.659439
1224.814453	51.092064
1223.734375	112.285004
1222.655273	115.560776
1221.575195	77.155571
1220.495117	-46.875759
1219.415039	67.472733
1218.333984	29.074051
1217.252930	48.506531
1216.171875	-89.317627
1215.090820	38.775501
1214.008789	78.967545
1212.926758	47.498970
1211.844727	13.727312
1210.762695	220.185898
1209.679688	-194.664337
1208.597656	-299.953857
1207.513672	-158.225906
1206.430664	-235.802216
1205.347656	-31.862436
1204.263672	19.730137
1203.179688	43.618378
1202.095703	-133.109680
1201.010742	17.573341
1199.925781	66.775146
1198.840820	58.345516
1197.755859	-74.484917
1196.670898	-386.911316
1195.584961	-49.853542
1194.499023	24.604704
1193.413086	174.979233
1192.326172	-3.788535
1191.239258	100.499001
1190.152344	-160.988068
1189.065430	-72.815987
1187.978516	-297.369324
1186.890625	2.254287
1185.802734	110.998528
1184.714844	-39.939171
1183.625977	20.515457
1182.538086	207.259338
1181.449219	-118.113876
1180.360352	362.398071
1179.270508	62.371395
1178.180664	400.359131
1177.090820	228.918076
1176.000977	390.112854
1174.911133	505.375244
1173.820313	267.533447
1172.729492	139.810379
1171.638672	275.665161
1170.547852	193.814728
1169.456055	86.800163
1168.364258	282.108032
1167.272461	285.011902
1166.179688	326.822357
1165.087891	400.658813
1163.995117	410.392395
1162.902344	406.398224
1161.808594	592.215393
1160.715820	997.449707
1159.622070	652.722168
1158.528320	548.116882
1157.433594	557.796021
1156.339844	508.082062
1155.245117	492.644867
1154.149414	511.459137
1153.054688	126.206657
1151.958984	681.445984
1150.863281	467.460388
1149.767578	452.048737
1148.671875	582.615356
1147.575195	193.209106
1146.478516	41.076065
1145.381836	226.347122
1144.285156	229.233185
1143.187500	186.548721
1142.089844	214.494843
1140.992188	276.587158
1139.894531	10.802204
1138.795898	-175.199921
1137.697266	-301.950562
1136.598633	-35.029835
1135.499023	-218.627274
1134.400391	-327.088745
1133.300781	-112.640800
1132.201172	31.243696
1131.100586	-284.025146
1130.000977	62.056332
1128.900391	-341.672058
1127.799805	-9.366800
1126.698242	-20.082663
1125.596680	-55.767166
1124.495117	-39.233013
1123.393555	167.898499
1122.291992	118.580284
1121.189453	291.554382
1120.086914	571.025574
1118.984375	546.577515
1117.881836	565.206116
1116.778320	728.844727
1115.674805	720.225464
1114.571289	847.510071
1113.466797	632.778442
1112.363281	685.305420
1111.258789	554.450256
1110.153320	609.214600
1109.048828	605.127136
1107.943359	795.566589
1106.837891	490.641846
1105.732422	529.522461
1104.625977	376.229584
1103.520508	485.164978
1102.414063	157.957260
1101.306641	271.383362
1100.200195	167.942612
1099.092773	461.935516
1097.985352	155.304840
1096.877930	135.432938
1095.769531	99.760757
1094.661133	50.557240
1093.552734	-48.252365
1092.444336	17.577501
1091.335938	92.384178
1090.226563	40.919094
1089.117188	212.550766
1088.006836	158.796219
1086.897461	62.260265
1085.787109	152.653275
1084.676758	281.263672
1083.566406	65.418953
1082.455078	74.680962
1081.343750	115.422096
1080.232422	275.338989
1079.121094	473.393829
1078.008789	120.496040
1076.896484	372.398895
1075.784180	248.867340
1074.671875	502.830353
1073.558594	163.630814
1072.445313	188.375565
1071.332031	226.557999
1070.217773	150.208450
1069.104492	327.476929
1067.990234	257.817383
1066.875977	138.813202
1065.760742	102.807129
1064.645508	120.603302
1063.530273	12.825946
1062.415039	317.450836
1061.299805	-27.899748
1060.183594	86.108948
1059.067383	166.439346
1057.951172	-10.809721
1056.833984	-152.200073
1055.716797	-280.132507
1054.599609	117.812073
1053.482422	18.886793
1052.364258	-57.671467
1051.247070	-71.614372
1050.128906	-9.586484
1049.009766	-10.215667
1047.891602	116.494637
1046.772461	-9.360092
1045.653320	12.219983
1044.533203	78.403168
1043.414063	169.076920
1042.293945	116.801277
1041.173828	28.796925
1040.052734	105.878525
1038.932617	-91.476357
1037.811523	97.004959
1036.689453	-62.469467
1035.568359	-63.650337
1034.446289	6.424250
1033.324219	-63.952480
1032.202148	-38.566479
1031.079102	-113.470566
1029.957031	78.795937
1028.833984	-83.026169
1027.709961	-140.238556
1026.586914	27.252560
1025.462891	36.660385
1024.338867	-234.221451
1023.214844	-158.171036
1022.089844	-275.624298
1020.964844	-13.039412
1019.839844	-181.702225
1018.714844	0.644374
1017.588867	-203.613434
1016.462891	-212.441376
1015.336914	-201.351852
1014.210938	29.396708
1013.083984	4.784070
1011.957031	59.979515
1010.830078	-66.787086
1009.702148	-42.788021
1008.574219	136.316101
1007.446289	683.198608
1006.318359	1475.728027
1005.190430	1988.681274
1004.061523	2040.619751
1002.932617	1569.863770
1001.802734	1010.683777
1000.673828	396.359772
999.543945	80.975945
998.414063	360.794281
997.283203	-122.698189
996.153320	108.240105
995.022461	378.784790
993.891602	233.580933
992.759766	369.011932
991.628906	853.392212
990.497070	1059.150879
989.364258	1152.103882
988.232422	1105.851318
987.099609	1441.404053
985.966797	1556.044556
984.833984	1449.919067
983.700195	2045.209595
982.566406	1528.667603
981.432617	1777.355469
980.298828	1335.902222
979.164063	1300.063843
978.029297	1220.099976
976.894531	712.750916
975.759766	899.278503
974.624023	563.809753
973.488281	448.544098
972.352539	405.882141
971.215820	202.530899
970.080078	238.981430
968.943359	383.090820
967.805664	368.740173
966.668945	321.354523
965.531250	368.407959
964.393555	90.172920
963.254883	268.903076
962.117188	287.160889
960.978516	393.154449
959.839844	316.824524
958.700195	409.438385
957.561523	113.572800
956.421875	418.839813
955.281250	513.335754
954.141602	458.624084
953.000977	620.886963
951.860352	664.653748
950.719727	721.481995
949.578125	561.326355
948.436523	471.267212
947.294922	232.284088
946.153320	225.401489
945.010742	467.956879
943.868164	368.984131
942.725586	311.562469
941.583008	131.626801
940.439453	321.248871
939.295898	31.960943
938.152344	149.279968
937.007813	4.264080
935.863281	3.445755
934.718750	-89.155968
933.574219	217.841263
932.428711	-12.414573
931.283203	-46.173882
930.137695	437.201660
928.992188	174.194183
927.845703	-21.130344
926.699219	91.061943
925.552734	161.741547
924.405273	99.382706
923.257813	113.286270
922.110352	-25.350588
920.962891	73.458427
919.814453	109.029411
918.666016	-62.268204
917.517578	8.091044
916.369141	-126.158371
915.219727	39.850513
914.070313	7.833049
912.920898	95.414429
911.770508	-8.389853
910.621094	94.341125
909.470703	27.503399
908.319336	-217.473007
907.168945	-251.639740
906.017578	-1.333072
904.866211	-359.038544
903.713867	8.374805
902.562500	-34.503960
901.410156	-75.200409
900.256836	1.246966
899.104492	209.964340
897.951172	225.629440
896.797852	-278.903320
895.644531	118.302254
894.490234	-0.302252
893.335938	-175.141693
892.181641	102.720184
891.027344	-20.047979
889.872070	-160.052933
888.716797	-150.641479
887.561523	-145.523773
886.405273	0.216999
885.249023	26.995716
884.092773	246.225281
882.936523	-185.210693
881.779297	96.724007
880.622070	-18.948456
879.464844	10.210240
878.307617	192.738037
877.149414	60.021008
875.991211	-145.957947
874.833008	88.458275
873.673828	135.124680
872.514648	15.754469
871.355469	-28.005041
870.196289	-65.195992
869.036133	-108.763870
867.875977	130.076492
866.715820	377.513397
865.554688	39.033215
864.394531	-105.371483
863.233398	189.585800
862.071289	-1.966976
860.910156	331.766876
859.748047	347.023529
858.585938	130.073669
857.422852	227.294876
856.259766	563.232910
855.096680	196.253723
853.933594	257.209381
852.770508	236.616074
851.606445	147.412277
850.442383	62.670486
849.277344	10.294193
848.113281	172.729797
846.948242	-23.161461
845.783203	53.647388
844.617188	121.974197
843.451172	-129.117279
842.285156	-4.753807
841.119141	113.267868
839.952148	-72.927467
838.785156	-108.913460
837.618164	-61.192116
836.451172	-54.029148
835.283203	130.979843
834.115234	-84.206383
832.947266	4.741972
831.778320	-28.145472
830.609375	-41.603916
829.440430	233.801697
828.271484	-61.591339
827.101563	154.166824
825.931641	162.709244
824.761719	141.507782
823.590820	152.520264
822.420898	193.603790
821.250000	190.003036
820.078125	325.311066
818.907227	132.108414
817.735352	141.845444
816.562500	247.732147
815.390625	400.666229
814.217773	74.012726
813.044922	278.423584
811.872070	139.834473
810.698242	20.656981
809.524414	136.011002
808.350586	-204.213043
807.176758	120.136902
806.001953	112.468689
804.827148	51.783962
803.651367	142.351990
802.476563	-90.240692
801.300781	-37.603447
800.125000	266.049469
798.948242	346.557739
797.772461	127.582375
796.595703	57.594826
795.417969	287.287384
794.241211	262.228027
793.063477	88.740242
791.885742	378.197693
790.707031	60.797592
789.529297	159.520355
788.350586	-17.370489
787.170898	232.195328
785.992188	134.122757
784.812500	277.871063
783.632813	425.938965
782.452148	182.166275
781.272461	197.048203
780.091797	25.724129
778.911133	138.297226
777.729492	-13.609563
776.547852	-99.715866
775.366211	-75.648453
774.184570	179.069275
773.001953	-61.008217
771.819336	-110.593704
770.636719	-124.113319
769.453125	-388.965820
768.269531	-431.776825
767.085938	-214.689590
765.902344	-267.884705
764.717773	-128.860718
763.533203	-308.505768
762.348633	-2.682383
761.163086	-42.887367
759.977539	70.953468
758.791992	-401.364563
757.606445	-68.134132
756.419922	47.917255
755.233398	-27.779444
754.046875	-76.013321
752.859375	-221.066727
751.672852	-45.978878
750.485352	-125.660233
749.296875	127.232635
748.108398	110.698296
746.919922	323.462769
745.731445	60.836029
744.542969	122.118195
743.353516	103.477539
742.164063	143.670105
740.973633	385.518311
739.783203	223.907074
738.592773	-95.176224
737.402344	-13.134773
736.211914	152.774673
735.020508	77.206276
733.829102	98.117294
732.636719	167.187164
731.444336	210.978760
730.251953	225.307648
729.059570	-85.364044
727.866211	100.668365
726.673828	384.975800
725.479492	206.120834
724.286133	25.135525
723.091797	57.656353
721.897461	152.821594
720.703125	34.351818
719.507813	-73.749519
718.312500	-79.460587
717.117188	63.144722
715.921875	84.260269
714.725586	98.924858
713.529297	-32.869667
712.332031	-41.517933
711.135742	118.835388
709.938477	251.777191
708.740234	267.553131
707.542969	506.455841
706.344727	471.685486
705.146484	1137.693970
703.948242	1283.840088
702.749023	1469.324341
701.549805	1389.754272
700.350586	1011.964844
699.150391	898.774231
697.950195	675.012878
696.750000	505.296173
695.549805	220.923599
694.348633	28.068447
693.147461	-21.297318
691.946289	91.449814
690.744141	85.359482
689.541992	303.687347
688.339844	251.408554
687.136719	350.709137
685.934570	356.258575
684.730469	261.881134
683.527344	267.091064
682.323242	357.279327
681.119141	337.225922
679.915039	3.587567
678.710938	49.760342
677.505859	230.647369
676.300781	253.691284
675.094727	46.428116
673.889648	175.074387
672.683594	239.334503
671.476563	340.816223
670.270508	222.613068
669.063477	286.737793
667.856445	-61.256355
666.648438	-15.672093
665.440430	89.982285
664.232422	36.336700
663.024414	-73.024269
661.815430	-76.695602
660.606445	-189.784897
659.397461	121.219337
658.188477	18.937820
656.978516	-97.476341
655.768555	-62.694397
654.557617	-134.970825
653.346680	-6.500619
652.135742	157.462067
650.924805	-35.223454
649.712891	-35.362041
648.501953	-140.108185
647.289063	-138.960464
646.077148	-15.439304
644.864258	67.568733
643.651367	21.524675
642.438477	301.972931
641.224609	-160.423798
640.010742	251.696320
638.796875	106.722176
637.582031	51.529144
636.367188	98.479836
635.152344	-65.172127
633.937500	202.626953
632.721680	48.170269
631.505859	421.776825
630.289063	509.148132
629.073242	452.367493
627.856445	644.108887
626.639648	679.618774
625.421875	598.161255
624.204102	401.972290
622.986328	534.637329
621.768555	283.931671
620.549805	429.933289
619.331055	-12.113858
618.111328	-14.201925
616.892578	74.892097
