1721.000977	159.411896
1720.027344	-80.360687
1719.052734	-156.438339
1718.078125	192.580200
1717.104492	-31.427578
1716.128906	-17.616684
1715.154297	108.244972
1714.178711	100.002319
1713.204102	232.024643
1712.228516	-31.336809
1711.251953	-36.482430
1710.276367	139.609451
1709.299805	-69.135872
1708.324219	39.120766
1707.347656	208.203262
1706.370117	166.797073
1705.393555	91.629532
1704.416016	82.505737
1703.438477	-54.981632
1702.460938	-6.188948
1701.483398	-295.342316
1700.505859	41.478054
1699.527344	145.183197
1698.548828	64.492195
1697.570313	136.748001
1696.591797	154.990295
1695.612305	-87.578438
1694.632813	78.121613
1693.653320	23.939190
1692.673828	86.885612
1691.694336	238.835983
1690.713867	30.778069
1689.734375	24.055834
1688.753906	-128.245605
1687.772461	53.247391
1686.791992	-48.441452
1685.810547	-22.879944
1684.830078	-61.189938
1683.848633	-170.986664
1682.866211	-3.325109
1681.884766	77.564316
1680.902344	79.355339
1679.919922	27.571177
1678.937500	16.400982
1677.955078	173.031616
1676.971680	64.958786
1675.989258	132.316605
1675.005859	169.038177
1674.022461	27.735222
1673.038086	-80.555130
1672.054688	44.908016
1671.070313	104.201538
1670.085938	310.728271
1669.101563	93.072678
1668.117188	114.111023
1667.131836	-1.967163
1666.146484	92.604317
1665.161133	105.927483
1664.175781	-20.281610
1663.189453	-29.803179
1662.204102	-100.164963
1661.217773	-66.577217
1660.231445	45.570621
1659.245117	302.113617
1658.257813	-3.874994
1657.270508	39.820221
1656.284180	-0.038734
1655.295898	66.449364
1654.308594	294.953003
1653.321289	24.822903
1652.333008	250.752457
1651.344727	218.588684
1650.356445	173.826126
1649.367188	164.508438
1648.378906	-21.724497
1647.389648	-43.555389
1646.400391	-62.807144
1645.411133	-193.175400
1644.420898	25.138910
1643.431641	-130.354431
1642.441406	-61.022854
1641.451172	-42.159874
1640.459961	102.930763
1639.469727	154.660278
1638.478516	-93.817261
1637.487305	137.113113
1636.496094	206.603363
1635.504883	-74.343086
1634.512695	179.277390
1633.520508	329.516663
1632.528320	265.571228
1631.536133	189.113113
1630.543945	372.167755
1629.550781	162.355896
1628.557617	300.122253
1627.564453	503.330902
1626.571289	354.190643
1625.578125	388.838837
1624.583984	471.311249
1623.589844	420.509003
1622.595703	757.012695
1621.601563	585.610840
1620.606445	635.504272
1619.611328	818.613220
1618.616211	984.111816
1617.621094	946.133118
1616.625977	1026.253662
1615.629883	1031.053955
1614.633789	804.956970
1613.637695	1035.779053
1612.641602	1050.757568
1611.645508	1053.234619
1610.648438	912.778076
1609.651367	1243.866089
1608.654297	907.961426
1607.657227	1033.456665
1606.659180	1173.968018
1605.662109	1121.545166
1604.664063	1166.868896
1603.666016	1139.582642
1602.666992	1187.453979
1601.668945	1212.823364
1600.669922	1228.195068
1599.670898	1376.223877
1598.671875	1086.392212
1597.671875	1239.447266
1596.672852	1182.409912
1595.672852	997.899719
1594.672852	830.994324
1593.671875	821.631592
1592.671875	837.298767
1591.670898	800.512268
1590.669922	626.391663
1589.668945	457.363525
1588.667969	505.639679
1587.666016	496.494995
1586.664063	257.777496
1585.662109	485.764343
1584.660156	396.863678
1583.658203	268.112549
1582.655273	102.018417
1581.652344	182.818817
1580.649414	271.077179
1579.646484	306.981934
1578.642578	235.740921
1577.638672	79.849403
1576.634766	297.595490
1575.630859	-20.063749
1574.626953	177.716415
1573.622070	-17.825760
1572.618164	55.471107
1571.613281	178.488785
1570.607422	17.899284
1569.602539	68.767281
1568.596680	144.469788
1567.590820	78.457191
1566.584961	19.930849
1565.579102	35.971031
1564.572266	47.025215
1563.566406	-63.612400
1562.559570	56.714680
1561.551758	-56.383873
1560.544922	3099.450684
1559.537109	801.997803
1558.530273	113.218872
1557.521484	-113.922813
1556.513672	50.873837
1555.505859	81.704948
1554.497070	82.759438
1553.488281	-54.984737
1552.479492	-44.003670
1551.470703	125.517586
1550.460938	-138.500549
1549.451172	63.134853
1548.441406	56.708504
1547.431641	144.337189
1546.421875	-74.953110
1545.411133	158.617523
1544.400391	-13.613383
1543.389648	-34.915661
1542.378906	-29.020079
1541.367188	-8.316595
1540.355469	54.385960
1539.343750	-46.045467
1538.332031	31.438719
1537.320313	52.065857
1536.307617	-186.644745
1535.294922	14.224753
1534.282227	-184.904861
1533.269531	146.659622
1532.256836	70.934746
1531.243164	51.959385
1530.229492	-90.344566
1529.215820	41.117584
1528.202148	4.862411
1527.187500	-19.076027
1526.172852	38.307274
1525.158203	-0.437848
1524.143555	66.744324
1523.127930	-85.316223
1522.113281	-82.190392
1521.097656	76.003441
1520.082031	-228.600662
1519.065430	79.628098
1518.049805	53.132622
1517.033203	78.279892
1516.016602	-85.953178
1515.000000	148.175797
1513.982422	-50.451355
1512.965820	-239.166016
1511.948242	-64.167603
1510.930664	-9.628509
1509.913086	204.522827
1508.894531	101.794243
1507.875977	92.390373
1506.857422	-29.927759
1505.838867	237.983719
1504.820313	-200.832870
1503.800781	-48.316898
1502.781250	23.195303
1501.761719	-32.833015
1500.742188	-22.656370
1499.721680	-27.207262
1498.702148	105.468330
1497.681641	-51.013496
1496.661133	27.701426
1495.639648	282.682587
1494.618164	96.853516
1493.597656	212.187561
1492.576172	-24.951111
1491.553711	53.628380
1490.532227	80.809807
1489.509766	2.800145
1488.487305	59.307144
1487.464844	294.250214
1486.442383	62.253849
1485.418945	6.287043
1484.395508	-42.328190
1483.372070	-120.234917
1482.348633	158.440399
1481.324219	102.489044
1480.300781	51.454929
1479.276367	-48.378666
1478.251953	22.635460
1477.226563	227.785721
1476.202148	23.109118
1475.176758	25.783552
1474.151367	196.680801
1473.125000	53.067852
1472.099609	292.131042
1471.073242	107.149933
1470.046875	51.356602
1469.020508	-11.712289
1467.994141	17.777760
1466.966797	261.475616
1465.939453	249.525482
1464.912109	210.822357
1463.884766	38.339447
1462.856445	196.721756
1461.829102	150.788208
1460.800781	496.307831
1459.772461	365.264587
1458.743164	83.605286
1457.714844	360.922150
1456.685547	220.301712
1455.656250	283.763977
1454.625977	264.643524
1453.596680	330.525574
1452.566406	255.609146
1451.536133	323.911163
1450.505859	411.607910
1449.474609	319.780151
1448.444336	293.496246
1447.413086	354.514038
1446.381836	257.960663
1445.350586	304.454742
1444.318359	317.014648
1443.286133	319.899292
1442.253906	351.865997
1441.221680	236.129990
1440.189453	367.399719
1439.156250	162.184860
1438.123047	259.567444
1437.089844	310.962891
1436.056641	185.778839
1435.022461	152.559219
1433.988281	187.077347
1432.954102	64.476173
1431.919922	77.294159
1430.885742	56.302158
1429.850586	-17.814180
1428.815430	-31.491684
1427.780273	198.753387
1426.744141	211.633102
1425.708984	207.648163
1424.672852	68.539795
1423.636719	-10.164189
1422.600586	-28.503515
1421.563477	40.004501
1420.527344	-96.429802
1419.490234	-25.470232
1418.452148	-120.823456
1417.415039	56.191345
1416.376953	-36.671497
1415.338867	17.459288
1414.300781	-104.194382
1413.262695	0.545462
1412.224609	52.315750
1411.185547	-160.634964
1410.146484	-55.869186
1409.107422	-37.716824
1408.067383	117.534630
1407.027344	-157.651108
1405.987305	-110.556091
1404.947266	261.015137
1403.907227	-28.348372
1402.866211	150.906799
1401.826172	85.132233
1400.785156	259.547974
1399.743164	-27.057648
1398.702148	243.386398
1397.660156	134.561310
1396.618164	342.528015
1395.576172	291.365692
1394.533203	415.325287
1393.491211	500.909119
1392.448242	519.357239
1391.405273	518.655151
1390.361328	652.168213
1389.318359	955.763611
1388.274414	847.274475
1387.230469	1074.125610
1386.186523	1006.425354
1385.141602	996.226746
1384.097656	1218.212891
1383.052734	1241.538696
1382.007813	987.398071
1380.961914	1259.550171
1379.916992	1129.919312
1378.871094	1189.227539
1377.825195	1155.330078
1376.778320	997.212830
1375.732422	808.148071
1374.685547	951.198242
1373.638672	704.970337
1372.591797	752.546204
1371.543945	489.815063
1370.497070	616.237488
1369.449219	566.067688
1368.400391	663.843689
1367.352539	568.435913
1366.303711	377.717010
1365.255859	456.504425
1364.206055	544.808533
1363.157227	671.241760
1362.108398	499.852661
1361.058594	564.368713
1360.008789	443.141327
1358.958984	598.178101
1357.908203	438.966400
1356.857422	510.698273
1355.806641	411.119659
1354.755859	435.313385
1353.705078	326.342712
1352.653320	357.732178
1351.601563	555.547729
1350.549805	289.839935
1349.498047	209.625229
1348.445313	359.913544
1347.393555	303.530029
1346.340820	472.790771
1345.287109	364.219055
1344.234375	341.184753
1343.180664	576.856628
1342.126953	383.005493
1341.073242	322.106598
1340.019531	370.356964
1338.964844	205.207306
1337.910156	153.946716
1336.855469	90.884514
1335.799805	160.568115
1334.745117	116.539627
1333.689453	-43.509144
1332.633789	23.870916
1331.578125	110.189301
1330.521484	-37.846268
1329.464844	22.461267
1328.408203	92.232727
1327.351563	209.309631
1326.294922	-2.370799
1325.237305	62.702007
1324.179688	-25.886358
1323.122070	-67.143013
1322.064453	-65.825089
1321.005859	-116.462914
1319.947266	-91.473946
1318.888672	6.730398
1317.830078	-32.015217
1316.770508	212.516785
1315.710938	-22.086285
1314.651367	40.713383
1313.591797	51.612755
1312.531250	31.864887
1311.471680	-13.782306
1310.411133	-255.050903
1309.349609	-260.521210
1308.289063	82.766434
1307.227539	268.084259
1306.166016	83.566246
1305.104492	56.916187
1304.042969	100.923836
1302.980469	-24.541332
1301.917969	-32.273159
1300.855469	-185.850052
1299.792969	161.673981
1298.729492	121.033730
1297.666016	54.565170
1296.602539	89.222107
1295.539063	81.578484
1294.474609	-41.181602
1293.411133	153.264221
1292.346680	82.244438
1291.281250	-7.518539
1290.216797	74.153038
1289.151367	167.535019
1288.085938	159.988602
1287.020508	211.113098
1285.955078	-108.365173
1284.888672	200.773209
1283.822266	10.407920
1282.755859	24.069956
1281.689453	260.371368
1280.622070	133.415421
1279.554688	203.296600
1278.487305	-0.849593
1277.419922	-17.577143
1276.351563	24.233931
1275.283203	103.485649
1274.214844	-137.853485
1273.146484	182.383286
1272.077148	121.246666
1271.008789	146.673599
1269.939453	-21.948101
1268.869141	218.548355
1267.799805	-64.498779
1266.729492	108.170448
1265.659180	128.946243
1264.588867	259.482666
1263.517578	116.793472
1262.447266	-98.179733
1261.375977	88.356384
1260.304688	137.157181
1259.232422	174.277481
1258.161133	71.459602
1257.088867	183.211807
1256.016602	292.593140
1254.943359	208.478806
1253.871094	306.172546
1252.797852	294.330170
1251.724609	168.370102
1250.650391	612.996704
1249.577148	505.662964
1248.502930	430.966339
1247.428711	353.983307
1246.354492	486.438354
1245.279297	474.616913
1244.204102	383.737091
1243.128906	483.562439
1242.053711	564.754883
1240.977539	380.965149
1239.902344	418.008484
1238.826172	387.666992
1237.750000	264.441986
1236.672852	227.188339
1235.595703	215.494247
1234.518555	143.463058
1233.441406	113.239189
1232.364258	266.314667
1231.286133	182.732880
1230.208008	465.595703
1229.129883	321.735962
1228.051758	82.908455
1226.972656	80.566750
1225.893555	101.399574
1224.814453	140.759338
1223.734375	13.354570
1222.655273	22.624283
1221.575195	191.618469
1220.495117	406.830505
1219.415039	214.705597
1218.333984	59.677872
1217.252930	219.272919
1216.171875	196.125381
1215.090820	31.966595
1214.008789	-69.714584
1212.926758	-69.670914
1211.844727	29.719561
1210.762695	-60.335266
1209.679688	-106.476387
1208.597656	48.276077
1207.513672	-90.199799
1206.430664	66.788971
1205.347656	-97.000160
1204.263672	-149.995239
1203.179688	-108.408089
1202.095703	-32.251503
1201.010742	-101.360764
1199.925781	235.193924
1198.840820	-121.968422
1197.755859	85.437241
1196.670898	-52.726894
1195.584961	67.068176
1194.499023	239.760986
1193.413086	-29.542109
1192.326172	-54.807232
1191.239258	-75.458153
1190.152344	-91.499878
1189.065430	76.437592
1187.978516	225.908829
1186.890625	5.230939
1185.802734	2.971334
1184.714844	-17.666990
1183.625977	235.052032
1182.538086	94.948860
1181.449219	120.219383
1180.360352	363.555969
1179.270508	356.619537
1178.180664	351.981293
1177.090820	289.990784
1176.000977	608.753296
1174.911133	381.635834
1173.820313	292.162628
1172.729492	434.219330
1171.638672	298.942535
1170.547852	360.748077
1169.456055	250.733368
1168.364258	223.204010
1167.272461	449.816101
1166.179688	275.751953
1165.087891	429.016541
1163.995117	637.113342
1162.902344	588.926025
1161.808594	895.221069
1160.715820	586.340088
1159.622070	807.917603
1158.528320	739.145874
1157.433594	576.716919
1156.339844	400.654236
1155.245117	519.279663
1154.149414	347.858643
1153.054688	619.383301
1151.958984	694.497803
1150.863281	723.937317
1149.767578	532.068848
1148.671875	657.314026
1147.575195	465.530914
1146.478516	588.439087
1145.381836	674.815613
1144.285156	546.943542
1143.187500	507.969910
1142.089844	496.336914
1140.992188	202.325592
1139.894531	297.757935
1138.795898	13.005573
1137.697266	142.553741
1136.598633	349.394318
1135.499023	162.602081
1134.400391	346.585236
1133.300781	143.944702
1132.201172	220.986038
1131.100586	420.701935
1130.000977	-197.658630
1128.900391	-252.385330
1127.799805	99.438660
1126.698242	162.716156
1125.596680	194.171585
1124.495117	32.683514
1123.393555	52.784809
1122.291992	413.156738
1121.189453	444.473572
1120.086914	348.777130
1118.984375	652.117798
1117.881836	626.653442
1116.778320	526.400024
1115.674805	861.166931
1114.571289	790.321045
1113.466797	556.438782
1112.363281	648.672668
1111.258789	657.091980
1110.153320	559.122192
1109.048828	850.339539
1107.943359	670.903198
1106.837891	392.022980
1105.732422	226.298096
1104.625977	435.867401
1103.520508	403.508514
1102.414063	359.839417
1101.306641	280.023621
1100.200195	308.631866
1099.092773	499.774170
1097.985352	139.990494
1096.877930	243.020660
1095.769531	45.868565
1094.661133	367.646515
1093.552734	156.975128
1092.444336	316.180115
1091.335938	207.014893
1090.226563	75.328987
1089.117188	297.459351
1088.006836	186.028931
1086.897461	299.866577
1085.787109	366.331848
1084.676758	405.720764
1083.566406	278.499603
1082.455078	425.845917
1081.343750	584.344788
1080.232422	439.079681
1079.121094	206.147797
1078.008789	474.658112
1076.896484	435.066986
1075.784180	208.932465
1074.671875	239.004028
1073.558594	468.943359
1072.445313	559.505676
1071.332031	407.500977
1070.217773	271.239319
1069.104492	220.290497
1067.990234	169.323837
1066.875977	-45.415062
1065.760742	372.356354
1064.645508	99.289963
1063.530273	346.391144
1062.415039	243.710144
1061.299805	129.832397
1060.183594	-6.442136
1059.067383	-37.428181
1057.951172	229.371796
1056.833984	202.734253
1055.716797	111.158989
1054.599609	111.329109
1053.482422	44.339813
1052.364258	13.115858
1051.247070	64.608932
1050.128906	98.139740
1049.009766	207.600266
1047.891602	272.278351
1046.772461	171.549179
1045.653320	160.164871
1044.533203	394.372223
1043.414063	298.008209
1042.293945	-173.364746
1041.173828	4.825949
1040.052734	100.328911
1038.932617	-250.372055
1037.811523	139.416031
1036.689453	83.053947
1035.568359	48.965225
1034.446289	222.088715
1033.324219	-92.864014
1032.202148	331.823456
1031.079102	68.098717
1029.957031	-35.241253
1028.833984	-29.519661
1027.709961	-50.567070
1026.586914	-7.127220
1025.462891	71.822151
1024.338867	-31.688612
1023.214844	-21.808266
1022.089844	114.713242
1020.964844	13.310720
1019.839844	-101.434090
1018.714844	45.951202
1017.588867	84.376671
1016.462891	273.718750
1015.336914	402.977203
1014.210938	183.663544
1013.083984	275.037323
1011.957031	153.338470
1010.830078	13.893016
1009.702148	-21.336479
1008.574219	371.259277
1007.446289	564.139099
1006.318359	1047.156372
1005.190430	1614.078735
1004.061523	1677.889893
1002.932617	1617.603760
1001.802734	817.833252
1000.673828	445.561493
999.543945	398.685944
998.414063	219.027435
997.283203	207.485687
996.153320	271.085419
995.022461	414.176941
993.891602	537.249207
992.759766	903.280029
991.628906	860.362915
990.497070	1230.449341
989.364258	1547.299316
988.232422	1718.233032
987.099609	1873.570923
985.966797	2121.462891
984.833984	1936.740967
983.700195	2038.792969
982.566406	2187.051758
981.432617	2039.736816
980.298828	1504.473022
979.164063	1590.859131
978.029297	1205.642822
976.894531	1148.760132
975.759766	732.871582
974.624023	726.642090
973.488281	599.286438
972.352539	810.851990
971.215820	595.404053
970.080078	489.997162
968.943359	503.335571
967.805664	329.708740
966.668945	393.529144
965.531250	488.024139
964.393555	189.120056
963.254883	388.948425
962.117188	142.810745
960.978516	329.283844
959.839844	462.934875
958.700195	477.951965
957.561523	315.191742
956.421875	319.172211
955.281250	663.040588
954.141602	508.972198
953.000977	462.336426
951.860352	538.413818
950.719727	511.428040
949.578125	550.121765
948.436523	255.849991
947.294922	408.367615
946.153320	466.642517
945.010742	183.407700
943.868164	-101.921173
942.725586	175.076981
941.583008	351.301788
940.439453	304.363190
939.295898	47.544285
938.152344	66.203720
937.007813	235.590164
935.863281	35.666508
934.718750	76.063004
933.574219	171.005630
932.428711	43.188377
931.283203	-104.234261
930.137695	254.643448
928.992188	-172.050079
927.845703	-5.310217
926.699219	-41.462818
925.552734	16.130388
924.405273	139.061951
923.257813	22.222935
922.110352	121.109100
920.962891	-43.609955
919.814453	277.332245
918.666016	14.658913
917.517578	74.238930
916.369141	138.142395
915.219727	56.239399
914.070313	-56.072948
912.920898	277.455200
911.770508	162.965500
910.621094	161.570740
909.470703	-241.842056
908.319336	80.568871
907.168945	205.193619
906.017578	-150.148987
904.866211	9.231202
903.713867	190.249557
902.562500	227.989441
901.410156	293.930084
900.256836	25.821579
899.104492	-25.274281
897.951172	144.813339
896.797852	-66.635612
895.644531	138.119202
894.490234	219.307938
893.335938	261.509338
892.181641	245.260651
891.027344	190.089340
889.872070	-100.957794
888.716797	71.277939
887.561523	57.417797
886.405273	-51.569393
885.249023	172.572617
884.092773	422.609619
882.936523	-10.452303
881.779297	306.607849
880.622070	-72.102333
879.464844	22.466215
878.307617	-18.992956
877.149414	-38.783985
875.991211	-75.766266
874.833008	27.611168
873.673828	38.233841
872.514648	290.509735
871.355469	178.300339
870.196289	174.021881
869.036133	53.423409
867.875977	133.379395
866.715820	10.864603
865.554688	179.274796
864.394531	285.256439
863.233398	195.350998
862.071289	2.256071
860.910156	231.144943
859.748047	249.174759
858.585938	123.182114
857.422852	307.014465
856.259766	333.916412
855.096680	472.688690
853.933594	398.759064
852.770508	518.336426
851.606445	506.940491
850.442383	263.739075
849.277344	649.822327
848.113281	376.888519
846.948242	89.174820
845.783203	-123.188622
844.617188	80.787117
843.451172	252.630371
842.285156	-128.622070
841.119141	34.875134
839.952148	153.419785
838.785156	119.930244
837.618164	223.675568
836.451172	194.739197
835.283203	208.768875
834.115234	83.801453
832.947266	312.129211
831.778320	225.986099
830.609375	63.025597
829.440430	289.487152
828.271484	161.086655
827.101563	144.038803
825.931641	274.597961
824.761719	289.878326
823.590820	226.266632
822.420898	280.290833
821.250000	648.278320
820.078125	499.702728
818.907227	566.885986
817.735352	350.441223
816.562500	526.711060
815.390625	363.998840
814.217773	372.072540
813.044922	480.479309
811.872070	147.883377
810.698242	333.301147
809.524414	28.898302
808.350586	182.629837
807.176758	183.163620
806.001953	77.428352
804.827148	44.252918
803.651367	241.013397
802.476563	-23.709429
801.300781	-103.151360
800.125000	298.068359
798.948242	187.019348
797.772461	275.923553
796.595703	90.883797
795.417969	14.407306
794.241211	131.355591
793.063477	288.736267
791.885742	403.744965
790.707031	71.111702
789.529297	648.895813
788.350586	206.365387
787.170898	230.692932
785.992188	272.114502
784.812500	222.519699
783.632813	247.254883
782.452148	534.806152
781.272461	-120.142578
780.091797	303.152344
778.911133	146.323532
777.729492	235.212631
776.547852	-69.386078
775.366211	7.073662
774.184570	96.307884
773.001953	77.783218
771.819336	-16.720510
770.636719	43.219486
769.453125	65.210442
768.269531	-273.939117
767.085938	-160.853561
765.902344	114.866066
764.717773	175.233200
763.533203	-142.116257
762.348633	-22.451578
761.163086	-16.667599
759.977539	179.009750
758.791992	-89.200813
757.606445	102.341202
756.419922	-37.014988
755.233398	-32.958832
754.046875	30.140137
752.859375	55.363464
751.672852	112.210716
750.485352	158.558197
749.296875	207.036209
748.108398	251.325577
746.919922	196.761429
745.731445	222.172897
744.542969	157.187958
743.353516	96.463966
742.164063	-126.035477
740.973633	319.723877
739.783203	248.539413
738.592773	145.888443
737.402344	427.505981
736.211914	230.390747
735.020508	22.863829
733.829102	109.150200
732.636719	277.178314
731.444336	340.243378
730.251953	216.644775
729.059570	271.232605
727.866211	277.552307
726.673828	-7.405437
725.479492	61.709457
724.286133	-193.862213
723.091797	67.749092
721.897461	207.760818
720.703125	-37.416248
719.507813	-60.791553
718.312500	139.561646
717.117188	21.870687
715.921875	-81.228775
714.725586	319.347504
713.529297	245.270996
712.332031	-0.194372
711.135742	149.096863
709.938477	78.937218
708.740234	311.396210
707.542969	551.964050
706.344727	775.587280
705.146484	896.741760
703.948242	1343.062378
702.749023	1221.850342
701.549805	1017.152893
700.350586	751.958801
699.150391	870.136292
697.950195	719.362122
696.750000	568.495239
695.549805	273.861603
694.348633	503.800476
693.147461	5.021632
691.946289	340.693695
690.744141	301.586151
689.541992	266.486328
688.339844	364.302246
687.136719	432.796204
685.934570	395.094696
684.730469	540.080505
683.527344	396.086212
682.323242	490.822845
681.119141	442.081726
679.915039	393.201630
678.710938	190.609818
677.505859	359.350616
676.300781	204.262939
675.094727	271.001404
673.889648	171.700272
672.683594	217.409073
671.476563	32.931385
670.270508	146.775223
669.063477	210.735703
667.856445	-54.708076
666.648438	25.634033
665.440430	103.785881
664.232422	190.106750
663.024414	1.161865
661.815430	35.648464
660.606445	142.465271
659.397461	44.539665
658.188477	76.878120
656.978516	-54.034996
655.768555	63.066437
654.557617	-7.791888
653.346680	227.074387
652.135742	-145.029800
650.924805	25.992744
649.712891	166.125977
648.501953	102.126289
647.289063	54.851524
646.077148	-51.971878
644.864258	-69.843094
643.651367	-250.240005
642.438477	-24.303905
641.224609	173.038757
640.010742	222.388306
638.796875	-112.903496
637.582031	186.473404
636.367188	56.078560
635.152344	39.466255
633.937500	449.278503
632.721680	104.762268
631.505859	213.451645
630.289063	347.503082
629.073242	340.479706
627.856445	389.791595
626.639648	561.184082
625.421875	478.813293
624.204102	247.630966
622.986328	124.393913
621.768555	115.250069
620.549805	-36.267845
619.331055	-30.518064
618.111328	167.340378
616.892578	-117.310074
