1721.000977	236.816589
1720.027344	-42.967781
1719.052734	193.199799
1718.078125	-174.244797
1717.104492	176.241104
1716.128906	210.551361
1715.154297	-22.278851
1714.178711	88.027115
1713.204102	-43.052227
1712.228516	-43.841015
1711.251953	16.433447
1710.276367	-46.620968
1709.299805	297.155640
1708.324219	-263.367004
1707.347656	171.796524
1706.370117	30.568424
1705.393555	-98.068169
1704.416016	-434.186035
1703.438477	-15.880129
1702.460938	332.957886
1701.483398	-443.548462
1700.505859	-97.784058
1699.527344	173.482162
1698.548828	48.388218
1697.570313	257.817352
1696.591797	-230.281281
1695.612305	91.102150
1694.632813	34.350662
1693.653320	-40.384747
1692.673828	-230.058975
1691.694336	136.435181
1690.713867	84.280701
1689.734375	32.080002
1688.753906	-142.627350
1687.772461	-166.974182
1686.791992	-117.444572
1685.810547	89.948769
1684.830078	134.170502
1683.848633	106.957077
1682.866211	-37.482124
1681.884766	-11.276866
1680.902344	536.679260
1679.919922	48.530895
1678.937500	-210.435501
1677.955078	-476.953247
1676.971680	212.932953
1675.989258	35.400513
1675.005859	267.225983
1674.022461	-34.853722
1673.038086	181.588455
1672.054688	-110.189041
1671.070313	-295.187836
1670.085938	236.109390
1669.101563	33.353909
1668.117188	-24.599991
1667.131836	62.122890
1666.146484	133.597565
1665.161133	9.701195
1664.175781	-50.708752
1663.189453	112.062706
1662.204102	193.693481
1661.217773	151.059738
1660.231445	-61.342777
1659.245117	301.580933
1658.257813	-169.150436
1657.270508	249.388046
1656.284180	-119.746223
1655.295898	194.828705
1654.308594	-113.365364
1653.321289	-19.001600
1652.333008	-48.663235
1651.344727	-546.277893
1650.356445	5.967277
1649.367188	193.852112
1648.378906	78.348511
1647.389648	-92.718315
1646.400391	59.789780
1645.411133	-12.596092
1644.420898	455.618713
1643.431641	130.694305
1642.441406	156.877914
1641.451172	-1.204608
1640.459961	133.554657
1639.469727	212.809708
1638.478516	90.198616
1637.487305	391.421082
1636.496094	-13.562592
1635.504883	537.231384
1634.512695	394.571045
1633.520508	597.273010
1632.528320	610.938110
1631.536133	959.678772
1630.543945	585.439697
1629.550781	717.496765
1628.557617	889.806885
1627.564453	1009.205200
1626.571289	1040.499390
1625.578125	1499.532349
1624.583984	1435.130981
1623.589844	1828.505981
1622.595703	1821.933594
1621.601563	1918.456055
1620.606445	1939.517578
1619.611328	1855.043335
1618.616211	2308.274658
1617.621094	2155.968506
1616.625977	2307.616211
1615.629883	1921.865234
1614.633789	1970.570557
1613.637695	1903.813110
1612.641602	1857.174194
1611.645508	1815.578979
1610.648438	1768.960083
1609.651367	2035.828613
1608.654297	2184.758057
1607.657227	1907.509277
1606.659180	1873.441162
1605.662109	2623.665771
1604.664063	2348.988037
1603.666016	2627.929932
1602.666992	2796.546387
1601.668945	2189.054443
1600.669922	2420.270752
1599.670898	2030.796143
1598.671875	2301.985596
1597.671875	1887.651123
1596.672852	1963.694092
1595.672852	1594.610962
1594.672852	1660.650879
1593.671875	1484.196533
1592.671875	1202.899292
1591.670898	1144.032959
1590.669922	1247.538330
1589.668945	1248.614258
1588.667969	842.733032
1587.666016	1133.406860
1586.664063	797.556763
1585.662109	783.713928
1584.660156	400.675049
1583.658203	329.553284
1582.655273	188.603088
1581.652344	344.378510
1580.649414	238.375595
1579.646484	301.867798
1578.642578	599.492554
1577.638672	-49.563194
1576.634766	355.091217
1575.630859	-268.747162
1574.626953	-148.003983
1573.622070	144.380264
1572.618164	262.490265
1571.613281	253.636353
1570.607422	262.166473
1569.602539	-109.752632
1568.596680	187.251999
1567.590820	51.613548
1566.584961	5.500346
1565.579102	180.541702
1564.572266	-54.409508
1563.566406	-50.795994
1562.559570	-171.369400
1561.551758	-167.797119
1560.544922	61.677299
1559.537109	-215.209305
1558.530273	-199.180954
1557.521484	37.543297
1556.513672	-45.714722
1555.505859	453.745850
1554.497070	30.801771
1553.488281	-206.074661
1552.479492	-294.167908
1551.470703	-268.258514
1550.460938	-393.473389
1549.451172	179.702667
1548.441406	-425.842834
1547.431641	-60.800488
1546.421875	71.467224
1545.411133	-110.568764
1544.400391	-158.932327
1543.389648	62.322720
1542.378906	6.556628
1541.367188	-44.259483
1540.355469	-70.317520
1539.343750	106.285797
1538.332031	-23.518917
1537.320313	24.597412
1536.307617	-60.675106
1535.294922	-336.008942
1534.282227	245.382004
1533.269531	-404.989502
1532.256836	230.506409
1531.243164	207.048386
1530.229492	-97.551811
1529.215820	-96.218956
1528.202148	-119.510605
1527.187500	-357.236176
1526.172852	-84.705170
1525.158203	-122.705612
1524.143555	-49.802837
1523.127930	20.611906
1522.113281	103.375099
1521.097656	-32.992050
1520.082031	-110.189919
1519.065430	223.597504
1518.049805	-47.899200
1517.033203	39.845547
1516.016602	366.135040
1515.000000	117.005501
1513.982422	239.175598
1512.965820	-680.667664
1511.948242	436.845673
1510.930664	151.217758
1509.913086	-43.366711
1508.894531	-9.481761
1507.875977	149.648071
1506.857422	473.219147
1505.838867	215.103561
1504.820313	-13.404635
1503.800781	111.437248
1502.781250	224.021484
1501.761719	96.329582
1500.742188	20.225798
1499.721680	-68.066406
1498.702148	108.411461
1497.681641	-75.285255
1496.661133	103.664917
1495.639648	194.411484
1494.618164	667.127319
1493.597656	253.633408
1492.576172	-127.830597
1491.553711	43.873188
1490.532227	-188.028549
1489.509766	162.290237
1488.487305	-186.794998
1487.464844	87.736145
1486.442383	-87.502213
1485.418945	240.769043
1484.395508	234.264832
1483.372070	196.087524
1482.348633	179.983978
1481.324219	-53.371822
1480.300781	72.323059
1479.276367	-133.904526
1478.251953	213.925354
1477.226563	-194.595093
1476.202148	287.410522
1475.176758	320.579071
1474.151367	-116.711487
1473.125000	253.037598
1472.099609	498.459717
1471.073242	-74.807556
1470.046875	78.160141
1469.020508	309.078217
1467.994141	184.498016
1466.966797	42.985203
1465.939453	337.280060
1464.912109	492.840118
1463.884766	475.693237
1462.856445	208.092850
1461.829102	234.967102
1460.800781	354.279572
1459.772461	325.359711
1458.743164	563.840210
1457.714844	505.917786
1456.685547	737.158386
1455.656250	832.387024
1454.625977	1032.053223
1453.596680	1166.212036
1452.566406	1055.238892
1451.536133	456.657440
1450.505859	906.503052
1449.474609	698.889771
1448.444336	772.797363
1447.413086	909.781738
1446.381836	634.713684
1445.350586	546.476135
1444.318359	802.410034
1443.286133	663.467834
1442.253906	849.223816
1441.221680	446.584290
1440.189453	632.502380
1439.156250	389.999207
1438.123047	762.354675
1437.089844	319.310913
1436.056641	249.059326
1435.022461	541.668152
1433.988281	430.467682
1432.954102	39.000725
1431.919922	-25.932068
1430.885742	465.012909
1429.850586	-191.681519
1428.815430	378.966553
1427.780273	130.859253
1426.744141	259.553864
1425.708984	171.079803
1424.672852	80.301910
1423.636719	-87.544609
1422.600586	101.778229
1421.563477	18.574230
1420.527344	-9.015038
1419.490234	-135.362076
1418.452148	-85.642715
1417.415039	31.647228
1416.376953	38.135822
1415.338867	581.834656
1414.300781	-126.807503
1413.262695	-213.900436
1412.224609	-259.940704
1411.185547	-118.186188
1410.146484	187.213989
1409.107422	-147.291458
1408.067383	-464.749207
1407.027344	-216.925934
1405.987305	64.533272
1404.947266	293.092682
1403.907227	79.497849
1402.866211	96.698601
1401.826172	159.637299
1400.785156	-363.324738
1399.743164	367.265259
1398.702148	425.544342
1397.660156	488.667358
1396.618164	263.925049
1395.576172	641.473022
1394.533203	970.953186
1393.491211	1338.763306
1392.448242	1586.613770
1391.405273	1621.126953
1390.361328	2019.921509
1389.318359	2478.539063
1388.274414	2273.542236
1387.230469	2674.572510
1386.186523	3300.570313
1385.141602	3301.600342
1384.097656	3274.011719
1383.052734	3552.754883
1382.007813	3963.020996
1380.961914	3775.258301
1379.916992	3750.268066
1378.871094	3887.899658
1377.825195	2832.895020
1376.778320	3197.803955
1375.732422	2733.642090
1374.685547	2668.618652
1373.638672	2620.409180
1372.591797	2407.551758
1371.543945	2001.486694
1370.497070	2046.733154
1369.449219	1743.653442
1368.400391	1326.246826
1367.352539	1517.274048
1366.303711	1200.375000
1365.255859	1484.446899
1364.206055	1835.154053
1363.157227	1535.263916
1362.108398	1969.338501
1361.058594	1783.979126
1360.008789	1620.188232
1358.958984	2051.746338
1357.908203	2311.770508
1356.857422	1686.442749
1355.806641	1884.687866
1354.755859	1740.352661
1353.705078	1712.670776
1352.653320	1604.192993
1351.601563	1407.859009
1350.549805	1199.773438
1349.498047	1405.298462
1348.445313	1109.485474
1347.393555	1284.163086
1346.340820	1133.461792
1345.287109	935.369568
1344.234375	934.448608
1343.180664	748.443542
1342.126953	1108.281616
1341.073242	737.383789
1340.019531	603.854736
1338.964844	581.855652
1337.910156	526.715881
1336.855469	656.508850
1335.799805	594.337280
1334.745117	454.067444
1333.689453	86.499535
1332.633789	116.958794
1331.578125	275.292084
1330.521484	428.840668
1329.464844	340.976593
1328.408203	492.152222
1327.351563	-246.125443
1326.294922	-2.583736
1325.237305	2.056369
1324.179688	-113.837166
1323.122070	-430.538544
1322.064453	6.705409
1321.005859	-314.564392
1319.947266	-132.581650
1318.888672	23.379438
1317.830078	-44.986515
1316.770508	70.799110
1315.710938	118.127457
1314.651367	148.943146
1313.591797	92.495491
1312.531250	-29.951544
1311.471680	-296.130951
1310.411133	-1.150851
1309.349609	260.714783
1308.289063	-108.978111
1307.227539	355.435974
1306.166016	-68.261375
1305.104492	-209.184067
1304.042969	59.608711
1302.980469	99.982841
1301.917969	-210.276291
1300.855469	173.666656
1299.792969	-143.489624
1298.729492	-267.668182
1297.666016	-220.142288
1296.602539	-210.232803
1295.539063	-146.256653
1294.474609	218.441422
1293.411133	242.393234
1292.346680	-266.801147
1291.281250	20.225077
1290.216797	131.089539
1289.151367	255.986252
1288.085938	291.673004
1287.020508	109.172859
1285.955078	34.657234
1284.888672	98.527771
1283.822266	439.034424
1282.755859	420.770569
1281.689453	292.380371
1280.622070	180.445267
1279.554688	525.347961
1278.487305	48.080315
1277.419922	-176.092377
1276.351563	456.610657
1275.283203	424.361176
1274.214844	668.248718
1273.146484	362.273041
1272.077148	449.359467
1271.008789	300.254059
1269.939453	286.804077
1268.869141	406.575653
1267.799805	559.037476
1266.729492	608.626709
1265.659180	513.374390
1264.588867	576.971741
1263.517578	656.875610
1262.447266	475.327942
1261.375977	221.496597
1260.304688	548.771973
1259.232422	782.583740
1258.161133	223.341660
1257.088867	487.444214
1256.016602	320.156830
1254.943359	504.870087
1253.871094	540.388306
1252.797852	650.430359
1251.724609	1102.824219
1250.650391	1215.015137
1249.577148	740.479309
1248.502930	1055.217041
1247.428711	1302.333374
1246.354492	1135.203369
1245.279297	744.823242
1244.204102	805.790405
1243.128906	657.475830
1242.053711	583.613770
1240.977539	653.868713
1239.902344	765.935059
1238.826172	703.712097
1237.750000	1094.417969
1236.672852	212.455643
1235.595703	275.750275
1234.518555	-20.741056
1233.441406	383.704254
1232.364258	356.449493
1231.286133	132.038055
1230.208008	209.196030
1229.129883	-17.396908
1228.051758	129.306107
1226.972656	354.727448
1225.893555	158.366608
1224.814453	24.637650
1223.734375	-2.509676
1222.655273	366.310242
1221.575195	290.493042
1220.495117	-86.161057
1219.415039	199.129196
1218.333984	-36.233257
1217.252930	-176.659180
1216.171875	62.210796
1215.090820	-126.717094
1214.008789	-5.856262
1212.926758	-160.031586
1211.844727	-87.723564
1210.762695	95.427170
1209.679688	114.522865
1208.597656	66.675339
1207.513672	191.941483
1206.430664	-135.153641
1205.347656	-146.007767
1204.263672	166.079086
1203.179688	-257.663452
1202.095703	22.038036
1201.010742	29.582743
1199.925781	251.469788
1198.840820	23.933498
1197.755859	406.989410
1196.670898	-101.464142
1195.584961	-68.570847
1194.499023	109.348000
1193.413086	-94.887398
1192.326172	-91.944168
1191.239258	44.442265
1190.152344	130.166306
1189.065430	323.934875
1187.978516	165.857178
1186.890625	-111.694832
1185.802734	-258.132446
1184.714844	38.934757
1183.625977	441.523285
1182.538086	435.158264
1181.449219	20.079784
1180.360352	564.731934
1179.270508	347.166412
1178.180664	696.456055
1177.090820	506.487427
1176.000977	520.728943
1174.911133	553.305359
1173.820313	856.365967
1172.729492	655.053894
1171.638672	263.634491
1170.547852	823.146484
1169.456055	505.141449
1168.364258	562.824951
1167.272461	590.720154
1166.179688	911.569885
1165.087891	673.910645
1163.995117	1372.099731
1162.902344	2040.237183
1161.808594	1722.398071
1160.715820	1788.825562
1159.622070	1868.919922
1158.528320	1900.976563
1157.433594	1795.906372
1156.339844	1409.913330
1155.245117	932.710327
1154.149414	729.703125
1153.054688	855.521484
1151.958984	285.143951
1150.863281	162.252274
1149.767578	5.181757
1148.671875	190.295105
1147.575195	183.753098
1146.478516	174.921005
1145.381836	469.223999
1144.285156	189.130112
1143.187500	-31.633543
1142.089844	173.630325
1140.992188	78.186600
1139.894531	-167.496704
1138.795898	-7.930840
1137.697266	-162.508438
1136.598633	-216.921707
1135.499023	-580.709290
1134.400391	-384.886200
1133.300781	-5.017217
1132.201172	-70.885689
1131.100586	-229.940552
1130.000977	45.049374
1128.900391	-336.637207
1127.799805	-248.045303
1126.698242	192.415054
1125.596680	-284.488678
1124.495117	185.230789
1123.393555	316.607635
1122.291992	656.609619
1121.189453	905.685974
1120.086914	1388.182129
1118.984375	1269.647949
1117.881836	1452.586304
1116.778320	1895.989014
1115.674805	2006.115967
1114.571289	2188.641602
1113.466797	1958.874512
1112.363281	1724.659180
1111.258789	1662.519653
1110.153320	1785.919678
1109.048828	1850.406982
1107.943359	1331.204712
1106.837891	1359.471069
1105.732422	1100.528931
1104.625977	1338.951904
1103.520508	1086.807861
1102.414063	877.643433
1101.306641	1066.078369
1100.200195	430.051880
1099.092773	184.868103
1097.985352	693.720642
1096.877930	249.858093
1095.769531	938.849792
1094.661133	165.623581
1093.552734	324.174255
1092.444336	705.824646
1091.335938	248.596771
1090.226563	503.723694
1089.117188	285.453827
1088.006836	504.258392
1086.897461	779.214111
1085.787109	558.542053
1084.676758	567.537659
1083.566406	986.105774
1082.455078	758.541504
1081.343750	1048.464600
1080.232422	861.315186
1079.121094	1117.185303
1078.008789	1022.104370
1076.896484	929.223511
1075.784180	861.017883
1074.671875	797.251587
1073.558594	960.277771
1072.445313	700.931641
1071.332031	751.457703
1070.217773	918.576111
1069.104492	636.685791
1067.990234	718.294800
1066.875977	555.254272
1065.760742	759.979309
1064.645508	215.598480
1063.530273	173.504868
1062.415039	395.790710
1061.299805	257.110779
1060.183594	454.403229
1059.067383	-643.062317
1057.951172	6.435324
1056.833984	230.154388
1055.716797	82.118690
1054.599609	-30.165421
1053.482422	432.433411
1052.364258	221.450455
1051.247070	-371.927490
1050.128906	123.586273
1049.009766	162.763474
1047.891602	112.428284
1046.772461	137.929321
1045.653320	20.334314
1044.533203	527.920044
1043.414063	177.835754
1042.293945	-201.262070
1041.173828	-134.000610
1040.052734	-8.915895
1038.932617	-35.689819
1037.811523	-504.166718
1036.689453	3.964358
1035.568359	-87.880135
1034.446289	-95.158401
1033.324219	-213.984985
1032.202148	-152.470444
1031.079102	-244.815628
1029.957031	283.955780
1028.833984	99.982201
1027.709961	-224.284698
1026.586914	279.171265
1025.462891	-281.094177
1024.338867	313.000854
1023.214844	-87.236000
1022.089844	-185.143112
1020.964844	12.428289
1019.839844	-294.639893
1018.714844	131.362442
1017.588867	55.045765
1016.462891	-212.358505
1015.336914	255.004303
1014.210938	-154.698517
1013.083984	116.822792
1011.957031	104.089348
1010.830078	177.694275
1009.702148	124.684906
1008.574219	987.125793
1007.446289	1950.961792
1006.318359	2889.813477
1005.190430	4718.664551
1004.061523	4920.746094
1002.932617	4170.365234
1001.802734	2700.611572
1000.673828	1078.656616
999.543945	114.476677
998.414063	81.981628
997.283203	-258.149384
996.153320	23.127230
995.022461	32.138569
993.891602	193.486618
992.759766	-23.321699
991.628906	228.207672
990.497070	335.846283
989.364258	628.738403
988.232422	247.957291
987.099609	169.554977
985.966797	287.427734
984.833984	793.388489
983.700195	720.990295
982.566406	359.559723
981.432617	260.495697
980.298828	487.544952
979.164063	471.873596
978.029297	374.519745
976.894531	429.031067
975.759766	716.795105
974.624023	-1.983214
973.488281	424.063080
972.352539	510.833405
971.215820	273.927002
970.080078	463.750153
968.943359	6.715015
967.805664	464.381042
966.668945	787.608582
965.531250	774.246704
964.393555	778.312378
963.254883	1041.404297
962.117188	1324.013062
960.978516	763.151001
959.839844	659.003723
958.700195	717.130737
957.561523	939.676086
956.421875	705.651367
955.281250	1111.976318
954.141602	1046.569092
953.000977	1643.065918
951.860352	1266.032715
950.719727	1285.639404
949.578125	1160.488281
948.436523	1762.403320
947.294922	754.492371
946.153320	517.507751
945.010742	1099.039795
943.868164	763.334961
942.725586	611.427124
941.583008	549.143250
940.439453	416.768677
939.295898	11.070193
938.152344	470.964630
937.007813	-122.731293
935.863281	192.550308
934.718750	31.445265
933.574219	49.366787
932.428711	377.162781
931.283203	-28.653028
930.137695	-124.507065
928.992188	78.475060
927.845703	-222.589233
926.699219	-63.486500
925.552734	-238.092178
924.405273	230.265884
923.257813	175.348343
922.110352	477.682220
920.962891	108.958763
919.814453	206.318893
918.666016	183.840042
917.517578	365.920593
916.369141	101.767570
915.219727	431.596252
914.070313	104.359367
912.920898	144.740662
911.770508	-41.064011
910.621094	23.179161
909.470703	209.029816
908.319336	-289.613342
907.168945	-266.715546
906.017578	194.786865
904.866211	204.483765
903.713867	-50.659096
902.562500	-210.173340
901.410156	205.294037
900.256836	-17.150854
899.104492	-271.973267
897.951172	-101.753494
896.797852	-163.514862
895.644531	-62.694176
894.490234	-343.223572
893.335938	-6.263135
892.181641	111.859818
891.027344	-397.877380
889.872070	261.487976
888.716797	-230.657425
887.561523	-157.832245
886.405273	-46.069633
885.249023	238.712311
884.092773	177.518341
882.936523	-298.576416
881.779297	-160.663269
880.622070	-94.023964
879.464844	-113.716156
878.307617	136.639938
877.149414	-59.960629
875.991211	319.965668
874.833008	28.689260
873.673828	24.592228
872.514648	115.528862
871.355469	236.742203
870.196289	317.072968
869.036133	-244.858047
867.875977	191.377121
866.715820	-180.369171
865.554688	294.696136
864.394531	431.633850
863.233398	140.197433
862.071289	372.095032
860.910156	339.390320
859.748047	201.431381
858.585938	674.593933
857.422852	124.074310
856.259766	468.392395
855.096680	640.790771
853.933594	486.664398
852.770508	917.201050
851.606445	232.921951
850.442383	577.818481
849.277344	87.576248
848.113281	198.820694
846.948242	226.520615
845.783203	57.060806
844.617188	-155.013184
843.451172	300.182892
842.285156	-282.269196
841.119141	33.907520
839.952148	-232.721313
838.785156	79.492966
837.618164	-415.700226
836.451172	-231.559464
835.283203	-90.081009
834.115234	-237.359650
832.947266	56.529354
831.778320	-145.819992
830.609375	-140.319946
829.440430	256.797729
828.271484	-38.687176
827.101563	615.261292
825.931641	198.573151
824.761719	166.938080
823.590820	99.275208
822.420898	157.951538
821.250000	466.666656
820.078125	476.688599
818.907227	350.456573
817.735352	608.585449
816.562500	734.639771
815.390625	566.673828
814.217773	544.049805
813.044922	84.795052
811.872070	374.027283
810.698242	235.194397
809.524414	188.322449
808.350586	90.677208
807.176758	223.313324
806.001953	-60.996658
804.827148	-381.040894
803.651367	-147.495880
802.476563	-147.705414
801.300781	22.497545
800.125000	37.729321
798.948242	97.884155
797.772461	232.705231
796.595703	123.439148
795.417969	407.448273
794.241211	579.098694
793.063477	615.079407
791.885742	485.792755
790.707031	588.141357
789.529297	762.879089
788.350586	808.434570
787.170898	493.762726
785.992188	1010.568420
784.812500	688.085938
783.632813	624.550415
782.452148	1307.017334
781.272461	1193.083496
780.091797	994.757690
778.911133	407.265625
777.729492	389.631653
776.547852	164.896957
775.366211	386.888733
774.184570	-36.050407
773.001953	-135.044449
771.819336	-202.045975
770.636719	-116.611328
769.453125	-130.309753
768.269531	-105.759041
767.085938	197.776917
765.902344	91.745010
764.717773	-174.478668
763.533203	-96.368774
762.348633	207.661697
761.163086	43.410744
759.977539	-221.819946
758.791992	225.923370
757.606445	-64.194740
756.419922	-33.680988
755.233398	7.495611
754.046875	-357.770294
752.859375	479.811371
751.672852	203.293182
750.485352	621.677124
749.296875	699.029480
748.108398	608.118286
746.919922	462.649902
745.731445	325.744873
744.542969	741.949402
743.353516	348.721436
742.164063	304.597717
740.973633	617.719849
739.783203	-388.430511
738.592773	164.184906
737.402344	727.061218
736.211914	-60.029087
735.020508	639.051819
733.829102	456.601868
732.636719	653.879944
731.444336	75.121597
730.251953	144.454956
729.059570	-10.565940
727.866211	293.372650
726.673828	44.004810
725.479492	209.417603
724.286133	-395.949249
723.091797	-23.393171
721.897461	34.927925
720.703125	44.998714
719.507813	-346.733582
718.312500	-274.047150
717.117188	-138.776962
715.921875	69.480568
714.725586	150.001450
713.529297	182.290192
712.332031	168.451370
711.135742	338.282623
709.938477	342.909454
708.740234	361.983337
707.542969	721.108459
706.344727	1653.731323
705.146484	2270.727295
703.948242	3473.347412
702.749023	3859.894287
701.549805	3743.671387
700.350586	2779.048340
699.150391	2198.102783
697.950195	1965.159668
696.750000	1267.700562
695.549805	963.945984
694.348633	33.549973
693.147461	141.973785
691.946289	133.663132
690.744141	466.352203
689.541992	482.602997
688.339844	240.875748
687.136719	500.102509
685.934570	680.112366
684.730469	371.616791
683.527344	486.941498
682.323242	421.427032
681.119141	619.554016
679.915039	213.458572
678.710938	112.582909
677.505859	702.630005
676.300781	2.144748
675.094727	27.840912
673.889648	204.920944
672.683594	323.919952
671.476563	291.648773
670.270508	21.248089
669.063477	-209.542160
667.856445	-67.294601
666.648438	124.768150
665.440430	-173.594757
664.232422	352.087067
663.024414	387.493011
661.815430	100.554344
660.606445	-101.067505
659.397461	487.614441
658.188477	212.519196
656.978516	-208.625824
655.768555	94.114799
654.557617	89.595856
653.346680	13.522915
652.135742	91.027443
650.924805	303.489807
649.712891	-94.041481
648.501953	-304.732361
647.289063	-252.339752
646.077148	100.152122
644.864258	-463.701599
643.651367	-176.840134
642.438477	-162.790085
641.224609	50.492310
640.010742	22.212475
638.796875	178.874542
637.582031	508.096558
636.367188	246.314850
635.152344	453.717590
633.937500	348.395691
632.721680	588.815002
631.505859	695.766907
630.289063	953.179749
629.073242	1457.626343
627.856445	1455.054565
626.639648	1648.482056
625.421875	970.030701
624.204102	1186.197021
622.986328	662.553711
621.768555	335.608521
620.549805	170.547546
619.331055	134.582901
618.111328	514.954285
616.892578	-127.806206
