1721.000977	83.825935
1720.027344	142.528381
1719.052734	33.631161
1718.078125	436.718170
1717.104492	574.271240
1716.128906	125.840752
1715.154297	145.794632
1714.178711	-242.940643
1713.204102	-30.142031
1712.228516	363.543945
1711.251953	177.101166
1710.276367	20.637457
1709.299805	152.770782
1708.324219	-330.421326
1707.347656	35.700954
1706.370117	-185.188416
1705.393555	20.692398
1704.416016	-60.735188
1703.438477	-178.558899
1702.460938	117.354179
1701.483398	330.764862
1700.505859	-54.598289
1699.527344	-77.434448
1698.548828	90.897232
1697.570313	-157.693832
1696.591797	-151.201477
1695.612305	271.080078
1694.632813	57.106445
1693.653320	-100.978096
1692.673828	113.255081
1691.694336	255.643951
1690.713867	-189.056564
1689.734375	-167.091782
1688.753906	-298.415802
1687.772461	-144.436432
1686.791992	95.963539
1685.810547	376.795441
1684.830078	45.914158
1683.848633	-2.295995
1682.866211	56.277519
1681.884766	-17.663729
1680.902344	-124.831810
1679.919922	32.620541
1678.937500	151.745331
1677.955078	-72.706772
1676.971680	74.168442
1675.989258	-231.679825
1675.005859	118.450203
1674.022461	242.164764
1673.038086	-381.403564
1672.054688	-239.901031
1671.070313	213.950180
1670.085938	200.285843
1669.101563	79.985100
1668.117188	-149.417099
1667.131836	-168.079681
1666.146484	206.631363
1665.161133	226.019379
1664.175781	-36.120483
1663.189453	-229.678925
1662.204102	-461.095947
1661.217773	-18.088936
1660.231445	178.950241
1659.245117	-158.696640
1658.257813	235.988632
1657.270508	-25.441586
1656.284180	217.298767
1655.295898	70.029358
1654.308594	267.206268
1653.321289	-246.770645
1652.333008	66.912704
1651.344727	66.869011
1650.356445	-46.899719
1649.367188	-51.829758
1648.378906	41.972301
1647.389648	-25.973644
1646.400391	-301.013519
1645.411133	242.767670
1644.420898	-14.375315
1643.431641	271.718353
1642.441406	267.381317
1641.451172	313.637268
1640.459961	218.596237
1639.469727	358.413574
1638.478516	634.469116
1637.487305	355.594147
1636.496094	-228.203949
1635.504883	222.078186
1634.512695	77.327827
1633.520508	393.949493
1632.528320	319.977478
1631.536133	823.031921
1630.543945	605.631287
1629.550781	468.959747
1628.557617	556.510681
1627.564453	656.704651
1626.571289	882.778564
1625.578125	1242.199707
1624.583984	1103.449341
1623.589844	1203.769775
1622.595703	1361.968262
1621.601563	1907.335815
1620.606445	1884.483032
1619.611328	2107.991455
1618.616211	2148.077881
1617.621094	2087.756348
1616.625977	1738.728149
1615.629883	1628.412354
1614.633789	2005.214233
1613.637695	1541.155273
1612.641602	1684.596802
1611.645508	1950.970581
1610.648438	1876.149170
1609.651367	1984.482666
1608.654297	1751.859619
1607.657227	1780.082886
1606.659180	2221.822266
1605.662109	2310.177246
1604.664063	2140.497559
1603.666016	2309.051025
1602.666992	2460.019043
1601.668945	2490.841064
1600.669922	2158.734131
1599.670898	1854.332886
1598.671875	1865.346313
1597.671875	1956.398193
1596.672852	1674.860474
1595.672852	1818.498169
1594.672852	1614.640869
1593.671875	1285.896851
1592.671875	1597.044312
1591.670898	1373.430542
1590.669922	950.119568
1589.668945	986.496399
1588.667969	1240.094482
1587.666016	1104.175049
1586.664063	653.883972
1585.662109	-15.764689
1584.660156	582.129883
1583.658203	336.800690
1582.655273	188.802078
1581.652344	317.604218
1580.649414	389.037811
1579.646484	335.855438
1578.642578	472.021942
1577.638672	142.335709
1576.634766	300.916595
1575.630859	148.200958
1574.626953	446.129120
1573.622070	34.584286
1572.618164	352.328217
1571.613281	40.495659
1570.607422	159.058365
1569.602539	-13.346807
1568.596680	-34.049774
1567.590820	-116.884811
1566.584961	26.459837
1565.579102	-138.352448
1564.572266	-17.457481
1563.566406	237.535568
1562.559570	8.176167
1561.551758	-260.848694
1560.544922	234.746460
1559.537109	191.601074
1558.530273	-156.663422
1557.521484	-107.979973
1556.513672	47.353275
1555.505859	-345.345886
1554.497070	-103.310349
1553.488281	-243.061462
1552.479492	43.435825
1551.470703	-259.810730
1550.460938	-280.604187
1549.451172	-241.969574
1548.441406	-84.516281
1547.431641	-63.275429
1546.421875	-103.922668
1545.411133	122.625969
1544.400391	-101.142761
1543.389648	164.869064
1542.378906	-226.971100
1541.367188	167.463898
1540.355469	205.809372
1539.343750	58.800076
1538.332031	57.616154
1537.320313	-380.780975
1536.307617	-293.010071
1535.294922	-178.119247
1534.282227	-139.803284
1533.269531	-160.737350
1532.256836	116.903427
1531.243164	66.285721
1530.229492	-6.509665
1529.215820	78.549263
1528.202148	-38.591431
1527.187500	-10.284410
1526.172852	30.336346
1525.158203	-39.931450
1524.143555	-55.965836
1523.127930	-271.513824
1522.113281	-166.832581
1521.097656	-219.772430
1520.082031	62.052227
1519.065430	-145.953094
1518.049805	135.755096
1517.033203	168.897125
1516.016602	-211.110229
1515.000000	158.956757
1513.982422	182.246048
1512.965820	-81.968597
1511.948242	74.080399
1510.930664	18.817575
1509.913086	486.740173
1508.894531	-76.882500
1507.875977	420.334991
1506.857422	347.913330
1505.838867	412.970947
1504.820313	190.969925
1503.800781	290.398590
1502.781250	166.638367
1501.761719	435.268555
1500.742188	181.665436
1499.721680	-289.963745
1498.702148	-187.936005
1497.681641	200.685471
1496.661133	373.633392
1495.639648	272.248077
1494.618164	77.906693
1493.597656	-228.881012
1492.576172	276.966858
1491.553711	95.072800
1490.532227	275.372894
1489.509766	-1.738121
1488.487305	-242.012344
1487.464844	182.824921
1486.442383	111.360893
1485.418945	-148.215881
1484.395508	276.447754
1483.372070	-434.834473
1482.348633	138.786346
1481.324219	-34.938461
1480.300781	152.777390
1479.276367	-35.408401
1478.251953	140.114685
1477.226563	-313.804138
1476.202148	254.503677
1475.176758	113.004929
1474.151367	212.985611
1473.125000	259.338165
1472.099609	122.996117
1471.073242	-127.764565
1470.046875	237.939407
1469.020508	87.249786
1467.994141	355.499695
1466.966797	-70.117195
1465.939453	-62.257057
1464.912109	223.077271
1463.884766	48.562626
1462.856445	545.482788
1461.829102	509.742096
1460.800781	243.094681
1459.772461	251.313416
1458.743164	811.244934
1457.714844	851.089600
1456.685547	864.250671
1455.656250	1006.211548
1454.625977	725.666748
1453.596680	911.468262
1452.566406	890.937866
1451.536133	1227.218750
1450.505859	942.362549
1449.474609	650.411804
1448.444336	518.760254
1447.413086	629.683960
1446.381836	905.485413
1445.350586	977.688843
1444.318359	827.005310
1443.286133	766.119751
1442.253906	945.126709
1441.221680	877.163391
1440.189453	484.921936
1439.156250	390.629303
1438.123047	221.454346
1437.089844	219.393677
1436.056641	609.287659
1435.022461	280.836334
1433.988281	600.610352
1432.954102	1.754652
1431.919922	101.722809
1430.885742	216.245667
1429.850586	-135.452850
1428.815430	-221.216843
1427.780273	-161.952240
1426.744141	-206.454376
1425.708984	-221.838623
1424.672852	64.515030
1423.636719	-302.996002
1422.600586	108.894119
1421.563477	-279.988434
1420.527344	-58.549316
1419.490234	3.769972
1418.452148	-13.389502
1417.415039	-150.891190
1416.376953	-165.386887
1415.338867	253.773605
1414.300781	1.008301
1413.262695	162.559341
1412.224609	-422.042053
1411.185547	136.796829
1410.146484	-43.145554
1409.107422	-215.689636
1408.067383	234.816147
1407.027344	-387.162628
1405.987305	36.955868
1404.947266	78.851120
1403.907227	-472.688019
1402.866211	54.775597
1401.826172	72.937294
1400.785156	172.820175
1399.743164	-262.649933
1398.702148	-40.110558
1397.660156	254.415192
1396.618164	469.739166
1395.576172	541.146118
1394.533203	559.839539
1393.491211	959.899536
1392.448242	1422.202393
1391.405273	1457.781860
1390.361328	1505.404541
1389.318359	1773.543823
1388.274414	2458.412842
1387.230469	2841.357422
1386.186523	2982.424072
1385.141602	3274.308838
1384.097656	3403.457275
1383.052734	3860.418945
1382.007813	3740.773926
1380.961914	3814.980225
1379.916992	3430.177734
1378.871094	3186.659424
1377.825195	3206.253906
1376.778320	2860.307373
1375.732422	2435.786377
1374.685547	2723.308594
1373.638672	2607.218506
1372.591797	2006.605103
1371.543945	1881.337891
1370.497070	1803.964478
1369.449219	1416.517944
1368.400391	2024.048218
1367.352539	1517.649414
1366.303711	1550.421387
1365.255859	1108.883423
1364.206055	1549.444214
1363.157227	1637.255615
1362.108398	1286.750366
1361.058594	1746.298462
1360.008789	1224.610229
1358.958984	1746.040039
1357.908203	1650.802124
1356.857422	1741.309326
1355.806641	1967.478882
1354.755859	1315.848511
1353.705078	1366.175293
1352.653320	1231.068359
1351.601563	1288.654785
1350.549805	1080.093872
1349.498047	988.134583
1348.445313	1107.706665
1347.393555	897.162231
1346.340820	1206.819214
1345.287109	858.746887
1344.234375	551.261963
1343.180664	967.776306
1342.126953	532.389099
1341.073242	362.942932
1340.019531	445.022705
1338.964844	889.894775
1337.910156	438.548553
1336.855469	82.260323
1335.799805	252.218475
1334.745117	206.593781
1333.689453	220.244675
1332.633789	80.023544
1331.578125	271.374573
1330.521484	-81.732216
1329.464844	-465.401703
1328.408203	457.181396
1327.351563	-32.776943
1326.294922	170.464355
1325.237305	333.457611
1324.179688	212.753891
1323.122070	233.953690
1322.064453	-103.971443
1321.005859	87.460732
1319.947266	33.215130
1318.888672	-79.998375
1317.830078	-367.825378
1316.770508	-199.947571
1315.710938	-230.333740
1314.651367	93.237686
1313.591797	46.367199
1312.531250	275.463226
1311.471680	-4.774669
1310.411133	-270.723846
1309.349609	-51.045372
1308.289063	-507.664917
1307.227539	-408.104095
1306.166016	-360.375122
1305.104492	-180.768036
1304.042969	29.395803
1302.980469	-78.271637
1301.917969	40.041546
1300.855469	301.846100
1299.792969	79.012093
1298.729492	96.155586
1297.666016	-189.985840
1296.602539	-15.253018
1295.539063	321.587494
1294.474609	376.331573
1293.411133	-24.642637
1292.346680	41.933346
1291.281250	-58.230362
1290.216797	407.451263
1289.151367	140.645386
1288.085938	-1.664556
1287.020508	651.415100
1285.955078	-18.659462
1284.888672	481.724335
1283.822266	-94.231354
1282.755859	105.945305
1281.689453	-228.273849
1280.622070	470.899658
1279.554688	570.109375
1278.487305	594.338867
1277.419922	243.934982
1276.351563	514.022278
1275.283203	191.869324
1274.214844	305.088562
1273.146484	121.155846
1272.077148	339.586456
1271.008789	600.027344
1269.939453	170.670044
1268.869141	314.142731
1267.799805	308.006470
1266.729492	451.386414
1265.659180	461.562714
1264.588867	432.030823
1263.517578	542.583557
1262.447266	585.406860
1261.375977	702.876099
1260.304688	311.634644
1259.232422	683.362183
1258.161133	427.557098
1257.088867	365.380005
1256.016602	247.275131
1254.943359	868.043274
1253.871094	693.940613
1252.797852	706.272461
1251.724609	723.244690
1250.650391	1096.478516
1249.577148	1155.249756
1248.502930	778.699524
1247.428711	879.369812
1246.354492	1024.189941
1245.279297	638.566101
1244.204102	825.200562
1243.128906	974.542114
1242.053711	912.266052
1240.977539	843.017090
1239.902344	299.789825
1238.826172	702.264648
1237.750000	944.292175
1236.672852	526.720276
1235.595703	473.801941
1234.518555	485.880585
1233.441406	242.682404
1232.364258	551.734436
1231.286133	266.829803
1230.208008	777.452087
1229.129883	341.890015
1228.051758	110.483154
1226.972656	83.083275
1225.893555	342.982544
1224.814453	271.497131
1223.734375	-26.950924
1222.655273	128.551254
1221.575195	80.238731
1220.495117	-111.561089
1219.415039	550.530457
1218.333984	90.306541
1217.252930	259.364166
1216.171875	-288.503937
1215.090820	643.440308
1214.008789	199.685349
1212.926758	-31.296741
1211.844727	-211.369446
1210.762695	-42.603294
1209.679688	-268.837921
1208.597656	-104.789124
1207.513672	56.825275
1206.430664	-173.960846
1205.347656	-79.342613
1204.263672	-95.526894
1203.179688	-35.615761
1202.095703	-139.464844
1201.010742	33.324425
1199.925781	136.872665
1198.840820	125.140663
1197.755859	461.253265
1196.670898	-6.625655
1195.584961	209.566544
1194.499023	15.848957
1193.413086	432.139404
1192.326172	61.207466
1191.239258	-79.517540
1190.152344	-84.500610
1189.065430	-2.113007
1187.978516	77.910759
1186.890625	-237.499619
1185.802734	92.968018
1184.714844	480.708038
1183.625977	-188.424103
1182.538086	339.246918
1181.449219	189.303253
1180.360352	663.795349
1179.270508	203.945831
1178.180664	345.445770
1177.090820	440.974701
1176.000977	772.669189
1174.911133	771.704773
1173.820313	944.928955
1172.729492	774.247803
1171.638672	654.024414
1170.547852	664.418640
1169.456055	647.277954
1168.364258	687.363892
1167.272461	578.590210
1166.179688	737.628601
1165.087891	992.697693
1163.995117	870.101685
1162.902344	1742.559204
1161.808594	1907.925415
1160.715820	1920.016602
1159.622070	2037.207275
1158.528320	2035.473877
1157.433594	1697.819824
1156.339844	1380.858398
1155.245117	1301.514771
1154.149414	849.972229
1153.054688	777.562805
1151.958984	826.106018
1150.863281	450.172211
1149.767578	341.292175
1148.671875	-59.522663
1147.575195	278.613678
1146.478516	399.982361
1145.381836	204.442429
1144.285156	291.524719
1143.187500	-20.181746
1142.089844	317.377686
1140.992188	-192.387253
1139.894531	-110.008247
1138.795898	-435.165955
1137.697266	-396.098602
1136.598633	-115.912170
1135.499023	-38.357704
1134.400391	348.432648
1133.300781	-26.695164
1132.201172	-69.807472
1131.100586	-219.776581
1130.000977	191.523331
1128.900391	102.816856
1127.799805	-22.231802
1126.698242	331.821289
1125.596680	229.378677
1124.495117	-195.357178
1123.393555	324.015503
1122.291992	536.839844
1121.189453	828.895508
1120.086914	1089.022583
1118.984375	1446.474365
1117.881836	1413.863281
1116.778320	1981.711304
1115.674805	1681.541992
1114.571289	1990.756958
1113.466797	1962.346680
1112.363281	1605.625122
1111.258789	1656.432861
1110.153320	1639.257446
1109.048828	1450.100464
1107.943359	1471.322021
1106.837891	1596.504639
1105.732422	1038.752686
1104.625977	1365.032959
1103.520508	1297.882568
1102.414063	1140.309448
1101.306641	849.449341
1100.200195	515.765442
1099.092773	446.331787
1097.985352	327.203827
1096.877930	736.185303
1095.769531	341.613434
1094.661133	111.836609
1093.552734	251.982864
1092.444336	376.215302
1091.335938	299.677582
1090.226563	421.433044
1089.117188	202.799164
1088.006836	236.495438
1086.897461	878.263428
1085.787109	711.230652
1084.676758	618.492004
1083.566406	543.730103
1082.455078	795.203247
1081.343750	522.268250
1080.232422	746.486450
1079.121094	1312.341431
1078.008789	715.458191
1076.896484	1103.307129
1075.784180	340.273956
1074.671875	826.720825
1073.558594	834.386047
1072.445313	594.919739
1071.332031	806.777893
1070.217773	461.725952
1069.104492	760.866577
1067.990234	216.106583
1066.875977	149.311218
1065.760742	39.819843
1064.645508	255.411957
1063.530273	213.008392
1062.415039	206.385437
1061.299805	175.018570
1060.183594	156.992859
1059.067383	-313.548523
1057.951172	1.979276
1056.833984	265.750946
1055.716797	-231.679962
1054.599609	242.158142
1053.482422	-0.220127
1052.364258	370.234589
1051.247070	0.260202
1050.128906	-18.676378
1049.009766	24.845448
1047.891602	215.743820
1046.772461	-18.061731
1045.653320	-151.360641
1044.533203	186.450623
1043.414063	-110.048958
1042.293945	-82.897522
1041.173828	-238.864578
1040.052734	-156.175064
1038.932617	160.586731
1037.811523	-87.145363
1036.689453	-499.899872
1035.568359	-58.834736
1034.446289	-137.368179
1033.324219	-280.608856
1032.202148	-132.100540
1031.079102	74.095238
1029.957031	-209.748734
1028.833984	-299.946075
1027.709961	25.916140
1026.586914	-209.181549
1025.462891	-12.772118
1024.338867	-161.307007
1023.214844	-76.439270
1022.089844	-31.777922
1020.964844	-389.547485
1019.839844	-305.111877
1018.714844	-165.311539
1017.588867	63.099648
1016.462891	-228.317169
1015.336914	257.246094
1014.210938	-318.449371
1013.083984	-177.325729
1011.957031	-31.969728
1010.830078	372.680725
1009.702148	619.543030
1008.574219	673.276978
1007.446289	1777.432983
1006.318359	3098.104492
1005.190430	4457.904785
1004.061523	5099.289551
1002.932617	4218.935059
1001.802734	2747.703369
1000.673828	763.514404
999.543945	574.721375
998.414063	133.653259
997.283203	234.531433
996.153320	30.073317
995.022461	13.463669
993.891602	96.180504
992.759766	-59.973133
991.628906	-169.778748
990.497070	294.600037
989.364258	-16.536057
988.232422	241.973648
987.099609	153.648621
985.966797	429.342896
984.833984	468.689758
983.700195	218.890152
982.566406	707.841553
981.432617	272.610962
980.298828	364.269318
979.164063	305.857147
978.029297	229.706192
976.894531	151.246857
975.759766	209.226059
974.624023	372.699768
973.488281	476.523712
972.352539	274.257477
971.215820	-42.492386
970.080078	344.720184
968.943359	439.091705
967.805664	469.494141
966.668945	389.866486
965.531250	560.658752
964.393555	419.239563
963.254883	745.629333
962.117188	975.139038
960.978516	765.241638
959.839844	337.986084
958.700195	426.540955
957.561523	690.495605
956.421875	923.470886
955.281250	1103.554199
954.141602	1169.448730
953.000977	1447.810303
951.860352	1504.571655
950.719727	1055.031494
949.578125	1446.780151
948.436523	1078.250977
947.294922	944.082458
946.153320	853.655945
945.010742	423.893585
943.868164	92.701698
942.725586	360.984985
941.583008	305.347412
940.439453	184.019775
939.295898	69.213562
938.152344	111.743828
937.007813	241.544510
935.863281	460.772766
934.718750	238.626602
933.574219	-221.508408
932.428711	337.985291
931.283203	-146.144897
930.137695	258.006317
928.992188	136.133255
927.845703	254.150421
926.699219	-94.600639
925.552734	-55.183239
924.405273	130.160934
923.257813	289.226776
922.110352	-44.193382
920.962891	62.474068
919.814453	-270.856201
918.666016	-31.490568
917.517578	503.750183
916.369141	237.912537
915.219727	-169.272324
914.070313	-86.899582
912.920898	117.194511
911.770508	-302.809448
910.621094	-581.320251
909.470703	192.027603
908.319336	17.741755
907.168945	371.382294
906.017578	223.197601
904.866211	3.448213
903.713867	11.686196
902.562500	304.244995
901.410156	318.955383
900.256836	88.551941
899.104492	-313.006989
897.951172	18.426085
896.797852	-300.525055
895.644531	189.018738
894.490234	-129.768845
893.335938	220.946869
892.181641	116.787231
891.027344	-15.411529
889.872070	-396.436279
888.716797	123.016197
887.561523	10.543904
886.405273	-99.663193
885.249023	93.010460
884.092773	-81.868378
882.936523	407.009247
881.779297	-22.709265
880.622070	509.294434
879.464844	-246.213654
878.307617	-329.658936
877.149414	-69.702248
875.991211	110.380661
874.833008	-335.323944
873.673828	216.039124
872.514648	-235.732086
871.355469	-18.648983
870.196289	235.120758
869.036133	-606.106323
867.875977	193.150909
866.715820	-158.314377
865.554688	-11.923525
864.394531	233.647324
863.233398	509.379608
862.071289	274.980896
860.910156	535.840515
859.748047	553.612488
858.585938	98.335190
857.422852	383.189636
856.259766	386.451996
855.096680	587.649414
853.933594	122.770073
852.770508	616.516785
851.606445	431.454071
850.442383	128.567932
849.277344	126.583298
848.113281	272.943634
846.948242	84.654022
845.783203	-107.620888
844.617188	429.680328
843.451172	27.682657
842.285156	-71.599091
841.119141	-41.997879
839.952148	-12.197855
838.785156	-153.567322
837.618164	-157.548889
836.451172	-231.948486
835.283203	-70.586464
834.115234	-3.226899
832.947266	-507.019775
831.778320	-150.281174
830.609375	37.571548
829.440430	353.903717
828.271484	225.654724
827.101563	279.387970
825.931641	153.860443
824.761719	607.640137
823.590820	202.798660
822.420898	471.107544
821.250000	472.673218
820.078125	638.845215
818.907227	512.881531
817.735352	385.100616
816.562500	473.066406
815.390625	614.597656
814.217773	306.478607
813.044922	84.040413
811.872070	526.849609
810.698242	213.396927
809.524414	-33.601013
808.350586	28.570354
807.176758	218.726974
806.001953	172.801346
804.827148	-217.557892
803.651367	49.917904
802.476563	232.481812
801.300781	166.421890
800.125000	243.111740
798.948242	666.472656
797.772461	235.684860
796.595703	434.197815
795.417969	662.611694
794.241211	861.464294
793.063477	703.819214
791.885742	527.410522
790.707031	703.577942
789.529297	1002.977783
788.350586	509.233398
787.170898	745.404724
785.992188	814.247864
784.812500	1012.578308
783.632813	1020.350159
782.452148	710.571350
781.272461	1146.718262
780.091797	301.794922
778.911133	539.281189
777.729492	232.923553
776.547852	242.216675
775.366211	-317.355988
774.184570	483.489594
773.001953	30.253826
771.819336	-238.655853
770.636719	-431.158997
769.453125	-492.387939
768.269531	-206.951859
767.085938	-286.856659
765.902344	64.200188
764.717773	-152.620636
763.533203	48.703323
762.348633	207.880493
761.163086	76.009026
759.977539	-205.404999
758.791992	-172.380081
757.606445	141.119858
756.419922	332.345398
755.233398	32.653206
754.046875	70.251030
752.859375	97.393311
751.672852	482.565094
750.485352	415.040283
749.296875	1000.026550
748.108398	709.524170
746.919922	890.412415
745.731445	320.472717
744.542969	478.342163
743.353516	428.056580
742.164063	548.057251
740.973633	657.509094
739.783203	359.415863
738.592773	897.301331
737.402344	895.341675
736.211914	505.049042
735.020508	517.842529
733.829102	532.714417
732.636719	809.740112
731.444336	145.002090
730.251953	503.677063
729.059570	465.973236
727.866211	233.333679
726.673828	266.829529
725.479492	44.682171
724.286133	-271.662048
723.091797	27.588593
721.897461	-135.973846
720.703125	-94.467705
719.507813	28.512373
718.312500	-264.905304
717.117188	-271.798981
715.921875	-211.895020
714.725586	305.611542
713.529297	-234.613983
712.332031	-145.867477
711.135742	201.725159
709.938477	181.505066
708.740234	754.068787
707.542969	844.112915
706.344727	1484.866455
705.146484	2490.284424
703.948242	3449.223633
702.749023	3500.513428
701.549805	3032.575928
700.350586	2714.813232
699.150391	1836.564575
697.950195	1269.035645
696.750000	1170.299438
695.549805	544.718567
694.348633	462.682251
693.147461	403.509918
691.946289	-5.260867
690.744141	420.293427
689.541992	138.487808
688.339844	251.859344
687.136719	521.069458
685.934570	189.548065
684.730469	390.104065
683.527344	110.765633
682.323242	-72.848946
681.119141	-81.880226
679.915039	-36.820572
678.710938	124.569672
677.505859	171.925171
676.300781	267.154480
675.094727	337.669586
673.889648	358.652496
672.683594	197.491013
671.476563	-66.891724
670.270508	423.378265
669.063477	-80.451950
667.856445	192.987747
666.648438	363.254669
665.440430	175.886978
664.232422	264.425751
663.024414	74.254387
661.815430	97.910736
660.606445	345.636475
659.397461	517.561157
658.188477	-169.573456
656.978516	-94.989220
655.768555	71.462906
654.557617	-188.634125
653.346680	48.142960
652.135742	-232.147949
650.924805	240.300369
649.712891	20.592205
648.501953	-238.790482
647.289063	-48.887363
646.077148	-498.698944
644.864258	-383.704407
643.651367	44.332710
642.438477	-40.980621
641.224609	327.016754
640.010742	-165.899292
638.796875	130.336533
637.582031	321.869293
636.367188	579.717834
635.152344	568.578552
633.937500	698.152954
632.721680	692.923279
631.505859	662.091797
630.289063	1273.949951
629.073242	1560.156250
627.856445	1704.051270
626.639648	1560.029175
625.421875	1508.459106
624.204102	1362.569458
622.986328	1338.163330
621.768555	1252.702393
620.549805	1020.326111
619.331055	270.029297
618.111328	755.844849
616.892578	43.347282
