1721.000977	135.898010
1720.027344	132.311050
1719.052734	-30.481615
1718.078125	-73.329727
1717.104492	-96.319336
1716.128906	-12.244685
1715.154297	7.063518
1714.178711	171.885254
1713.204102	-161.180496
1712.228516	-51.336201
1711.251953	42.555649
1710.276367	69.310936
1709.299805	23.858599
1708.324219	-62.991806
1707.347656	18.703949
1706.370117	23.158335
1705.393555	-3.481572
1704.416016	51.370522
1703.438477	-42.509682
1702.460938	-49.741043
1701.483398	-146.777039
1700.505859	-37.020939
1699.527344	49.390240
1698.548828	74.173355
1697.570313	124.236931
1696.591797	38.674488
1695.612305	152.089096
1694.632813	2.284417
1693.653320	-180.836990
1692.673828	31.489239
1691.694336	64.955658
1690.713867	-44.612385
1689.734375	90.566589
1688.753906	49.603439
1687.772461	49.308701
1686.791992	-42.842339
1685.810547	-165.650925
1684.830078	12.142959
1683.848633	85.330635
1682.866211	-78.440361
1681.884766	53.154736
1680.902344	49.706516
1679.919922	158.193039
1678.937500	37.582893
1677.955078	-80.468201
1676.971680	17.682861
1675.989258	-31.705158
1675.005859	81.612167
1674.022461	118.617043
1673.038086	5.647628
1672.054688	-31.033588
1671.070313	135.517838
1670.085938	-28.159374
1669.101563	-64.789116
1668.117188	35.707233
1667.131836	24.493504
1666.146484	254.390533
1665.161133	-86.629265
1664.175781	-79.956001
1663.189453	76.367363
1662.204102	154.080780
1661.217773	46.736332
1660.231445	71.279305
1659.245117	-13.098449
1658.257813	1.402160
1657.270508	-32.174706
1656.284180	-63.133930
1655.295898	176.859528
1654.308594	24.470930
1653.321289	-82.238678
1652.333008	-67.400490
1651.344727	-55.035175
1650.356445	-85.606636
1649.367188	131.699005
1648.378906	-118.716339
1647.389648	73.362976
1646.400391	-63.094471
1645.411133	-121.103027
1644.420898	43.260319
1643.431641	-44.916355
1642.441406	-87.550034
1641.451172	13.796679
1640.459961	59.630669
1639.469727	47.486301
1638.478516	98.475121
1637.487305	-59.846985
1636.496094	-94.466911
1635.504883	-7.982958
1634.512695	73.476944
1633.520508	-114.700867
1632.528320	17.269886
1631.536133	96.346298
1630.543945	218.267624
1629.550781	259.607147
1628.557617	210.355072
1627.564453	65.531738
1626.571289	76.855721
1625.578125	289.515259
1624.583984	253.092468
1623.589844	209.194229
1622.595703	441.960815
1621.601563	511.274628
1620.606445	595.678833
1619.611328	624.812195
1618.616211	596.196716
1617.621094	617.876770
1616.625977	704.886047
1615.629883	937.518860
1614.633789	991.866638
1613.637695	845.450317
1612.641602	1050.426636
1611.645508	1022.044922
1610.648438	1104.059570
1609.651367	1075.737671
1608.654297	799.252319
1607.657227	1164.607910
1606.659180	1036.129150
1605.662109	1240.984131
1604.664063	1197.769287
1603.666016	1091.983887
1602.666992	1527.118774
1601.668945	1351.256714
1600.669922	1353.188110
1599.670898	1547.822876
1598.671875	1134.432129
1597.671875	1321.549927
1596.672852	1178.500854
1595.672852	1213.038574
1594.672852	1167.578857
1593.671875	1234.605225
1592.671875	1001.770447
1591.670898	938.910095
1590.669922	823.629639
1589.668945	955.623047
1588.667969	775.480652
1587.666016	577.932190
1586.664063	500.256073
1585.662109	479.998810
1584.660156	629.378784
1583.658203	252.445602
1582.655273	391.817657
1581.652344	321.711945
1580.649414	161.897766
1579.646484	433.253845
1578.642578	368.130157
1577.638672	268.150024
1576.634766	237.930511
1575.630859	85.706902
1574.626953	207.361923
1573.622070	114.900932
1572.618164	97.122704
1571.613281	218.640579
1570.607422	195.816849
1569.602539	227.703384
1568.596680	102.913506
1567.590820	259.040619
1566.584961	5.024354
1565.579102	-27.772816
1564.572266	71.070618
1563.566406	299.007233
1562.559570	-34.368210
1561.551758	136.325409
1560.544922	125.740089
1559.537109	159.790878
1558.530273	-46.849583
1557.521484	78.936127
1556.513672	90.571480
1555.505859	149.282806
1554.497070	-0.301301
1553.488281	100.467903
1552.479492	-145.741058
1551.470703	9.457155
1550.460938	-145.058838
1549.451172	-89.052208
1548.441406	-10.819157
1547.431641	50.022827
1546.421875	-69.852692
1545.411133	139.354782
1544.400391	-62.199680
1543.389648	94.915359
1542.378906	-69.520958
1541.367188	-46.046040
1540.355469	-254.950912
1539.343750	-28.882128
1538.332031	-131.534103
1537.320313	-174.894196
1536.307617	1.510942
1535.294922	-2.432723
1534.282227	-110.087463
1533.269531	-3.013774
1532.256836	-56.406898
1531.243164	-60.482029
1530.229492	-89.254288
1529.215820	57.033279
1528.202148	13.388653
1527.187500	-8.097729
1526.172852	-51.788464
1525.158203	49.874279
1524.143555	-75.165916
1523.127930	-86.908478
1522.113281	41.685242
1521.097656	22.473576
1520.082031	-4.146052
1519.065430	8.574951
1518.049805	31.111038
1517.033203	-93.987206
1516.016602	85.877022
1515.000000	-140.046875
1513.982422	49.512108
1512.965820	-90.351151
1511.948242	-11.512022
1510.930664	121.310097
1509.913086	20.720119
1508.894531	-106.878174
1507.875977	72.430672
1506.857422	-52.725914
1505.838867	65.091995
1504.820313	236.810669
1503.800781	-123.876122
1502.781250	101.701134
1501.761719	150.619125
1500.742188	-92.227081
1499.721680	-62.955299
1498.702148	69.208778
1497.681641	68.988976
1496.661133	198.563751
1495.639648	2.355325
1494.618164	43.695496
1493.597656	102.143692
1492.576172	395.475403
1491.553711	169.937210
1490.532227	-165.593719
1489.509766	-219.754120
1488.487305	63.531113
1487.464844	124.211777
1486.442383	79.750397
1485.418945	-52.691647
1484.395508	-21.402496
1483.372070	70.925095
1482.348633	-2.864520
1481.324219	-69.322876
1480.300781	37.562119
1479.276367	22.349874
1478.251953	253.576523
1477.226563	43.127048
1476.202148	98.620987
1475.176758	19.952677
1474.151367	116.841858
1473.125000	113.734039
1472.099609	-1.468027
1471.073242	202.531342
1470.046875	165.280991
1469.020508	169.442642
1467.994141	83.506111
1466.966797	114.437401
1465.939453	-117.503731
1464.912109	86.214546
1463.884766	209.560547
1462.856445	53.125271
1461.829102	181.284073
1460.800781	139.186127
1459.772461	170.026703
1458.743164	16.143847
1457.714844	78.582794
1456.685547	391.190979
1455.656250	132.926300
1454.625977	175.853394
1453.596680	320.737122
1452.566406	278.660278
1451.536133	321.535858
1450.505859	211.551804
1449.474609	128.287384
1448.444336	159.052261
1447.413086	32.201782
1446.381836	50.851917
1445.350586	241.569519
1444.318359	289.243408
1443.286133	215.778625
1442.253906	311.889404
1441.221680	102.862289
1440.189453	218.339279
1439.156250	186.116486
1438.123047	-114.695183
1437.089844	3.186884
1436.056641	-7.173490
1435.022461	23.580360
1433.988281	-35.129196
1432.954102	41.567307
1431.919922	74.738548
1430.885742	4.004942
1429.850586	-37.710403
1428.815430	224.929794
1427.780273	-174.176743
1426.744141	257.390198
1425.708984	126.396507
1424.672852	-166.226898
1423.636719	72.082733
1422.600586	90.794365
1421.563477	85.382919
1420.527344	130.632614
1419.490234	-253.230560
1418.452148	-142.848938
1417.415039	-138.513657
1416.376953	-57.084560
1415.338867	-35.891739
1414.300781	67.181175
1413.262695	-154.796356
1412.224609	-121.516579
1411.185547	188.503326
1410.146484	22.014183
1409.107422	-9.680187
1408.067383	-101.481697
1407.027344	-94.645470
1405.987305	-37.313999
1404.947266	101.726624
1403.907227	5.235245
1402.866211	38.520943
1401.826172	-165.970840
1400.785156	-202.272385
1399.743164	-65.690231
1398.702148	181.276566
1397.660156	-39.828011
1396.618164	339.011169
1395.576172	221.148544
1394.533203	201.670639
1393.491211	177.432678
1392.448242	232.319611
1391.405273	126.614967
1390.361328	145.566437
1389.318359	265.156952
1388.274414	339.190582
1387.230469	235.999542
1386.186523	293.280029
1385.141602	77.658691
1384.097656	410.193451
1383.052734	283.198273
1382.007813	106.037468
1380.961914	254.219604
1379.916992	280.415649
1378.871094	230.104782
1377.825195	330.405121
1376.778320	29.216827
1375.732422	260.945129
1374.685547	191.619080
1373.638672	69.799110
1372.591797	213.061203
1371.543945	215.429626
1370.497070	170.091583
1369.449219	148.635910
1368.400391	256.005798
1367.352539	358.583649
1366.303711	210.752289
1365.255859	203.659683
1364.206055	117.907654
1363.157227	-256.117798
1362.108398	115.720963
1361.058594	301.612427
1360.008789	249.298309
1358.958984	-143.445236
1357.908203	-43.288101
1356.857422	154.409851
1355.806641	83.169853
1354.755859	40.516068
1353.705078	-2.110349
1352.653320	76.548508
1351.601563	119.523308
1350.549805	-46.665691
1349.498047	-96.339073
1348.445313	-181.628525
1347.393555	44.291050
1346.340820	-10.104182
1345.287109	51.857414
1344.234375	208.755753
1343.180664	-90.063797
1342.126953	76.292564
1341.073242	45.696655
1340.019531	0.889413
1338.964844	157.643539
1337.910156	-8.067101
1336.855469	233.955460
1335.799805	39.865780
1334.745117	35.400814
1333.689453	16.720575
1332.633789	109.352570
1331.578125	-58.480812
1330.521484	-141.035095
1329.464844	-22.396069
1328.408203	15.751429
1327.351563	-88.044029
1326.294922	129.845230
1325.237305	28.430346
1324.179688	87.811020
1323.122070	-129.353821
1322.064453	175.784225
1321.005859	-15.326175
1319.947266	29.838490
1318.888672	-224.911469
1317.830078	205.105362
1316.770508	51.915810
1315.710938	4.986740
1314.651367	252.996643
1313.591797	222.556610
1312.531250	199.195496
1311.471680	-36.349121
1310.411133	48.790226
1309.349609	-61.730408
1308.289063	-70.874596
1307.227539	-63.535606
1306.166016	99.246590
1305.104492	-32.386600
1304.042969	47.917179
1302.980469	179.955383
1301.917969	-26.927206
1300.855469	10.958695
1299.792969	-9.978871
1298.729492	-70.898476
1297.666016	-28.342052
1296.602539	7.140450
1295.539063	162.461975
1294.474609	-58.238167
1293.411133	-3.988030
1292.346680	127.729446
1291.281250	-45.875893
1290.216797	109.262627
1289.151367	182.171860
1288.085938	-7.769200
1287.020508	20.551647
1285.955078	32.438023
1284.888672	91.205093
1283.822266	-35.274002
1282.755859	189.899109
1281.689453	96.253632
1280.622070	68.239548
1279.554688	33.204617
1278.487305	-18.212540
1277.419922	2.973384
1276.351563	85.000458
1275.283203	-62.375320
1274.214844	92.158516
1273.146484	141.346085
1272.077148	108.637390
1271.008789	3.457569
1269.939453	-31.554073
1268.869141	146.134689
1267.799805	125.118927
1266.729492	19.989130
1265.659180	41.035522
1264.588867	-31.344416
1263.517578	181.140213
1262.447266	87.743637
1261.375977	1.374788
1260.304688	1.369791
1259.232422	-75.629852
1258.161133	19.997307
1257.088867	103.908257
1256.016602	204.098328
1254.943359	75.818428
1253.871094	408.983948
1252.797852	159.561493
1251.724609	310.867676
1250.650391	247.854630
1249.577148	-3.707783
1248.502930	166.134399
1247.428711	161.361862
1246.354492	200.794052
1245.279297	105.280579
1244.204102	274.926178
1243.128906	132.929184
1242.053711	311.786804
1240.977539	193.069397
1239.902344	92.999947
1238.826172	120.730713
1237.750000	-67.551529
1236.672852	190.071243
1235.595703	252.568985
1234.518555	73.649872
1233.441406	124.538658
1232.364258	161.484512
1231.286133	249.430893
1230.208008	110.076263
1229.129883	100.616119
1228.051758	165.334793
1226.972656	104.871056
1225.893555	76.869690
1224.814453	155.438278
1223.734375	32.474415
1222.655273	117.962738
1221.575195	-104.480446
1220.495117	11.078668
1219.415039	-227.439819
1218.333984	-88.779877
1217.252930	70.635841
1216.171875	31.118065
1215.090820	-43.059593
1214.008789	-38.626434
1212.926758	-110.452393
1211.844727	-69.038269
1210.762695	-53.048916
1209.679688	-270.314209
1208.597656	-108.829124
1207.513672	-312.142212
1206.430664	-58.411613
1205.347656	-263.938873
1204.263672	-347.123169
1203.179688	-144.292496
1202.095703	-155.981842
1201.010742	90.514137
1199.925781	-296.896271
1198.840820	-170.290054
1197.755859	-156.618225
1196.670898	-0.149174
1195.584961	-4.944122
1194.499023	-152.466919
1193.413086	84.459358
1192.326172	-12.393496
1191.239258	-3.368265
1190.152344	-42.644501
1189.065430	230.851181
1187.978516	-22.267813
1186.890625	297.076019
1185.802734	32.564243
1184.714844	172.553406
1183.625977	305.584930
1182.538086	424.794098
1181.449219	130.653275
1180.360352	399.062653
1179.270508	366.696503
1178.180664	407.777252
1177.090820	237.794220
1176.000977	118.351036
1174.911133	395.659668
1173.820313	347.305481
1172.729492	278.351685
1171.638672	344.633301
1170.547852	245.941391
1169.456055	229.748032
1168.364258	254.788269
1167.272461	105.824776
1166.179688	119.441040
1165.087891	9.490687
1163.995117	55.166981
1162.902344	183.177490
1161.808594	148.757034
1160.715820	333.862671
1159.622070	365.729675
1158.528320	267.320435
1157.433594	472.843475
1156.339844	637.170654
1155.245117	522.791321
1154.149414	495.227844
1153.054688	796.422363
1151.958984	611.341858
1150.863281	707.014832
1149.767578	1044.471436
1148.671875	834.389404
1147.575195	877.510315
1146.478516	941.137146
1145.381836	1052.604736
1144.285156	829.048767
1143.187500	853.919739
1142.089844	785.396606
1140.992188	532.450806
1139.894531	491.360504
1138.795898	593.687683
1137.697266	393.300598
1136.598633	197.557388
1135.499023	172.500549
1134.400391	202.048264
1133.300781	-20.804104
1132.201172	70.147514
1131.100586	265.595001
1130.000977	74.697670
1128.900391	283.692108
1127.799805	-59.296833
1126.698242	140.545807
1125.596680	90.584122
1124.495117	-197.665634
1123.393555	76.958275
1122.291992	190.387131
1121.189453	81.480736
1120.086914	181.241791
1118.984375	-9.230489
1117.881836	294.497070
1116.778320	296.689514
1115.674805	156.147339
1114.571289	76.821281
1113.466797	454.960754
1112.363281	411.821381
1111.258789	119.699341
1110.153320	44.945690
1109.048828	162.544571
1107.943359	384.128998
1106.837891	178.181976
1105.732422	225.552612
1104.625977	-39.061546
1103.520508	112.280632
1102.414063	155.084183
1101.306641	91.677658
1100.200195	-145.602371
1099.092773	231.370224
1097.985352	73.145744
1096.877930	280.607391
1095.769531	86.308090
1094.661133	4.880201
1093.552734	67.823090
1092.444336	-9.080670
1091.335938	101.150696
1090.226563	391.621826
1089.117188	111.837090
1088.006836	3.371818
1086.897461	300.375153
1085.787109	207.644806
1084.676758	189.233063
1083.566406	53.765167
1082.455078	260.382751
1081.343750	169.906677
1080.232422	236.903564
1079.121094	263.369781
1078.008789	262.812134
1076.896484	167.821945
1075.784180	104.313553
1074.671875	258.748108
1073.558594	186.201660
1072.445313	127.136711
1071.332031	106.239998
1070.217773	11.238855
1069.104492	156.396103
1067.990234	133.168060
1066.875977	121.135506
1065.760742	-117.449944
1064.645508	-19.622723
1063.530273	111.753113
1062.415039	-16.946239
1061.299805	-49.271343
1060.183594	-68.185532
1059.067383	-105.044426
1057.951172	34.973480
1056.833984	-60.182140
1055.716797	133.393906
1054.599609	76.222351
1053.482422	77.202827
1052.364258	104.972412
1051.247070	3.000765
1050.128906	104.468040
1049.009766	94.079445
1047.891602	-52.653152
1046.772461	162.556656
1045.653320	274.878021
1044.533203	266.501556
1043.414063	59.389557
1042.293945	222.845795
1041.173828	-17.741673
1040.052734	38.456291
1038.932617	119.125008
1037.811523	-103.594162
1036.689453	-0.754748
1035.568359	61.871799
1034.446289	-140.793091
1033.324219	-247.611038
1032.202148	8.655626
1031.079102	-33.683762
1029.957031	10.786332
1028.833984	-174.110687
1027.709961	-80.800323
1026.586914	88.070724
1025.462891	-150.289581
1024.338867	-63.894749
1023.214844	104.672638
1022.089844	-78.141594
1020.964844	-72.020699
1019.839844	-61.519867
1018.714844	-71.079018
1017.588867	305.745605
1016.462891	-321.319855
1015.336914	208.441956
1014.210938	-50.009396
1013.083984	-173.063293
1011.957031	-225.132965
1010.830078	86.498055
1009.702148	-7.879064
1008.574219	-190.956619
1007.446289	27.157661
1006.318359	384.709625
1005.190430	595.816223
1004.061523	439.071198
1002.932617	195.970154
1001.802734	256.204407
1000.673828	187.978607
999.543945	225.925629
998.414063	524.847961
997.283203	717.384155
996.153320	436.542084
995.022461	690.780457
993.891602	1077.454834
992.759766	1426.305298
991.628906	1812.500122
990.497070	2213.900391
989.364258	2701.162109
988.232422	3386.850830
987.099609	4052.278320
985.966797	4399.552246
984.833984	4459.775391
983.700195	4380.924316
982.566406	4160.901855
981.432617	3934.299072
980.298828	3599.721924
979.164063	2932.445801
978.029297	2512.176514
976.894531	1792.455811
975.759766	1663.213623
974.624023	1322.580322
973.488281	979.838806
972.352539	1004.719971
971.215820	965.707642
970.080078	898.064697
968.943359	760.002075
967.805664	507.594666
966.668945	525.638855
965.531250	290.863159
964.393555	275.859528
963.254883	192.693771
962.117188	390.639282
960.978516	188.801331
959.839844	44.076942
958.700195	375.606049
957.561523	432.664551
956.421875	276.841827
955.281250	309.640900
954.141602	335.812561
953.000977	-19.536276
951.860352	41.654060
950.719727	72.093811
949.578125	87.124115
948.436523	108.675934
947.294922	108.276031
946.153320	55.296921
945.010742	-56.806957
943.868164	43.354626
942.725586	265.943329
941.583008	190.939270
940.439453	-65.570267
939.295898	207.055191
938.152344	300.299744
937.007813	107.205864
935.863281	128.267685
934.718750	-53.829414
933.574219	-0.034784
932.428711	-46.723843
931.283203	48.459103
930.137695	150.125351
928.992188	-58.059090
927.845703	-174.571075
926.699219	38.232384
925.552734	-80.449402
924.405273	158.356033
923.257813	-115.042198
922.110352	-100.743507
920.962891	96.506256
919.814453	43.230495
918.666016	-53.562355
917.517578	193.598740
916.369141	70.716110
915.219727	-69.516747
914.070313	-105.269051
912.920898	17.754572
911.770508	-250.609634
910.621094	15.883359
909.470703	60.606796
908.319336	-18.514849
907.168945	-214.849899
906.017578	90.553268
904.866211	46.306705
903.713867	-8.750993
902.562500	72.980431
901.410156	-21.031414
900.256836	180.020981
899.104492	138.161484
897.951172	76.846344
896.797852	22.113274
895.644531	77.976746
894.490234	34.199726
893.335938	61.981937
892.181641	-159.222641
891.027344	2.950112
889.872070	165.105270
888.716797	-8.166990
887.561523	-49.311100
886.405273	305.461853
885.249023	-5.904649
884.092773	180.219238
882.936523	158.838348
881.779297	100.806343
880.622070	73.140686
879.464844	170.863785
878.307617	74.285156
877.149414	230.440475
875.991211	-105.508598
874.833008	273.102905
873.673828	338.799194
872.514648	-223.107925
871.355469	90.898010
870.196289	105.194832
869.036133	348.074768
867.875977	82.392090
866.715820	260.782349
865.554688	309.971710
864.394531	126.705765
863.233398	229.996567
862.071289	111.661674
860.910156	355.066986
859.748047	125.168594
858.585938	304.208313
857.422852	470.403229
856.259766	365.778015
855.096680	330.137970
853.933594	21.755136
852.770508	506.462067
851.606445	183.458801
850.442383	202.222275
849.277344	141.696899
848.113281	244.510834
846.948242	317.398224
845.783203	109.372360
844.617188	197.616364
843.451172	228.100174
842.285156	-7.097969
841.119141	253.137238
839.952148	179.127991
838.785156	221.034790
837.618164	188.144638
836.451172	159.746414
835.283203	125.125618
834.115234	403.225067
832.947266	356.120544
831.778320	322.066620
830.609375	373.788605
829.440430	224.676498
828.271484	191.288269
827.101563	376.134705
825.931641	591.022156
824.761719	556.051208
823.590820	412.367889
822.420898	631.995789
821.250000	529.348816
820.078125	350.117676
818.907227	472.076660
817.735352	530.185364
816.562500	434.903809
815.390625	356.946259
814.217773	409.288818
813.044922	389.351929
811.872070	650.928650
810.698242	505.677551
809.524414	330.893250
808.350586	326.763000
807.176758	190.856705
806.001953	70.126198
804.827148	388.029053
803.651367	244.335602
802.476563	162.610443
801.300781	293.779724
800.125000	293.292023
798.948242	-53.437592
797.772461	-98.045593
796.595703	-119.054131
795.417969	-114.358765
794.241211	73.160393
793.063477	148.278748
791.885742	64.380272
790.707031	88.944878
789.529297	134.910904
788.350586	-64.980553
787.170898	-205.209930
785.992188	133.935104
784.812500	-94.909225
783.632813	-35.275070
782.452148	-15.735015
781.272461	-167.580460
780.091797	15.388069
778.911133	-2.665477
777.729492	-43.819469
776.547852	243.194946
775.366211	-277.879852
774.184570	172.237442
773.001953	80.989944
771.819336	-31.200233
770.636719	-86.122498
769.453125	9.150670
768.269531	-53.914497
767.085938	-135.822601
765.902344	-84.535393
764.717773	-16.252369
763.533203	-167.371506
762.348633	-145.280701
761.163086	-182.152161
759.977539	70.039314
758.791992	-8.824970
757.606445	237.081497
756.419922	29.848146
755.233398	199.956406
754.046875	-40.708900
752.859375	335.884888
751.672852	228.092224
750.485352	90.947105
749.296875	67.570465
748.108398	-20.971218
746.919922	65.169250
745.731445	193.366364
744.542969	157.535568
743.353516	130.158447
742.164063	243.615417
740.973633	130.120407
739.783203	237.243179
738.592773	8.303219
737.402344	109.094635
736.211914	300.085327
735.020508	396.532043
733.829102	486.607910
732.636719	310.216125
731.444336	293.246674
730.251953	125.278793
729.059570	164.850784
727.866211	281.883270
726.673828	180.894073
725.479492	63.128944
724.286133	429.077240
723.091797	162.491058
721.897461	134.554230
720.703125	303.237152
719.507813	427.802307
718.312500	213.346161
717.117188	339.732117
715.921875	14.353007
714.725586	303.506622
713.529297	88.778793
712.332031	385.860046
711.135742	191.815094
709.938477	273.352753
708.740234	375.575653
707.542969	492.200378
706.344727	435.412323
705.146484	353.448212
703.948242	500.781403
702.749023	677.066467
701.549805	611.264221
700.350586	401.503326
699.150391	558.398071
697.950195	444.217529
696.750000	381.976379
695.549805	448.678131
694.348633	384.018250
693.147461	464.891357
691.946289	535.140381
690.744141	621.817383
689.541992	595.965576
688.339844	777.878906
687.136719	581.192871
685.934570	700.332764
684.730469	547.058838
683.527344	385.390747
682.323242	543.473389
681.119141	551.840332
679.915039	479.108734
678.710938	273.463165
677.505859	399.765228
676.300781	455.370605
675.094727	303.466827
673.889648	110.081581
672.683594	505.410339
671.476563	245.621918
670.270508	193.104919
669.063477	-62.410816
667.856445	382.151337
666.648438	29.408323
665.440430	281.277222
664.232422	9.522141
663.024414	174.515900
661.815430	-43.126724
660.606445	-53.742992
659.397461	219.040421
658.188477	64.024139
656.978516	258.526947
655.768555	329.231110
654.557617	-174.015320
653.346680	-57.210533
652.135742	43.382481
650.924805	-12.536512
649.712891	35.188015
648.501953	-85.795998
647.289063	-47.373146
646.077148	90.582939
644.864258	121.907074
643.651367	283.743622
642.438477	256.668549
641.224609	80.022415
640.010742	87.615303
638.796875	-74.779991
637.582031	138.554138
636.367188	-141.105453
635.152344	-65.602921
633.937500	15.173424
632.721680	19.042063
631.505859	-105.274582
630.289063	-61.578518
629.073242	14.432660
627.856445	-2.483486
626.639648	93.237846
625.421875	-201.522781
624.204102	-215.006683
622.986328	-64.319031
621.768555	113.034325
620.549805	-11.105346
619.331055	62.017754
618.111328	84.272408
616.892578	162.374298
