1721.000977	100.775970
1720.027344	111.389610
1719.052734	-28.902515
1718.078125	167.077515
1717.104492	19.344065
1716.128906	48.699593
1715.154297	-24.412523
1714.178711	-212.781708
1713.204102	-6.237421
1712.228516	15.790573
1711.251953	55.822678
1710.276367	170.232742
1709.299805	82.353172
1708.324219	-223.019852
1707.347656	1.715889
1706.370117	44.717262
1705.393555	-70.842361
1704.416016	151.421921
1703.438477	-22.776264
1702.460938	-28.033463
1701.483398	63.956078
1700.505859	-10.158181
1699.527344	-30.502104
1698.548828	25.902893
1697.570313	-40.252815
1696.591797	174.651779
1695.612305	129.072113
1694.632813	55.509693
1693.653320	188.811035
1692.673828	-96.386353
1691.694336	-3.774097
1690.713867	35.291996
1689.734375	110.139084
1688.753906	-90.368965
1687.772461	7.535378
1686.791992	-14.306638
1685.810547	53.105034
1684.830078	-39.932636
1683.848633	-130.330460
1682.866211	3.469032
1681.884766	20.169544
1680.902344	44.552082
1679.919922	76.621567
1678.937500	37.493797
1677.955078	-19.365829
1676.971680	-170.264420
1675.989258	-71.820427
1675.005859	102.898315
1674.022461	-50.303902
1673.038086	-7.717366
1672.054688	-130.236420
1671.070313	54.709263
1670.085938	36.446190
1669.101563	-73.174530
1668.117188	116.866196
1667.131836	-78.944244
1666.146484	-23.400652
1665.161133	65.144966
1664.175781	6.573047
1663.189453	123.041100
1662.204102	94.985809
1661.217773	-49.643536
1660.231445	-9.159575
1659.245117	36.410927
1658.257813	-67.490089
1657.270508	33.849026
1656.284180	26.298014
1655.295898	-9.096572
1654.308594	16.316235
1653.321289	18.967745
1652.333008	-99.821907
1651.344727	-56.634190
1650.356445	-38.734055
1649.367188	67.671394
1648.378906	65.355865
1647.389648	-70.917747
1646.400391	68.339333
1645.411133	33.219635
1644.420898	43.587528
1643.431641	-231.406509
1642.441406	-107.335205
1641.451172	110.102669
1640.459961	-43.572155
1639.469727	-118.934853
1638.478516	40.359032
1637.487305	78.520859
1636.496094	66.236069
1635.504883	235.497742
1634.512695	89.581657
1633.520508	276.404297
1632.528320	-88.671104
1631.536133	128.345642
1630.543945	105.996544
1629.550781	186.888550
1628.557617	21.017284
1627.564453	338.498016
1626.571289	457.031952
1625.578125	203.136780
1624.583984	341.752563
1623.589844	170.957977
1622.595703	550.899658
1621.601563	558.609924
1620.606445	629.131470
1619.611328	674.485535
1618.616211	553.992493
1617.621094	795.247314
1616.625977	1011.275696
1615.629883	1036.368286
1614.633789	961.025024
1613.637695	1006.168945
1612.641602	908.252502
1611.645508	1149.037720
1610.648438	1073.662109
1609.651367	1081.055420
1608.654297	1168.656250
1607.657227	842.611511
1606.659180	1183.293213
1605.662109	1005.172668
1604.664063	1100.144653
1603.666016	1267.688599
1602.666992	1259.850220
1601.668945	1231.978149
1600.669922	1509.443604
1599.670898	1316.315063
1598.671875	1310.888062
1597.671875	1530.552002
1596.672852	1357.478882
1595.672852	1484.482300
1594.672852	1191.440552
1593.671875	1015.950073
1592.671875	1087.899780
1591.670898	947.430420
1590.669922	679.610779
1589.668945	786.457153
1588.667969	783.379456
1587.666016	608.029846
1586.664063	475.153046
1585.662109	604.290894
1584.660156	451.459656
1583.658203	318.617249
1582.655273	223.194061
1581.652344	441.902802
1580.649414	378.841003
1579.646484	308.301422
1578.642578	379.763367
1577.638672	217.019730
1576.634766	104.123123
1575.630859	382.158417
1574.626953	254.281799
1573.622070	99.040833
1572.618164	307.142853
1571.613281	243.945831
1570.607422	302.610779
1569.602539	55.363762
1568.596680	260.672974
1567.590820	393.780884
1566.584961	218.641556
1565.579102	234.865417
1564.572266	-4.827216
1563.566406	6.412131
1562.559570	221.218430
1561.551758	78.401260
1560.544922	293.044617
1559.537109	175.029434
1558.530273	277.859741
1557.521484	33.321190
1556.513672	49.267990
1555.505859	-108.383270
1554.497070	100.873756
1553.488281	-44.398693
1552.479492	206.824905
1551.470703	-2.877151
1550.460938	-172.902878
1549.451172	40.947773
1548.441406	12.050955
1547.431641	168.785751
1546.421875	157.142593
1545.411133	91.030060
1544.400391	-4.765744
1543.389648	-11.512177
1542.378906	-60.318401
1541.367188	-74.533707
1540.355469	-103.598427
1539.343750	50.186886
1538.332031	-8.590620
1537.320313	-87.129913
1536.307617	-15.031329
1535.294922	-59.032936
1534.282227	-21.579786
1533.269531	109.618416
1532.256836	-119.518135
1531.243164	-35.289047
1530.229492	-108.972328
1529.215820	-150.591141
1528.202148	118.427078
1527.187500	-150.053284
1526.172852	-26.605057
1525.158203	49.953682
1524.143555	-31.195126
1523.127930	-43.386341
1522.113281	13.364110
1521.097656	67.594215
1520.082031	38.097443
1519.065430	-190.742355
1518.049805	-23.395098
1517.033203	-30.791637
1516.016602	-252.155045
1515.000000	155.976898
1513.982422	141.099319
1512.965820	-104.793686
1511.948242	-48.389938
1510.930664	-139.425125
1509.913086	-137.107925
1508.894531	-93.078995
1507.875977	-61.361107
1506.857422	110.234528
1505.838867	26.523672
1504.820313	28.703905
1503.800781	-162.931885
1502.781250	79.582832
1501.761719	-138.985016
1500.742188	10.236957
1499.721680	2.509380
1498.702148	139.357849
1497.681641	9.084557
1496.661133	84.597466
1495.639648	218.822220
1494.618164	127.732239
1493.597656	-53.886520
1492.576172	107.164528
1491.553711	20.997007
1490.532227	20.486221
1489.509766	78.648109
1488.487305	78.088936
1487.464844	16.400797
1486.442383	59.827171
1485.418945	-155.816711
1484.395508	139.236542
1483.372070	-25.057684
1482.348633	64.686653
1481.324219	17.639254
1480.300781	9.675466
1479.276367	99.314079
1478.251953	218.185776
1477.226563	180.855759
1476.202148	80.133942
1475.176758	208.650436
1474.151367	90.869888
1473.125000	60.866287
1472.099609	106.427086
1471.073242	142.202866
1470.046875	19.623140
1469.020508	-124.830383
1467.994141	66.785919
1466.966797	207.178818
1465.939453	6.769014
1464.912109	327.171021
1463.884766	124.377274
1462.856445	167.313293
1461.829102	156.742065
1460.800781	138.862030
1459.772461	167.171005
1458.743164	141.985138
1457.714844	248.024414
1456.685547	47.922829
1455.656250	336.067810
1454.625977	128.728683
1453.596680	336.616516
1452.566406	274.987457
1451.536133	254.636139
1450.505859	-13.172600
1449.474609	211.512177
1448.444336	67.503090
1447.413086	190.240860
1446.381836	184.450745
1445.350586	-46.725475
1444.318359	73.518616
1443.286133	50.783241
1442.253906	490.655487
1441.221680	196.637512
1440.189453	81.893532
1439.156250	151.138184
1438.123047	179.215775
1437.089844	-114.499512
1436.056641	274.037415
1435.022461	263.364471
1433.988281	243.025101
1432.954102	48.646431
1431.919922	96.036224
1430.885742	68.500298
1429.850586	-31.510366
1428.815430	175.265457
1427.780273	-139.635986
1426.744141	11.536143
1425.708984	-66.645187
1424.672852	-43.449940
1423.636719	-92.642365
1422.600586	-4.317073
1421.563477	110.487732
1420.527344	-37.556454
1419.490234	-62.605267
1418.452148	-51.502323
1417.415039	128.286118
1416.376953	-120.834007
1415.338867	-13.373132
1414.300781	96.453987
1413.262695	-85.078133
1412.224609	-288.192078
1411.185547	-108.590034
1410.146484	-205.754196
1409.107422	-4.589746
1408.067383	-274.899445
1407.027344	-95.452652
1405.987305	-228.593018
1404.947266	32.492031
1403.907227	180.533020
1402.866211	13.783852
1401.826172	39.275974
1400.785156	-88.940857
1399.743164	-10.637051
1398.702148	-129.177750
1397.660156	102.701736
1396.618164	-25.414551
1395.576172	278.317200
1394.533203	473.984924
1393.491211	173.244873
1392.448242	-38.676250
1391.405273	120.997910
1390.361328	-6.956167
1389.318359	78.384262
1388.274414	247.512573
1387.230469	406.994110
1386.186523	439.520355
1385.141602	36.372711
1384.097656	78.547012
1383.052734	257.075806
1382.007813	105.417969
1380.961914	255.162552
1379.916992	-39.887051
1378.871094	107.444351
1377.825195	312.079437
1376.778320	-75.997154
1375.732422	147.713135
1374.685547	60.807484
1373.638672	141.106964
1372.591797	161.688721
1371.543945	-20.642260
1370.497070	85.890808
1369.449219	283.037537
1368.400391	10.153456
1367.352539	87.993759
1366.303711	-156.106888
1365.255859	-23.422628
1364.206055	75.816200
1363.157227	232.220795
1362.108398	126.499535
1361.058594	80.362778
1360.008789	-41.952557
1358.958984	-4.691592
1357.908203	-10.301154
1356.857422	79.290588
1355.806641	306.850220
1354.755859	118.025230
1353.705078	74.363426
1352.653320	225.690506
1351.601563	-41.441288
1350.549805	136.001236
1349.498047	104.262215
1348.445313	250.710342
1347.393555	-137.311737
1346.340820	146.868973
1345.287109	-22.552216
1344.234375	-234.608704
1343.180664	-38.395008
1342.126953	48.596073
1341.073242	2.716082
1340.019531	106.273605
1338.964844	79.366936
1337.910156	38.253242
1336.855469	77.745979
1335.799805	119.584106
1334.745117	-106.282600
1333.689453	37.435337
1332.633789	60.326069
1331.578125	-58.838940
1330.521484	-57.242542
1329.464844	86.348885
1328.408203	457.019318
1327.351563	63.482590
1326.294922	-91.016182
1325.237305	-56.298485
1324.179688	-0.315308
1323.122070	-10.527613
1322.064453	66.698372
1321.005859	-241.191193
1319.947266	-128.522369
1318.888672	-72.571533
1317.830078	-144.126801
1316.770508	-3.225348
1315.710938	-44.088795
1314.651367	-125.039421
1313.591797	-14.882914
1312.531250	-109.956223
1311.471680	35.525848
1310.411133	48.928478
1309.349609	12.824924
1308.289063	45.087231
1307.227539	-35.748455
1306.166016	-76.505402
1305.104492	122.944290
1304.042969	122.202179
1302.980469	46.134533
1301.917969	-114.611267
1300.855469	18.805586
1299.792969	-3.075867
1298.729492	132.607758
1297.666016	21.364161
1296.602539	-118.033249
1295.539063	168.010239
1294.474609	63.883457
1293.411133	-47.228409
1292.346680	-73.749832
1291.281250	-83.831184
1290.216797	157.301529
1289.151367	316.173126
1288.085938	-55.341625
1287.020508	-145.163635
1285.955078	-103.592751
1284.888672	-165.227341
1283.822266	-39.269814
1282.755859	4.597173
1281.689453	64.854073
1280.622070	-99.849419
1279.554688	49.415104
1278.487305	254.827301
1277.419922	94.886169
1276.351563	23.964106
1275.283203	58.396694
1274.214844	13.261051
1273.146484	117.871605
1272.077148	-79.287880
1271.008789	158.594284
1269.939453	-141.345383
1268.869141	96.431213
1267.799805	39.678059
1266.729492	43.684086
1265.659180	87.404884
1264.588867	56.379482
1263.517578	-16.668039
1262.447266	192.784760
1261.375977	213.100159
1260.304688	100.413368
1259.232422	153.395767
1258.161133	87.425194
1257.088867	119.410866
1256.016602	25.497709
1254.943359	94.769264
1253.871094	33.532959
1252.797852	-97.575356
1251.724609	43.895863
1250.650391	38.586811
1249.577148	154.363419
1248.502930	277.062805
1247.428711	141.398163
1246.354492	254.746399
1245.279297	54.009457
1244.204102	206.859512
1243.128906	99.232040
1242.053711	91.613304
1240.977539	151.387726
1239.902344	104.268684
1238.826172	105.943077
1237.750000	172.653290
1236.672852	106.967377
1235.595703	124.889404
1234.518555	15.149783
1233.441406	44.693737
1232.364258	-129.935852
1231.286133	126.930664
1230.208008	-24.454638
1229.129883	79.261665
1228.051758	11.403696
1226.972656	38.582531
1225.893555	223.304108
1224.814453	28.050753
1223.734375	-132.388718
1222.655273	80.040565
1221.575195	243.754242
1220.495117	134.297256
1219.415039	212.314026
1218.333984	234.765289
1217.252930	222.516251
1216.171875	-203.640228
1215.090820	-5.407406
1214.008789	-283.410461
1212.926758	-156.891663
1211.844727	-141.323761
1210.762695	139.867294
1209.679688	-112.529610
1208.597656	55.401501
1207.513672	-21.445099
1206.430664	-169.788208
1205.347656	-336.522552
1204.263672	-99.511566
1203.179688	91.269997
1202.095703	-359.031525
1201.010742	-126.797188
1199.925781	-109.005646
1198.840820	-10.575044
1197.755859	57.863579
1196.670898	-274.486847
1195.584961	8.113804
1194.499023	200.803955
1193.413086	-184.313065
1192.326172	102.664963
1191.239258	-82.119637
1190.152344	-11.508866
1189.065430	59.069340
1187.978516	279.054230
1186.890625	-13.663717
1185.802734	369.387878
1184.714844	136.511520
1183.625977	128.835999
1182.538086	323.271057
1181.449219	242.074448
1180.360352	216.003677
1179.270508	171.566422
1178.180664	400.195923
1177.090820	252.497391
1176.000977	226.413971
1174.911133	101.738365
1173.820313	249.907928
1172.729492	-0.802333
1171.638672	183.976471
1170.547852	-43.712944
1169.456055	47.058926
1168.364258	263.729218
1167.272461	104.824966
1166.179688	-19.693047
1165.087891	205.977417
1163.995117	138.674179
1162.902344	-1.808260
1161.808594	-59.917351
1160.715820	375.863983
1159.622070	335.963379
1158.528320	593.171448
1157.433594	361.278961
1156.339844	570.373352
1155.245117	541.831360
1154.149414	465.326569
1153.054688	729.001038
1151.958984	969.711975
1150.863281	975.273560
1149.767578	695.656006
1148.671875	1031.968384
1147.575195	1158.317871
1146.478516	1015.581055
1145.381836	916.200867
1144.285156	880.655518
1143.187500	712.960327
1142.089844	882.433167
1140.992188	689.731995
1139.894531	481.163055
1138.795898	436.548218
1137.697266	378.281677
1136.598633	374.630646
1135.499023	307.260712
1134.400391	280.849335
1133.300781	340.819855
1132.201172	387.105530
1131.100586	-7.559693
1130.000977	243.241898
1128.900391	203.126953
1127.799805	226.601028
1126.698242	34.319870
1125.596680	12.365216
1124.495117	17.635115
1123.393555	4.726834
1122.291992	48.518890
1121.189453	198.858368
1120.086914	115.543869
1118.984375	18.639431
1117.881836	173.347794
1116.778320	375.537476
1115.674805	269.493439
1114.571289	84.195747
1113.466797	245.419128
1112.363281	193.737930
1111.258789	112.614090
1110.153320	350.576447
1109.048828	219.623291
1107.943359	231.198853
1106.837891	192.986679
1105.732422	32.669960
1104.625977	5.753734
1103.520508	320.089996
1102.414063	110.042717
1101.306641	96.580200
1100.200195	182.476440
1099.092773	191.521057
1097.985352	78.628227
1096.877930	173.391296
1095.769531	340.276093
1094.661133	216.036713
1093.552734	-29.971811
1092.444336	344.197449
1091.335938	10.282354
1090.226563	136.264297
1089.117188	126.954071
1088.006836	297.829102
1086.897461	128.495926
1085.787109	98.808159
1084.676758	165.904846
1083.566406	208.174316
1082.455078	160.363373
1081.343750	330.771332
1080.232422	327.864624
1079.121094	223.724930
1078.008789	148.807999
1076.896484	121.090973
1075.784180	97.841087
1074.671875	310.477966
1073.558594	24.287273
1072.445313	18.910385
1071.332031	76.362602
1070.217773	149.447144
1069.104492	179.832047
1067.990234	-108.467781
1066.875977	25.054407
1065.760742	-72.542404
1064.645508	-64.753365
1063.530273	229.932999
1062.415039	-94.135941
1061.299805	155.522003
1060.183594	73.457870
1059.067383	-35.487339
1057.951172	216.082611
1056.833984	-9.361352
1055.716797	-51.216431
1054.599609	43.401936
1053.482422	198.335358
1052.364258	84.740181
1051.247070	302.115601
1050.128906	154.922974
1049.009766	85.966682
1047.891602	-9.808512
1046.772461	88.771431
1045.653320	178.327271
1044.533203	173.987869
1043.414063	-58.108383
1042.293945	113.852951
1041.173828	334.783844
1040.052734	187.420441
1038.932617	-0.057507
1037.811523	104.627106
1036.689453	-192.119614
1035.568359	43.981880
1034.446289	135.058167
1033.324219	-79.199203
1032.202148	-115.202339
1031.079102	-133.433990
1029.957031	-100.481369
1028.833984	-107.673286
1027.709961	-134.955109
1026.586914	-309.109131
1025.462891	-280.815857
1024.338867	-56.867741
1023.214844	0.166948
1022.089844	43.776012
1020.964844	-148.268402
1019.839844	28.578783
1018.714844	-85.715485
1017.588867	153.115799
1016.462891	-241.043671
1015.336914	2.060185
1014.210938	-72.377090
1013.083984	-173.467453
1011.957031	-81.553627
1010.830078	130.042404
1009.702148	-15.527707
1008.574219	89.438400
1007.446289	-84.961304
1006.318359	305.736389
1005.190430	253.127518
1004.061523	311.226959
1002.932617	340.471680
1001.802734	179.245667
1000.673828	248.260635
999.543945	-1.471728
998.414063	262.141998
997.283203	627.325623
996.153320	656.185669
995.022461	861.844971
993.891602	941.379578
992.759766	1456.165649
991.628906	1745.337158
990.497070	2131.511230
989.364258	2917.164551
988.232422	3640.617676
987.099609	4279.807129
985.966797	4488.334473
984.833984	4306.210938
983.700195	4598.370605
982.566406	4200.096680
981.432617	3881.343506
980.298828	3441.465088
979.164063	3327.903809
978.029297	2557.777588
976.894531	2129.405029
975.759766	1683.582397
974.624023	1392.040894
973.488281	946.515381
972.352539	886.299805
971.215820	722.656982
970.080078	488.686920
968.943359	529.689697
967.805664	693.761963
966.668945	402.714813
965.531250	333.733093
964.393555	326.286438
963.254883	373.721558
962.117188	412.347900
960.978516	356.504517
959.839844	500.434570
958.700195	290.916534
957.561523	213.146622
956.421875	130.995209
955.281250	426.082550
954.141602	427.216248
953.000977	215.678864
951.860352	-96.591034
950.719727	334.089386
949.578125	300.121735
948.436523	167.604874
947.294922	188.418884
946.153320	55.979084
945.010742	39.579777
943.868164	58.198734
942.725586	175.251297
941.583008	1.359874
940.439453	173.027832
939.295898	104.141190
938.152344	133.646591
937.007813	99.758446
935.863281	-89.213394
934.718750	84.474632
933.574219	-14.859661
932.428711	53.949429
931.283203	22.338688
930.137695	69.315414
928.992188	20.293173
927.845703	82.533508
926.699219	98.971214
925.552734	100.162468
924.405273	168.927536
923.257813	-2.017582
922.110352	95.109886
920.962891	13.614208
919.814453	250.098999
918.666016	-12.047917
917.517578	54.620316
916.369141	-155.070511
915.219727	-81.819336
914.070313	69.738121
912.920898	49.470631
911.770508	48.804405
910.621094	-186.549561
909.470703	212.767441
908.319336	88.341133
907.168945	11.819767
906.017578	-10.343912
904.866211	175.973831
903.713867	60.535534
902.562500	10.319118
901.410156	-22.478104
900.256836	22.868328
899.104492	-124.734291
897.951172	148.376541
896.797852	-59.769562
895.644531	-38.051804
894.490234	50.868984
893.335938	-52.962124
892.181641	174.649857
891.027344	-35.107880
889.872070	153.559158
888.716797	298.934052
887.561523	-5.696402
886.405273	109.503502
885.249023	285.277588
884.092773	365.922333
882.936523	92.122955
881.779297	155.637329
880.622070	346.677673
879.464844	300.116638
878.307617	180.240952
877.149414	207.310715
875.991211	-33.194611
874.833008	-29.640711
873.673828	446.484711
872.514648	402.649109
871.355469	175.631302
870.196289	196.756943
869.036133	226.581635
867.875977	321.146606
866.715820	165.849716
865.554688	447.979248
864.394531	193.877029
863.233398	566.508789
862.071289	396.639923
860.910156	440.019745
859.748047	302.755219
858.585938	385.068237
857.422852	667.441040
856.259766	728.353027
855.096680	509.922668
853.933594	588.270264
852.770508	426.074615
851.606445	354.279327
850.442383	621.941284
849.277344	374.320618
848.113281	270.763672
846.948242	266.086517
845.783203	368.810364
844.617188	332.183929
843.451172	538.028931
842.285156	660.293457
841.119141	319.644501
839.952148	234.289917
838.785156	294.797028
837.618164	363.977081
836.451172	433.260468
835.283203	466.240265
834.115234	426.567108
832.947266	421.290375
831.778320	287.776855
830.609375	468.889557
829.440430	596.597656
828.271484	658.108704
827.101563	657.736938
825.931641	792.133850
824.761719	922.336853
823.590820	695.906555
822.420898	843.437317
821.250000	485.050232
820.078125	417.249725
818.907227	390.178009
817.735352	416.589661
816.562500	598.830750
815.390625	531.640198
814.217773	690.603271
813.044922	534.180176
811.872070	646.472107
810.698242	537.280945
809.524414	268.536926
808.350586	568.626404
807.176758	655.822327
806.001953	549.421021
804.827148	328.301178
803.651367	37.214245
802.476563	297.294373
801.300781	297.957123
800.125000	445.449738
798.948242	291.189972
797.772461	379.392731
796.595703	93.779091
795.417969	52.686329
794.241211	177.385208
793.063477	210.866806
791.885742	259.322510
790.707031	4.441936
789.529297	125.318977
788.350586	-120.665924
787.170898	83.132767
785.992188	-124.309113
784.812500	-7.249255
783.632813	-46.925167
782.452148	57.593445
781.272461	-100.439323
780.091797	429.901154
778.911133	32.870846
777.729492	8.644450
776.547852	96.694466
775.366211	-250.976974
774.184570	-213.440063
773.001953	-224.447632
771.819336	43.708572
770.636719	1.159432
769.453125	-159.593857
768.269531	-100.466446
767.085938	161.484909
765.902344	-11.556316
764.717773	60.456215
763.533203	-27.867767
762.348633	16.873873
761.163086	-159.817307
759.977539	133.978653
758.791992	111.443115
757.606445	219.700760
756.419922	-34.506401
755.233398	42.291992
754.046875	237.097534
752.859375	84.388741
751.672852	-139.759216
750.485352	42.540764
749.296875	216.405655
748.108398	171.434311
746.919922	-142.707626
745.731445	210.032211
744.542969	83.282394
743.353516	11.301184
742.164063	107.536804
740.973633	-65.156639
739.783203	-136.891525
738.592773	1.466673
737.402344	78.917770
736.211914	192.063171
735.020508	183.480026
733.829102	376.356689
732.636719	139.174820
731.444336	346.728271
730.251953	21.681257
729.059570	237.617905
727.866211	46.936264
726.673828	195.784546
725.479492	334.116272
724.286133	-13.423468
723.091797	179.381500
721.897461	135.597000
720.703125	-46.256611
719.507813	-4.141780
718.312500	44.251740
717.117188	132.374390
715.921875	337.553711
714.725586	107.904015
713.529297	-226.101791
712.332031	-68.972092
711.135742	12.909265
709.938477	101.039757
708.740234	136.955017
707.542969	197.922028
706.344727	6.394067
705.146484	96.616684
703.948242	368.276703
702.749023	352.076599
701.549805	242.102402
700.350586	365.641296
699.150391	189.097794
697.950195	164.750076
696.750000	323.733826
695.549805	87.056160
694.348633	200.271317
693.147461	49.162548
691.946289	276.874634
690.744141	165.455215
689.541992	528.340820
688.339844	296.446838
687.136719	748.658203
685.934570	629.205078
684.730469	287.571594
683.527344	457.208984
682.323242	425.418549
681.119141	157.051529
679.915039	387.127991
678.710938	73.486908
677.505859	245.640625
676.300781	197.981079
675.094727	-25.776810
673.889648	161.264252
672.683594	168.060028
671.476563	9.254099
670.270508	165.654892
669.063477	50.851852
667.856445	286.316467
666.648438	153.388382
665.440430	-192.409073
664.232422	-70.075165
663.024414	-36.463894
661.815430	-85.284386
660.606445	-150.290421
659.397461	62.127361
658.188477	-227.448212
656.978516	122.051727
655.768555	48.281979
654.557617	-33.264172
653.346680	15.791997
652.135742	-9.004999
650.924805	-16.756142
649.712891	-199.347305
648.501953	136.532745
647.289063	12.933818
646.077148	77.666275
644.864258	171.907043
643.651367	134.897461
642.438477	203.729919
641.224609	85.848755
640.010742	220.098969
638.796875	40.094322
637.582031	56.642593
636.367188	-4.096598
635.152344	53.447765
633.937500	171.635223
632.721680	-71.119865
631.505859	-35.074963
630.289063	-92.431839
629.073242	-25.264372
627.856445	339.019470
626.639648	-61.758736
625.421875	-52.276310
624.204102	-162.508972
622.986328	149.599197
621.768555	64.976990
620.549805	49.736588
619.331055	83.358253
618.111328	260.234314
616.892578	86.164734
