1721.000977	-264.013275
1720.027344	194.124023
1719.052734	6.537017
1718.078125	-2.285416
1717.104492	106.016472
1716.128906	-127.691658
1715.154297	-98.007950
1714.178711	74.437859
1713.204102	-2.564340
1712.228516	150.365540
1711.251953	48.882645
1710.276367	67.167488
1709.299805	77.111153
1708.324219	-100.472992
1707.347656	-50.748726
1706.370117	-4.181548
1705.393555	108.362579
1704.416016	-99.460472
1703.438477	17.147810
1702.460938	107.660271
1701.483398	-119.353264
1700.505859	-45.069710
1699.527344	-17.243837
1698.548828	61.282314
1697.570313	-98.175911
1696.591797	153.286072
1695.612305	138.724121
1694.632813	128.956512
1693.653320	-24.049433
1692.673828	95.783371
1691.694336	-124.042732
1690.713867	168.683212
1689.734375	-82.165024
1688.753906	-22.068977
1687.772461	-250.297516
1686.791992	-198.247543
1685.810547	-161.709885
1684.830078	213.502350
1683.848633	-78.981384
1682.866211	-12.431107
1681.884766	-119.167168
1680.902344	56.558868
1679.919922	59.030178
1678.937500	76.660110
1677.955078	173.049133
1676.971680	-0.315869
1675.989258	116.225082
1675.005859	47.032219
1674.022461	31.184910
1673.038086	122.009239
1672.054688	-206.472458
1671.070313	-77.621407
1670.085938	-80.925758
1669.101563	17.314417
1668.117188	-97.759857
1667.131836	89.225304
1666.146484	222.832458
1665.161133	39.238907
1664.175781	-106.228943
1663.189453	83.115250
1662.204102	244.516739
1661.217773	61.086964
1660.231445	-297.126770
1659.245117	54.340408
1658.257813	-63.014732
1657.270508	-122.033318
1656.284180	74.793732
1655.295898	18.355322
1654.308594	63.250866
1653.321289	-190.463226
1652.333008	72.129799
1651.344727	5.793828
1650.356445	194.986053
1649.367188	20.002768
1648.378906	-94.161842
1647.389648	229.039658
1646.400391	-122.574303
1645.411133	-198.587357
1644.420898	240.787552
1643.431641	101.711220
1642.441406	-1.912558
1641.451172	43.512943
1640.459961	-27.137560
1639.469727	-95.154533
1638.478516	172.448898
1637.487305	162.544144
1636.496094	-16.255346
1635.504883	261.441193
1634.512695	85.329529
1633.520508	47.969826
1632.528320	124.077728
1631.536133	227.929367
1630.543945	334.320282
1629.550781	216.598541
1628.557617	302.917297
1627.564453	303.681244
1626.571289	797.756958
1625.578125	544.418213
1624.583984	603.155579
1623.589844	1056.786621
1622.595703	637.759705
1621.601563	1116.450928
1620.606445	1049.568604
1619.611328	1048.105591
1618.616211	958.766113
1617.621094	1248.808716
1616.625977	956.154114
1615.629883	1494.735596
1614.633789	1079.236938
1613.637695	1020.346191
1612.641602	871.197083
1611.645508	1364.387817
1610.648438	1202.765869
1609.651367	1018.688416
1608.654297	1148.124756
1607.657227	1097.071777
1606.659180	1574.853271
1605.662109	1391.018433
1604.664063	1412.697266
1603.666016	1507.037598
1602.666992	1533.750244
1601.668945	1352.712036
1600.669922	1459.607910
1599.670898	1446.374634
1598.671875	1150.461914
1597.671875	1437.508545
1596.672852	906.697754
1595.672852	1283.740112
1594.672852	1248.183594
1593.671875	937.727600
1592.671875	707.398743
1591.670898	614.578003
1590.669922	1063.818970
1589.668945	766.227661
1588.667969	710.957214
1587.666016	693.152588
1586.664063	478.215027
1585.662109	660.104187
1584.660156	195.830551
1583.658203	435.086243
1582.655273	143.116119
1581.652344	192.817459
1580.649414	227.552368
1579.646484	396.843170
1578.642578	244.657425
1577.638672	229.540970
1576.634766	304.088379
1575.630859	74.839615
1574.626953	191.707703
1573.622070	54.652596
1572.618164	149.081421
1571.613281	46.917156
1570.607422	429.797516
1569.602539	310.201965
1568.596680	-20.690619
1567.590820	-43.222923
1566.584961	90.813187
1565.579102	63.282131
1564.572266	-212.672272
1563.566406	-56.357544
1562.559570	-121.127808
1561.551758	-163.552139
1560.544922	47.214401
1559.537109	41.973988
1558.530273	143.419281
1557.521484	-82.645508
1556.513672	-25.896835
1555.505859	-90.680893
1554.497070	119.697144
1553.488281	-254.935104
1552.479492	-163.581985
1551.470703	76.359581
1550.460938	-149.477982
1549.451172	3.639328
1548.441406	191.338135
1547.431641	-17.106468
1546.421875	-49.774849
1545.411133	-37.923191
1544.400391	-35.989166
1543.389648	22.808283
1542.378906	-111.308357
1541.367188	-176.179199
1540.355469	100.045349
1539.343750	148.789032
1538.332031	-205.215820
1537.320313	-191.047333
1536.307617	94.735680
1535.294922	-118.372475
1534.282227	19.124348
1533.269531	20.802366
1532.256836	76.745651
1531.243164	122.762665
1530.229492	35.552979
1529.215820	140.706573
1528.202148	-180.723618
1527.187500	-73.157608
1526.172852	100.885536
1525.158203	-277.070496
1524.143555	-80.925812
1523.127930	161.897644
1522.113281	-134.628464
1521.097656	221.313889
1520.082031	-92.378166
1519.065430	-339.526886
1518.049805	193.320038
1517.033203	-34.138565
1516.016602	-293.485870
1515.000000	-171.645279
1513.982422	-84.296417
1512.965820	-58.426315
1511.948242	-27.679825
1510.930664	-60.831436
1509.913086	-108.718521
1508.894531	287.846527
1507.875977	33.645901
1506.857422	22.539553
1505.838867	396.707733
1504.820313	120.531883
1503.800781	131.447723
1502.781250	250.259003
1501.761719	118.913628
1500.742188	-161.919800
1499.721680	-50.510628
1498.702148	305.898560
1497.681641	194.211807
1496.661133	-61.942795
1495.639648	326.034607
1494.618164	243.768188
1493.597656	205.610626
1492.576172	120.952393
1491.553711	310.352814
1490.532227	220.815384
1489.509766	199.781433
1488.487305	-192.913940
1487.464844	-62.277805
1486.442383	112.301903
1485.418945	-87.084579
1484.395508	-130.020111
1483.372070	274.068298
1482.348633	172.472458
1481.324219	-12.100189
1480.300781	220.847855
1479.276367	99.812828
1478.251953	54.477459
1477.226563	216.516083
1476.202148	-75.146202
1475.176758	208.797531
1474.151367	97.680328
1473.125000	196.229340
1472.099609	58.381237
1471.073242	288.491943
1470.046875	255.441254
1469.020508	-64.955597
1467.994141	242.997467
1466.966797	156.455444
1465.939453	164.889877
1464.912109	353.405029
1463.884766	118.548492
1462.856445	246.211731
1461.829102	232.813309
1460.800781	226.719376
1459.772461	497.758698
1458.743164	469.772034
1457.714844	611.914001
1456.685547	530.521729
1455.656250	495.333984
1454.625977	319.339996
1453.596680	662.977417
1452.566406	656.976135
1451.536133	578.205566
1450.505859	659.621460
1449.474609	529.992615
1448.444336	419.861664
1447.413086	404.353302
1446.381836	335.555573
1445.350586	383.146851
1444.318359	433.161591
1443.286133	420.201385
1442.253906	266.807831
1441.221680	128.044052
1440.189453	11.160609
1439.156250	371.176483
1438.123047	193.853226
1437.089844	210.195236
1436.056641	98.367149
1435.022461	44.651741
1433.988281	143.323990
1432.954102	70.360970
1431.919922	72.392067
1430.885742	91.376755
1429.850586	269.822601
1428.815430	35.221115
1427.780273	34.994598
1426.744141	-23.144184
1425.708984	-59.480736
1424.672852	-93.355576
1423.636719	27.240078
1422.600586	58.576138
1421.563477	-189.823914
1420.527344	133.386703
1419.490234	15.342504
1418.452148	-8.622059
1417.415039	-196.371475
1416.376953	-188.870590
1415.338867	-17.540796
1414.300781	170.618195
1413.262695	0.018776
1412.224609	-117.506767
1411.185547	-244.571289
1410.146484	-217.547684
1409.107422	-7.668132
1408.067383	-76.820770
1407.027344	200.349854
1405.987305	-140.367035
1404.947266	122.376411
1403.907227	-105.142311
1402.866211	39.850986
1401.826172	-7.308768
1400.785156	245.764557
1399.743164	88.217720
1398.702148	12.412644
1397.660156	267.858795
1396.618164	307.307404
1395.576172	157.282028
1394.533203	458.242676
1393.491211	461.808502
1392.448242	772.266785
1391.405273	809.411438
1390.361328	839.392151
1389.318359	1164.097046
1388.274414	1421.636108
1387.230469	1406.119385
1386.186523	1512.765625
1385.141602	1676.853516
1384.097656	1716.487549
1383.052734	1847.067017
1382.007813	1654.701904
1380.961914	1904.913086
1379.916992	1605.117188
1378.871094	1881.630005
1377.825195	1637.031738
1376.778320	1289.829834
1375.732422	1284.471802
1374.685547	1037.914307
1373.638672	1261.956055
1372.591797	819.831299
1371.543945	922.174805
1370.497070	900.437012
1369.449219	783.309753
1368.400391	802.244080
1367.352539	854.617859
1366.303711	709.099792
1365.255859	635.219788
1364.206055	675.807434
1363.157227	633.032654
1362.108398	878.592957
1361.058594	871.607971
1360.008789	612.248596
1358.958984	617.321167
1357.908203	743.830139
1356.857422	708.500977
1355.806641	666.095093
1354.755859	609.481201
1353.705078	912.059448
1352.653320	425.121521
1351.601563	642.111389
1350.549805	668.909546
1349.498047	498.513641
1348.445313	406.625763
1347.393555	490.596466
1346.340820	500.949493
1345.287109	466.221741
1344.234375	189.446991
1343.180664	133.528198
1342.126953	300.705688
1341.073242	-8.946796
1340.019531	246.023483
1338.964844	149.988892
1337.910156	359.845795
1336.855469	34.011692
1335.799805	66.154030
1334.745117	200.202286
1333.689453	293.956604
1332.633789	32.502563
1331.578125	244.704956
1330.521484	-54.430759
1329.464844	6.309792
1328.408203	-171.905899
1327.351563	257.921692
1326.294922	117.639725
1325.237305	-154.962921
1324.179688	-358.857635
1323.122070	-28.494144
1322.064453	-83.396362
1321.005859	-69.738174
1319.947266	-74.948181
1318.888672	11.969235
1317.830078	-75.822365
1316.770508	11.114579
1315.710938	-88.384979
1314.651367	137.780014
1313.591797	205.835648
1312.531250	-235.512833
1311.471680	-77.751648
1310.411133	-110.975578
1309.349609	-177.161591
1308.289063	8.838658
1307.227539	187.709869
1306.166016	100.388260
1305.104492	-149.347382
1304.042969	-222.380341
1302.980469	-184.739487
1301.917969	-281.223053
1300.855469	3.498523
1299.792969	-3.551809
1298.729492	-67.023865
1297.666016	-231.544144
1296.602539	15.394684
1295.539063	-17.420767
1294.474609	-36.106995
1293.411133	-66.502724
1292.346680	-5.277955
1291.281250	109.941910
1290.216797	30.288712
1289.151367	-161.977707
1288.085938	23.656561
1287.020508	178.728180
1285.955078	-93.136383
1284.888672	359.741547
1283.822266	298.989044
1282.755859	177.336197
1281.689453	210.425079
1280.622070	-288.350708
1279.554688	145.411285
1278.487305	87.187164
1277.419922	-167.677780
1276.351563	277.516754
1275.283203	184.231735
1274.214844	203.316360
1273.146484	142.865921
1272.077148	56.721416
1271.008789	138.994537
1269.939453	193.184158
1268.869141	132.825043
1267.799805	345.919464
1266.729492	168.757355
1265.659180	148.182449
1264.588867	272.418976
1263.517578	342.901794
1262.447266	-53.491943
1261.375977	96.398994
1260.304688	271.896759
1259.232422	258.367950
1258.161133	319.488495
1257.088867	378.253662
1256.016602	490.618408
1254.943359	456.097839
1253.871094	305.094360
1252.797852	242.685394
1251.724609	236.210648
1250.650391	539.454834
1249.577148	593.460815
1248.502930	707.960571
1247.428711	433.779968
1246.354492	680.893372
1245.279297	362.644165
1244.204102	442.221619
1243.128906	321.805084
1242.053711	408.335724
1240.977539	413.483124
1239.902344	258.307648
1238.826172	395.904663
1237.750000	198.992722
1236.672852	362.083191
1235.595703	25.970854
1234.518555	316.686676
1233.441406	519.095642
1232.364258	340.933868
1231.286133	297.376892
1230.208008	68.318985
1229.129883	233.504105
1228.051758	183.045319
1226.972656	53.809563
1225.893555	383.386505
1224.814453	-26.128380
1223.734375	118.038155
1222.655273	118.589027
1221.575195	274.233032
1220.495117	-125.651108
1219.415039	94.764519
1218.333984	194.776642
1217.252930	-151.640335
1216.171875	-56.246368
1215.090820	-37.188099
1214.008789	136.715958
1212.926758	12.440224
1211.844727	144.662262
1210.762695	108.208084
1209.679688	-147.625549
1208.597656	-91.655296
1207.513672	-61.115559
1206.430664	-129.822998
1205.347656	-96.982826
1204.263672	-50.327560
1203.179688	-68.271446
1202.095703	-249.920090
1201.010742	-7.336102
1199.925781	-73.695435
1198.840820	-100.859558
1197.755859	-137.232895
1196.670898	-76.858551
1195.584961	128.546570
1194.499023	-126.580177
1193.413086	53.415363
1192.326172	86.046768
1191.239258	35.833408
1190.152344	-242.078354
1189.065430	73.434387
1187.978516	129.000443
1186.890625	152.346252
1185.802734	-56.430679
1184.714844	-226.062881
1183.625977	128.101883
1182.538086	-13.950234
1181.449219	103.503349
1180.360352	269.105072
1179.270508	430.028625
1178.180664	246.693817
1177.090820	214.836853
1176.000977	412.342346
1174.911133	302.485565
1173.820313	355.432434
1172.729492	424.393707
1171.638672	403.945465
1170.547852	305.605133
1169.456055	51.542511
1168.364258	230.388306
1167.272461	180.200974
1166.179688	496.251862
1165.087891	340.740051
1163.995117	432.380219
1162.902344	782.449585
1161.808594	793.883545
1160.715820	1086.535522
1159.622070	924.149353
1158.528320	784.680054
1157.433594	663.535645
1156.339844	905.655457
1155.245117	243.240433
1154.149414	295.796234
1153.054688	439.635345
1151.958984	435.042572
1150.863281	291.250244
1149.767578	528.490601
1148.671875	583.148193
1147.575195	332.203278
1146.478516	197.626404
1145.381836	291.028687
1144.285156	220.304474
1143.187500	113.138985
1142.089844	356.786041
1140.992188	131.196564
1139.894531	-242.293686
1138.795898	126.416451
1137.697266	85.317131
1136.598633	89.728439
1135.499023	25.874561
1134.400391	-115.283455
1133.300781	-160.902466
1132.201172	266.308472
1131.100586	156.954330
1130.000977	-131.863144
1128.900391	-88.910278
1127.799805	-34.634403
1126.698242	-548.069275
1125.596680	62.427692
1124.495117	-273.800079
1123.393555	243.295929
1122.291992	0.154900
1121.189453	267.424652
1120.086914	772.655945
1118.984375	726.737122
1117.881836	868.947205
1116.778320	881.900696
1115.674805	897.095642
1114.571289	724.262146
1113.466797	678.296082
1112.363281	564.414551
1111.258789	556.942627
1110.153320	888.901306
1109.048828	652.802917
1107.943359	826.206726
1106.837891	687.421326
1105.732422	636.854614
1104.625977	581.759460
1103.520508	608.033142
1102.414063	299.859680
1101.306641	486.510101
1100.200195	336.545654
1099.092773	184.357361
1097.985352	260.216858
1096.877930	557.195984
1095.769531	217.692123
1094.661133	-130.710602
1093.552734	251.774490
1092.444336	90.623535
1091.335938	-2.849470
1090.226563	102.026131
1089.117188	141.475220
1088.006836	198.894958
1086.897461	231.487640
1085.787109	185.214066
1084.676758	348.305023
1083.566406	121.892853
1082.455078	165.585526
1081.343750	467.957642
1080.232422	405.766510
1079.121094	606.683594
1078.008789	521.929932
1076.896484	470.898590
1075.784180	527.723877
1074.671875	321.612274
1073.558594	351.411804
1072.445313	298.064392
1071.332031	262.667206
1070.217773	157.652115
1069.104492	-48.340343
1067.990234	232.610687
1066.875977	407.962952
1065.760742	47.169643
1064.645508	96.829193
1063.530273	72.446922
1062.415039	-99.885887
1061.299805	-153.427582
1060.183594	79.753433
1059.067383	-79.164223
1057.951172	70.953705
1056.833984	-184.250381
1055.716797	35.111244
1054.599609	84.262672
1053.482422	5.826426
1052.364258	236.030716
1051.247070	150.792526
1050.128906	-44.011307
1049.009766	183.661560
1047.891602	-4.455265
1046.772461	185.024612
1045.653320	-206.375992
1044.533203	43.248631
1043.414063	-82.363678
1042.293945	-181.194031
1041.173828	19.003246
1040.052734	129.805557
1038.932617	-62.849674
1037.811523	-63.693871
1036.689453	2.287996
1035.568359	-27.655848
1034.446289	-106.680885
1033.324219	128.431519
1032.202148	-260.336639
1031.079102	54.755802
1029.957031	2.273961
1028.833984	5.401793
1027.709961	-227.447189
1026.586914	-235.512283
1025.462891	-123.516029
1024.338867	-189.553818
1023.214844	-237.835007
1022.089844	-197.241776
1020.964844	85.523254
1019.839844	-58.524654
1018.714844	10.694242
1017.588867	53.157005
1016.462891	-130.950104
1015.336914	26.839411
1014.210938	-39.673962
1013.083984	100.135132
1011.957031	-168.380783
1010.830078	206.365921
1009.702148	241.600098
1008.574219	336.610016
1007.446289	1052.112305
1006.318359	1674.151489
1005.190430	2180.641846
1004.061523	2429.893555
1002.932617	1810.918091
1001.802734	1331.623535
1000.673828	230.527222
999.543945	404.480682
998.414063	-30.115892
997.283203	128.192459
996.153320	343.866730
995.022461	223.312927
993.891602	522.714722
992.759766	379.933136
991.628906	539.839844
990.497070	626.703796
989.364258	832.700684
988.232422	857.503357
987.099609	1136.060059
985.966797	1222.428223
984.833984	1160.865601
983.700195	1520.567017
982.566406	1494.103760
981.432617	1178.757080
980.298828	1293.328125
979.164063	850.206787
978.029297	728.904053
976.894531	682.486511
975.759766	596.382263
974.624023	464.004669
973.488281	523.132446
972.352539	296.068695
971.215820	53.632950
970.080078	273.205048
968.943359	283.673584
967.805664	276.470520
966.668945	124.138214
965.531250	217.947830
964.393555	146.860321
963.254883	124.062241
962.117188	171.504578
960.978516	-62.199940
959.839844	351.736084
958.700195	205.756973
957.561523	413.070038
956.421875	394.264282
955.281250	520.152893
954.141602	619.627197
953.000977	444.963470
951.860352	822.635193
950.719727	658.854309
949.578125	661.578552
948.436523	156.127350
947.294922	478.556396
946.153320	277.575714
945.010742	437.758362
943.868164	173.316559
942.725586	127.716232
941.583008	145.519089
940.439453	126.085320
939.295898	272.766022
938.152344	82.746048
937.007813	124.389450
935.863281	8.678413
934.718750	-113.569351
933.574219	98.299843
932.428711	13.118855
931.283203	421.217712
930.137695	93.718948
928.992188	-15.497090
927.845703	84.683746
926.699219	-118.316513
925.552734	182.357178
924.405273	-11.915368
923.257813	-145.106522
922.110352	129.140793
920.962891	261.664185
919.814453	-289.668213
918.666016	376.231964
917.517578	186.409363
916.369141	59.768108
915.219727	-121.227859
914.070313	-34.613125
912.920898	-43.729622
911.770508	-235.482452
910.621094	107.561356
909.470703	-8.085991
908.319336	-227.973343
907.168945	17.074535
906.017578	99.132423
904.866211	-226.998154
903.713867	-92.827568
902.562500	141.127991
901.410156	-124.023293
900.256836	62.113289
899.104492	-150.822266
897.951172	-142.510651
896.797852	24.044989
895.644531	21.518658
894.490234	-15.658269
893.335938	-59.289742
892.181641	-16.250534
891.027344	-55.470089
889.872070	-29.716063
888.716797	35.016121
887.561523	45.666199
886.405273	129.884628
885.249023	-464.925629
884.092773	-99.479134
882.936523	8.624834
881.779297	134.003769
880.622070	99.499901
879.464844	103.945610
878.307617	78.212326
877.149414	-148.246292
875.991211	-78.826447
874.833008	171.897964
873.673828	29.894491
872.514648	-301.787964
871.355469	-46.680298
870.196289	393.797913
869.036133	15.048034
867.875977	-130.707443
866.715820	55.475170
865.554688	207.179108
864.394531	246.926407
863.233398	153.248535
862.071289	290.007355
860.910156	379.462646
859.748047	456.048706
858.585938	334.807617
857.422852	452.414917
856.259766	247.570663
855.096680	229.931351
853.933594	395.065491
852.770508	343.236908
851.606445	433.299255
850.442383	164.801666
849.277344	-15.437190
848.113281	263.875366
846.948242	358.614899
845.783203	354.738220
844.617188	12.074072
843.451172	231.541885
842.285156	73.698196
841.119141	-107.521584
839.952148	-59.239582
838.785156	-36.556477
837.618164	-146.550659
836.451172	73.426033
835.283203	-141.183777
834.115234	211.665085
832.947266	53.042492
831.778320	48.668671
830.609375	87.219131
829.440430	264.898376
828.271484	179.672562
827.101563	-33.618633
825.931641	321.769897
824.761719	286.171356
823.590820	374.618958
822.420898	384.176544
821.250000	462.194672
820.078125	329.014526
818.907227	368.909851
817.735352	223.329514
816.562500	235.805862
815.390625	506.471008
814.217773	195.137726
813.044922	250.722733
811.872070	248.908127
810.698242	53.378292
809.524414	156.297409
808.350586	108.138313
807.176758	-56.926987
806.001953	197.547882
804.827148	177.562134
803.651367	-20.963139
802.476563	135.975266
801.300781	233.457901
800.125000	99.326859
798.948242	216.224136
797.772461	-21.637611
796.595703	-14.917279
795.417969	342.414093
794.241211	281.417694
793.063477	468.991791
791.885742	181.205353
790.707031	419.956543
789.529297	295.984802
788.350586	471.280884
787.170898	328.574249
785.992188	557.085571
784.812500	474.075745
783.632813	230.213623
782.452148	367.938629
781.272461	166.868500
780.091797	-50.903301
778.911133	-56.730267
777.729492	168.282166
776.547852	116.131660
775.366211	172.032578
774.184570	-101.900383
773.001953	-132.405441
771.819336	59.203640
770.636719	-410.679474
769.453125	-244.203125
768.269531	-231.898529
767.085938	-120.216057
765.902344	88.655540
764.717773	-194.326630
763.533203	-266.014893
762.348633	-299.586548
761.163086	50.893959
759.977539	25.898012
758.791992	-285.750061
757.606445	-152.368591
756.419922	-212.856003
755.233398	-115.206497
754.046875	117.294540
752.859375	-195.706451
751.672852	-64.218124
750.485352	151.474472
749.296875	181.925629
748.108398	142.985977
746.919922	266.090393
745.731445	389.183441
744.542969	161.133453
743.353516	277.969421
742.164063	197.234848
740.973633	68.241859
739.783203	279.627533
738.592773	-31.988155
737.402344	137.362457
736.211914	-27.114738
735.020508	-55.101871
733.829102	114.143318
732.636719	172.130051
731.444336	292.989227
730.251953	185.244965
729.059570	-140.465286
727.866211	97.670341
726.673828	-148.311554
725.479492	-126.101814
724.286133	-196.088165
723.091797	186.133621
721.897461	-271.223267
720.703125	-209.447006
719.507813	132.582840
718.312500	114.618828
717.117188	-30.966875
715.921875	-57.395733
714.725586	-31.639019
713.529297	-49.865505
712.332031	-36.837414
711.135742	-23.908558
709.938477	64.086708
708.740234	74.693016
707.542969	488.014526
706.344727	692.357483
705.146484	1130.144531
703.948242	1525.891846
702.749023	1593.949463
701.549805	1509.668457
700.350586	1404.456543
699.150391	957.435242
697.950195	620.904236
696.750000	426.025909
695.549805	408.095673
694.348633	94.429268
693.147461	101.286980
691.946289	245.334412
690.744141	253.956421
689.541992	66.940125
688.339844	160.575348
687.136719	166.722443
685.934570	66.738853
684.730469	164.059357
683.527344	352.605469
682.323242	266.795410
681.119141	-147.155777
679.915039	204.949509
678.710938	301.508636
677.505859	416.582733
676.300781	8.764640
675.094727	-7.000599
673.889648	493.421600
672.683594	4.765642
671.476563	131.760925
670.270508	283.497772
669.063477	-68.236626
667.856445	-98.857437
666.648438	152.077759
665.440430	152.419373
664.232422	144.482193
663.024414	93.115189
661.815430	-69.895561
660.606445	127.036743
659.397461	113.061028
658.188477	357.544128
656.978516	283.778748
655.768555	332.066925
654.557617	-187.528442
653.346680	185.369354
652.135742	-184.927261
650.924805	21.030220
649.712891	90.951408
648.501953	-333.997162
647.289063	272.825378
646.077148	-565.771667
644.864258	-389.315521
643.651367	102.814995
642.438477	-156.934555
641.224609	-43.194786
640.010742	254.329666
638.796875	142.534988
637.582031	-104.446587
636.367188	93.909286
635.152344	66.557411
633.937500	173.700668
632.721680	437.925171
631.505859	3.822019
630.289063	345.846558
629.073242	536.621765
627.856445	631.805603
626.639648	510.327698
625.421875	595.480774
624.204102	419.053284
622.986328	-16.644577
621.768555	413.256683
620.549805	155.084488
619.331055	179.628372
618.111328	-56.656559
616.892578	-63.520519
