1721.000977	101.759415
1720.027344	121.378593
1719.052734	231.874222
1718.078125	53.234329
1717.104492	229.588837
1716.128906	91.349861
1715.154297	-71.437363
1714.178711	325.788086
1713.204102	-16.744741
1712.228516	-211.893982
1711.251953	-244.332520
1710.276367	-201.163391
1709.299805	-302.671021
1708.324219	53.043617
1707.347656	299.942444
1706.370117	-71.180969
1705.393555	135.145401
1704.416016	87.091942
1703.438477	22.767006
1702.460938	-9.197812
1701.483398	62.812218
1700.505859	-234.132355
1699.527344	94.364830
1698.548828	365.758392
1697.570313	288.889008
1696.591797	-199.837448
1695.612305	33.605080
1694.632813	90.169876
1693.653320	153.783234
1692.673828	-125.153038
1691.694336	455.328308
1690.713867	91.198776
1689.734375	219.006500
1688.753906	124.440826
1687.772461	-110.758568
1686.791992	-53.106159
1685.810547	-105.468353
1684.830078	-84.230965
1683.848633	-7.333754
1682.866211	-149.822098
1681.884766	-175.379211
1680.902344	256.980835
1679.919922	-66.966927
1678.937500	-9.328547
1677.955078	-414.929565
1676.971680	-29.575514
1675.989258	152.052628
1675.005859	218.996750
1674.022461	-42.131130
1673.038086	11.805757
1672.054688	-168.105530
1671.070313	-10.224888
1670.085938	-228.383591
1669.101563	10.540395
1668.117188	-42.647896
1667.131836	160.446274
1666.146484	-405.490692
1665.161133	61.387726
1664.175781	-35.068611
1663.189453	-63.064583
1662.204102	152.408203
1661.217773	-9.961125
1660.231445	398.011078
1659.245117	-103.850945
1658.257813	230.519363
1657.270508	316.562134
1656.284180	-96.220627
1655.295898	-30.340067
1654.308594	15.359914
1653.321289	-75.559769
1652.333008	33.477406
1651.344727	190.608246
1650.356445	11.368551
1649.367188	-10.978330
1648.378906	186.760376
1647.389648	381.938721
1646.400391	-115.296730
1645.411133	317.557098
1644.420898	181.922867
1643.431641	349.553406
1642.441406	24.802553
1641.451172	427.342407
1640.459961	393.142059
1639.469727	-19.407003
1638.478516	153.596115
1637.487305	99.634590
1636.496094	250.072754
1635.504883	226.598923
1634.512695	117.502129
1633.520508	222.787720
1632.528320	570.045898
1631.536133	461.296265
1630.543945	697.773315
1629.550781	193.890869
1628.557617	954.188049
1627.564453	893.707397
1626.571289	1137.874146
1625.578125	1218.511963
1624.583984	1150.776855
1623.589844	1392.534668
1622.595703	1729.851074
1621.601563	1592.006104
1620.606445	1962.003662
1619.611328	1894.708740
1618.616211	1812.483398
1617.621094	2167.458984
1616.625977	2313.954102
1615.629883	1963.316895
1614.633789	1821.282471
1613.637695	1634.231812
1612.641602	1123.671143
1611.645508	1887.848511
1610.648438	2049.799805
1609.651367	2008.661621
1608.654297	1664.267822
1607.657227	2082.120361
1606.659180	1810.677368
1605.662109	2368.813965
1604.664063	2410.729004
1603.666016	2192.238281
1602.666992	2256.838623
1601.668945	1976.045410
1600.669922	2386.230225
1599.670898	2383.414795
1598.671875	1967.862915
1597.671875	1567.529175
1596.672852	1682.646362
1595.672852	1720.235474
1594.672852	1090.423584
1593.671875	883.286682
1592.671875	1138.600098
1591.670898	1191.479004
1590.669922	1039.573608
1589.668945	1304.823364
1588.667969	528.905884
1587.666016	744.296204
1586.664063	545.374756
1585.662109	186.897415
1584.660156	646.838745
1583.658203	435.728149
1582.655273	406.744141
1581.652344	305.513062
1580.649414	338.958923
1579.646484	78.372826
1578.642578	-7.699119
1577.638672	287.408417
1576.634766	-5.310167
1575.630859	-183.344849
1574.626953	221.236343
1573.622070	130.362686
1572.618164	275.975555
1571.613281	294.638428
1570.607422	-201.583740
1569.602539	488.637085
1568.596680	-81.963440
1567.590820	93.408844
1566.584961	211.561218
1565.579102	-177.191177
1564.572266	-123.621521
1563.566406	-293.558197
1562.559570	-38.827457
1561.551758	185.979874
1560.544922	-120.425613
1559.537109	-39.608116
1558.530273	-219.290634
1557.521484	151.718445
1556.513672	140.690536
1555.505859	-395.971161
1554.497070	-99.515678
1553.488281	-135.285339
1552.479492	-270.155823
1551.470703	-407.444214
1550.460938	-113.731331
1549.451172	-122.253891
1548.441406	-182.766327
1547.431641	-149.191010
1546.421875	181.342743
1545.411133	-339.440918
1544.400391	-197.044205
1543.389648	143.149765
1542.378906	25.750084
1541.367188	-54.553970
1540.355469	307.602661
1539.343750	-29.729401
1538.332031	-45.737728
1537.320313	-143.258331
1536.307617	-218.546951
1535.294922	279.019379
1534.282227	151.831345
1533.269531	-259.130463
1532.256836	191.239563
1531.243164	-293.599243
1530.229492	348.937164
1529.215820	182.368576
1528.202148	126.816383
1527.187500	187.107315
1526.172852	237.512985
1525.158203	295.287720
1524.143555	333.330353
1523.127930	-133.551666
1522.113281	-317.038177
1521.097656	117.434502
1520.082031	192.376358
1519.065430	-79.705757
1518.049805	-51.487785
1517.033203	35.719208
1516.016602	66.335426
1515.000000	72.357658
1513.982422	306.960938
1512.965820	0.824763
1511.948242	151.818069
1510.930664	96.400154
1509.913086	289.079651
1508.894531	169.801361
1507.875977	55.493343
1506.857422	483.695526
1505.838867	-10.977913
1504.820313	363.110687
1503.800781	77.175903
1502.781250	208.290268
1501.761719	27.974287
1500.742188	117.404732
1499.721680	209.237823
1498.702148	100.156372
1497.681641	446.780487
1496.661133	107.463806
1495.639648	309.476044
1494.618164	212.729370
1493.597656	57.335102
1492.576172	-281.543274
1491.553711	-187.205338
1490.532227	90.621071
1489.509766	-37.661976
1488.487305	81.107521
1487.464844	368.540070
1486.442383	602.117310
1485.418945	178.250076
1484.395508	-45.059940
1483.372070	371.727478
1482.348633	314.605713
1481.324219	15.802232
1480.300781	351.877289
1479.276367	124.050438
1478.251953	433.170685
1477.226563	-179.963898
1476.202148	82.839302
1475.176758	-164.098175
1474.151367	1.138893
1473.125000	-89.612152
1472.099609	-75.452148
1471.073242	243.272949
1470.046875	57.685143
1469.020508	-42.534748
1467.994141	220.141754
1466.966797	-55.260128
1465.939453	414.268005
1464.912109	314.258575
1463.884766	618.193054
1462.856445	542.597046
1461.829102	600.872009
1460.800781	355.243805
1459.772461	520.583557
1458.743164	693.178711
1457.714844	722.445923
1456.685547	691.005920
1455.656250	1155.100708
1454.625977	873.592285
1453.596680	878.763672
1452.566406	689.806580
1451.536133	1005.739929
1450.505859	618.045227
1449.474609	798.143250
1448.444336	857.019409
1447.413086	974.108337
1446.381836	802.764343
1445.350586	733.359497
1444.318359	605.881409
1443.286133	740.168518
1442.253906	968.940369
1441.221680	819.943970
1440.189453	566.996338
1439.156250	195.613068
1438.123047	506.885834
1437.089844	179.393494
1436.056641	338.320374
1435.022461	446.455627
1433.988281	-66.757851
1432.954102	360.684479
1431.919922	-103.775337
1430.885742	178.691452
1429.850586	57.663464
1428.815430	258.012665
1427.780273	-241.912720
1426.744141	-82.471344
1425.708984	233.919022
1424.672852	-168.900742
1423.636719	-33.418667
1422.600586	-18.509314
1421.563477	109.808960
1420.527344	-316.371063
1419.490234	171.339294
1418.452148	-25.567078
1417.415039	59.662037
1416.376953	188.287003
1415.338867	177.260178
1414.300781	-332.136902
1413.262695	-193.583679
1412.224609	-293.286957
1411.185547	134.157639
1410.146484	328.135406
1409.107422	-339.040955
1408.067383	66.767487
1407.027344	176.754303
1405.987305	65.630508
1404.947266	14.739930
1403.907227	149.000595
1402.866211	86.282417
1401.826172	184.642639
1400.785156	285.442200
1399.743164	105.368874
1398.702148	376.768311
1397.660156	530.537109
1396.618164	43.719151
1395.576172	643.876709
1394.533203	814.556274
1393.491211	1249.047485
1392.448242	1295.072266
1391.405273	1969.126831
1390.361328	2099.023438
1389.318359	2161.910645
1388.274414	2356.580811
1387.230469	3035.002930
1386.186523	3217.633301
1385.141602	3208.765137
1384.097656	3683.448242
1383.052734	3667.507568
1382.007813	3768.887207
1380.961914	3475.681885
1379.916992	3515.088379
1378.871094	3487.615967
1377.825195	3027.646484
1376.778320	2849.922607
1375.732422	2856.351318
1374.685547	2232.271240
1373.638672	2219.895264
1372.591797	2131.218750
1371.543945	2355.356445
1370.497070	1536.608643
1369.449219	1873.107788
1368.400391	1959.056763
1367.352539	1725.500977
1366.303711	1313.280762
1365.255859	1747.652100
1364.206055	1662.297974
1363.157227	1653.346558
1362.108398	1272.835083
1361.058594	1964.402344
1360.008789	1596.052734
1358.958984	1606.508179
1357.908203	1759.845581
1356.857422	1556.228760
1355.806641	1098.200195
1354.755859	1430.219971
1353.705078	1683.697388
1352.653320	1468.705811
1351.601563	1384.639160
1350.549805	1174.727295
1349.498047	955.480835
1348.445313	957.336853
1347.393555	923.661316
1346.340820	1058.664795
1345.287109	1226.909058
1344.234375	438.584076
1343.180664	875.213135
1342.126953	656.877075
1341.073242	628.485046
1340.019531	946.434692
1338.964844	263.694672
1337.910156	534.302429
1336.855469	560.749268
1335.799805	336.058716
1334.745117	57.067577
1333.689453	237.749878
1332.633789	394.744171
1331.578125	241.588531
1330.521484	69.611687
1329.464844	-21.759018
1328.408203	227.674667
1327.351563	-383.971039
1326.294922	-82.408043
1325.237305	84.298141
1324.179688	-441.648163
1323.122070	311.314575
1322.064453	-230.869293
1321.005859	-260.136169
1319.947266	22.440702
1318.888672	184.520462
1317.830078	-38.233795
1316.770508	-72.027710
1315.710938	163.272186
1314.651367	231.008682
1313.591797	-255.553604
1312.531250	-364.541931
1311.471680	-107.954643
1310.411133	-32.959316
1309.349609	13.755749
1308.289063	-184.538605
1307.227539	-290.841614
1306.166016	-349.946136
1305.104492	-319.501526
1304.042969	75.881821
1302.980469	-152.614243
1301.917969	-157.419449
1300.855469	-138.648071
1299.792969	-216.289307
1298.729492	-291.520538
1297.666016	-129.209137
1296.602539	340.999390
1295.539063	56.647072
1294.474609	94.338028
1293.411133	-123.990257
1292.346680	-27.491877
1291.281250	275.613647
1290.216797	78.599464
1289.151367	-120.656967
1288.085938	-357.343750
1287.020508	126.339020
1285.955078	243.937317
1284.888672	145.750992
1283.822266	190.654297
1282.755859	676.236206
1281.689453	20.351395
1280.622070	182.459946
1279.554688	372.631348
1278.487305	686.868713
1277.419922	408.604736
1276.351563	694.631836
1275.283203	301.831818
1274.214844	711.817200
1273.146484	588.255127
1272.077148	665.899048
1271.008789	257.153870
1269.939453	468.124878
1268.869141	129.725464
1267.799805	473.868225
1266.729492	369.279724
1265.659180	346.501862
1264.588867	393.811218
1263.517578	469.113800
1262.447266	247.954865
1261.375977	183.252655
1260.304688	354.248169
1259.232422	207.910049
1258.161133	434.818512
1257.088867	708.259277
1256.016602	837.047424
1254.943359	539.249390
1253.871094	1169.031250
1252.797852	906.253052
1251.724609	951.042419
1250.650391	1035.395630
1249.577148	956.755798
1248.502930	1204.010620
1247.428711	864.717407
1246.354492	700.074707
1245.279297	989.090576
1244.204102	612.845825
1243.128906	636.691284
1242.053711	586.138306
1240.977539	723.843262
1239.902344	794.116638
1238.826172	827.174377
1237.750000	774.280701
1236.672852	561.170349
1235.595703	257.611572
1234.518555	193.248413
1233.441406	-61.372761
1232.364258	303.560089
1231.286133	696.145020
1230.208008	112.251831
1229.129883	147.649582
1228.051758	104.212845
1226.972656	58.457691
1225.893555	116.976563
1224.814453	-53.863777
1223.734375	85.683250
1222.655273	190.443573
1221.575195	533.567017
1220.495117	-171.889099
1219.415039	222.051361
1218.333984	-15.759485
1217.252930	-186.401062
1216.171875	63.872356
1215.090820	66.658051
1214.008789	617.202698
1212.926758	-38.764595
1211.844727	192.712936
1210.762695	-58.677582
1209.679688	24.865191
1208.597656	-189.461685
1207.513672	62.535576
1206.430664	23.646891
1205.347656	-17.549036
1204.263672	-199.469604
1203.179688	252.895676
1202.095703	-12.039463
1201.010742	103.475563
1199.925781	-124.482338
1198.840820	182.223236
1197.755859	686.896667
1196.670898	-89.247536
1195.584961	120.470901
1194.499023	-29.062502
1193.413086	109.159760
1192.326172	242.689011
1191.239258	245.000656
1190.152344	12.680316
1189.065430	1.208154
1187.978516	-408.025513
1186.890625	-173.504532
1185.802734	265.430084
1184.714844	373.289764
1183.625977	-38.073437
1182.538086	-10.610658
1181.449219	-281.687805
1180.360352	344.897095
1179.270508	743.957031
1178.180664	752.748718
1177.090820	376.111664
1176.000977	671.623657
1174.911133	627.616455
1173.820313	803.668457
1172.729492	596.852905
1171.638672	639.880371
1170.547852	433.145081
1169.456055	306.627747
1168.364258	551.120361
1167.272461	99.477989
1166.179688	632.243896
1165.087891	1070.936035
1163.995117	1676.410522
1162.902344	1981.936157
1161.808594	1436.552124
1160.715820	2462.155273
1159.622070	2147.722900
1158.528320	2009.375000
1157.433594	1532.885254
1156.339844	1463.209229
1155.245117	1016.679626
1154.149414	826.041870
1153.054688	416.314270
1151.958984	634.368286
1150.863281	23.992107
1149.767578	321.814178
1148.671875	480.345734
1147.575195	463.172607
1146.478516	311.465790
1145.381836	239.564606
1144.285156	315.785004
1143.187500	-218.658478
1142.089844	178.702148
1140.992188	-102.770424
1139.894531	68.919395
1138.795898	147.150116
1137.697266	-516.579041
1136.598633	-31.065483
1135.499023	110.694168
1134.400391	-216.117294
1133.300781	-213.156525
1132.201172	119.372612
1131.100586	-266.467987
1130.000977	-81.850868
1128.900391	77.637375
1127.799805	-189.968750
1126.698242	94.251839
1125.596680	12.806350
1124.495117	47.100342
1123.393555	492.047180
1122.291992	228.935226
1121.189453	750.646301
1120.086914	1074.789307
1118.984375	1491.687622
1117.881836	1919.684326
1116.778320	2100.414795
1115.674805	2201.718750
1114.571289	2090.005371
1113.466797	2012.242310
1112.363281	1413.741943
1111.258789	1933.627441
1110.153320	1826.347290
1109.048828	1644.405518
1107.943359	1331.276733
1106.837891	1470.531006
1105.732422	1211.726074
1104.625977	1420.879639
1103.520508	949.636963
1102.414063	722.554138
1101.306641	820.778503
1100.200195	650.154846
1099.092773	646.617676
1097.985352	645.268555
1096.877930	801.837097
1095.769531	488.910950
1094.661133	645.287109
1093.552734	420.359161
1092.444336	479.575287
1091.335938	444.008759
1090.226563	667.563354
1089.117188	566.454224
1088.006836	431.503021
1086.897461	683.957947
1085.787109	278.662354
1084.676758	235.937119
1083.566406	776.121033
1082.455078	737.621338
1081.343750	811.548096
1080.232422	502.970520
1079.121094	896.078979
1078.008789	989.881958
1076.896484	768.860901
1075.784180	857.975586
1074.671875	800.920288
1073.558594	799.937500
1072.445313	798.860596
1071.332031	847.090637
1070.217773	589.893555
1069.104492	485.347534
1067.990234	564.715759
1066.875977	628.253540
1065.760742	575.015564
1064.645508	113.616692
1063.530273	463.833130
1062.415039	15.905978
1061.299805	325.443481
1060.183594	392.773254
1059.067383	-37.251118
1057.951172	213.529404
1056.833984	-53.069515
1055.716797	-149.557343
1054.599609	367.010132
1053.482422	196.420883
1052.364258	-173.291031
1051.247070	65.306763
1050.128906	252.240463
1049.009766	-296.413147
1047.891602	131.622620
1046.772461	85.685921
1045.653320	-65.329521
1044.533203	196.707428
1043.414063	-12.562504
1042.293945	-157.149506
1041.173828	-9.456335
1040.052734	557.472046
1038.932617	158.183334
1037.811523	309.760437
1036.689453	126.682518
1035.568359	-161.193420
1034.446289	-21.203083
1033.324219	-271.322662
1032.202148	-107.139061
1031.079102	326.286438
1029.957031	11.284546
1028.833984	-216.922775
1027.709961	-240.434357
1026.586914	145.350754
1025.462891	-496.928131
1024.338867	77.476440
1023.214844	-295.737152
1022.089844	-17.603567
1020.964844	-199.800812
1019.839844	-415.388214
1018.714844	90.957764
1017.588867	-107.141716
1016.462891	63.296070
1015.336914	402.223602
1014.210938	28.405905
1013.083984	402.370056
1011.957031	-31.502268
1010.830078	570.456421
1009.702148	-49.848232
1008.574219	671.223755
1007.446289	1753.093872
1006.318359	3248.695068
1005.190430	4517.488281
1004.061523	4888.483887
1002.932617	3839.717529
1001.802734	2552.148438
1000.673828	1103.457886
999.543945	403.202576
998.414063	254.000198
997.283203	106.892265
996.153320	-35.853172
995.022461	75.530548
993.891602	363.536896
992.759766	125.285172
991.628906	-66.596107
990.497070	205.283920
989.364258	30.772642
988.232422	65.956497
987.099609	187.022598
985.966797	561.664734
984.833984	280.699677
983.700195	396.726440
982.566406	523.568298
981.432617	506.885742
980.298828	719.300354
979.164063	722.075012
978.029297	211.322678
976.894531	390.125916
975.759766	97.399422
974.624023	156.913635
973.488281	229.457886
972.352539	438.259552
971.215820	224.334915
970.080078	393.145966
968.943359	381.361206
967.805664	758.582825
966.668945	779.394714
965.531250	358.273438
964.393555	446.958923
963.254883	739.728760
962.117188	1139.859375
960.978516	955.572693
959.839844	806.351440
958.700195	764.570740
957.561523	1007.945496
956.421875	739.904114
955.281250	1099.080688
954.141602	1115.925293
953.000977	1362.776001
951.860352	1377.062134
950.719727	1452.566406
949.578125	1181.745850
948.436523	1473.803223
947.294922	806.518066
946.153320	719.548401
945.010742	593.073608
943.868164	295.859802
942.725586	729.346619
941.583008	300.774506
940.439453	703.185913
939.295898	589.370972
938.152344	302.832092
937.007813	-90.782913
935.863281	468.183655
934.718750	275.445251
933.574219	220.266235
932.428711	180.270966
931.283203	-62.784729
930.137695	-340.737915
928.992188	7.480615
927.845703	12.983511
926.699219	42.386456
925.552734	-65.651337
924.405273	-34.247665
923.257813	103.838463
922.110352	324.582825
920.962891	534.262024
919.814453	430.176331
918.666016	101.840508
917.517578	237.207108
916.369141	298.470917
915.219727	-582.399841
914.070313	-36.061832
912.920898	-33.663925
911.770508	118.668488
910.621094	-176.826523
909.470703	-7.215727
908.319336	-20.237654
907.168945	-26.736069
906.017578	-167.918289
904.866211	-141.881973
903.713867	-243.967087
902.562500	85.853851
901.410156	-29.274727
900.256836	-157.395676
899.104492	295.745056
897.951172	24.522617
896.797852	-107.840172
895.644531	97.926422
894.490234	212.592285
893.335938	-385.397064
892.181641	214.450821
891.027344	-34.637146
889.872070	-108.281448
888.716797	-207.817856
887.561523	413.183716
886.405273	105.981903
885.249023	95.236977
884.092773	114.820465
882.936523	-103.306244
881.779297	37.428368
880.622070	195.449982
879.464844	-221.088593
878.307617	-4.620424
877.149414	17.492783
875.991211	24.570946
874.833008	-125.795578
873.673828	112.324799
872.514648	264.154083
871.355469	375.044312
870.196289	212.183517
869.036133	71.038872
867.875977	46.449116
866.715820	420.574890
865.554688	387.520386
864.394531	597.988892
863.233398	100.137619
862.071289	780.033875
860.910156	80.372154
859.748047	607.501953
858.585938	398.905365
857.422852	474.398438
856.259766	436.076172
855.096680	453.821686
853.933594	742.502319
852.770508	461.880005
851.606445	501.591675
850.442383	702.528320
849.277344	117.741150
848.113281	325.495087
846.948242	443.193512
845.783203	78.308517
844.617188	54.817692
843.451172	378.954346
842.285156	177.878387
841.119141	189.319916
839.952148	-246.930450
838.785156	-399.948975
837.618164	-306.341705
836.451172	110.812584
835.283203	-77.909752
834.115234	181.050598
832.947266	27.118509
831.778320	123.796532
830.609375	88.057121
829.440430	309.203827
828.271484	254.704178
827.101563	324.432312
825.931641	272.582092
824.761719	161.194977
823.590820	246.614243
822.420898	374.988373
821.250000	454.443115
820.078125	474.348328
818.907227	453.991302
817.735352	271.752869
816.562500	879.053284
815.390625	703.756165
814.217773	93.880112
813.044922	578.013550
811.872070	369.638092
810.698242	104.102280
809.524414	205.333237
808.350586	19.319969
807.176758	361.668488
806.001953	-166.416702
804.827148	1.876702
803.651367	289.503448
802.476563	581.550659
801.300781	180.509613
800.125000	58.444965
798.948242	87.620461
797.772461	531.456482
796.595703	-80.507309
795.417969	722.650757
794.241211	548.939026
793.063477	683.409790
791.885742	958.183411
790.707031	952.997009
789.529297	839.914673
788.350586	958.337952
787.170898	565.933350
785.992188	513.200745
784.812500	556.128357
783.632813	567.525085
782.452148	774.073792
781.272461	796.541199
780.091797	1003.467712
778.911133	533.125305
777.729492	391.302643
776.547852	560.853088
775.366211	-105.043495
774.184570	20.628550
773.001953	-117.841949
771.819336	-289.825836
770.636719	-93.745430
769.453125	-396.206329
768.269531	-7.506228
767.085938	-548.052307
765.902344	77.427780
764.717773	-10.702615
763.533203	-294.863708
762.348633	-228.428101
761.163086	-199.805801
759.977539	-86.640671
758.791992	207.987259
757.606445	146.400192
756.419922	-237.444626
755.233398	308.260925
754.046875	-296.294128
752.859375	158.917862
751.672852	451.947388
750.485352	443.953735
749.296875	667.590759
748.108398	586.165100
746.919922	530.146423
745.731445	638.305176
744.542969	654.013245
743.353516	413.357117
742.164063	240.158203
740.973633	720.553833
739.783203	976.044861
738.592773	542.663086
737.402344	384.600616
736.211914	327.428314
735.020508	473.893188
733.829102	932.948853
732.636719	462.584564
731.444336	413.988312
730.251953	208.199936
729.059570	54.927345
727.866211	400.488312
726.673828	194.879120
725.479492	-4.366497
724.286133	16.368660
723.091797	372.047821
721.897461	-7.148127
720.703125	-543.143188
719.507813	437.877502
718.312500	232.435272
717.117188	10.313847
715.921875	229.375290
714.725586	51.146282
713.529297	129.965729
712.332031	325.673340
711.135742	147.358643
709.938477	219.631699
708.740234	458.801758
707.542969	908.596497
706.344727	1506.244141
705.146484	1894.911011
703.948242	3705.759521
702.749023	4003.882813
701.549805	3128.089355
700.350586	2832.039307
699.150391	1913.007202
697.950195	1652.631348
696.750000	1140.289185
695.549805	817.601013
694.348633	709.401917
693.147461	607.435303
691.946289	305.702667
690.744141	87.260193
689.541992	578.076721
688.339844	656.921997
687.136719	405.163574
685.934570	168.063248
684.730469	300.891235
683.527344	352.654541
682.323242	385.708618
681.119141	611.877441
679.915039	346.012756
678.710938	491.252808
677.505859	412.416138
676.300781	292.234314
675.094727	628.466492
673.889648	608.077637
672.683594	198.165848
671.476563	78.765251
670.270508	21.813604
669.063477	-128.077271
667.856445	447.197876
666.648438	192.286362
665.440430	140.695267
664.232422	310.953735
663.024414	-37.743080
661.815430	-5.210992
660.606445	-87.986549
659.397461	119.280472
658.188477	72.829323
656.978516	407.281128
655.768555	324.962616
654.557617	-254.322937
653.346680	-37.486813
652.135742	-84.116661
650.924805	47.733894
649.712891	-147.551285
648.501953	310.256134
647.289063	137.890854
646.077148	-41.401527
644.864258	-256.386627
643.651367	-181.317032
642.438477	-323.208435
641.224609	26.857594
640.010742	44.788284
638.796875	130.379730
637.582031	532.784912
636.367188	-199.077255
635.152344	532.402100
633.937500	358.562653
632.721680	853.499023
631.505859	1003.176086
630.289063	1017.662598
629.073242	1390.379028
627.856445	1570.606323
626.639648	1942.734375
625.421875	1009.681824
624.204102	1248.641235
622.986328	665.769592
621.768555	579.338379
620.549805	738.893127
619.331055	126.993797
618.111328	-260.971344
616.892578	446.277588
