1721.000977	-19.954956
1720.027344	-5.317173
1719.052734	-27.524708
1718.078125	87.932854
1717.104492	89.611450
1716.128906	8.389874
1715.154297	34.105892
1714.178711	-20.425261
1713.204102	-196.125854
1712.228516	-23.942358
1711.251953	144.933777
1710.276367	-55.756081
1709.299805	114.365021
1708.324219	-210.331894
1707.347656	-28.592140
1706.370117	98.784561
1705.393555	-89.132622
1704.416016	6.512933
1703.438477	-177.143936
1702.460938	71.018440
1701.483398	137.133667
1700.505859	31.561199
1699.527344	101.990089
1698.548828	-109.030151
1697.570313	83.331558
1696.591797	9.673174
1695.612305	-28.515408
1694.632813	-253.340134
1693.653320	-52.068176
1692.673828	-106.323708
1691.694336	255.094650
1690.713867	90.647255
1689.734375	81.652779
1688.753906	54.611107
1687.772461	121.715073
1686.791992	96.888336
1685.810547	41.329426
1684.830078	-11.780593
1683.848633	108.199631
1682.866211	-8.839140
1681.884766	-113.186234
1680.902344	-21.588039
1679.919922	-75.180733
1678.937500	74.738533
1677.955078	43.905396
1676.971680	7.925401
1675.989258	144.849380
1675.005859	80.808662
1674.022461	44.722713
1673.038086	-87.961731
1672.054688	-19.867880
1671.070313	93.895721
1670.085938	-92.088646
1669.101563	-6.295577
1668.117188	-95.704849
1667.131836	33.201626
1666.146484	-337.847626
1665.161133	-76.976822
1664.175781	92.492310
1663.189453	279.655975
1662.204102	20.535168
1661.217773	53.069660
1660.231445	62.820221
1659.245117	-38.883793
1658.257813	57.092899
1657.270508	8.703826
1656.284180	-9.211207
1655.295898	-1.775980
1654.308594	-85.399376
1653.321289	119.579353
1652.333008	137.279022
1651.344727	-27.109087
1650.356445	122.256264
1649.367188	13.683044
1648.378906	-157.968414
1647.389648	29.427114
1646.400391	34.860535
1645.411133	-252.724167
1644.420898	-65.236153
1643.431641	-107.567535
1642.441406	97.624741
1641.451172	-50.625481
1640.459961	164.690384
1639.469727	107.469223
1638.478516	-45.541477
1637.487305	278.307617
1636.496094	236.423325
1635.504883	204.709457
1634.512695	326.831665
1633.520508	-65.163887
1632.528320	195.682983
1631.536133	179.373413
1630.543945	102.686790
1629.550781	451.651093
1628.557617	236.584167
1627.564453	296.032837
1626.571289	330.352386
1625.578125	467.875641
1624.583984	479.610107
1623.589844	677.507813
1622.595703	523.351624
1621.601563	565.402954
1620.606445	981.979797
1619.611328	1003.907959
1618.616211	980.654663
1617.621094	879.592529
1616.625977	1142.763916
1615.629883	1167.332764
1614.633789	850.536621
1613.637695	847.636414
1612.641602	812.160034
1611.645508	1040.152710
1610.648438	849.209167
1609.651367	1393.128052
1608.654297	1164.655884
1607.657227	768.370056
1606.659180	1166.701538
1605.662109	1226.657593
1604.664063	1091.212158
1603.666016	1394.142090
1602.666992	1228.712402
1601.668945	1393.846191
1600.669922	1348.674805
1599.670898	1165.909546
1598.671875	1285.971680
1597.671875	1333.449829
1596.672852	1205.876099
1595.672852	908.336426
1594.672852	1065.901245
1593.671875	898.493225
1592.671875	806.140808
1591.670898	951.157349
1590.669922	813.879150
1589.668945	501.861450
1588.667969	462.117523
1587.666016	594.616028
1586.664063	395.144409
1585.662109	285.580322
1584.660156	527.798462
1583.658203	296.042664
1582.655273	381.050323
1581.652344	403.692017
1580.649414	294.217560
1579.646484	364.205872
1578.642578	239.812454
1577.638672	13.335697
1576.634766	85.793129
1575.630859	200.537262
1574.626953	-43.245396
1573.622070	161.042145
1572.618164	188.572250
1571.613281	168.796722
1570.607422	-7.694508
1569.602539	62.071880
1568.596680	109.405128
1567.590820	-47.126408
1566.584961	-24.676771
1565.579102	-91.702698
1564.572266	258.604889
1563.566406	-158.682693
1562.559570	74.745796
1561.551758	203.775513
1560.544922	15.036538
1559.537109	72.016891
1558.530273	-106.736229
1557.521484	247.848282
1556.513672	-5.322971
1555.505859	86.232147
1554.497070	118.219391
1553.488281	-201.766861
1552.479492	-1.284487
1551.470703	67.787384
1550.460938	116.978767
1549.451172	119.073700
1548.441406	-146.246323
1547.431641	113.282272
1546.421875	28.681873
1545.411133	109.855591
1544.400391	72.229309
1543.389648	46.959290
1542.378906	120.581703
1541.367188	166.942093
1540.355469	136.635468
1539.343750	153.267426
1538.332031	56.218971
1537.320313	-189.020462
1536.307617	-98.330879
1535.294922	21.924950
1534.282227	-62.783970
1533.269531	-122.802094
1532.256836	-34.767784
1531.243164	196.277847
1530.229492	-41.425228
1529.215820	-20.127605
1528.202148	82.498253
1527.187500	-29.401241
1526.172852	43.553703
1525.158203	25.292246
1524.143555	16.872477
1523.127930	-141.810135
1522.113281	-246.262817
1521.097656	-89.753716
1520.082031	-81.006332
1519.065430	-18.156452
1518.049805	47.121887
1517.033203	122.181618
1516.016602	96.365730
1515.000000	-89.269493
1513.982422	305.271088
1512.965820	168.792099
1511.948242	-41.369167
1510.930664	254.605011
1509.913086	34.663548
1508.894531	165.935410
1507.875977	41.816475
1506.857422	-131.352676
1505.838867	90.638641
1504.820313	-99.660973
1503.800781	33.891129
1502.781250	-48.437019
1501.761719	202.727417
1500.742188	-178.688995
1499.721680	42.961285
1498.702148	-73.628174
1497.681641	-13.793883
1496.661133	178.276184
1495.639648	164.548950
1494.618164	-30.349089
1493.597656	14.730000
1492.576172	-11.192800
1491.553711	471.811096
1490.532227	159.594330
1489.509766	-64.454834
1488.487305	203.083008
1487.464844	130.698914
1486.442383	-46.749844
1485.418945	54.446915
1484.395508	-113.137115
1483.372070	134.603363
1482.348633	-128.154068
1481.324219	146.346741
1480.300781	71.679909
1479.276367	87.344246
1478.251953	193.295166
1477.226563	191.861145
1476.202148	-26.618212
1475.176758	140.278870
1474.151367	46.255775
1473.125000	5.900797
1472.099609	175.168594
1471.073242	322.441071
1470.046875	345.438049
1469.020508	71.325371
1467.994141	-32.210701
1466.966797	-21.279024
1465.939453	-17.632502
1464.912109	229.366302
1463.884766	104.062820
1462.856445	39.631466
1461.829102	196.554642
1460.800781	263.466614
1459.772461	410.590790
1458.743164	472.607574
1457.714844	420.440491
1456.685547	412.035492
1455.656250	459.523102
1454.625977	375.885498
1453.596680	430.700256
1452.566406	262.213318
1451.536133	215.158585
1450.505859	435.027832
1449.474609	443.796509
1448.444336	479.280975
1447.413086	614.177795
1446.381836	310.299591
1445.350586	326.489716
1444.318359	400.847748
1443.286133	70.653084
1442.253906	208.076065
1441.221680	253.459946
1440.189453	8.347154
1439.156250	148.213409
1438.123047	215.459869
1437.089844	241.585007
1436.056641	229.034485
1435.022461	-1.135770
1433.988281	-37.741608
1432.954102	186.780792
1431.919922	152.646576
1430.885742	253.879517
1429.850586	-29.012197
1428.815430	72.286163
1427.780273	101.140091
1426.744141	185.539337
1425.708984	-24.521170
1424.672852	-191.023132
1423.636719	-92.014404
1422.600586	-48.486027
1421.563477	-17.002787
1420.527344	-2.359339
1419.490234	-23.848522
1418.452148	-127.240570
1417.415039	-105.234756
1416.376953	13.158537
1415.338867	18.341156
1414.300781	86.175476
1413.262695	-108.400948
1412.224609	-86.216187
1411.185547	-6.250748
1410.146484	124.250427
1409.107422	38.245346
1408.067383	-59.715141
1407.027344	-95.073433
1405.987305	-113.544411
1404.947266	12.242972
1403.907227	198.093323
1402.866211	59.572323
1401.826172	-42.808998
1400.785156	34.992897
1399.743164	59.976074
1398.702148	116.205956
1397.660156	129.248764
1396.618164	185.516006
1395.576172	289.779968
1394.533203	374.846802
1393.491211	666.138855
1392.448242	381.991302
1391.405273	915.305542
1390.361328	684.019775
1389.318359	781.100769
1388.274414	1172.786377
1387.230469	1176.399780
1386.186523	1038.797974
1385.141602	1207.677124
1384.097656	1256.874756
1383.052734	1282.156372
1382.007813	1319.428711
1380.961914	1325.624512
1379.916992	1169.270020
1378.871094	1201.871582
1377.825195	1365.952759
1376.778320	712.757019
1375.732422	1017.904114
1374.685547	1179.636841
1373.638672	765.820496
1372.591797	669.759399
1371.543945	497.384460
1370.497070	878.795654
1369.449219	744.696899
1368.400391	515.265625
1367.352539	629.410156
1366.303711	397.787842
1365.255859	497.675873
1364.206055	271.009003
1363.157227	611.613281
1362.108398	747.218689
1361.058594	677.947693
1360.008789	449.188660
1358.958984	532.450806
1357.908203	691.872437
1356.857422	698.947205
1355.806641	508.565155
1354.755859	394.417297
1353.705078	437.315582
1352.653320	304.261780
1351.601563	599.202393
1350.549805	466.226715
1349.498047	352.346039
1348.445313	388.206726
1347.393555	212.690247
1346.340820	505.086029
1345.287109	341.528412
1344.234375	595.842041
1343.180664	339.830170
1342.126953	299.866821
1341.073242	53.566643
1340.019531	317.298309
1338.964844	234.747437
1337.910156	197.295776
1336.855469	140.919327
1335.799805	127.237457
1334.745117	177.550949
1333.689453	140.220108
1332.633789	24.780838
1331.578125	77.504082
1330.521484	288.808136
1329.464844	45.668266
1328.408203	-36.460972
1327.351563	-12.089848
1326.294922	35.935432
1325.237305	124.146553
1324.179688	-71.338745
1323.122070	-129.645950
1322.064453	43.656071
1321.005859	44.431137
1319.947266	-224.035110
1318.888672	-173.584946
1317.830078	-52.316502
1316.770508	-188.373703
1315.710938	31.976299
1314.651367	-85.143890
1313.591797	-81.900749
1312.531250	-142.330719
1311.471680	49.569389
1310.411133	85.807251
1309.349609	204.519180
1308.289063	-126.854187
1307.227539	251.005463
1306.166016	200.051605
1305.104492	175.029953
1304.042969	81.754547
1302.980469	63.837551
1301.917969	-17.601545
1300.855469	-141.346329
1299.792969	-119.196007
1298.729492	-139.387955
1297.666016	-13.792925
1296.602539	-128.014786
1295.539063	18.684378
1294.474609	106.575081
1293.411133	11.207123
1292.346680	-30.104706
1291.281250	67.135399
1290.216797	204.252594
1289.151367	59.655506
1288.085938	-181.083267
1287.020508	2.918787
1285.955078	78.946571
1284.888672	237.012878
1283.822266	-57.479576
1282.755859	-68.218559
1281.689453	138.992950
1280.622070	172.728378
1279.554688	-79.334198
1278.487305	193.312820
1277.419922	18.624327
1276.351563	134.281189
1275.283203	219.461517
1274.214844	363.102631
1273.146484	237.647720
1272.077148	191.762100
1271.008789	251.130280
1269.939453	128.108490
1268.869141	114.989532
1267.799805	244.430634
1266.729492	165.870026
1265.659180	106.028870
1264.588867	186.332825
1263.517578	-102.308556
1262.447266	90.047089
1261.375977	39.595909
1260.304688	234.158676
1259.232422	197.684021
1258.161133	268.512787
1257.088867	131.774750
1256.016602	27.732122
1254.943359	343.257416
1253.871094	341.738342
1252.797852	519.599670
1251.724609	294.427795
1250.650391	535.085571
1249.577148	365.880615
1248.502930	180.446747
1247.428711	681.602844
1246.354492	424.052063
1245.279297	441.086914
1244.204102	634.860291
1243.128906	240.292206
1242.053711	552.576050
1240.977539	376.652832
1239.902344	312.343903
1238.826172	340.978485
1237.750000	504.305145
1236.672852	221.720078
1235.595703	301.415222
1234.518555	313.765686
1233.441406	221.685654
1232.364258	250.286591
1231.286133	49.234161
1230.208008	5.960618
1229.129883	99.497345
1228.051758	-43.442631
1226.972656	117.263451
1225.893555	-14.040055
1224.814453	278.623566
1223.734375	-3.201037
1222.655273	194.399277
1221.575195	139.580093
1220.495117	89.414246
1219.415039	178.105057
1218.333984	-75.630913
1217.252930	59.310463
1216.171875	110.946938
1215.090820	-59.375591
1214.008789	-111.749115
1212.926758	99.336716
1211.844727	-165.594452
1210.762695	47.723179
1209.679688	-16.173424
1208.597656	76.966667
1207.513672	-14.609379
1206.430664	-182.290909
1205.347656	116.171928
1204.263672	-62.998348
1203.179688	-145.225021
1202.095703	171.484314
1201.010742	232.168610
1199.925781	-66.706764
1198.840820	49.313461
1197.755859	119.211922
1196.670898	-142.575653
1195.584961	-114.109856
1194.499023	-209.970291
1193.413086	14.151814
1192.326172	42.572830
1191.239258	209.027588
1190.152344	138.498672
1189.065430	130.099564
1187.978516	-78.316032
1186.890625	232.849518
1185.802734	233.639557
1184.714844	252.815994
1183.625977	-1.369225
1182.538086	-7.396074
1181.449219	282.774353
1180.360352	233.077927
1179.270508	263.733429
1178.180664	234.725494
1177.090820	403.024963
1176.000977	374.014832
1174.911133	292.286926
1173.820313	148.698822
1172.729492	371.902985
1171.638672	473.567566
1170.547852	304.860535
1169.456055	78.967598
1168.364258	283.699371
1167.272461	250.243484
1166.179688	221.385132
1165.087891	240.612640
1163.995117	413.125336
1162.902344	649.618591
1161.808594	677.899048
1160.715820	735.908142
1159.622070	718.458435
1158.528320	924.995300
1157.433594	612.774536
1156.339844	508.585144
1155.245117	808.690918
1154.149414	567.511841
1153.054688	531.910767
1151.958984	489.481842
1150.863281	440.234528
1149.767578	304.330872
1148.671875	303.061859
1147.575195	361.085754
1146.478516	270.906189
1145.381836	540.901917
1144.285156	348.195923
1143.187500	287.716034
1142.089844	211.329025
1140.992188	305.776947
1139.894531	-32.389633
1138.795898	173.616562
1137.697266	54.109459
1136.598633	-122.217781
1135.499023	15.447464
1134.400391	87.110123
1133.300781	65.522606
1132.201172	12.125706
1131.100586	-441.240601
1130.000977	57.651089
1128.900391	-68.390099
1127.799805	-287.485962
1126.698242	-4.671596
1125.596680	-221.410614
1124.495117	122.552475
1123.393555	160.033707
1122.291992	54.579586
1121.189453	377.842499
1120.086914	394.837250
1118.984375	563.721558
1117.881836	539.872009
1116.778320	923.923401
1115.674805	791.255615
1114.571289	706.211914
1113.466797	775.190796
1112.363281	683.397705
1111.258789	546.366455
1110.153320	563.278076
1109.048828	643.535339
1107.943359	710.177795
1106.837891	378.758972
1105.732422	488.381897
1104.625977	288.259308
1103.520508	357.164978
1102.414063	392.134491
1101.306641	499.366394
1100.200195	240.675461
1099.092773	277.882324
1097.985352	276.687012
1096.877930	264.198212
1095.769531	75.696945
1094.661133	191.822632
1093.552734	136.471054
1092.444336	275.057465
1091.335938	176.854599
1090.226563	-9.223793
1089.117188	54.893307
1088.006836	143.744629
1086.897461	324.891022
1085.787109	66.820786
1084.676758	432.476074
1083.566406	181.215454
1082.455078	29.057970
1081.343750	401.162567
1080.232422	374.946350
1079.121094	225.035431
1078.008789	500.097229
1076.896484	480.546509
1075.784180	386.819946
1074.671875	594.182251
1073.558594	345.421814
1072.445313	269.672241
1071.332031	263.532196
1070.217773	300.012726
1069.104492	262.389801
1067.990234	166.410904
1066.875977	164.660858
1065.760742	203.240387
1064.645508	223.833923
1063.530273	-38.077042
1062.415039	0.418637
1061.299805	269.655945
1060.183594	-205.022385
1059.067383	220.837753
1057.951172	241.168991
1056.833984	77.872559
1055.716797	201.095993
1054.599609	4.232863
1053.482422	203.395462
1052.364258	-71.755333
1051.247070	51.213593
1050.128906	107.005768
1049.009766	390.704102
1047.891602	227.302460
1046.772461	-34.382534
1045.653320	168.593826
1044.533203	-108.699661
1043.414063	-55.487511
1042.293945	84.693031
1041.173828	90.859123
1040.052734	137.120422
1038.932617	-140.124161
1037.811523	66.619011
1036.689453	105.985611
1035.568359	-4.066602
1034.446289	-56.192650
1033.324219	152.326157
1032.202148	-84.823578
1031.079102	-63.598938
1029.957031	-262.867798
1028.833984	138.911667
1027.709961	-18.173719
1026.586914	120.680412
1025.462891	39.167908
1024.338867	-57.943226
1023.214844	82.834473
1022.089844	101.205704
1020.964844	-231.657028
1019.839844	33.274784
1018.714844	115.850006
1017.588867	-8.244431
1016.462891	-19.113071
1015.336914	-118.852333
1014.210938	52.154282
1013.083984	92.077904
1011.957031	1.017428
1010.830078	0.856974
1009.702148	297.744110
1008.574219	417.063141
1007.446289	780.053650
1006.318359	1426.435913
1005.190430	1777.789429
1004.061523	1991.567993
1002.932617	1529.771851
1001.802734	995.036438
1000.673828	398.491486
999.543945	598.769958
998.414063	358.606476
997.283203	264.441132
996.153320	391.380951
995.022461	535.853271
993.891602	545.343201
992.759766	499.483917
991.628906	530.894897
990.497070	699.145569
989.364258	1342.014893
988.232422	1322.159790
987.099609	1752.512817
985.966797	1911.141724
984.833984	1930.609009
983.700195	1963.203735
982.566406	1788.396362
981.432617	1818.628540
980.298828	1661.390503
979.164063	1477.680054
978.029297	1172.784790
976.894531	964.862854
975.759766	776.770081
974.624023	711.963318
973.488281	686.722412
972.352539	494.147339
971.215820	728.413574
970.080078	515.944641
968.943359	424.434967
967.805664	379.044952
966.668945	568.813904
965.531250	301.267883
964.393555	455.631104
963.254883	225.399139
962.117188	460.801392
960.978516	265.639069
959.839844	369.035065
958.700195	180.393204
957.561523	307.736481
956.421875	505.127441
955.281250	533.461426
954.141602	546.367310
953.000977	537.255249
951.860352	473.280029
950.719727	678.776794
949.578125	638.735107
948.436523	559.214478
947.294922	383.313812
946.153320	319.071503
945.010742	215.383255
943.868164	144.494598
942.725586	204.834641
941.583008	391.934143
940.439453	237.755203
939.295898	160.100357
938.152344	237.600082
937.007813	234.144211
935.863281	189.123444
934.718750	-30.663658
933.574219	162.302231
932.428711	47.293781
931.283203	89.438347
930.137695	42.046383
928.992188	398.227234
927.845703	32.237961
926.699219	-104.660942
925.552734	50.597004
924.405273	382.280670
923.257813	138.488571
922.110352	101.742455
920.962891	230.515182
919.814453	130.538589
918.666016	324.487671
917.517578	85.179192
916.369141	9.164315
915.219727	15.823419
914.070313	65.960602
912.920898	135.631073
911.770508	-44.776913
910.621094	-249.008942
909.470703	53.156364
908.319336	-116.282288
907.168945	29.314354
906.017578	-146.560715
904.866211	-116.103081
903.713867	-185.512100
902.562500	194.332016
901.410156	200.832626
900.256836	101.049217
899.104492	-2.996068
897.951172	36.102245
896.797852	144.564697
895.644531	1.626614
894.490234	99.253105
893.335938	47.410797
892.181641	-166.789917
891.027344	-147.033539
889.872070	-161.889877
888.716797	240.959183
887.561523	-98.420815
886.405273	-130.456909
885.249023	8.411141
884.092773	-135.954208
882.936523	9.448186
881.779297	-100.165871
880.622070	-17.378897
879.464844	106.476303
878.307617	18.713402
877.149414	-58.150738
875.991211	1.082401
874.833008	-28.107487
873.673828	100.283028
872.514648	-150.928619
871.355469	-140.997101
870.196289	-55.518921
869.036133	-99.322357
867.875977	100.505379
866.715820	84.895111
865.554688	43.540302
864.394531	-118.270638
863.233398	170.068848
862.071289	376.585541
860.910156	109.698044
859.748047	23.771290
858.585938	213.334366
857.422852	220.136002
856.259766	-56.730537
855.096680	4.132164
853.933594	228.426163
852.770508	72.476532
851.606445	344.177002
850.442383	167.077103
849.277344	129.750427
848.113281	45.380226
846.948242	201.542679
845.783203	44.550297
844.617188	-9.259270
843.451172	-283.761383
842.285156	59.489723
841.119141	81.228828
839.952148	-27.600607
838.785156	-63.364960
837.618164	-45.388233
836.451172	-125.752304
835.283203	42.445633
834.115234	-247.314011
832.947266	173.710922
831.778320	104.780891
830.609375	102.379555
829.440430	160.043732
828.271484	100.282829
827.101563	179.672119
825.931641	171.600540
824.761719	379.512756
823.590820	303.433533
822.420898	118.686340
821.250000	399.641663
820.078125	373.297058
818.907227	74.025475
817.735352	278.586823
816.562500	287.019379
815.390625	246.608780
814.217773	394.031677
813.044922	57.748287
811.872070	15.901378
810.698242	138.319214
809.524414	67.062691
808.350586	-89.133949
807.176758	121.129456
806.001953	46.284901
804.827148	-121.951668
803.651367	-17.589548
802.476563	29.503330
801.300781	68.269814
800.125000	122.102371
798.948242	-40.687809
797.772461	9.298968
796.595703	63.709518
795.417969	443.259613
794.241211	113.589722
793.063477	111.206627
791.885742	77.182289
790.707031	238.587845
789.529297	213.417358
788.350586	133.299423
787.170898	235.767151
785.992188	242.969482
784.812500	-10.347308
783.632813	374.447174
782.452148	295.287354
781.272461	334.941498
780.091797	196.879120
778.911133	-95.495178
777.729492	-46.815353
776.547852	120.496429
775.366211	-46.366570
774.184570	61.948925
773.001953	16.002239
771.819336	-27.667027
770.636719	-168.401352
769.453125	105.213943
768.269531	-121.835075
767.085938	-14.957716
765.902344	85.651390
764.717773	103.998543
763.533203	-29.513206
762.348633	-110.110146
761.163086	307.276367
759.977539	-186.543137
758.791992	-114.959373
757.606445	-83.382767
756.419922	89.456238
755.233398	24.185757
754.046875	-131.575699
752.859375	300.376770
751.672852	-147.948975
750.485352	307.044891
749.296875	279.915985
748.108398	137.101990
746.919922	84.828247
745.731445	219.763321
744.542969	226.380371
743.353516	466.323120
742.164063	79.876389
740.973633	-178.240112
739.783203	187.609909
738.592773	-87.268677
737.402344	372.792236
736.211914	60.124798
735.020508	-46.786102
733.829102	435.852020
732.636719	437.840332
731.444336	225.844391
730.251953	254.969711
729.059570	135.163620
727.866211	201.818756
726.673828	-257.543365
725.479492	209.016586
724.286133	84.684608
723.091797	83.804268
721.897461	-214.446182
720.703125	200.886841
719.507813	270.662476
718.312500	-6.973550
717.117188	-60.895435
715.921875	-117.061211
714.725586	207.023026
713.529297	108.648682
712.332031	181.434708
711.135742	381.391876
709.938477	6.791976
708.740234	108.144508
707.542969	207.139709
706.344727	656.424194
705.146484	902.901550
703.948242	1409.737183
702.749023	1332.228760
701.549805	1423.375000
700.350586	1374.584839
699.150391	962.995972
697.950195	828.415894
696.750000	549.932434
695.549805	352.530243
694.348633	200.756470
693.147461	304.786591
691.946289	375.212433
690.744141	212.351639
689.541992	336.315704
688.339844	266.588959
687.136719	392.041138
685.934570	363.390137
684.730469	506.949951
683.527344	413.389984
682.323242	429.701172
681.119141	341.952881
679.915039	347.433685
678.710938	275.905670
677.505859	442.802368
676.300781	240.187790
675.094727	78.950340
673.889648	62.756012
672.683594	112.731758
671.476563	313.809753
670.270508	9.128959
669.063477	133.247009
667.856445	193.008530
666.648438	159.489304
665.440430	115.579842
664.232422	5.435438
663.024414	36.017509
661.815430	81.069778
660.606445	-16.542263
659.397461	169.198364
658.188477	-12.963079
656.978516	86.124519
655.768555	1.462321
654.557617	-2.409718
653.346680	-251.771973
652.135742	-21.772106
650.924805	-165.143646
649.712891	42.711349
648.501953	145.672791
647.289063	-223.276321
646.077148	-123.453354
644.864258	-8.681466
643.651367	-120.055420
642.438477	51.600201
641.224609	-132.471405
640.010742	13.883681
638.796875	35.440796
637.582031	189.682251
636.367188	83.493317
635.152344	138.941422
633.937500	228.452545
632.721680	228.689117
631.505859	252.887589
630.289063	371.016357
629.073242	352.915863
627.856445	361.107086
626.639648	280.637054
625.421875	464.914124
624.204102	371.806885
622.986328	42.681953
621.768555	-13.230669
620.549805	33.723095
619.331055	19.476927
618.111328	28.313066
616.892578	-77.066071
