1721.000977	-49.865639
1720.027344	-99.461411
1719.052734	-113.364265
1718.078125	66.845795
1717.104492	25.507366
1716.128906	52.611359
1715.154297	1.984213
1714.178711	173.655365
1713.204102	-42.507336
1712.228516	48.230709
1711.251953	97.262360
1710.276367	230.165131
1709.299805	-11.513543
1708.324219	68.942390
1707.347656	110.398590
1706.370117	-63.695171
1705.393555	171.193680
1704.416016	-52.452587
1703.438477	-153.698227
1702.460938	-7.291043
1701.483398	95.167938
1700.505859	74.485191
1699.527344	-107.586510
1698.548828	62.665760
1697.570313	46.017235
1696.591797	128.661469
1695.612305	249.257629
1694.632813	-46.627930
1693.653320	-72.098328
1692.673828	-77.397911
1691.694336	11.466692
1690.713867	89.853699
1689.734375	7.335924
1688.753906	151.580078
1687.772461	168.104233
1686.791992	62.121483
1685.810547	-38.890533
1684.830078	2.679374
1683.848633	148.521194
1682.866211	3.848095
1681.884766	-18.649233
1680.902344	65.664474
1679.919922	7.327725
1678.937500	109.239876
1677.955078	165.246155
1676.971680	119.412552
1675.989258	-7.816805
1675.005859	88.679398
1674.022461	-33.505527
1673.038086	-20.992710
1672.054688	151.576889
1671.070313	16.667688
1670.085938	138.320068
1669.101563	-128.586761
1668.117188	-144.048889
1667.131836	-68.136597
1666.146484	-60.760899
1665.161133	144.525604
1664.175781	-86.547745
1663.189453	32.466351
1662.204102	9.484378
1661.217773	77.793434
1660.231445	1.646828
1659.245117	-49.087669
1658.257813	-54.165894
1657.270508	-11.069705
1656.284180	-3.379044
1655.295898	-99.470802
1654.308594	-99.262794
1653.321289	-71.157272
1652.333008	78.436745
1651.344727	-126.131104
1650.356445	-57.395237
1649.367188	165.614914
1648.378906	-91.737404
1647.389648	22.635574
1646.400391	-42.393253
1645.411133	112.488579
1644.420898	234.526642
1643.431641	-57.588169
1642.441406	102.455589
1641.451172	-27.809101
1640.459961	-6.519668
1639.469727	67.837883
1638.478516	36.266571
1637.487305	289.809357
1636.496094	-165.316132
1635.504883	65.620361
1634.512695	-26.138870
1633.520508	88.876175
1632.528320	166.120087
1631.536133	334.096191
1630.543945	119.233521
1629.550781	126.119080
1628.557617	115.448677
1627.564453	361.598419
1626.571289	252.875931
1625.578125	335.486328
1624.583984	463.399475
1623.589844	475.633759
1622.595703	636.282776
1621.601563	470.113831
1620.606445	598.138977
1619.611328	841.764709
1618.616211	831.599182
1617.621094	884.292358
1616.625977	886.795105
1615.629883	944.580383
1614.633789	1077.704712
1613.637695	794.206604
1612.641602	912.357178
1611.645508	957.755493
1610.648438	932.945984
1609.651367	900.670349
1608.654297	923.611633
1607.657227	1036.826904
1606.659180	1014.698608
1605.662109	1075.314575
1604.664063	1103.370117
1603.666016	1006.226685
1602.666992	949.215210
1601.668945	1232.744263
1600.669922	1360.996948
1599.670898	1206.453735
1598.671875	1159.588379
1597.671875	1157.787842
1596.672852	1171.028931
1595.672852	1286.796509
1594.672852	1145.059326
1593.671875	935.914185
1592.671875	744.379578
1591.670898	875.209473
1590.669922	711.272705
1589.668945	532.437988
1588.667969	533.455811
1587.666016	429.640076
1586.664063	463.139862
1585.662109	219.681396
1584.660156	350.523041
1583.658203	394.026733
1582.655273	190.651047
1581.652344	301.486572
1580.649414	282.671692
1579.646484	341.119171
1578.642578	170.322937
1577.638672	159.020050
1576.634766	-1.702773
1575.630859	146.386719
1574.626953	244.625290
1573.622070	21.750113
1572.618164	157.291367
1571.613281	46.469696
1570.607422	5.323141
1569.602539	197.951279
1568.596680	20.031876
1567.590820	16.179214
1566.584961	-42.356628
1565.579102	97.894173
1564.572266	111.375076
1563.566406	-46.524063
1562.559570	163.120712
1561.551758	67.296883
1560.544922	157.661057
1559.537109	74.256363
1558.530273	70.270729
1557.521484	-5.681510
1556.513672	94.467659
1555.505859	18.515411
1554.497070	21.893673
1553.488281	-61.493679
1552.479492	-3.625652
1551.470703	49.243378
1550.460938	27.754366
1549.451172	-23.462065
1548.441406	96.152290
1547.431641	-29.358973
1546.421875	13.444244
1545.411133	-144.216965
1544.400391	96.437653
1543.389648	-78.532578
1542.378906	-221.307571
1541.367188	-74.810715
1540.355469	66.657356
1539.343750	-147.800964
1538.332031	28.163822
1537.320313	-67.679817
1536.307617	-153.639038
1535.294922	-76.627541
1534.282227	-46.575993
1533.269531	215.433578
1532.256836	-13.724780
1531.243164	-15.857215
1530.229492	85.577866
1529.215820	-69.512207
1528.202148	-56.911491
1527.187500	27.132456
1526.172852	-31.817112
1525.158203	-90.765877
1524.143555	-144.785904
1523.127930	99.186806
1522.113281	5.705603
1521.097656	116.561348
1520.082031	155.970825
1519.065430	-124.566429
1518.049805	-67.946053
1517.033203	-50.735661
1516.016602	-85.196838
1515.000000	-58.197388
1513.982422	-11.573704
1512.965820	-151.762222
1511.948242	106.134239
1510.930664	88.762428
1509.913086	262.952850
1508.894531	26.961929
1507.875977	41.468697
1506.857422	-54.502926
1505.838867	60.593452
1504.820313	121.648949
1503.800781	-197.559540
1502.781250	147.967484
1501.761719	115.734459
1500.742188	95.757538
1499.721680	24.296049
1498.702148	6.770491
1497.681641	70.074936
1496.661133	135.789078
1495.639648	162.272812
1494.618164	24.695724
1493.597656	24.253750
1492.576172	67.842896
1491.553711	-13.390748
1490.532227	225.869965
1489.509766	32.115730
1488.487305	-56.419357
1487.464844	-27.578440
1486.442383	-23.198784
1485.418945	98.460396
1484.395508	168.755249
1483.372070	26.507727
1482.348633	-120.567703
1481.324219	115.736557
1480.300781	71.224022
1479.276367	-70.904633
1478.251953	-34.850838
1477.226563	330.512909
1476.202148	107.929581
1475.176758	360.937744
1474.151367	199.383804
1473.125000	154.888474
1472.099609	307.815704
1471.073242	112.262787
1470.046875	-32.049946
1469.020508	340.007050
1467.994141	210.325958
1466.966797	377.686737
1465.939453	204.245224
1464.912109	111.182716
1463.884766	96.017365
1462.856445	212.201004
1461.829102	376.987976
1460.800781	332.616364
1459.772461	-15.570615
1458.743164	146.739273
1457.714844	119.482887
1456.685547	425.039948
1455.656250	31.018261
1454.625977	98.518196
1453.596680	175.723511
1452.566406	337.848969
1451.536133	169.898819
1450.505859	448.438019
1449.474609	336.344299
1448.444336	369.827576
1447.413086	454.218933
1446.381836	182.256927
1445.350586	409.673401
1444.318359	232.358856
1443.286133	193.219666
1442.253906	185.600952
1441.221680	168.318604
1440.189453	63.908161
1439.156250	259.686951
1438.123047	165.011353
1437.089844	101.849525
1436.056641	82.275093
1435.022461	62.720638
1433.988281	-109.128479
1432.954102	64.797424
1431.919922	42.907848
1430.885742	139.450195
1429.850586	238.380554
1428.815430	-99.873688
1427.780273	187.465088
1426.744141	35.301281
1425.708984	-87.799042
1424.672852	-177.046890
1423.636719	-160.072693
1422.600586	-39.355709
1421.563477	-48.904556
1420.527344	-106.638847
1419.490234	-82.369942
1418.452148	-140.038986
1417.415039	-216.924179
1416.376953	48.333149
1415.338867	12.429402
1414.300781	-86.042511
1413.262695	-71.289482
1412.224609	85.500114
1411.185547	-44.137203
1410.146484	-22.112682
1409.107422	62.473175
1408.067383	19.576859
1407.027344	-105.025505
1405.987305	54.120251
1404.947266	-29.522951
1403.907227	9.447268
1402.866211	41.213074
1401.826172	53.785213
1400.785156	124.005547
1399.743164	-45.872913
1398.702148	271.632050
1397.660156	118.649544
1396.618164	198.495361
1395.576172	251.947739
1394.533203	204.668518
1393.491211	267.743073
1392.448242	412.317383
1391.405273	372.306610
1390.361328	332.332642
1389.318359	752.393616
1388.274414	738.756836
1387.230469	887.993591
1386.186523	704.399658
1385.141602	621.437744
1384.097656	954.958313
1383.052734	982.095032
1382.007813	786.776428
1380.961914	711.141174
1379.916992	719.262024
1378.871094	837.365723
1377.825195	953.053406
1376.778320	602.742188
1375.732422	577.526978
1374.685547	655.048828
1373.638672	343.311096
1372.591797	619.063599
1371.543945	689.432373
1370.497070	487.740662
1369.449219	505.663879
1368.400391	504.511414
1367.352539	398.452881
1366.303711	442.675598
1365.255859	303.347168
1364.206055	218.905518
1363.157227	351.374054
1362.108398	474.279388
1361.058594	389.922729
1360.008789	229.419312
1358.958984	426.136078
1357.908203	406.170074
1356.857422	129.212692
1355.806641	121.257790
1354.755859	294.115570
1353.705078	319.465393
1352.653320	161.726730
1351.601563	424.852539
1350.549805	267.198944
1349.498047	178.541992
1348.445313	203.970139
1347.393555	312.544678
1346.340820	183.613876
1345.287109	147.341461
1344.234375	156.209534
1343.180664	77.275398
1342.126953	271.248657
1341.073242	168.634827
1340.019531	322.218689
1338.964844	207.807693
1337.910156	147.985352
1336.855469	9.990568
1335.799805	274.892517
1334.745117	72.993248
1333.689453	226.472458
1332.633789	-79.502380
1331.578125	187.611328
1330.521484	-9.320282
1329.464844	23.397532
1328.408203	-69.285385
1327.351563	-15.256083
1326.294922	-46.377213
1325.237305	213.348297
1324.179688	-151.110474
1323.122070	-35.623001
1322.064453	49.106297
1321.005859	-126.063156
1319.947266	-20.081266
1318.888672	-105.408310
1317.830078	33.595032
1316.770508	193.782410
1315.710938	-73.224846
1314.651367	96.369835
1313.591797	34.734123
1312.531250	-29.233376
1311.471680	-112.021202
1310.411133	3.240450
1309.349609	94.884338
1308.289063	-242.341812
1307.227539	240.385010
1306.166016	-82.589302
1305.104492	91.433235
1304.042969	102.942574
1302.980469	29.712467
1301.917969	85.945229
1300.855469	175.095688
1299.792969	233.633331
1298.729492	78.140533
1297.666016	-100.791710
1296.602539	37.694763
1295.539063	183.174927
1294.474609	239.302505
1293.411133	-125.077278
1292.346680	79.060074
1291.281250	116.391121
1290.216797	-22.354143
1289.151367	122.951347
1288.085938	38.233528
1287.020508	21.589888
1285.955078	-67.757095
1284.888672	63.363022
1283.822266	88.924019
1282.755859	133.226532
1281.689453	-56.837967
1280.622070	-10.183983
1279.554688	29.423035
1278.487305	24.516165
1277.419922	-134.924240
1276.351563	225.388550
1275.283203	-79.138062
1274.214844	161.669647
1273.146484	283.062592
1272.077148	-51.688122
1271.008789	-51.898434
1269.939453	-84.844322
1268.869141	158.026901
1267.799805	181.133636
1266.729492	115.443123
1265.659180	189.930176
1264.588867	105.583038
1263.517578	44.613365
1262.447266	60.709091
1261.375977	-39.898800
1260.304688	151.197128
1259.232422	106.593338
1258.161133	157.636948
1257.088867	33.770893
1256.016602	52.163383
1254.943359	212.716583
1253.871094	214.750244
1252.797852	237.743515
1251.724609	267.714203
1250.650391	260.407257
1249.577148	367.189392
1248.502930	392.449860
1247.428711	510.785645
1246.354492	275.419464
1245.279297	191.349243
1244.204102	437.554749
1243.128906	348.836853
1242.053711	478.670258
1240.977539	359.762878
1239.902344	364.063416
1238.826172	87.265961
1237.750000	61.426468
1236.672852	251.545898
1235.595703	123.529770
1234.518555	269.453400
1233.441406	180.941956
1232.364258	6.629306
1231.286133	154.800659
1230.208008	135.940643
1229.129883	140.274979
1228.051758	327.729614
1226.972656	77.097557
1225.893555	141.683762
1224.814453	115.902443
1223.734375	242.981232
1222.655273	92.160660
1221.575195	66.409515
1220.495117	26.786625
1219.415039	-26.699047
1218.333984	116.474113
1217.252930	120.815117
1216.171875	-173.137772
1215.090820	-60.068954
1214.008789	9.031514
1212.926758	-51.300037
1211.844727	-86.187454
1210.762695	72.970039
1209.679688	84.260529
1208.597656	-123.779709
1207.513672	-126.295906
1206.430664	-172.647339
1205.347656	-202.822083
1204.263672	-80.736893
1203.179688	-103.994164
1202.095703	13.416056
1201.010742	-164.295029
1199.925781	130.548462
1198.840820	-107.007401
1197.755859	-91.042503
1196.670898	-114.231483
1195.584961	37.594917
1194.499023	62.742413
1193.413086	-128.470474
1192.326172	117.623596
1191.239258	-197.741974
1190.152344	-52.931282
1189.065430	245.898605
1187.978516	100.873817
1186.890625	15.680274
1185.802734	112.084526
1184.714844	93.574013
1183.625977	88.858124
1182.538086	-19.186567
1181.449219	265.448425
1180.360352	120.696533
1179.270508	70.109978
1178.180664	251.304779
1177.090820	303.963654
1176.000977	397.891418
1174.911133	81.338173
1173.820313	308.255524
1172.729492	205.032898
1171.638672	211.858810
1170.547852	165.999969
1169.456055	243.851379
1168.364258	227.790649
1167.272461	138.485794
1166.179688	181.984192
1165.087891	149.960739
1163.995117	284.976990
1162.902344	511.440674
1161.808594	321.590637
1160.715820	557.112366
1159.622070	552.516663
1158.528320	310.252258
1157.433594	465.671234
1156.339844	447.424805
1155.245117	543.385132
1154.149414	586.791565
1153.054688	367.667206
1151.958984	463.608917
1150.863281	488.781067
1149.767578	671.365234
1148.671875	545.967712
1147.575195	680.586243
1146.478516	489.143829
1145.381836	796.961670
1144.285156	498.496643
1143.187500	548.745422
1142.089844	416.760925
1140.992188	555.837830
1139.894531	193.977997
1138.795898	137.300125
1137.697266	-24.026775
1136.598633	181.038086
1135.499023	-150.818161
1134.400391	42.830376
1133.300781	-111.480721
1132.201172	-72.493729
1131.100586	39.205044
1130.000977	-67.262367
1128.900391	48.943386
1127.799805	17.479345
1126.698242	-18.510332
1125.596680	-115.770988
1124.495117	-69.995338
1123.393555	-92.307747
1122.291992	164.434998
1121.189453	164.766678
1120.086914	373.722137
1118.984375	283.332214
1117.881836	226.985184
1116.778320	263.572266
1115.674805	243.506104
1114.571289	391.065613
1113.466797	361.922180
1112.363281	303.365387
1111.258789	339.899719
1110.153320	358.309845
1109.048828	216.077621
1107.943359	462.972168
1106.837891	271.021240
1105.732422	472.570068
1104.625977	289.737244
1103.520508	308.128601
1102.414063	292.611847
1101.306641	252.245010
1100.200195	281.910248
1099.092773	370.259369
1097.985352	201.213623
1096.877930	25.467726
1095.769531	5.483974
1094.661133	141.162094
1093.552734	6.119600
1092.444336	76.327538
1091.335938	245.688553
1090.226563	185.061386
1089.117188	9.528337
1088.006836	214.796722
1086.897461	104.631470
1085.787109	257.968384
1084.676758	145.561646
1083.566406	325.804108
1082.455078	260.656860
1081.343750	211.272537
1080.232422	278.860382
1079.121094	193.480148
1078.008789	-4.300637
1076.896484	47.497799
1075.784180	218.360031
1074.671875	220.615356
1073.558594	483.414215
1072.445313	0.471745
1071.332031	146.403366
1070.217773	195.714920
1069.104492	121.550484
1067.990234	60.853191
1066.875977	159.427109
1065.760742	127.846329
1064.645508	181.457916
1063.530273	-181.945969
1062.415039	-83.522446
1061.299805	102.215958
1060.183594	-5.634323
1059.067383	-32.838444
1057.951172	-69.019318
1056.833984	201.478989
1055.716797	1.800557
1054.599609	108.739479
1053.482422	253.625946
1052.364258	109.874588
1051.247070	26.532520
1050.128906	-121.650299
1049.009766	168.278305
1047.891602	60.273884
1046.772461	416.971924
1045.653320	279.834167
1044.533203	95.814079
1043.414063	-32.344475
1042.293945	-31.034555
1041.173828	121.979164
1040.052734	74.072845
1038.932617	202.362762
1037.811523	-39.653801
1036.689453	41.673595
1035.568359	122.919472
1034.446289	-121.298012
1033.324219	-138.194397
1032.202148	80.985382
1031.079102	-63.001881
1029.957031	93.611145
1028.833984	72.008659
1027.709961	-74.275047
1026.586914	-11.389341
1025.462891	-15.331896
1024.338867	25.149925
1023.214844	198.965591
1022.089844	-51.957523
1020.964844	23.880476
1019.839844	-315.889221
1018.714844	30.874310
1017.588867	-13.481730
1016.462891	117.536919
1015.336914	170.733368
1014.210938	-335.463257
1013.083984	54.959064
1011.957031	105.714630
1010.830078	85.406410
1009.702148	107.165504
1008.574219	301.768860
1007.446289	443.021729
1006.318359	792.439209
1005.190430	964.394897
1004.061523	1060.888916
1002.932617	1017.760925
1001.802734	624.778748
1000.673828	433.332642
999.543945	162.231628
998.414063	382.332458
997.283203	193.055832
996.153320	536.743958
995.022461	780.705444
993.891602	757.028748
992.759766	894.602295
991.628906	1204.378174
990.497070	1452.082520
989.364258	2121.387939
988.232422	2320.049805
987.099609	2538.405273
985.966797	2756.587402
984.833984	2881.931885
983.700195	2929.930908
982.566406	3099.127441
981.432617	2661.847900
980.298828	2412.061279
979.164063	2201.975586
978.029297	1714.297241
976.894531	1301.662842
975.759766	1067.530640
974.624023	853.238770
973.488281	716.018005
972.352539	602.996582
971.215820	494.345490
970.080078	495.670044
968.943359	228.602997
967.805664	515.666138
966.668945	222.196564
965.531250	214.489929
964.393555	204.519836
963.254883	297.722809
962.117188	346.898468
960.978516	204.946655
959.839844	122.263199
958.700195	182.198593
957.561523	213.525742
956.421875	336.899994
955.281250	293.458801
954.141602	291.645355
953.000977	368.680267
951.860352	342.608429
950.719727	377.841064
949.578125	362.601563
948.436523	277.224152
947.294922	202.777374
946.153320	58.254528
945.010742	42.864414
943.868164	298.759949
942.725586	123.515610
941.583008	210.758698
940.439453	31.128651
939.295898	-8.554317
938.152344	211.826431
937.007813	19.055887
935.863281	-25.115852
934.718750	-141.386475
933.574219	-50.199753
932.428711	95.471519
931.283203	-51.434769
930.137695	76.637733
928.992188	93.352829
927.845703	27.132301
926.699219	-60.894314
925.552734	40.758194
924.405273	-103.970779
923.257813	52.057274
922.110352	133.915558
920.962891	-52.191845
919.814453	60.084717
918.666016	191.884918
917.517578	-57.295055
916.369141	-49.597656
915.219727	34.219429
914.070313	11.407380
912.920898	-109.257217
911.770508	-51.609104
910.621094	1.671375
909.470703	-168.910629
908.319336	55.983124
907.168945	22.311014
906.017578	-169.873825
904.866211	-64.528030
903.713867	-148.070038
902.562500	76.597206
901.410156	47.327820
900.256836	-62.175484
899.104492	158.021240
897.951172	44.248840
896.797852	51.936516
895.644531	-94.211044
894.490234	21.879278
893.335938	36.145439
892.181641	4.964053
891.027344	138.377777
889.872070	-44.260750
888.716797	-32.008781
887.561523	-130.056030
886.405273	-39.836819
885.249023	56.880604
884.092773	-118.807343
882.936523	38.517086
881.779297	63.996010
880.622070	-148.129257
879.464844	45.989704
878.307617	-51.446163
877.149414	10.990699
875.991211	-62.512337
874.833008	-79.798264
873.673828	-4.233259
872.514648	-118.436806
871.355469	159.979553
870.196289	-25.184641
869.036133	-117.494484
867.875977	117.889198
866.715820	-75.483086
865.554688	15.649958
864.394531	81.009109
863.233398	83.996185
862.071289	89.232239
860.910156	187.120056
859.748047	125.855911
858.585938	165.830887
857.422852	304.819489
856.259766	181.564102
855.096680	258.392395
853.933594	214.964966
852.770508	337.118195
851.606445	19.003942
850.442383	248.774063
849.277344	298.219269
848.113281	240.463303
846.948242	28.356800
845.783203	170.493378
844.617188	-88.409157
843.451172	47.537365
842.285156	149.266602
841.119141	94.624245
839.952148	162.303040
838.785156	152.977554
837.618164	53.848797
836.451172	19.169477
835.283203	6.070136
834.115234	256.415985
832.947266	290.671417
831.778320	21.267073
830.609375	107.223740
829.440430	229.663864
828.271484	350.076965
827.101563	295.328522
825.931641	195.901367
824.761719	265.474274
823.590820	125.862076
822.420898	355.930176
821.250000	428.074921
820.078125	252.762253
818.907227	105.456039
817.735352	274.145050
816.562500	319.218811
815.390625	298.350891
814.217773	96.452568
813.044922	336.041199
811.872070	179.341415
810.698242	99.588654
809.524414	313.988953
808.350586	13.141603
807.176758	51.118511
806.001953	206.323273
804.827148	80.744057
803.651367	338.343140
802.476563	34.484856
801.300781	217.906906
800.125000	101.656944
798.948242	153.548935
797.772461	78.095940
796.595703	43.214096
795.417969	172.066360
794.241211	184.238770
793.063477	45.843281
791.885742	58.374863
790.707031	126.239426
789.529297	187.869034
788.350586	224.180923
787.170898	76.151573
785.992188	80.989204
784.812500	306.402466
783.632813	44.495842
782.452148	117.583389
781.272461	188.662811
780.091797	-23.890747
778.911133	-1.219961
777.729492	-60.965874
776.547852	97.398254
775.366211	-99.588371
774.184570	52.617252
773.001953	8.225525
771.819336	-291.820801
770.636719	-171.025955
769.453125	-37.500023
768.269531	1.004774
767.085938	-317.338501
765.902344	-124.450668
764.717773	-167.995636
763.533203	-175.555603
762.348633	-178.811539
761.163086	-72.292755
759.977539	30.026358
758.791992	-213.436874
757.606445	26.012129
756.419922	-105.521469
755.233398	83.324188
754.046875	-77.565254
752.859375	-61.432503
751.672852	-150.557434
750.485352	0.360703
749.296875	218.571472
748.108398	20.087290
746.919922	-26.842476
745.731445	1.955271
744.542969	192.628174
743.353516	198.217072
742.164063	100.800392
740.973633	102.155136
739.783203	231.607712
738.592773	14.440212
737.402344	290.727722
736.211914	90.334274
735.020508	17.987663
733.829102	174.293579
732.636719	330.450317
731.444336	274.637878
730.251953	122.316025
729.059570	-11.170760
727.866211	-96.500443
726.673828	111.408875
725.479492	113.830055
724.286133	220.826004
723.091797	97.336525
721.897461	-36.703484
720.703125	243.513763
719.507813	328.873413
718.312500	273.889099
717.117188	112.113129
715.921875	309.830261
714.725586	103.872849
713.529297	284.411926
712.332031	186.813080
711.135742	396.093628
709.938477	298.107849
708.740234	452.568909
707.542969	283.226257
706.344727	503.955383
705.146484	695.146790
703.948242	790.077698
702.749023	1230.871948
701.549805	1052.060425
700.350586	764.716003
699.150391	656.461243
697.950195	252.195679
696.750000	476.858795
695.549805	351.349548
694.348633	444.232697
693.147461	324.529480
691.946289	396.064117
690.744141	221.837799
689.541992	286.618103
688.339844	388.545380
687.136719	521.354370
685.934570	362.901154
684.730469	588.665588
683.527344	309.304504
682.323242	546.966736
681.119141	342.033264
679.915039	307.196228
678.710938	321.968781
677.505859	153.937927
676.300781	79.139122
675.094727	188.754593
673.889648	244.239822
672.683594	166.867081
671.476563	66.580650
670.270508	-93.876923
669.063477	103.966415
667.856445	198.062607
666.648438	-47.524292
665.440430	102.289192
664.232422	247.841492
663.024414	-24.623343
661.815430	-19.803699
660.606445	84.295761
659.397461	196.659683
658.188477	87.877739
656.978516	276.810455
655.768555	164.154633
654.557617	-187.883835
653.346680	15.922445
652.135742	197.153961
650.924805	-141.556183
649.712891	56.709217
648.501953	156.214310
647.289063	-226.571899
646.077148	-33.426266
644.864258	-151.178513
643.651367	55.248779
642.438477	29.327509
641.224609	-12.417308
640.010742	152.517456
638.796875	276.956665
637.582031	54.260929
636.367188	-31.601620
635.152344	33.740887
633.937500	-4.829165
632.721680	62.611897
631.505859	139.427368
630.289063	92.078293
629.073242	311.205231
627.856445	200.864075
626.639648	379.678802
625.421875	-29.373713
624.204102	150.690704
622.986328	67.681732
621.768555	70.766205
620.549805	41.009830
619.331055	-9.162313
618.111328	-50.887859
616.892578	-69.741150
