1721.000977	-71.128403
1720.027344	95.519295
1719.052734	39.936405
1718.078125	119.265900
1717.104492	30.762386
1716.128906	7.964119
1715.154297	-41.445225
1714.178711	-35.375023
1713.204102	118.453049
1712.228516	-151.481674
1711.251953	-127.503700
1710.276367	-47.977036
1709.299805	64.037498
1708.324219	211.124359
1707.347656	98.885742
1706.370117	129.340530
1705.393555	87.496552
1704.416016	-36.821159
1703.438477	-3.091265
1702.460938	-79.899803
1701.483398	-231.357101
1700.505859	-35.617237
1699.527344	24.093590
1698.548828	213.628555
1697.570313	193.167221
1696.591797	133.986053
1695.612305	166.348389
1694.632813	108.966690
1693.653320	58.911224
1692.673828	54.477154
1691.694336	-121.217773
1690.713867	-36.961048
1689.734375	347.938293
1688.753906	-292.635162
1687.772461	-43.497585
1686.791992	-67.397675
1685.810547	-30.362249
1684.830078	-41.934261
1683.848633	241.769653
1682.866211	-45.286007
1681.884766	67.375832
1680.902344	167.097900
1679.919922	-10.767604
1678.937500	-277.743011
1677.955078	14.963363
1676.971680	256.558960
1675.989258	27.535070
1675.005859	45.121941
1674.022461	37.211731
1673.038086	229.992386
1672.054688	-169.357468
1671.070313	203.648148
1670.085938	91.364914
1669.101563	73.051468
1668.117188	141.038376
1667.131836	56.673283
1666.146484	86.529343
1665.161133	50.404831
1664.175781	92.933662
1663.189453	203.910477
1662.204102	23.285135
1661.217773	81.029388
1660.231445	42.462528
1659.245117	181.318558
1658.257813	-75.082741
1657.270508	-14.727659
1656.284180	134.294556
1655.295898	-88.918243
1654.308594	1.911960
1653.321289	125.655571
1652.333008	92.507225
1651.344727	-69.588417
1650.356445	11.247958
1649.367188	13.704720
1648.378906	122.422295
1647.389648	-231.412598
1646.400391	-168.061646
1645.411133	110.089867
1644.420898	-142.292709
1643.431641	60.112095
1642.441406	-7.687803
1641.451172	-24.897667
1640.459961	3.387814
1639.469727	16.611914
1638.478516	153.509216
1637.487305	171.873566
1636.496094	124.736389
1635.504883	254.186584
1634.512695	239.956329
1633.520508	228.327026
1632.528320	181.500534
1631.536133	532.803589
1630.543945	277.030670
1629.550781	197.694168
1628.557617	561.565796
1627.564453	238.187759
1626.571289	425.882538
1625.578125	507.894379
1624.583984	776.076477
1623.589844	566.363892
1622.595703	731.464478
1621.601563	1062.482666
1620.606445	1086.775635
1619.611328	1168.921265
1618.616211	1175.721313
1617.621094	1373.482910
1616.625977	1056.400024
1615.629883	1116.113159
1614.633789	1326.479126
1613.637695	1027.330566
1612.641602	1142.384521
1611.645508	1199.747070
1610.648438	1156.793335
1609.651367	1246.815063
1608.654297	1076.105713
1607.657227	1131.110840
1606.659180	1328.971436
1605.662109	1378.979248
1604.664063	1326.288452
1603.666016	1296.202515
1602.666992	1371.323120
1601.668945	1358.840332
1600.669922	1456.517944
1599.670898	1008.659241
1598.671875	1321.598389
1597.671875	1256.718750
1596.672852	1016.848572
1595.672852	1089.636963
1594.672852	1002.431824
1593.671875	1030.243530
1592.671875	865.677368
1591.670898	713.677795
1590.669922	963.897278
1589.668945	594.726807
1588.667969	590.242981
1587.666016	520.863892
1586.664063	374.163696
1585.662109	354.790405
1584.660156	312.984772
1583.658203	261.232727
1582.655273	329.187805
1581.652344	257.513092
1580.649414	253.173111
1579.646484	-100.035561
1578.642578	229.552444
1577.638672	55.837624
1576.634766	-20.677332
1575.630859	348.530823
1574.626953	145.030243
1573.622070	113.329285
1572.618164	111.512444
1571.613281	124.607338
1570.607422	170.012360
1569.602539	118.422424
1568.596680	34.512718
1567.590820	246.431046
1566.584961	-88.490486
1565.579102	225.217957
1564.572266	61.814991
1563.566406	-19.557972
1562.559570	209.466812
1561.551758	6.399336
1560.544922	-10.428432
1559.537109	-148.871338
1558.530273	208.946625
1557.521484	169.692749
1556.513672	103.172211
1555.505859	-74.911789
1554.497070	158.552155
1553.488281	17.659651
1552.479492	114.685638
1551.470703	162.107254
1550.460938	-114.993294
1549.451172	-122.074951
1548.441406	341.232117
1547.431641	-114.010872
1546.421875	-304.280701
1545.411133	-54.086918
1544.400391	59.927250
1543.389648	114.513580
1542.378906	99.822342
1541.367188	-6.368789
1540.355469	-236.117950
1539.343750	-16.045307
1538.332031	-112.324684
1537.320313	48.305660
1536.307617	-18.367743
1535.294922	-52.936016
1534.282227	-80.104141
1533.269531	-23.368073
1532.256836	16.049683
1531.243164	151.628113
1530.229492	156.408142
1529.215820	55.130215
1528.202148	-159.533524
1527.187500	-172.018097
1526.172852	-61.296120
1525.158203	91.244057
1524.143555	-66.678459
1523.127930	-123.592400
1522.113281	-8.122770
1521.097656	227.893341
1520.082031	-28.459854
1519.065430	42.544834
1518.049805	-191.553391
1517.033203	41.765812
1516.016602	4.457872
1515.000000	31.078007
1513.982422	-8.711002
1512.965820	47.364594
1511.948242	-292.206116
1510.930664	19.352764
1509.913086	-5.714042
1508.894531	200.029739
1507.875977	76.697945
1506.857422	46.679871
1505.838867	63.292606
1504.820313	18.552446
1503.800781	-67.891388
1502.781250	-41.493359
1501.761719	127.100746
1500.742188	104.407288
1499.721680	-89.858078
1498.702148	240.350128
1497.681641	68.177391
1496.661133	199.796234
1495.639648	91.357918
1494.618164	142.103348
1493.597656	183.050766
1492.576172	-6.078101
1491.553711	-33.651592
1490.532227	-56.305904
1489.509766	124.034271
1488.487305	67.115677
1487.464844	46.896164
1486.442383	92.683167
1485.418945	33.364426
1484.395508	18.055799
1483.372070	90.695595
1482.348633	-83.338417
1481.324219	121.142349
1480.300781	-138.244644
1479.276367	-21.677715
1478.251953	236.372986
1477.226563	21.047260
1476.202148	154.616745
1475.176758	80.860298
1474.151367	21.776419
1473.125000	108.967896
1472.099609	123.044060
1471.073242	5.551502
1470.046875	192.615585
1469.020508	211.576935
1467.994141	310.901154
1466.966797	64.511482
1465.939453	73.800728
1464.912109	-53.156132
1463.884766	138.661179
1462.856445	194.197464
1461.829102	383.497009
1460.800781	81.614716
1459.772461	338.956848
1458.743164	360.470215
1457.714844	535.087585
1456.685547	537.172546
1455.656250	371.707458
1454.625977	466.143158
1453.596680	580.001892
1452.566406	654.997131
1451.536133	232.534866
1450.505859	365.861816
1449.474609	300.253174
1448.444336	503.902618
1447.413086	159.537659
1446.381836	280.769104
1445.350586	709.771362
1444.318359	140.335342
1443.286133	423.897888
1442.253906	649.246643
1441.221680	370.874329
1440.189453	216.127121
1439.156250	68.731705
1438.123047	342.507416
1437.089844	-80.584328
1436.056641	389.115112
1435.022461	372.549347
1433.988281	34.457401
1432.954102	13.222494
1431.919922	-63.547543
1430.885742	234.286362
1429.850586	89.933556
1428.815430	49.542950
1427.780273	-205.701523
1426.744141	-4.510314
1425.708984	-83.342339
1424.672852	-193.480148
1423.636719	-1.937261
1422.600586	-37.176304
1421.563477	12.043619
1420.527344	121.577484
1419.490234	-62.997459
1418.452148	-37.778507
1417.415039	-14.920780
1416.376953	169.373917
1415.338867	-5.244389
1414.300781	-93.048973
1413.262695	-26.684227
1412.224609	-39.732044
1411.185547	-19.046879
1410.146484	-22.383329
1409.107422	-100.239357
1408.067383	2.351013
1407.027344	66.472824
1405.987305	118.596832
1404.947266	170.748459
1403.907227	-106.277367
1402.866211	39.678890
1401.826172	171.222061
1400.785156	96.227844
1399.743164	225.378006
1398.702148	124.099289
1397.660156	231.687592
1396.618164	-54.212151
1395.576172	317.335541
1394.533203	384.179901
1393.491211	609.307678
1392.448242	508.347260
1391.405273	649.550659
1390.361328	953.679443
1389.318359	941.497131
1388.274414	1202.413818
1387.230469	1072.929321
1386.186523	1223.668335
1385.141602	1594.599854
1384.097656	1637.564697
1383.052734	1472.387695
1382.007813	1800.111084
1380.961914	1859.866089
1379.916992	1594.460083
1378.871094	1305.300049
1377.825195	1092.791504
1376.778320	1427.625977
1375.732422	993.091370
1374.685547	1198.911011
1373.638672	993.945496
1372.591797	965.788086
1371.543945	739.558533
1370.497070	842.813354
1369.449219	693.145752
1368.400391	736.799622
1367.352539	680.319519
1366.303711	604.820374
1365.255859	617.612244
1364.206055	639.955811
1363.157227	507.450806
1362.108398	746.697632
1361.058594	633.355286
1360.008789	743.951416
1358.958984	895.013000
1357.908203	600.917969
1356.857422	754.396912
1355.806641	629.468872
1354.755859	656.875671
1353.705078	475.019135
1352.653320	419.291016
1351.601563	282.798737
1350.549805	543.321045
1349.498047	540.002075
1348.445313	149.469971
1347.393555	333.951263
1346.340820	425.765442
1345.287109	287.271484
1344.234375	357.762024
1343.180664	72.271652
1342.126953	311.295990
1341.073242	350.988831
1340.019531	238.912186
1338.964844	463.606689
1337.910156	249.673294
1336.855469	-16.279099
1335.799805	6.993361
1334.745117	274.310028
1333.689453	153.086884
1332.633789	27.207970
1331.578125	273.116119
1330.521484	-162.764954
1329.464844	52.360764
1328.408203	71.041588
1327.351563	40.064110
1326.294922	11.492275
1325.237305	179.201111
1324.179688	-47.919758
1323.122070	-7.847399
1322.064453	169.280960
1321.005859	25.059210
1319.947266	-246.621170
1318.888672	-109.637634
1317.830078	128.823776
1316.770508	-19.904659
1315.710938	-62.353428
1314.651367	142.969162
1313.591797	-76.368996
1312.531250	-264.941803
1311.471680	112.469368
1310.411133	63.055149
1309.349609	-40.530556
1308.289063	-96.922806
1307.227539	9.268430
1306.166016	23.574997
1305.104492	9.635114
1304.042969	-129.057526
1302.980469	-6.418357
1301.917969	-109.726143
1300.855469	-109.453979
1299.792969	69.596931
1298.729492	-160.613754
1297.666016	39.551163
1296.602539	60.993618
1295.539063	-70.319992
1294.474609	-44.146732
1293.411133	-81.391617
1292.346680	88.060570
1291.281250	-57.200668
1290.216797	100.458641
1289.151367	96.103050
1288.085938	117.572784
1287.020508	141.387039
1285.955078	-3.677194
1284.888672	81.136887
1283.822266	-134.176208
1282.755859	72.535545
1281.689453	47.158554
1280.622070	103.797340
1279.554688	230.694458
1278.487305	78.849594
1277.419922	264.246857
1276.351563	262.287689
1275.283203	35.654121
1274.214844	66.517731
1273.146484	219.022797
1272.077148	41.676350
1271.008789	194.131577
1269.939453	-128.071808
1268.869141	33.700760
1267.799805	10.801666
1266.729492	153.792175
1265.659180	161.244873
1264.588867	304.147827
1263.517578	416.631256
1262.447266	3.860014
1261.375977	326.411072
1260.304688	-128.158585
1259.232422	308.585968
1258.161133	404.637665
1257.088867	244.151749
1256.016602	-58.465225
1254.943359	284.659241
1253.871094	296.748505
1252.797852	304.172760
1251.724609	449.016296
1250.650391	512.288330
1249.577148	482.415436
1248.502930	247.717010
1247.428711	601.892578
1246.354492	402.174530
1245.279297	37.382702
1244.204102	321.603394
1243.128906	433.643158
1242.053711	294.578156
1240.977539	381.005646
1239.902344	281.518097
1238.826172	340.036652
1237.750000	407.823395
1236.672852	477.897461
1235.595703	422.579559
1234.518555	37.699711
1233.441406	251.685684
1232.364258	205.738632
1231.286133	78.623924
1230.208008	74.474686
1229.129883	299.859314
1228.051758	-105.343300
1226.972656	27.278759
1225.893555	254.841034
1224.814453	79.243942
1223.734375	-54.594734
1222.655273	-19.338516
1221.575195	48.305130
1220.495117	213.127518
1219.415039	155.745911
1218.333984	-114.447281
1217.252930	138.192780
1216.171875	85.490364
1215.090820	127.599854
1214.008789	128.083633
1212.926758	-23.944752
1211.844727	-58.077003
1210.762695	30.227966
1209.679688	-45.469376
1208.597656	-79.567047
1207.513672	-169.055679
1206.430664	-392.348755
1205.347656	-147.161224
1204.263672	24.096748
1203.179688	10.782800
1202.095703	-64.776810
1201.010742	37.199158
1199.925781	111.476532
1198.840820	284.805389
1197.755859	-46.450878
1196.670898	-50.501186
1195.584961	42.160339
1194.499023	-97.733704
1193.413086	47.844109
1192.326172	131.225845
1191.239258	-116.719231
1190.152344	201.284363
1189.065430	8.635146
1187.978516	73.575356
1186.890625	168.368744
1185.802734	125.240005
1184.714844	114.300514
1183.625977	4.589437
1182.538086	-56.834633
1181.449219	136.633881
1180.360352	111.942284
1179.270508	275.455902
1178.180664	71.774323
1177.090820	141.178848
1176.000977	579.815979
1174.911133	376.218994
1173.820313	204.805908
1172.729492	283.303253
1171.638672	47.835999
1170.547852	295.876831
1169.456055	159.007919
1168.364258	409.209595
1167.272461	203.702515
1166.179688	282.115753
1165.087891	438.312225
1163.995117	603.591064
1162.902344	768.801636
1161.808594	881.338684
1160.715820	870.371582
1159.622070	962.273804
1158.528320	581.064514
1157.433594	645.574036
1156.339844	623.260742
1155.245117	587.253906
1154.149414	359.459656
1153.054688	229.937958
1151.958984	349.249756
1150.863281	128.517670
1149.767578	323.091156
1148.671875	471.964203
1147.575195	417.820557
1146.478516	254.276886
1145.381836	300.502960
1144.285156	323.922394
1143.187500	299.488434
1142.089844	-7.377584
1140.992188	-145.586060
1139.894531	103.315903
1138.795898	113.099876
1137.697266	-163.861694
1136.598633	-58.461666
1135.499023	-5.430427
1134.400391	-227.595184
1133.300781	-67.684021
1132.201172	28.505493
1131.100586	-0.348838
1130.000977	-67.814560
1128.900391	73.739632
1127.799805	-198.124542
1126.698242	-147.438293
1125.596680	-60.456318
1124.495117	87.764328
1123.393555	-9.147861
1122.291992	286.449249
1121.189453	448.086914
1120.086914	729.832642
1118.984375	514.951538
1117.881836	762.548584
1116.778320	808.340576
1115.674805	681.922302
1114.571289	609.916199
1113.466797	841.380859
1112.363281	744.453552
1111.258789	688.298584
1110.153320	786.040344
1109.048828	438.017456
1107.943359	614.923340
1106.837891	755.555969
1105.732422	412.260284
1104.625977	509.897461
1103.520508	462.843079
1102.414063	576.216309
1101.306641	316.790009
1100.200195	319.451416
1099.092773	188.872452
1097.985352	446.618469
1096.877930	419.856720
1095.769531	239.645447
1094.661133	167.784348
1093.552734	95.936790
1092.444336	242.828583
1091.335938	69.507805
1090.226563	175.722000
1089.117188	178.210358
1088.006836	115.337532
1086.897461	288.975403
1085.787109	399.451630
1084.676758	79.843391
1083.566406	410.851013
1082.455078	125.081230
1081.343750	154.390488
1080.232422	388.348236
1079.121094	354.561066
1078.008789	460.149292
1076.896484	374.594330
1075.784180	246.346542
1074.671875	533.783936
1073.558594	335.850922
1072.445313	128.991913
1071.332031	425.131805
1070.217773	229.490250
1069.104492	222.426010
1067.990234	188.394882
1066.875977	-49.797237
1065.760742	310.887512
1064.645508	99.594917
1063.530273	36.312340
1062.415039	31.286907
1061.299805	66.552849
1060.183594	-120.029869
1059.067383	-37.809464
1057.951172	53.283451
1056.833984	-25.858072
1055.716797	118.804573
1054.599609	70.913033
1053.482422	-12.803161
1052.364258	221.068420
1051.247070	177.502853
1050.128906	328.400055
1049.009766	108.132065
1047.891602	-45.044579
1046.772461	266.484680
1045.653320	-25.264610
1044.533203	134.143112
1043.414063	-166.492233
1042.293945	93.201363
1041.173828	154.102921
1040.052734	125.665413
1038.932617	-7.654583
1037.811523	267.120026
1036.689453	-33.533230
1035.568359	-35.413357
1034.446289	176.575623
1033.324219	-186.438812
1032.202148	-119.437973
1031.079102	163.478012
1029.957031	221.323273
1028.833984	-126.076263
1027.709961	100.788208
1026.586914	-6.268032
1025.462891	-260.175232
1024.338867	-171.545593
1023.214844	8.133788
1022.089844	-154.694611
1020.964844	-148.615463
1019.839844	-204.834534
1018.714844	16.579113
1017.588867	24.591211
1016.462891	28.080290
1015.336914	111.403137
1014.210938	150.219284
1013.083984	-66.253769
1011.957031	167.634308
1010.830078	121.873192
1009.702148	326.609924
1008.574219	289.522430
1007.446289	824.205933
1006.318359	1478.220459
1005.190430	2251.481689
1004.061523	2339.888184
1002.932617	1803.702515
1001.802734	1196.819336
1000.673828	490.529999
999.543945	388.587219
998.414063	516.689331
997.283203	297.369629
996.153320	292.572388
995.022461	296.520599
993.891602	391.002869
992.759766	659.921326
991.628906	431.531616
990.497070	759.774963
989.364258	915.516357
988.232422	1430.982544
987.099609	1392.071533
985.966797	1489.908569
984.833984	1611.880249
983.700195	1879.279297
982.566406	1831.102051
981.432617	1630.725830
980.298828	1157.013916
979.164063	1507.641479
978.029297	952.459229
976.894531	1111.146973
975.759766	820.404297
974.624023	694.828003
973.488281	743.120728
972.352539	425.972260
971.215820	372.901337
970.080078	403.367981
968.943359	354.547791
967.805664	426.583679
966.668945	230.323029
965.531250	385.692993
964.393555	514.539551
963.254883	533.392944
962.117188	488.472198
960.978516	331.495239
959.839844	339.150208
958.700195	423.519958
957.561523	470.480499
956.421875	368.155609
955.281250	382.024628
954.141602	562.466064
953.000977	790.962769
951.860352	719.016174
950.719727	750.012207
949.578125	640.703430
948.436523	621.167847
947.294922	279.687866
946.153320	330.155518
945.010742	443.991272
943.868164	32.542980
942.725586	277.519135
941.583008	139.563782
940.439453	318.659912
939.295898	276.810028
938.152344	57.881001
937.007813	81.533501
935.863281	369.457794
934.718750	137.368546
933.574219	239.429626
932.428711	210.389664
931.283203	185.679459
930.137695	80.191566
928.992188	13.976773
927.845703	135.309113
926.699219	-155.591263
925.552734	63.746513
924.405273	108.563286
923.257813	-60.229149
922.110352	309.137024
920.962891	251.394516
919.814453	141.372162
918.666016	190.300339
917.517578	43.286884
916.369141	-60.158035
915.219727	38.741787
914.070313	-64.706871
912.920898	225.476974
911.770508	-160.637405
910.621094	98.979195
909.470703	132.456985
908.319336	-5.732645
907.168945	-83.029167
906.017578	198.004395
904.866211	-50.828819
903.713867	188.821960
902.562500	-33.838135
901.410156	27.813601
900.256836	-142.651596
899.104492	-163.376297
897.951172	-166.741486
896.797852	100.860741
895.644531	214.503601
894.490234	-7.703923
893.335938	17.152699
892.181641	171.963150
891.027344	38.789001
889.872070	-12.041787
888.716797	-23.853035
887.561523	-109.172966
886.405273	45.678123
885.249023	-30.877579
884.092773	-133.286240
882.936523	125.382965
881.779297	29.577557
880.622070	173.698074
879.464844	-8.340300
878.307617	94.830765
877.149414	-156.059647
875.991211	5.519584
874.833008	-24.959686
873.673828	298.477936
872.514648	-133.093658
871.355469	-100.730003
870.196289	-79.066696
869.036133	33.202049
867.875977	115.348976
866.715820	70.445473
865.554688	-88.503212
864.394531	-1.760188
863.233398	218.529770
862.071289	113.795692
860.910156	217.982773
859.748047	378.169464
858.585938	319.006470
857.422852	541.700867
856.259766	134.479156
855.096680	310.088379
853.933594	343.919891
852.770508	283.341705
851.606445	381.871796
850.442383	169.120758
849.277344	61.806030
848.113281	244.475266
846.948242	137.496277
845.783203	95.086403
844.617188	33.541523
843.451172	240.242661
842.285156	187.590576
841.119141	259.450745
839.952148	-7.152018
838.785156	26.482782
837.618164	-72.525597
836.451172	-147.757202
835.283203	171.149002
834.115234	196.843887
832.947266	92.169037
831.778320	66.876396
830.609375	118.784088
829.440430	61.792088
828.271484	111.909676
827.101563	-109.269112
825.931641	315.205688
824.761719	47.462269
823.590820	252.077286
822.420898	232.574600
821.250000	6.180695
820.078125	228.316818
818.907227	252.095367
817.735352	508.600952
816.562500	106.098282
815.390625	294.676941
814.217773	342.654663
813.044922	196.847641
811.872070	149.334091
810.698242	18.949228
809.524414	165.723251
808.350586	-57.896832
807.176758	214.834686
806.001953	168.366547
804.827148	-84.291771
803.651367	237.779251
802.476563	85.587990
801.300781	8.089387
800.125000	-128.702408
798.948242	427.663544
797.772461	216.853882
796.595703	-142.378738
795.417969	-55.221039
794.241211	293.277405
793.063477	261.783844
791.885742	194.411926
790.707031	583.477905
789.529297	469.754730
788.350586	231.127045
787.170898	272.692291
785.992188	83.333344
784.812500	392.316223
783.632813	237.264206
782.452148	211.677246
781.272461	351.469635
780.091797	487.120880
778.911133	481.026550
777.729492	356.563477
776.547852	14.361046
775.366211	304.999146
774.184570	405.289978
773.001953	19.334879
771.819336	-4.810094
770.636719	-206.350769
769.453125	-120.305031
768.269531	-103.893005
767.085938	-43.024048
765.902344	-1.078350
764.717773	53.617424
763.533203	-98.444885
762.348633	-52.001343
761.163086	-184.802597
759.977539	38.964802
758.791992	-40.923847
757.606445	-57.466812
756.419922	132.600632
755.233398	82.432991
754.046875	-195.165588
752.859375	83.405327
751.672852	435.575623
750.485352	231.878708
749.296875	409.225830
748.108398	304.565552
746.919922	269.379181
745.731445	53.351093
744.542969	207.470230
743.353516	317.365753
742.164063	-37.258263
740.973633	28.475193
739.783203	430.236908
738.592773	411.751862
737.402344	0.606470
736.211914	28.308880
735.020508	13.962358
733.829102	184.184982
732.636719	272.445129
731.444336	421.392181
730.251953	-48.323002
729.059570	167.512863
727.866211	202.914810
726.673828	303.131561
725.479492	107.839836
724.286133	109.356392
723.091797	85.612900
721.897461	143.367386
720.703125	246.982162
719.507813	-40.840378
718.312500	397.109680
717.117188	163.421631
715.921875	270.442810
714.725586	53.254601
713.529297	-13.564623
712.332031	214.023666
711.135742	171.867142
709.938477	388.455048
708.740234	291.575043
707.542969	768.504333
706.344727	854.773132
705.146484	1405.999878
703.948242	1616.765137
702.749023	1483.137817
701.549805	1607.843506
700.350586	1375.852783
699.150391	1197.906860
697.950195	571.909363
696.750000	458.320251
695.549805	365.363831
694.348633	380.458618
693.147461	284.999207
691.946289	66.576912
690.744141	305.675903
689.541992	247.017517
688.339844	1.019223
687.136719	565.629700
685.934570	310.904022
684.730469	502.800140
683.527344	561.446533
682.323242	401.791595
681.119141	343.754852
679.915039	208.751801
678.710938	270.790680
677.505859	54.599403
676.300781	371.461548
675.094727	374.872559
673.889648	89.966583
672.683594	315.000793
671.476563	212.392242
670.270508	120.121040
669.063477	-96.452667
667.856445	-4.399280
666.648438	294.630920
665.440430	65.701401
664.232422	240.450653
663.024414	65.530472
661.815430	281.709076
660.606445	14.009301
659.397461	-77.679581
658.188477	279.388885
656.978516	-24.763365
655.768555	-72.333176
654.557617	16.735071
653.346680	358.027496
652.135742	-66.383118
650.924805	-382.833984
649.712891	128.804855
648.501953	96.095329
647.289063	-51.523464
646.077148	-227.299225
644.864258	-10.607273
643.651367	186.126968
642.438477	64.200577
641.224609	0.900007
640.010742	51.859097
638.796875	134.707611
637.582031	-34.584782
636.367188	451.858826
635.152344	262.380585
633.937500	-26.459274
632.721680	284.755676
631.505859	545.944885
630.289063	494.130280
629.073242	616.683960
627.856445	436.923676
626.639648	727.530762
625.421875	578.517029
624.204102	522.074707
622.986328	428.932495
621.768555	278.721619
620.549805	10.081843
619.331055	111.401283
618.111328	-139.277939
616.892578	98.985176
