1721.000977	99.593559
1720.027344	187.130157
1719.052734	-92.405434
1718.078125	122.779236
1717.104492	55.144218
1716.128906	148.537003
1715.154297	261.897919
1714.178711	8.088738
1713.204102	184.531815
1712.228516	-98.279564
1711.251953	-138.032959
1710.276367	67.739693
1709.299805	-216.144623
1708.324219	147.530548
1707.347656	-226.588501
1706.370117	46.610703
1705.393555	-33.733089
1704.416016	312.866486
1703.438477	22.134970
1702.460938	-284.099518
1701.483398	-107.245651
1700.505859	-206.786896
1699.527344	-196.650772
1698.548828	-301.724213
1697.570313	-18.660034
1696.591797	31.667780
1695.612305	-91.875961
1694.632813	167.410706
1693.653320	53.765808
1692.673828	294.739410
1691.694336	336.461304
1690.713867	-55.642044
1689.734375	169.510818
1688.753906	142.000137
1687.772461	-115.063690
1686.791992	188.642426
1685.810547	92.036995
1684.830078	-121.774055
1683.848633	36.296761
1682.866211	3.217631
1681.884766	56.689583
1680.902344	74.425819
1679.919922	-304.914490
1678.937500	104.670959
1677.955078	-10.007180
1676.971680	-40.752281
1675.989258	210.789597
1675.005859	152.013351
1674.022461	116.129402
1673.038086	1.448637
1672.054688	54.536896
1671.070313	51.696377
1670.085938	-73.045067
1669.101563	-83.453209
1668.117188	-20.219793
1667.131836	108.974663
1666.146484	68.114143
1665.161133	-150.300339
1664.175781	159.015274
1663.189453	295.756836
1662.204102	-143.069046
1661.217773	100.217476
1660.231445	-158.387222
1659.245117	241.986008
1658.257813	160.856689
1657.270508	31.679596
1656.284180	39.375935
1655.295898	39.469330
1654.308594	-8.457664
1653.321289	29.729155
1652.333008	-71.238235
1651.344727	-60.802647
1650.356445	141.899994
1649.367188	61.333946
1648.378906	-213.788605
1647.389648	-16.100510
1646.400391	-5.445807
1645.411133	-308.037079
1644.420898	-49.687557
1643.431641	221.263062
1642.441406	-179.519028
1641.451172	-4.499697
1640.459961	339.583954
1639.469727	360.604309
1638.478516	182.339127
1637.487305	160.591522
1636.496094	126.296738
1635.504883	417.319580
1634.512695	52.846806
1633.520508	588.311951
1632.528320	42.640213
1631.536133	318.512665
1630.543945	554.022400
1629.550781	618.225464
1628.557617	435.724731
1627.564453	449.683502
1626.571289	730.444763
1625.578125	965.845642
1624.583984	1130.741089
1623.589844	1300.641724
1622.595703	1126.032959
1621.601563	1082.269531
1620.606445	1413.046265
1619.611328	1640.697754
1618.616211	1443.705444
1617.621094	1555.795044
1616.625977	1489.572998
1615.629883	1792.484253
1614.633789	1540.535156
1613.637695	1705.347778
1612.641602	1569.020508
1611.645508	1487.978394
1610.648438	1422.029907
1609.651367	1581.833374
1608.654297	1611.233398
1607.657227	1505.293457
1606.659180	1817.924072
1605.662109	1940.053345
1604.664063	2022.055908
1603.666016	1928.738159
1602.666992	2160.983398
1601.668945	1862.442139
1600.669922	1941.975586
1599.670898	1888.870728
1598.671875	1748.245483
1597.671875	1582.665283
1596.672852	1647.278198
1595.672852	1551.840698
1594.672852	1413.965454
1593.671875	1208.664917
1592.671875	998.493835
1591.670898	848.364685
1590.669922	755.763367
1589.668945	510.886414
1588.667969	585.701843
1587.666016	633.021179
1586.664063	208.662399
1585.662109	660.277100
1584.660156	1009.434937
1583.658203	550.385315
1582.655273	410.689972
1581.652344	136.442230
1580.649414	333.399292
1579.646484	458.017639
1578.642578	134.109268
1577.638672	348.388550
1576.634766	57.030739
1575.630859	154.226807
1574.626953	326.070038
1573.622070	283.786743
1572.618164	74.833305
1571.613281	-79.317719
1570.607422	530.173218
1569.602539	30.344536
1568.596680	62.762691
1567.590820	139.917480
1566.584961	276.685608
1565.579102	0.949642
1564.572266	90.479195
1563.566406	35.947388
1562.559570	-155.149292
1561.551758	98.200775
1560.544922	130.565231
1559.537109	-350.781921
1558.530273	-62.782848
1557.521484	34.055664
1556.513672	-0.560428
1555.505859	34.267658
1554.497070	-121.815117
1553.488281	-27.506357
1552.479492	-74.475922
1551.470703	180.819244
1550.460938	5.016420
1549.451172	-168.232361
1548.441406	-272.079285
1547.431641	-197.658966
1546.421875	-11.898950
1545.411133	250.469070
1544.400391	-78.492676
1543.389648	-11.594515
1542.378906	8.298585
1541.367188	-214.103516
1540.355469	-40.941730
1539.343750	255.710037
1538.332031	-104.938896
1537.320313	-386.388214
1536.307617	120.066292
1535.294922	-198.353043
1534.282227	-13.046209
1533.269531	-52.397575
1532.256836	226.581558
1531.243164	-52.103695
1530.229492	73.837379
1529.215820	54.247028
1528.202148	44.535877
1527.187500	-16.943167
1526.172852	-243.499039
1525.158203	-56.015995
1524.143555	-144.493530
1523.127930	148.796402
1522.113281	-57.850700
1521.097656	223.018829
1520.082031	90.289352
1519.065430	68.347237
1518.049805	-54.420368
1517.033203	-32.016602
1516.016602	-26.816944
1515.000000	15.276849
1513.982422	-53.264683
1512.965820	-134.025330
1511.948242	-273.724731
1510.930664	-71.875198
1509.913086	206.047333
1508.894531	78.687408
1507.875977	150.263123
1506.857422	84.376640
1505.838867	-104.158897
1504.820313	266.807526
1503.800781	-196.389877
1502.781250	98.443359
1501.761719	150.436783
1500.742188	141.149643
1499.721680	48.543205
1498.702148	95.696861
1497.681641	8.097032
1496.661133	87.119644
1495.639648	210.198807
1494.618164	203.497452
1493.597656	270.283875
1492.576172	107.007774
1491.553711	134.664032
1490.532227	397.202484
1489.509766	-71.630043
1488.487305	-78.082970
1487.464844	-86.942772
1486.442383	-85.986198
1485.418945	98.264236
1484.395508	-120.646164
1483.372070	320.083984
1482.348633	15.824450
1481.324219	24.236418
1480.300781	120.583244
1479.276367	75.358704
1478.251953	-3.966409
1477.226563	-71.037338
1476.202148	264.418610
1475.176758	307.137726
1474.151367	-25.565596
1473.125000	-50.982964
1472.099609	38.210625
1471.073242	251.650314
1470.046875	257.993958
1469.020508	106.079895
1467.994141	351.162567
1466.966797	99.562035
1465.939453	266.736633
1464.912109	346.290344
1463.884766	311.514618
1462.856445	430.022705
1461.829102	424.525116
1460.800781	258.601349
1459.772461	425.810944
1458.743164	607.564148
1457.714844	845.192139
1456.685547	985.587280
1455.656250	849.105713
1454.625977	732.140320
1453.596680	906.617493
1452.566406	449.998352
1451.536133	653.670044
1450.505859	709.318359
1449.474609	828.043579
1448.444336	878.890381
1447.413086	694.572571
1446.381836	796.424133
1445.350586	844.972595
1444.318359	416.205170
1443.286133	523.049377
1442.253906	794.601135
1441.221680	315.438721
1440.189453	446.617065
1439.156250	304.273987
1438.123047	355.641266
1437.089844	136.072586
1436.056641	325.447021
1435.022461	297.129089
1433.988281	-190.509003
1432.954102	-39.703518
1431.919922	2.340585
1430.885742	271.558929
1429.850586	231.484299
1428.815430	63.476749
1427.780273	103.270699
1426.744141	-25.907539
1425.708984	88.833321
1424.672852	-114.975975
1423.636719	77.045723
1422.600586	285.929657
1421.563477	289.777374
1420.527344	-70.387695
1419.490234	75.881775
1418.452148	116.089828
1417.415039	-46.055023
1416.376953	-53.901939
1415.338867	63.562416
1414.300781	-163.320267
1413.262695	-149.290329
1412.224609	-77.435814
1411.185547	182.142273
1410.146484	112.042816
1409.107422	51.656296
1408.067383	97.157234
1407.027344	-1.568587
1405.987305	195.494263
1404.947266	-71.334114
1403.907227	173.834732
1402.866211	72.993973
1401.826172	318.144928
1400.785156	222.237091
1399.743164	224.848511
1398.702148	153.120743
1397.660156	-196.916321
1396.618164	168.255188
1395.576172	598.097839
1394.533203	960.644348
1393.491211	951.449585
1392.448242	920.723755
1391.405273	1261.566406
1390.361328	1520.832520
1389.318359	2024.422485
1388.274414	1888.310303
1387.230469	2262.386475
1386.186523	2171.883057
1385.141602	2675.090820
1384.097656	2630.114258
1383.052734	2527.772217
1382.007813	2600.155762
1380.961914	2770.602783
1379.916992	2790.400879
1378.871094	2516.185791
1377.825195	2005.518799
1376.778320	1887.001953
1375.732422	2012.283691
1374.685547	1695.667847
1373.638672	1744.606323
1372.591797	1461.708130
1371.543945	1396.184814
1370.497070	1287.795410
1369.449219	1184.260620
1368.400391	949.603210
1367.352539	1242.183960
1366.303711	1067.321167
1365.255859	1102.378906
1364.206055	1258.997437
1363.157227	1067.701660
1362.108398	1276.775635
1361.058594	1190.438965
1360.008789	1273.262207
1358.958984	1389.424438
1357.908203	1198.502930
1356.857422	1179.056274
1355.806641	731.380737
1354.755859	1054.675171
1353.705078	852.268982
1352.653320	1080.357056
1351.601563	942.286560
1350.549805	1305.812988
1349.498047	899.318481
1348.445313	780.492188
1347.393555	692.642029
1346.340820	761.589905
1345.287109	583.616821
1344.234375	287.085022
1343.180664	674.180054
1342.126953	788.287964
1341.073242	639.074158
1340.019531	504.190521
1338.964844	634.953430
1337.910156	312.908844
1336.855469	367.882416
1335.799805	238.026596
1334.745117	359.394409
1333.689453	127.814690
1332.633789	279.989502
1331.578125	256.933929
1330.521484	293.083832
1329.464844	-196.116669
1328.408203	-117.236450
1327.351563	-102.229103
1326.294922	-224.366592
1325.237305	112.273399
1324.179688	58.744228
1323.122070	161.252441
1322.064453	-36.348915
1321.005859	-122.813133
1319.947266	-8.452240
1318.888672	-201.096771
1317.830078	-18.251076
1316.770508	-52.623398
1315.710938	-103.475090
1314.651367	-0.923775
1313.591797	-65.868324
1312.531250	-8.139895
1311.471680	-346.514954
1310.411133	-36.473656
1309.349609	-113.067146
1308.289063	-194.306412
1307.227539	61.373470
1306.166016	-222.388672
1305.104492	-16.222158
1304.042969	58.040611
1302.980469	42.840252
1301.917969	-144.120041
1300.855469	-385.088684
1299.792969	159.693710
1298.729492	-245.826233
1297.666016	-58.660259
1296.602539	72.027229
1295.539063	17.015179
1294.474609	-63.810230
1293.411133	12.814779
1292.346680	225.635574
1291.281250	20.407780
1290.216797	0.754421
1289.151367	349.606567
1288.085938	-24.418743
1287.020508	122.557098
1285.955078	128.752548
1284.888672	59.909500
1283.822266	270.107819
1282.755859	374.749573
1281.689453	223.918472
1280.622070	14.581130
1279.554688	355.831024
1278.487305	483.828064
1277.419922	206.710709
1276.351563	379.176086
1275.283203	312.856689
1274.214844	298.057007
1273.146484	376.852997
1272.077148	90.748558
1271.008789	543.721619
1269.939453	210.971588
1268.869141	242.998383
1267.799805	412.904816
1266.729492	290.697083
1265.659180	-22.984575
1264.588867	399.109619
1263.517578	118.241615
1262.447266	283.367584
1261.375977	208.040848
1260.304688	354.421021
1259.232422	349.106079
1258.161133	136.243515
1257.088867	606.677795
1256.016602	496.435669
1254.943359	596.007751
1253.871094	593.027832
1252.797852	443.275970
1251.724609	801.364929
1250.650391	914.783325
1249.577148	543.911011
1248.502930	587.526245
1247.428711	784.724121
1246.354492	874.817078
1245.279297	925.327026
1244.204102	866.519043
1243.128906	605.461426
1242.053711	653.698975
1240.977539	304.493988
1239.902344	668.802185
1238.826172	484.702911
1237.750000	356.435730
1236.672852	304.850891
1235.595703	364.732849
1234.518555	464.054138
1233.441406	154.926117
1232.364258	432.907288
1231.286133	392.994507
1230.208008	104.974068
1229.129883	197.320557
1228.051758	-197.139877
1226.972656	154.794724
1225.893555	45.510223
1224.814453	-10.438704
1223.734375	-57.102001
1222.655273	491.336914
1221.575195	76.530174
1220.495117	136.365540
1219.415039	210.067581
1218.333984	77.844261
1217.252930	75.208282
1216.171875	81.831505
1215.090820	90.770523
1214.008789	-122.182671
1212.926758	325.865448
1211.844727	-51.065651
1210.762695	15.664648
1209.679688	-176.278580
1208.597656	130.581024
1207.513672	-52.063911
1206.430664	-296.919769
1205.347656	-177.110504
1204.263672	214.841492
1203.179688	120.009285
1202.095703	25.226824
1201.010742	-180.166916
1199.925781	-44.362568
1198.840820	-300.328979
1197.755859	-173.757584
1196.670898	-171.607468
1195.584961	53.899857
1194.499023	102.048271
1193.413086	58.115032
1192.326172	28.007563
1191.239258	-117.113365
1190.152344	165.664246
1189.065430	2.193822
1187.978516	139.986954
1186.890625	107.621025
1185.802734	-106.276482
1184.714844	167.020859
1183.625977	-205.290405
1182.538086	10.503648
1181.449219	265.233734
1180.360352	377.531189
1179.270508	643.543640
1178.180664	188.957153
1177.090820	617.783203
1176.000977	505.148529
1174.911133	658.560791
1173.820313	447.390411
1172.729492	355.504852
1171.638672	430.940979
1170.547852	254.341187
1169.456055	380.155914
1168.364258	574.619812
1167.272461	196.634964
1166.179688	521.519043
1165.087891	752.444458
1163.995117	1193.751953
1162.902344	1204.830322
1161.808594	1467.456177
1160.715820	1371.010986
1159.622070	1281.458252
1158.528320	1409.058105
1157.433594	755.165100
1156.339844	802.873413
1155.245117	736.359802
1154.149414	704.117920
1153.054688	548.622803
1151.958984	491.328369
1150.863281	354.193634
1149.767578	303.807953
1148.671875	198.704147
1147.575195	-59.145874
1146.478516	-2.271535
1145.381836	84.205620
1144.285156	52.142548
1143.187500	361.821655
1142.089844	-34.749393
1140.992188	-153.323074
1139.894531	165.283722
1138.795898	196.929504
1137.697266	-326.725739
1136.598633	-35.624027
1135.499023	16.485781
1134.400391	180.006058
1133.300781	-379.599548
1132.201172	-106.975822
1131.100586	-27.672554
1130.000977	-209.707275
1128.900391	-16.854696
1127.799805	-37.589741
1126.698242	-194.577454
1125.596680	41.226746
1124.495117	299.607361
1123.393555	455.745331
1122.291992	407.622406
1121.189453	620.329285
1120.086914	762.627380
1118.984375	836.830383
1117.881836	1178.439453
1116.778320	1356.709351
1115.674805	1231.292114
1114.571289	1187.452515
1113.466797	1351.939331
1112.363281	1031.834717
1111.258789	1164.549072
1110.153320	1600.417358
1109.048828	1230.611816
1107.943359	903.917603
1106.837891	830.631226
1105.732422	436.288971
1104.625977	543.914795
1103.520508	660.512878
1102.414063	578.184692
1101.306641	7.913635
1100.200195	424.827026
1099.092773	466.688293
1097.985352	540.100708
1096.877930	473.516388
1095.769531	50.398560
1094.661133	132.762589
1093.552734	280.457184
1092.444336	281.479370
1091.335938	124.650520
1090.226563	-23.140656
1089.117188	178.367447
1088.006836	185.985382
1086.897461	344.473846
1085.787109	228.109146
1084.676758	309.869781
1083.566406	333.026276
1082.455078	630.656494
1081.343750	745.865967
1080.232422	633.788513
1079.121094	733.102722
1078.008789	625.462524
1076.896484	585.252930
1075.784180	697.824463
1074.671875	697.947571
1073.558594	558.734924
1072.445313	718.218201
1071.332031	700.191223
1070.217773	354.368134
1069.104492	125.348770
1067.990234	-29.591906
1066.875977	315.716583
1065.760742	-0.812562
1064.645508	180.510742
1063.530273	287.710846
1062.415039	172.911743
1061.299805	102.909241
1060.183594	135.909210
1059.067383	63.557140
1057.951172	74.016045
1056.833984	-222.313034
1055.716797	-57.516903
1054.599609	185.448364
1053.482422	5.400103
1052.364258	100.457870
1051.247070	157.389252
1050.128906	466.832733
1049.009766	118.912170
1047.891602	121.915039
1046.772461	-60.608395
1045.653320	-46.572441
1044.533203	364.854950
1043.414063	-121.489342
1042.293945	271.739380
1041.173828	-94.042824
1040.052734	-223.263916
1038.932617	-180.748505
1037.811523	-13.468843
1036.689453	91.202888
1035.568359	168.997208
1034.446289	28.252028
1033.324219	-50.139431
1032.202148	-97.404564
1031.079102	64.586777
1029.957031	-158.773911
1028.833984	-212.963821
1027.709961	-492.019135
1026.586914	-65.700180
1025.462891	11.060337
1024.338867	-43.531132
1023.214844	-122.658875
1022.089844	-24.025276
1020.964844	34.455318
1019.839844	83.915092
1018.714844	-277.726654
1017.588867	-157.369812
1016.462891	9.456438
1015.336914	295.976166
1014.210938	-201.209579
1013.083984	-92.516586
1011.957031	370.967804
1010.830078	414.944336
1009.702148	263.639618
1008.574219	655.445190
1007.446289	1186.591064
1006.318359	2382.166748
1005.190430	3116.273682
1004.061523	3579.702393
1002.932617	3055.177002
1001.802734	1594.285156
1000.673828	924.143921
999.543945	477.686432
998.414063	495.914581
997.283203	268.489868
996.153320	145.002960
995.022461	375.187073
993.891602	384.111053
992.759766	401.740875
991.628906	637.992249
990.497070	350.504028
989.364258	632.776123
988.232422	420.259979
987.099609	903.019897
985.966797	944.082642
984.833984	989.424927
983.700195	1261.813110
982.566406	916.477478
981.432617	758.594055
980.298828	951.151611
979.164063	841.576355
978.029297	480.759155
976.894531	366.708344
975.759766	375.928436
974.624023	349.786835
973.488281	286.124176
972.352539	556.902100
971.215820	534.792542
970.080078	211.230957
968.943359	457.302856
967.805664	711.930725
966.668945	555.280945
965.531250	495.282501
964.393555	661.519165
963.254883	522.217346
962.117188	578.353027
960.978516	460.885742
959.839844	475.079559
958.700195	454.039642
957.561523	911.262207
956.421875	707.854919
955.281250	526.361877
954.141602	754.904785
953.000977	1430.442627
951.860352	963.705017
950.719727	1193.888794
949.578125	952.860596
948.436523	832.315308
947.294922	661.375549
946.153320	656.808716
945.010742	415.766449
943.868164	286.346466
942.725586	78.152069
941.583008	294.282715
940.439453	317.796417
939.295898	72.326347
938.152344	10.491612
937.007813	-1.145890
935.863281	-28.140211
934.718750	198.170883
933.574219	24.707472
932.428711	87.023621
931.283203	-93.024208
930.137695	145.921707
928.992188	205.808929
927.845703	278.679840
926.699219	218.453751
925.552734	99.340050
924.405273	383.439728
923.257813	81.187958
922.110352	155.934875
920.962891	483.265076
919.814453	348.736633
918.666016	168.519333
917.517578	-174.891983
916.369141	189.056168
915.219727	-182.558533
914.070313	-323.464508
912.920898	120.633972
911.770508	-248.611069
910.621094	12.653354
909.470703	152.072205
908.319336	-77.933601
907.168945	150.481171
906.017578	-318.300079
904.866211	-350.482117
903.713867	77.493584
902.562500	-35.051155
901.410156	386.157898
900.256836	-21.407345
899.104492	-79.616478
897.951172	-207.175552
896.797852	101.019325
895.644531	227.069031
894.490234	-273.061249
893.335938	56.662014
892.181641	-113.968819
891.027344	42.436249
889.872070	120.869957
888.716797	93.275940
887.561523	-185.225281
886.405273	122.613129
885.249023	170.863617
884.092773	33.213120
882.936523	-41.624062
881.779297	229.380447
880.622070	18.533264
879.464844	-40.939598
878.307617	-85.194931
877.149414	77.897530
875.991211	40.253479
874.833008	73.930962
873.673828	150.810486
872.514648	119.901245
871.355469	26.562048
870.196289	-277.922516
869.036133	131.289337
867.875977	143.901703
866.715820	188.933502
865.554688	-205.370880
864.394531	251.263626
863.233398	117.877258
862.071289	533.539978
860.910156	370.272186
859.748047	611.669434
858.585938	257.266907
857.422852	395.610382
856.259766	254.531570
855.096680	283.471008
853.933594	239.478592
852.770508	234.326828
851.606445	534.323730
850.442383	252.374420
849.277344	112.400391
848.113281	172.289902
846.948242	-145.390213
845.783203	15.686229
844.617188	172.550552
843.451172	164.387955
842.285156	70.650192
841.119141	-145.043060
839.952148	-79.742111
838.785156	101.405342
837.618164	-201.430435
836.451172	16.436398
835.283203	-328.688599
834.115234	-108.383751
832.947266	-168.318878
831.778320	9.440785
830.609375	180.894333
829.440430	373.859955
828.271484	519.898010
827.101563	349.717010
825.931641	241.795563
824.761719	392.646851
823.590820	169.831284
822.420898	449.173645
821.250000	423.289490
820.078125	36.895355
818.907227	540.771606
817.735352	532.585449
816.562500	411.564819
815.390625	384.656647
814.217773	283.353180
813.044922	5.403307
811.872070	224.319138
810.698242	149.341766
809.524414	78.879349
808.350586	132.178024
807.176758	164.386169
806.001953	211.690521
804.827148	167.693283
803.651367	-61.160839
802.476563	-85.485062
801.300781	111.563469
800.125000	-99.449409
798.948242	-203.871719
797.772461	6.474273
796.595703	-131.481613
795.417969	208.728622
794.241211	298.433563
793.063477	169.637970
791.885742	363.729675
790.707031	417.884460
789.529297	306.757050
788.350586	321.017181
787.170898	299.424896
785.992188	570.606079
784.812500	746.481140
783.632813	663.955200
782.452148	473.614502
781.272461	256.028412
780.091797	197.539902
778.911133	202.779556
777.729492	430.423523
776.547852	-222.105347
775.366211	-330.474640
774.184570	140.893936
773.001953	-28.483528
771.819336	-487.236084
770.636719	-237.586548
769.453125	-239.347000
768.269531	-219.823074
767.085938	-132.577835
765.902344	-345.061188
764.717773	0.000725
763.533203	36.898933
762.348633	160.425339
761.163086	-80.931358
759.977539	-463.357422
758.791992	-94.854240
757.606445	292.561035
756.419922	11.810672
755.233398	-285.565887
754.046875	194.609253
752.859375	156.555161
751.672852	247.038925
750.485352	310.195770
749.296875	167.140961
748.108398	607.045715
746.919922	344.208557
745.731445	140.439575
744.542969	378.345764
743.353516	330.302277
742.164063	404.202454
740.973633	-5.152812
739.783203	49.934399
738.592773	147.012238
737.402344	147.468674
736.211914	198.304962
735.020508	-82.467094
733.829102	167.701813
732.636719	333.827362
731.444336	151.728439
730.251953	336.589966
729.059570	315.909393
727.866211	-75.731155
726.673828	20.926359
725.479492	42.070774
724.286133	109.215675
723.091797	159.504425
721.897461	-125.204208
720.703125	-294.763733
719.507813	-219.552673
718.312500	-190.485138
717.117188	22.492071
715.921875	149.545624
714.725586	-321.354950
713.529297	131.482697
712.332031	90.946297
711.135742	8.531977
709.938477	-61.444687
708.740234	231.734848
707.542969	777.197083
706.344727	1048.898438
705.146484	1514.350220
703.948242	2517.550049
702.749023	2319.043457
701.549805	2393.577881
700.350586	2080.264648
699.150391	1054.314941
697.950195	764.078857
696.750000	573.802612
695.549805	229.381302
694.348633	-69.234718
693.147461	50.479412
691.946289	55.545483
690.744141	312.176941
689.541992	25.725119
688.339844	161.369949
687.136719	330.072723
685.934570	161.891022
684.730469	446.621979
683.527344	182.704681
682.323242	143.098526
681.119141	57.735092
679.915039	414.479645
678.710938	200.260803
677.505859	164.514786
676.300781	284.306183
675.094727	22.416983
673.889648	-40.326920
672.683594	108.380806
671.476563	58.072899
670.270508	370.402985
669.063477	-21.639194
667.856445	-17.887026
666.648438	21.145494
665.440430	114.096405
664.232422	-6.009278
663.024414	29.280689
661.815430	128.864944
660.606445	253.441833
659.397461	-33.203499
658.188477	120.836845
656.978516	-7.980142
655.768555	51.628128
654.557617	-51.564510
653.346680	-86.123749
652.135742	-116.054230
650.924805	-126.866402
649.712891	-7.100938
648.501953	69.910355
647.289063	-366.005951
646.077148	-281.353943
644.864258	-292.850891
643.651367	-52.052357
642.438477	12.332458
641.224609	48.815296
640.010742	-187.606705
638.796875	-41.880913
637.582031	226.413803
636.367188	-18.692053
635.152344	375.503448
633.937500	433.560669
632.721680	659.679016
631.505859	698.108154
630.289063	596.365295
629.073242	784.150574
627.856445	1185.354614
626.639648	980.306152
625.421875	917.097351
624.204102	562.499084
622.986328	590.114929
621.768555	304.091309
620.549805	168.493179
619.331055	160.744812
618.111328	-135.376694
616.892578	203.011566
