1721.000977	106.201576
1720.027344	20.616585
1719.052734	-129.596298
1718.078125	-8.579834
1717.104492	373.267792
1716.128906	148.930740
1715.154297	213.725220
1714.178711	106.034134
1713.204102	-81.726860
1712.228516	-18.913525
1711.251953	-100.216019
1710.276367	-51.426102
1709.299805	-62.124126
1708.324219	113.566925
1707.347656	-39.004307
1706.370117	84.406326
1705.393555	-2.522333
1704.416016	-0.327411
1703.438477	24.460264
1702.460938	-50.900623
1701.483398	19.117523
1700.505859	249.780930
1699.527344	42.968834
1698.548828	178.299820
1697.570313	-41.830704
1696.591797	261.421295
1695.612305	-2.635742
1694.632813	164.612030
1693.653320	60.975822
1692.673828	107.712654
1691.694336	-118.795982
1690.713867	154.545746
1689.734375	39.935623
1688.753906	85.817963
1687.772461	111.104118
1686.791992	-42.180264
1685.810547	41.425385
1684.830078	33.157368
1683.848633	116.452408
1682.866211	69.705315
1681.884766	-20.397919
1680.902344	-72.388168
1679.919922	74.071121
1678.937500	-74.772896
1677.955078	-271.960541
1676.971680	166.727661
1675.989258	76.261620
1675.005859	112.894676
1674.022461	47.798679
1673.038086	-207.918655
1672.054688	-23.975893
1671.070313	96.349571
1670.085938	0.731448
1669.101563	-18.676098
1668.117188	38.083549
1667.131836	16.125185
1666.146484	50.013092
1665.161133	-45.493160
1664.175781	6.181179
1663.189453	-134.900757
1662.204102	-50.220024
1661.217773	69.930977
1660.231445	-258.539276
1659.245117	-47.102077
1658.257813	52.801914
1657.270508	-92.984970
1656.284180	42.441704
1655.295898	25.921394
1654.308594	-15.840382
1653.321289	-125.863235
1652.333008	19.757105
1651.344727	-31.946011
1650.356445	-83.568520
1649.367188	196.134399
1648.378906	43.480457
1647.389648	-30.702646
1646.400391	8.927933
1645.411133	91.559731
1644.420898	-123.864517
1643.431641	-28.478664
1642.441406	-56.803562
1641.451172	86.615952
1640.459961	141.694122
1639.469727	22.715015
1638.478516	118.287819
1637.487305	105.428513
1636.496094	-58.666592
1635.504883	173.224121
1634.512695	132.828247
1633.520508	130.324219
1632.528320	-98.886932
1631.536133	178.427826
1630.543945	231.532684
1629.550781	317.407166
1628.557617	380.654785
1627.564453	209.851028
1626.571289	253.094818
1625.578125	424.704712
1624.583984	462.972809
1623.589844	584.284180
1622.595703	645.260010
1621.601563	550.407166
1620.606445	636.611511
1619.611328	843.458862
1618.616211	788.991211
1617.621094	902.898743
1616.625977	1064.531860
1615.629883	706.403748
1614.633789	863.088867
1613.637695	1115.132935
1612.641602	973.174255
1611.645508	1049.583740
1610.648438	935.377563
1609.651367	881.453003
1608.654297	895.290283
1607.657227	1077.110718
1606.659180	1128.573120
1605.662109	1017.206543
1604.664063	1008.623901
1603.666016	1210.466431
1602.666992	1299.573730
1601.668945	1058.233154
1600.669922	1252.534668
1599.670898	1043.898560
1598.671875	1238.190552
1597.671875	1097.239990
1596.672852	1053.922485
1595.672852	1253.176025
1594.672852	892.417847
1593.671875	899.222412
1592.671875	823.602844
1591.670898	790.498474
1590.669922	667.514893
1589.668945	522.130188
1588.667969	489.178162
1587.666016	468.730438
1586.664063	485.744110
1585.662109	368.033356
1584.660156	425.008087
1583.658203	324.848724
1582.655273	177.358643
1581.652344	226.891327
1580.649414	288.876282
1579.646484	293.532135
1578.642578	133.748245
1577.638672	-30.941175
1576.634766	118.237213
1575.630859	78.127075
1574.626953	100.274254
1573.622070	17.873976
1572.618164	102.239822
1571.613281	104.464478
1570.607422	193.734512
1569.602539	93.984642
1568.596680	-10.706034
1567.590820	155.587433
1566.584961	150.331970
1565.579102	145.074585
1564.572266	-4.274377
1563.566406	37.683739
1562.559570	-12.265718
1561.551758	91.710503
1560.544922	88.916435
1559.537109	-15.635950
1558.530273	75.857430
1557.521484	20.934916
1556.513672	-31.485056
1555.505859	-7.029068
1554.497070	-22.267059
1553.488281	86.411812
1552.479492	-127.093559
1551.470703	-77.919373
1550.460938	-165.015396
1549.451172	-16.836082
1548.441406	-69.272476
1547.431641	83.748291
1546.421875	-70.182350
1545.411133	142.117767
1544.400391	-73.641602
1543.389648	-138.459763
1542.378906	-198.321365
1541.367188	-8.492426
1540.355469	45.298458
1539.343750	-68.986023
1538.332031	-17.706388
1537.320313	-89.971191
1536.307617	30.395994
1535.294922	-93.741478
1534.282227	68.507904
1533.269531	50.505417
1532.256836	-39.062473
1531.243164	7.062731
1530.229492	-154.029861
1529.215820	44.955669
1528.202148	105.776184
1527.187500	70.412872
1526.172852	54.763554
1525.158203	-71.771286
1524.143555	-48.004044
1523.127930	20.057238
1522.113281	-224.630539
1521.097656	60.044357
1520.082031	-54.144093
1519.065430	-119.094536
1518.049805	160.408859
1517.033203	1.940707
1516.016602	128.789734
1515.000000	-51.764515
1513.982422	55.337349
1512.965820	-221.003113
1511.948242	85.087509
1510.930664	-60.979881
1509.913086	18.960087
1508.894531	30.085960
1507.875977	24.009884
1506.857422	-121.984581
1505.838867	323.486694
1504.820313	-244.534851
1503.800781	26.579527
1502.781250	47.417641
1501.761719	-61.717358
1500.742188	47.360485
1499.721680	77.943054
1498.702148	228.582626
1497.681641	-159.832779
1496.661133	3.012308
1495.639648	114.343353
1494.618164	105.653557
1493.597656	-76.824623
1492.576172	-63.459976
1491.553711	62.433521
1490.532227	-12.313445
1489.509766	35.240891
1488.487305	97.442307
1487.464844	147.389923
1486.442383	67.769791
1485.418945	110.353355
1484.395508	1.440493
1483.372070	139.277817
1482.348633	250.191025
1481.324219	-58.908772
1480.300781	-40.764114
1479.276367	175.048264
1478.251953	129.684692
1477.226563	369.754578
1476.202148	173.151993
1475.176758	18.078623
1474.151367	153.192719
1473.125000	205.367371
1472.099609	-20.277794
1471.073242	-2.190458
1470.046875	62.175289
1469.020508	146.002579
1467.994141	329.628815
1466.966797	-5.346268
1465.939453	129.559692
1464.912109	215.748566
1463.884766	165.671051
1462.856445	259.117310
1461.829102	189.613998
1460.800781	360.833710
1459.772461	395.868103
1458.743164	379.852112
1457.714844	597.116943
1456.685547	542.219116
1455.656250	363.493378
1454.625977	432.518036
1453.596680	278.191559
1452.566406	371.502167
1451.536133	464.785492
1450.505859	346.971710
1449.474609	420.833527
1448.444336	334.633423
1447.413086	556.393982
1446.381836	370.836426
1445.350586	248.385056
1444.318359	453.098785
1443.286133	451.829620
1442.253906	142.986206
1441.221680	180.562042
1440.189453	218.138565
1439.156250	277.491547
1438.123047	218.261993
1437.089844	125.205101
1436.056641	390.202087
1435.022461	-29.304228
1433.988281	10.782104
1432.954102	111.304161
1431.919922	122.382355
1430.885742	152.806046
1429.850586	55.191994
1428.815430	-44.775185
1427.780273	-180.898926
1426.744141	-34.484291
1425.708984	87.761276
1424.672852	2.431485
1423.636719	160.843628
1422.600586	-98.097801
1421.563477	123.009262
1420.527344	-22.442341
1419.490234	208.243866
1418.452148	-2.209208
1417.415039	-17.359091
1416.376953	121.694923
1415.338867	-127.069046
1414.300781	-238.441864
1413.262695	-106.577682
1412.224609	-13.258613
1411.185547	-6.598038
1410.146484	120.384911
1409.107422	129.469620
1408.067383	-22.567579
1407.027344	-3.795745
1405.987305	137.594772
1404.947266	110.710472
1403.907227	115.100258
1402.866211	-156.772949
1401.826172	61.494259
1400.785156	-63.713306
1399.743164	267.316376
1398.702148	264.588074
1397.660156	110.687927
1396.618164	-7.130259
1395.576172	455.644257
1394.533203	342.642548
1393.491211	591.791870
1392.448242	589.137634
1391.405273	696.761536
1390.361328	615.052612
1389.318359	921.522766
1388.274414	820.691284
1387.230469	1028.846802
1386.186523	1174.689331
1385.141602	980.582642
1384.097656	1219.758057
1383.052734	1176.514404
1382.007813	1178.766113
1380.961914	1228.866089
1379.916992	975.305359
1378.871094	1070.900391
1377.825195	1011.122070
1376.778320	965.724060
1375.732422	860.651855
1374.685547	772.362061
1373.638672	834.580200
1372.591797	779.808105
1371.543945	631.981018
1370.497070	830.293457
1369.449219	675.409912
1368.400391	635.111572
1367.352539	685.491211
1366.303711	561.799438
1365.255859	473.951141
1364.206055	614.956970
1363.157227	512.875183
1362.108398	603.834473
1361.058594	654.278198
1360.008789	368.948151
1358.958984	440.891968
1357.908203	600.891846
1356.857422	582.357605
1355.806641	547.197144
1354.755859	402.647552
1353.705078	360.447815
1352.653320	211.279678
1351.601563	406.900391
1350.549805	533.530396
1349.498047	163.491760
1348.445313	237.886154
1347.393555	219.642181
1346.340820	441.263397
1345.287109	468.116760
1344.234375	366.806549
1343.180664	388.955536
1342.126953	399.249512
1341.073242	326.531891
1340.019531	426.992920
1338.964844	389.896545
1337.910156	239.043686
1336.855469	66.941902
1335.799805	153.208771
1334.745117	341.331909
1333.689453	67.514626
1332.633789	125.357475
1331.578125	266.055511
1330.521484	103.721542
1329.464844	-46.694279
1328.408203	67.961090
1327.351563	270.105347
1326.294922	-85.958069
1325.237305	28.668888
1324.179688	-130.959213
1323.122070	52.194473
1322.064453	72.240021
1321.005859	234.028687
1319.947266	-220.697540
1318.888672	-28.191833
1317.830078	60.362911
1316.770508	-254.737640
1315.710938	-76.480064
1314.651367	26.213509
1313.591797	-19.732363
1312.531250	-129.329575
1311.471680	15.781838
1310.411133	-131.469482
1309.349609	110.216049
1308.289063	193.942490
1307.227539	-80.439575
1306.166016	99.871269
1305.104492	-127.258026
1304.042969	12.981887
1302.980469	-23.366047
1301.917969	-5.565889
1300.855469	35.763008
1299.792969	15.925118
1298.729492	7.856025
1297.666016	-207.103867
1296.602539	15.259093
1295.539063	303.337311
1294.474609	-3.166012
1293.411133	301.249359
1292.346680	39.519394
1291.281250	219.344116
1290.216797	58.706123
1289.151367	76.514107
1288.085938	312.551758
1287.020508	105.090416
1285.955078	-15.490203
1284.888672	98.483955
1283.822266	-45.482735
1282.755859	-88.587669
1281.689453	271.412170
1280.622070	282.150879
1279.554688	175.765579
1278.487305	287.234711
1277.419922	2.955604
1276.351563	201.032104
1275.283203	352.219543
1274.214844	182.776596
1273.146484	191.207077
1272.077148	145.838531
1271.008789	299.262665
1269.939453	216.493088
1268.869141	143.106888
1267.799805	226.333450
1266.729492	141.304596
1265.659180	229.169159
1264.588867	258.615570
1263.517578	-1.468992
1262.447266	266.123352
1261.375977	253.541138
1260.304688	112.637253
1259.232422	-60.865086
1258.161133	222.841537
1257.088867	289.568817
1256.016602	169.772186
1254.943359	350.689575
1253.871094	354.441803
1252.797852	255.682419
1251.724609	431.816132
1250.650391	398.287872
1249.577148	306.579803
1248.502930	352.243011
1247.428711	228.007324
1246.354492	422.580811
1245.279297	519.369385
1244.204102	444.022858
1243.128906	215.256058
1242.053711	253.923538
1240.977539	164.746735
1239.902344	296.360016
1238.826172	353.575409
1237.750000	224.964523
1236.672852	149.816208
1235.595703	172.209885
1234.518555	113.361427
1233.441406	77.749420
1232.364258	269.519409
1231.286133	150.390045
1230.208008	128.716080
1229.129883	250.801285
1228.051758	101.635994
1226.972656	121.709343
1225.893555	39.833138
1224.814453	374.958618
1223.734375	80.001740
1222.655273	130.183578
1221.575195	9.040072
1220.495117	-102.787918
1219.415039	35.341286
1218.333984	122.513618
1217.252930	15.371862
1216.171875	-133.338776
1215.090820	173.457947
1214.008789	38.651737
1212.926758	-213.940842
1211.844727	-50.557003
1210.762695	1.890262
1209.679688	88.954735
1208.597656	129.817215
1207.513672	-157.121841
1206.430664	-130.061523
1205.347656	-299.125763
1204.263672	14.000939
1203.179688	-189.605118
1202.095703	127.983871
1201.010742	48.934071
1199.925781	-64.644119
1198.840820	-277.246704
1197.755859	-215.606033
1196.670898	11.845354
1195.584961	-76.270264
1194.499023	42.857635
1193.413086	171.147095
1192.326172	149.806351
1191.239258	-37.163696
1190.152344	277.389374
1189.065430	-6.094900
1187.978516	-45.737579
1186.890625	160.592468
1185.802734	125.537689
1184.714844	150.244629
1183.625977	-1.931950
1182.538086	321.364960
1181.449219	-19.042816
1180.360352	246.737091
1179.270508	491.746979
1178.180664	401.653595
1177.090820	70.735336
1176.000977	306.473602
1174.911133	117.907509
1173.820313	94.489532
1172.729492	187.983032
1171.638672	336.439758
1170.547852	154.936874
1169.456055	131.561646
1168.364258	215.834198
1167.272461	34.500610
1166.179688	192.015366
1165.087891	322.013306
1163.995117	154.525574
1162.902344	506.366119
1161.808594	567.615417
1160.715820	541.968811
1159.622070	363.180054
1158.528320	776.397095
1157.433594	691.327332
1156.339844	526.356384
1155.245117	379.733276
1154.149414	591.664917
1153.054688	543.271301
1151.958984	376.219299
1150.863281	371.260254
1149.767578	505.471191
1148.671875	539.273804
1147.575195	513.775940
1146.478516	508.814850
1145.381836	538.052368
1144.285156	446.508881
1143.187500	241.093018
1142.089844	252.163345
1140.992188	219.967712
1139.894531	249.263702
1138.795898	137.421906
1137.697266	71.149445
1136.598633	-17.840071
1135.499023	22.868874
1134.400391	72.667183
1133.300781	-52.632454
1132.201172	49.447491
1131.100586	-105.332756
1130.000977	-35.089222
1128.900391	-51.201576
1127.799805	-46.863255
1126.698242	-35.716385
1125.596680	-38.193695
1124.495117	63.736706
1123.393555	410.688721
1122.291992	213.018463
1121.189453	285.337646
1120.086914	484.611969
1118.984375	110.221855
1117.881836	357.043884
1116.778320	399.804047
1115.674805	610.195435
1114.571289	555.479431
1113.466797	430.581177
1112.363281	412.150909
1111.258789	352.977966
1110.153320	547.283569
1109.048828	422.486450
1107.943359	306.786072
1106.837891	564.282715
1105.732422	412.415253
1104.625977	522.824707
1103.520508	278.365387
1102.414063	189.909454
1101.306641	370.298218
1100.200195	250.227722
1099.092773	243.095551
1097.985352	251.760696
1096.877930	84.371048
1095.769531	260.021545
1094.661133	34.026257
1093.552734	8.854321
1092.444336	8.486605
1091.335938	186.205719
1090.226563	352.556732
1089.117188	169.545105
1088.006836	-94.508713
1086.897461	89.772064
1085.787109	10.479109
1084.676758	196.868851
1083.566406	335.889893
1082.455078	274.543213
1081.343750	24.221058
1080.232422	237.356323
1079.121094	481.860474
1078.008789	96.698341
1076.896484	266.898834
1075.784180	311.154663
1074.671875	469.953400
1073.558594	127.730522
1072.445313	126.998383
1071.332031	231.769974
1070.217773	89.540222
1069.104492	122.406998
1067.990234	292.097198
1066.875977	8.546088
1065.760742	-34.936020
1064.645508	219.791275
1063.530273	-16.564714
1062.415039	206.608566
1061.299805	-45.383911
1060.183594	-102.399963
1059.067383	8.556390
1057.951172	97.038155
1056.833984	22.015577
1055.716797	-104.485992
1054.599609	-25.097155
1053.482422	235.430420
1052.364258	66.357857
1051.247070	91.875580
1050.128906	70.390335
1049.009766	8.638659
1047.891602	69.785721
1046.772461	79.473480
1045.653320	118.154312
1044.533203	54.046211
1043.414063	94.863449
1042.293945	-51.883118
1041.173828	-113.806396
1040.052734	76.363251
1038.932617	-97.180130
1037.811523	23.674656
1036.689453	88.682709
1035.568359	-11.330822
1034.446289	220.704041
1033.324219	-209.149536
1032.202148	13.815828
1031.079102	-3.897078
1029.957031	78.550011
1028.833984	-164.101395
1027.709961	-119.605919
1026.586914	-99.652359
1025.462891	9.214442
1024.338867	142.440857
1023.214844	-144.689484
1022.089844	-104.969955
1020.964844	-118.663002
1019.839844	-214.619720
1018.714844	-30.682415
1017.588867	-62.327183
1016.462891	17.010889
1015.336914	127.331345
1014.210938	-86.497116
1013.083984	-73.960487
1011.957031	-192.377411
1010.830078	-75.698479
1009.702148	-19.010365
1008.574219	414.470032
1007.446289	590.586121
1006.318359	744.400146
1005.190430	1509.540649
1004.061523	1576.562256
1002.932617	1227.181274
1001.802734	665.356567
1000.673828	318.431061
999.543945	288.037903
998.414063	323.965637
997.283203	328.839203
996.153320	220.875046
995.022461	289.756683
993.891602	648.101196
992.759766	347.669983
991.628906	926.643005
990.497070	1083.388916
989.364258	1476.284546
988.232422	1716.600098
987.099609	1930.246826
985.966797	2227.588623
984.833984	2165.097900
983.700195	2126.827393
982.566406	2064.251953
981.432617	2211.096191
980.298828	1965.442871
979.164063	1788.146362
978.029297	1322.233398
976.894531	1297.030029
975.759766	937.026978
974.624023	898.575134
973.488281	670.769470
972.352539	592.657227
971.215820	560.716187
970.080078	460.542664
968.943359	241.584122
967.805664	185.364349
966.668945	340.149963
965.531250	356.337402
964.393555	220.846436
963.254883	230.336456
962.117188	312.246399
960.978516	374.290833
959.839844	-2.795669
958.700195	241.329758
957.561523	193.467865
956.421875	334.219757
955.281250	281.841980
954.141602	558.350525
953.000977	453.225128
951.860352	479.599365
950.719727	567.261230
949.578125	359.080963
948.436523	521.088684
947.294922	255.986557
946.153320	102.607773
945.010742	330.070465
943.868164	132.879745
942.725586	161.064072
941.583008	27.345354
940.439453	271.925781
939.295898	125.033325
938.152344	126.792313
937.007813	-2.604830
935.863281	84.300522
934.718750	16.056631
933.574219	63.541851
932.428711	-81.152924
931.283203	84.122559
930.137695	181.647141
928.992188	-54.690922
927.845703	208.519623
926.699219	-43.039536
925.552734	300.662537
924.405273	256.205078
923.257813	37.418392
922.110352	130.255341
920.962891	-112.393669
919.814453	67.496017
918.666016	153.676697
917.517578	-49.681839
916.369141	360.701538
915.219727	-1.455074
914.070313	-30.662901
912.920898	7.550663
911.770508	-4.268055
910.621094	20.880051
909.470703	37.314278
908.319336	-39.684055
907.168945	-77.535736
906.017578	-82.796349
904.866211	-40.281693
903.713867	6.556754
902.562500	103.309883
901.410156	-8.251511
900.256836	229.462662
899.104492	89.771744
897.951172	-153.908752
896.797852	-54.978619
895.644531	-112.093842
894.490234	-6.672377
893.335938	5.593001
892.181641	117.501404
891.027344	-52.058197
889.872070	168.101913
888.716797	-83.552925
887.561523	-47.301701
886.405273	51.697773
885.249023	267.477112
884.092773	163.226151
882.936523	0.716693
881.779297	-107.646362
880.622070	121.137199
879.464844	17.235695
878.307617	-62.801689
877.149414	163.830566
875.991211	137.882446
874.833008	-26.098833
873.673828	-4.393497
872.514648	-12.824026
871.355469	188.006393
870.196289	48.176197
869.036133	-7.453966
867.875977	68.480614
866.715820	157.394287
865.554688	0.790470
864.394531	279.360443
863.233398	344.741699
862.071289	22.733559
860.910156	368.093109
859.748047	199.179047
858.585938	286.413849
857.422852	162.955750
856.259766	289.059052
855.096680	376.520721
853.933594	103.024391
852.770508	341.103302
851.606445	216.173767
850.442383	14.106698
849.277344	248.082275
848.113281	308.210663
846.948242	263.274200
845.783203	55.428349
844.617188	214.585999
843.451172	249.417984
842.285156	185.742294
841.119141	160.810547
839.952148	373.883514
838.785156	72.801308
837.618164	54.735291
836.451172	257.386047
835.283203	-117.985344
834.115234	99.866776
832.947266	108.043236
831.778320	234.022095
830.609375	255.278961
829.440430	317.301178
828.271484	257.578003
827.101563	279.247894
825.931641	202.756409
824.761719	404.190247
823.590820	364.311066
822.420898	281.898438
821.250000	276.529724
820.078125	228.621780
818.907227	234.242188
817.735352	461.888794
816.562500	309.911865
815.390625	552.668945
814.217773	243.285370
813.044922	392.466156
811.872070	109.144775
810.698242	350.202637
809.524414	131.228867
808.350586	172.305115
807.176758	313.579346
806.001953	-68.664482
804.827148	206.962585
803.651367	174.129303
802.476563	-139.293045
801.300781	232.301270
800.125000	267.968292
798.948242	-0.177749
797.772461	-34.300240
796.595703	-40.642418
795.417969	55.111061
794.241211	191.311447
793.063477	240.547928
791.885742	296.267578
790.707031	105.951859
789.529297	231.962387
788.350586	315.631073
787.170898	244.596710
785.992188	201.286316
784.812500	189.918884
783.632813	257.086365
782.452148	294.686310
781.272461	23.163988
780.091797	435.838379
778.911133	99.019386
777.729492	143.440430
776.547852	171.022339
775.366211	-89.005714
774.184570	-133.080612
773.001953	76.706787
771.819336	-180.700058
770.636719	41.872952
769.453125	-82.102592
768.269531	-159.455276
767.085938	-124.755432
765.902344	239.405045
764.717773	107.380417
763.533203	-170.139038
762.348633	-8.575576
761.163086	32.731598
759.977539	-145.260101
758.791992	-76.418526
757.606445	5.085700
756.419922	-58.821178
755.233398	117.542351
754.046875	-20.016071
752.859375	46.804676
751.672852	-25.346844
750.485352	-19.556925
749.296875	-13.754466
748.108398	238.227814
746.919922	-145.179764
745.731445	142.470673
744.542969	139.824219
743.353516	-35.201199
742.164063	33.620083
740.973633	96.084808
739.783203	-97.778671
738.592773	109.532028
737.402344	180.232193
736.211914	49.341801
735.020508	168.196457
733.829102	209.309036
732.636719	-114.637253
731.444336	-2.301304
730.251953	-38.948196
729.059570	186.358215
727.866211	-5.548554
726.673828	-101.079689
725.479492	94.496414
724.286133	23.928318
723.091797	1.442889
721.897461	-81.838409
720.703125	98.480141
719.507813	165.618835
718.312500	125.932175
717.117188	58.951065
715.921875	129.856934
714.725586	319.733551
713.529297	164.586899
712.332031	72.045837
711.135742	198.715134
709.938477	-6.844804
708.740234	238.479996
707.542969	347.868011
706.344727	555.119934
705.146484	816.357544
703.948242	801.995178
702.749023	760.369690
701.549805	1070.916870
700.350586	776.727783
699.150391	840.913513
697.950195	725.745239
696.750000	468.838684
695.549805	216.058075
694.348633	233.857529
693.147461	259.813263
691.946289	339.697174
690.744141	59.497787
689.541992	340.818634
688.339844	330.757538
687.136719	85.652000
685.934570	125.251556
684.730469	366.240143
683.527344	388.872131
682.323242	382.296631
681.119141	199.124588
679.915039	175.774933
678.710938	156.493622
677.505859	215.976761
676.300781	200.686523
675.094727	214.371475
673.889648	172.026962
672.683594	81.989395
671.476563	-43.255520
670.270508	123.693016
669.063477	89.651016
667.856445	70.156219
666.648438	65.212517
665.440430	-41.081440
664.232422	101.098869
663.024414	-143.555573
661.815430	-34.254284
660.606445	102.047653
659.397461	-84.038704
658.188477	-1.109876
656.978516	-13.025283
655.768555	299.708618
654.557617	7.427480
653.346680	-119.159454
652.135742	-222.586105
650.924805	-42.763573
649.712891	38.392185
648.501953	20.998888
647.289063	35.109089
646.077148	-45.039467
644.864258	-182.218628
643.651367	-184.664124
642.438477	5.275363
641.224609	-10.069731
640.010742	-53.375519
638.796875	-91.618698
637.582031	130.528687
636.367188	-47.705914
635.152344	108.592903
633.937500	27.378250
632.721680	-27.849779
631.505859	76.604271
630.289063	303.713196
629.073242	285.577484
627.856445	244.383820
626.639648	519.159241
625.421875	370.462097
624.204102	299.651398
622.986328	247.240112
621.768555	-2.167634
620.549805	56.418411
619.331055	342.864929
618.111328	110.682938
616.892578	-41.026222
