1721.000977	349.355591
1720.027344	325.084839
1719.052734	143.066879
1718.078125	276.005127
1717.104492	46.519024
1716.128906	-178.436844
1715.154297	165.342422
1714.178711	267.366150
1713.204102	-333.510254
1712.228516	41.632797
1711.251953	-293.625885
1710.276367	-24.714825
1709.299805	46.376129
1708.324219	-44.316067
1707.347656	-138.003220
1706.370117	136.451096
1705.393555	39.373650
1704.416016	-58.078609
1703.438477	181.770599
1702.460938	-103.076195
1701.483398	153.892715
1700.505859	-162.155273
1699.527344	-256.058899
1698.548828	-2.707296
1697.570313	-94.606514
1696.591797	198.941986
1695.612305	93.744919
1694.632813	54.740364
1693.653320	-53.378471
1692.673828	6.772563
1691.694336	112.635757
1690.713867	100.905235
1689.734375	-38.474491
1688.753906	-259.575562
1687.772461	-139.149185
1686.791992	144.240952
1685.810547	98.637955
1684.830078	295.003204
1683.848633	-56.494400
1682.866211	-153.305115
1681.884766	78.317108
1680.902344	266.459503
1679.919922	90.507599
1678.937500	138.482742
1677.955078	59.183292
1676.971680	-340.640411
1675.989258	50.545464
1675.005859	110.989761
1674.022461	-253.118851
1673.038086	84.287117
1672.054688	121.746346
1671.070313	47.373718
1670.085938	-87.932175
1669.101563	124.692909
1668.117188	-414.228851
1667.131836	196.847137
1666.146484	-199.769424
1665.161133	-177.582413
1664.175781	-175.679901
1663.189453	188.872574
1662.204102	38.612968
1661.217773	187.544968
1660.231445	-251.556290
1659.245117	-153.240799
1658.257813	99.579460
1657.270508	111.708237
1656.284180	-177.451462
1655.295898	133.540756
1654.308594	209.064865
1653.321289	-127.914833
1652.333008	69.149986
1651.344727	-108.217461
1650.356445	5.398242
1649.367188	108.877243
1648.378906	131.492081
1647.389648	240.064194
1646.400391	303.158813
1645.411133	106.044243
1644.420898	93.442223
1643.431641	60.729477
1642.441406	199.756897
1641.451172	305.967773
1640.459961	351.589569
1639.469727	152.507858
1638.478516	531.282715
1637.487305	410.528625
1636.496094	241.970169
1635.504883	287.851257
1634.512695	182.496994
1633.520508	477.966614
1632.528320	365.173828
1631.536133	511.963898
1630.543945	361.543335
1629.550781	493.250977
1628.557617	786.086792
1627.564453	784.354858
1626.571289	855.657959
1625.578125	1020.081360
1624.583984	1119.057617
1623.589844	1331.219116
1622.595703	1379.904785
1621.601563	1599.568848
1620.606445	1856.864746
1619.611328	1747.217407
1618.616211	2240.637451
1617.621094	1842.188599
1616.625977	2021.558960
1615.629883	1691.179688
1614.633789	1973.490845
1613.637695	1781.382080
1612.641602	1534.193970
1611.645508	1585.685303
1610.648438	1887.988281
1609.651367	1811.546753
1608.654297	1609.818481
1607.657227	2044.890381
1606.659180	1978.572388
1605.662109	1997.531982
1604.664063	2211.885010
1603.666016	2451.224854
1602.666992	2515.190430
1601.668945	2063.469971
1600.669922	1982.378906
1599.670898	2309.245117
1598.671875	1980.502930
1597.671875	2139.666260
1596.672852	1656.095093
1595.672852	1507.769165
1594.672852	1549.512451
1593.671875	1401.287964
1592.671875	1383.109863
1591.670898	1429.885864
1590.669922	972.121582
1589.668945	706.853088
1588.667969	1030.925171
1587.666016	818.182068
1586.664063	1017.318787
1585.662109	572.650696
1584.660156	285.340973
1583.658203	574.293091
1582.655273	45.228592
1581.652344	468.728973
1580.649414	77.016075
1579.646484	358.309845
1578.642578	66.433533
1577.638672	257.929626
1576.634766	95.713394
1575.630859	463.918945
1574.626953	-308.153625
1573.622070	298.895325
1572.618164	261.245117
1571.613281	158.906677
1570.607422	-202.089233
1569.602539	-63.065346
1568.596680	-115.563248
1567.590820	-88.495491
1566.584961	-83.803940
1565.579102	164.385956
1564.572266	-57.058971
1563.566406	146.315903
1562.559570	41.674370
1561.551758	73.592316
1560.544922	-197.288132
1559.537109	-90.888962
1558.530273	87.441734
1557.521484	10.151327
1556.513672	-44.760719
1555.505859	-40.146027
1554.497070	-92.576859
1553.488281	-105.332771
1552.479492	65.279503
1551.470703	-103.581902
1550.460938	69.405426
1549.451172	-101.893478
1548.441406	162.620987
1547.431641	-85.363625
1546.421875	-127.839462
1545.411133	-54.036682
1544.400391	-131.162430
1543.389648	-228.044708
1542.378906	-285.325958
1541.367188	-100.335777
1540.355469	227.931595
1539.343750	165.620911
1538.332031	-37.490234
1537.320313	-52.790272
1536.307617	126.987061
1535.294922	104.226494
1534.282227	76.539696
1533.269531	283.325439
1532.256836	124.836029
1531.243164	-1.541012
1530.229492	76.854492
1529.215820	-46.988770
1528.202148	4.267543
1527.187500	55.479824
1526.172852	54.923496
1525.158203	-31.865789
1524.143555	167.135910
1523.127930	193.634735
1522.113281	-131.955765
1521.097656	167.866058
1520.082031	14.693987
1519.065430	-91.677803
1518.049805	-126.622971
1517.033203	-136.973633
1516.016602	165.006546
1515.000000	-280.568512
1513.982422	-187.630997
1512.965820	246.914017
1511.948242	-171.359070
1510.930664	348.979431
1509.913086	338.598145
1508.894531	249.631485
1507.875977	175.448502
1506.857422	-112.233284
1505.838867	346.245087
1504.820313	39.054272
1503.800781	80.309311
1502.781250	261.355713
1501.761719	3.448211
1500.742188	-273.941772
1499.721680	282.090057
1498.702148	105.266876
1497.681641	114.706985
1496.661133	293.173737
1495.639648	349.120392
1494.618164	233.687180
1493.597656	571.195862
1492.576172	-48.322781
1491.553711	100.710327
1490.532227	9.998298
1489.509766	198.144440
1488.487305	-139.482697
1487.464844	280.922424
1486.442383	136.577408
1485.418945	-15.030860
1484.395508	-252.049606
1483.372070	326.900909
1482.348633	321.981689
1481.324219	-215.193283
1480.300781	143.795074
1479.276367	207.341934
1478.251953	185.495117
1477.226563	412.505554
1476.202148	300.463776
1475.176758	122.648148
1474.151367	-267.155426
1473.125000	-74.219246
1472.099609	113.828018
1471.073242	-75.832489
1470.046875	204.768494
1469.020508	76.147392
1467.994141	152.160446
1466.966797	235.469254
1465.939453	128.949066
1464.912109	375.358459
1463.884766	122.987259
1462.856445	418.020721
1461.829102	457.664886
1460.800781	567.828613
1459.772461	561.324280
1458.743164	622.903687
1457.714844	978.526306
1456.685547	1117.835815
1455.656250	657.253662
1454.625977	998.203796
1453.596680	880.258423
1452.566406	687.159363
1451.536133	972.249573
1450.505859	711.404846
1449.474609	387.643036
1448.444336	663.098206
1447.413086	516.598633
1446.381836	1061.080811
1445.350586	631.139099
1444.318359	623.026062
1443.286133	636.779480
1442.253906	749.899963
1441.221680	536.138000
1440.189453	216.013657
1439.156250	680.291748
1438.123047	348.286774
1437.089844	415.694641
1436.056641	328.332214
1435.022461	357.140289
1433.988281	526.241699
1432.954102	173.195496
1431.919922	400.412292
1430.885742	318.314423
1429.850586	-367.645355
1428.815430	101.264778
1427.780273	106.412392
1426.744141	-28.417461
1425.708984	201.382126
1424.672852	73.982460
1423.636719	-265.607788
1422.600586	-11.575778
1421.563477	-75.940834
1420.527344	-207.694580
1419.490234	294.667114
1418.452148	6.347852
1417.415039	214.628937
1416.376953	22.968056
1415.338867	171.080109
1414.300781	51.910652
1413.262695	118.248940
1412.224609	-7.924371
1411.185547	210.153381
1410.146484	-50.584637
1409.107422	-200.474197
1408.067383	-49.619644
1407.027344	-131.978699
1405.987305	266.565918
1404.947266	314.119781
1403.907227	27.722015
1402.866211	44.217903
1401.826172	305.796112
1400.785156	-81.048187
1399.743164	-59.513905
1398.702148	274.157379
1397.660156	233.367569
1396.618164	391.825897
1395.576172	641.450317
1394.533203	823.879639
1393.491211	1183.769775
1392.448242	1160.000000
1391.405273	1378.396240
1390.361328	1496.121094
1389.318359	2217.618652
1388.274414	2332.878418
1387.230469	2347.593018
1386.186523	2422.234863
1385.141602	3150.385010
1384.097656	2882.760010
1383.052734	3122.561035
1382.007813	3225.984131
1380.961914	2973.075195
1379.916992	3126.859131
1378.871094	2943.564941
1377.825195	2829.743652
1376.778320	2216.613281
1375.732422	2509.295654
1374.685547	1803.500977
1373.638672	1917.186035
1372.591797	1620.245239
1371.543945	1550.264160
1370.497070	1661.777710
1369.449219	1110.004395
1368.400391	1276.557495
1367.352539	1245.178345
1366.303711	1221.031250
1365.255859	1168.376587
1364.206055	1313.614380
1363.157227	1277.781372
1362.108398	1149.127930
1361.058594	1435.037109
1360.008789	1439.894653
1358.958984	1116.266479
1357.908203	1371.262573
1356.857422	1064.584839
1355.806641	1205.423950
1354.755859	1153.592285
1353.705078	999.585144
1352.653320	1097.751343
1351.601563	1022.405518
1350.549805	961.425964
1349.498047	850.644287
1348.445313	1020.299988
1347.393555	600.912415
1346.340820	1084.152832
1345.287109	517.845093
1344.234375	566.648621
1343.180664	665.321106
1342.126953	787.746460
1341.073242	438.127441
1340.019531	548.826599
1338.964844	457.982697
1337.910156	236.862228
1336.855469	245.804520
1335.799805	193.182724
1334.745117	133.553482
1333.689453	587.976257
1332.633789	151.885330
1331.578125	367.112061
1330.521484	-49.696594
1329.464844	198.725372
1328.408203	-156.228119
1327.351563	158.465729
1326.294922	26.099262
1325.237305	-134.531876
1324.179688	196.666122
1323.122070	5.454349
1322.064453	15.234487
1321.005859	-204.096024
1319.947266	-175.279556
1318.888672	-129.891006
1317.830078	-301.665405
1316.770508	-126.349594
1315.710938	13.548141
1314.651367	-73.058807
1313.591797	-102.967972
1312.531250	98.296631
1311.471680	-242.761917
1310.411133	-133.390137
1309.349609	27.821625
1308.289063	50.005001
1307.227539	244.191162
1306.166016	63.851795
1305.104492	-154.037216
1304.042969	-30.421885
1302.980469	-29.220270
1301.917969	-16.206987
1300.855469	-61.968666
1299.792969	169.888535
1298.729492	-343.803284
1297.666016	-22.564983
1296.602539	-169.201981
1295.539063	64.988159
1294.474609	219.216644
1293.411133	-343.050323
1292.346680	-139.397430
1291.281250	-46.165077
1290.216797	-161.859985
1289.151367	-286.863464
1288.085938	-85.606956
1287.020508	73.373688
1285.955078	150.222305
1284.888672	250.513763
1283.822266	181.992218
1282.755859	256.516357
1281.689453	464.620667
1280.622070	555.509033
1279.554688	4.550486
1278.487305	69.799034
1277.419922	336.418060
1276.351563	211.998337
1275.283203	377.877502
1274.214844	391.617371
1273.146484	314.143036
1272.077148	442.545441
1271.008789	390.867310
1269.939453	301.826385
1268.869141	161.414230
1267.799805	147.290634
1266.729492	123.841438
1265.659180	553.575867
1264.588867	-114.455971
1263.517578	326.852753
1262.447266	389.845062
1261.375977	289.454041
1260.304688	37.462151
1259.232422	331.460724
1258.161133	501.749634
1257.088867	415.476990
1256.016602	457.479889
1254.943359	597.365356
1253.871094	681.288513
1252.797852	718.585266
1251.724609	865.354248
1250.650391	1244.937012
1249.577148	1005.074524
1248.502930	916.626160
1247.428711	756.085083
1246.354492	628.196838
1245.279297	1174.947510
1244.204102	940.060730
1243.128906	721.563232
1242.053711	605.454407
1240.977539	763.638428
1239.902344	708.000427
1238.826172	424.724457
1237.750000	394.741028
1236.672852	627.161377
1235.595703	613.400513
1234.518555	773.731201
1233.441406	277.285675
1232.364258	486.348511
1231.286133	229.093567
1230.208008	264.146637
1229.129883	644.643860
1228.051758	227.592407
1226.972656	156.017807
1225.893555	-29.055769
1224.814453	339.585938
1223.734375	205.495773
1222.655273	85.367172
1221.575195	483.821960
1220.495117	143.806198
1219.415039	-219.204117
1218.333984	28.668066
1217.252930	-28.869474
1216.171875	-60.950111
1215.090820	-2.863469
1214.008789	242.408157
1212.926758	374.334259
1211.844727	118.058769
1210.762695	-327.516479
1209.679688	3.020739
1208.597656	37.883358
1207.513672	63.473270
1206.430664	-185.577362
1205.347656	103.069504
1204.263672	10.955000
1203.179688	-64.986549
1202.095703	168.060730
1201.010742	308.778564
1199.925781	147.503693
1198.840820	36.977707
1197.755859	306.598511
1196.670898	242.123398
1195.584961	39.491901
1194.499023	-27.236618
1193.413086	113.202919
1192.326172	-68.613228
1191.239258	179.858673
1190.152344	184.391541
1189.065430	124.508247
1187.978516	34.751232
1186.890625	324.274841
1185.802734	101.169693
1184.714844	34.384506
1183.625977	169.741531
1182.538086	360.145386
1181.449219	307.049683
1180.360352	506.467072
1179.270508	859.532227
1178.180664	494.226501
1177.090820	775.975159
1176.000977	454.379181
1174.911133	525.004456
1173.820313	508.446503
1172.729492	760.038391
1171.638672	479.861511
1170.547852	190.622391
1169.456055	581.740723
1168.364258	782.592529
1167.272461	891.747559
1166.179688	810.828613
1165.087891	1283.733032
1163.995117	918.999695
1162.902344	1542.563354
1161.808594	1456.867188
1160.715820	1716.433350
1159.622070	1635.242432
1158.528320	1544.908569
1157.433594	1657.929688
1156.339844	1087.847656
1155.245117	906.228577
1154.149414	274.821899
1153.054688	849.017456
1151.958984	366.181976
1150.863281	545.258118
1149.767578	468.706299
1148.671875	417.236816
1147.575195	320.136108
1146.478516	127.288406
1145.381836	438.204803
1144.285156	17.455051
1143.187500	319.051941
1142.089844	176.305634
1140.992188	-109.886047
1139.894531	-122.781532
1138.795898	-483.997040
1137.697266	-228.370743
1136.598633	-177.672791
1135.499023	239.171890
1134.400391	-274.359863
1133.300781	155.867126
1132.201172	-50.637581
1131.100586	133.786911
1130.000977	-224.960403
1128.900391	-215.596252
1127.799805	123.029732
1126.698242	-149.363144
1125.596680	164.008377
1124.495117	322.850677
1123.393555	404.420959
1122.291992	515.386536
1121.189453	1000.478210
1120.086914	922.928711
1118.984375	1448.405273
1117.881836	1540.668945
1116.778320	1859.431030
1115.674805	1412.228760
1114.571289	1370.612549
1113.466797	1109.281372
1112.363281	1753.635742
1111.258789	1392.617554
1110.153320	1495.605103
1109.048828	1415.233154
1107.943359	1201.361450
1106.837891	937.770203
1105.732422	947.810242
1104.625977	871.871765
1103.520508	1003.828613
1102.414063	821.578979
1101.306641	573.821289
1100.200195	362.253815
1099.092773	595.520630
1097.985352	851.183472
1096.877930	490.511200
1095.769531	509.002991
1094.661133	304.076233
1093.552734	672.046631
1092.444336	336.241699
1091.335938	59.129520
1090.226563	153.947296
1089.117188	498.772827
1088.006836	649.604919
1086.897461	696.693970
1085.787109	320.319397
1084.676758	477.610077
1083.566406	195.834854
1082.455078	467.675842
1081.343750	712.316772
1080.232422	704.838989
1079.121094	1048.101318
1078.008789	721.113708
1076.896484	1122.478027
1075.784180	566.225037
1074.671875	697.658752
1073.558594	633.507690
1072.445313	452.518524
1071.332031	931.636047
1070.217773	319.475250
1069.104492	443.632385
1067.990234	181.709137
1066.875977	171.054153
1065.760742	465.317413
1064.645508	373.687500
1063.530273	734.839661
1062.415039	309.066406
1061.299805	107.464737
1060.183594	203.793716
1059.067383	152.164230
1057.951172	-83.150780
1056.833984	-177.431580
1055.716797	258.686859
1054.599609	-102.104477
1053.482422	264.252472
1052.364258	306.012360
1051.247070	604.832458
1050.128906	-125.000259
1049.009766	37.208866
1047.891602	-44.315998
1046.772461	28.235149
1045.653320	-133.877319
1044.533203	-90.586746
1043.414063	-163.496414
1042.293945	263.503845
1041.173828	116.682640
1040.052734	-103.815552
1038.932617	81.668381
1037.811523	68.470634
1036.689453	-317.182770
1035.568359	315.938141
1034.446289	-2.948101
1033.324219	74.802719
1032.202148	-181.723694
1031.079102	-15.113820
1029.957031	22.191298
1028.833984	50.452457
1027.709961	-52.729195
1026.586914	-173.755081
1025.462891	-279.278931
1024.338867	71.063019
1023.214844	-194.776215
1022.089844	-147.172699
1020.964844	-46.356148
1019.839844	47.634346
1018.714844	132.591721
1017.588867	-44.688465
1016.462891	-22.158173
1015.336914	40.217800
1014.210938	-15.177680
1013.083984	-168.307129
1011.957031	102.249031
1010.830078	365.920593
1009.702148	336.643311
1008.574219	285.102661
1007.446289	1541.169922
1006.318359	2643.657959
1005.190430	3371.129150
1004.061523	4124.722656
1002.932617	3285.705811
1001.802734	1773.916748
1000.673828	805.012939
999.543945	759.204529
998.414063	301.803009
997.283203	96.641884
996.153320	-24.479927
995.022461	2.455810
993.891602	206.104721
992.759766	394.069672
991.628906	259.298737
990.497070	431.493225
989.364258	281.071472
988.232422	563.368835
987.099609	472.375275
985.966797	677.040161
984.833984	696.180542
983.700195	915.918457
982.566406	857.590271
981.432617	719.813965
980.298828	418.883362
979.164063	638.072571
978.029297	456.062164
976.894531	307.083466
975.759766	254.977310
974.624023	326.084106
973.488281	168.127716
972.352539	529.538879
971.215820	63.368855
970.080078	314.467468
968.943359	400.397095
967.805664	437.807159
966.668945	611.422913
965.531250	90.365135
964.393555	301.143585
963.254883	680.871826
962.117188	353.174164
960.978516	504.194397
959.839844	407.009155
958.700195	450.227936
957.561523	335.385834
956.421875	839.130188
955.281250	649.493591
954.141602	1058.499878
953.000977	1219.506958
951.860352	1169.967163
950.719727	1131.339111
949.578125	862.618896
948.436523	394.649506
947.294922	474.252991
946.153320	140.001389
945.010742	687.859497
943.868164	187.276077
942.725586	445.983459
941.583008	636.713928
940.439453	217.205719
939.295898	324.704773
938.152344	172.009872
937.007813	52.097530
935.863281	98.225594
934.718750	-32.627384
933.574219	395.552368
932.428711	316.987457
931.283203	-324.700806
930.137695	175.126450
928.992188	-182.688828
927.845703	129.212769
926.699219	11.362891
925.552734	-17.080009
924.405273	301.005219
923.257813	143.876923
922.110352	-104.700905
920.962891	32.344345
919.814453	10.321419
918.666016	212.539536
917.517578	392.883850
916.369141	-79.686172
915.219727	-123.474998
914.070313	19.811037
912.920898	-276.235779
911.770508	-9.083830
910.621094	14.535301
909.470703	-98.778526
908.319336	24.758509
907.168945	-21.147724
906.017578	-121.326889
904.866211	210.592804
903.713867	-8.962236
902.562500	36.373852
901.410156	-107.056442
900.256836	-72.555099
899.104492	159.321686
897.951172	98.412750
896.797852	204.472549
895.644531	43.972466
894.490234	-135.930237
893.335938	-341.699982
892.181641	136.978409
891.027344	398.978668
889.872070	-79.373787
888.716797	-31.598194
887.561523	98.429169
886.405273	176.522232
885.249023	-58.924393
884.092773	-471.482300
882.936523	248.851135
881.779297	409.198700
880.622070	413.985962
879.464844	-114.671181
878.307617	166.807968
877.149414	85.503510
875.991211	-200.733551
874.833008	290.122772
873.673828	-28.237818
872.514648	16.015844
871.355469	-99.234818
870.196289	150.024399
869.036133	22.038157
867.875977	-17.433100
866.715820	137.120865
865.554688	-7.711309
864.394531	149.138626
863.233398	-208.552795
862.071289	387.564697
860.910156	260.476624
859.748047	415.389709
858.585938	783.301636
857.422852	688.789978
856.259766	502.004333
855.096680	435.802368
853.933594	563.170471
852.770508	602.520874
851.606445	-73.302879
850.442383	443.172302
849.277344	210.235474
848.113281	46.251850
846.948242	521.965576
845.783203	214.509277
844.617188	465.016022
843.451172	-167.963959
842.285156	-127.292381
841.119141	-206.526291
839.952148	-343.442413
838.785156	79.039940
837.618164	32.390869
836.451172	386.377289
835.283203	-77.507660
834.115234	24.069792
832.947266	85.099022
831.778320	-54.864109
830.609375	85.611198
829.440430	-111.692917
828.271484	315.544678
827.101563	212.641846
825.931641	428.364471
824.761719	537.334167
823.590820	242.709000
822.420898	35.959713
821.250000	779.518921
820.078125	613.609985
818.907227	866.218262
817.735352	728.444885
816.562500	509.837219
815.390625	332.035675
814.217773	676.806152
813.044922	644.318115
811.872070	32.395500
810.698242	232.622726
809.524414	166.684174
808.350586	-69.412964
807.176758	275.979004
806.001953	478.757294
804.827148	81.523216
803.651367	282.447510
802.476563	138.888870
801.300781	212.451370
800.125000	375.434631
798.948242	585.251709
797.772461	285.150360
796.595703	767.141724
795.417969	656.470459
794.241211	622.461426
793.063477	575.876099
791.885742	607.996887
790.707031	606.291687
789.529297	725.669617
788.350586	838.768066
787.170898	799.272400
785.992188	865.942261
784.812500	873.368469
783.632813	885.167542
782.452148	1019.956116
781.272461	1150.586182
780.091797	730.723328
778.911133	491.131592
777.729492	336.423798
776.547852	323.679901
775.366211	141.818359
774.184570	524.859009
773.001953	315.758331
771.819336	204.107285
770.636719	-110.289398
769.453125	-115.947891
768.269531	-328.539520
767.085938	44.087860
765.902344	-142.925446
764.717773	453.408234
763.533203	51.260719
762.348633	162.111893
761.163086	-197.452927
759.977539	339.550110
758.791992	-205.313385
757.606445	-102.700447
756.419922	-73.861778
755.233398	-114.521057
754.046875	131.367599
752.859375	295.030029
751.672852	446.019226
750.485352	580.116028
749.296875	463.721619
748.108398	606.193909
746.919922	384.691803
745.731445	659.624207
744.542969	549.653992
743.353516	635.217834
742.164063	554.704651
740.973633	486.812775
739.783203	240.380463
738.592773	269.152527
737.402344	646.409058
736.211914	192.211411
735.020508	527.250122
733.829102	547.367554
732.636719	846.398865
731.444336	209.924835
730.251953	192.190659
729.059570	-238.538818
727.866211	393.337341
726.673828	65.283234
725.479492	-176.834442
724.286133	525.538696
723.091797	115.765511
721.897461	120.533516
720.703125	-330.989227
719.507813	-282.384857
718.312500	-87.492500
717.117188	96.747101
715.921875	86.354347
714.725586	-133.166489
713.529297	-68.504875
712.332031	252.968750
711.135742	33.207253
709.938477	396.027252
708.740234	718.872314
707.542969	786.814026
706.344727	1188.462280
705.146484	2038.321899
703.948242	2658.228516
702.749023	3204.720215
701.549805	2656.353516
700.350586	2464.524658
699.150391	1591.275635
697.950195	1566.196655
696.750000	776.645813
695.549805	863.977661
694.348633	-12.700974
693.147461	309.729584
691.946289	182.461655
690.744141	117.552765
689.541992	-57.640957
688.339844	16.672344
687.136719	26.423159
685.934570	399.808533
684.730469	394.778351
683.527344	279.612152
682.323242	451.049194
681.119141	30.626955
679.915039	343.150574
678.710938	292.336151
677.505859	168.929214
676.300781	367.131104
675.094727	106.943306
673.889648	137.220261
672.683594	113.654282
671.476563	477.713928
670.270508	414.920593
669.063477	22.935368
667.856445	291.908386
666.648438	140.635056
665.440430	53.810795
664.232422	174.208252
663.024414	-7.254046
661.815430	95.030289
660.606445	-269.761810
659.397461	381.089447
658.188477	15.086751
656.978516	220.015747
655.768555	-97.374962
654.557617	-42.334511
653.346680	87.568199
652.135742	215.930344
650.924805	171.491547
649.712891	-187.968338
648.501953	-270.078705
647.289063	-295.692078
646.077148	-37.958771
644.864258	-175.275665
643.651367	-43.645088
642.438477	-234.578339
641.224609	65.943443
640.010742	-188.631912
638.796875	-188.613159
637.582031	378.782898
636.367188	274.259033
635.152344	45.690166
633.937500	631.285889
632.721680	541.559875
631.505859	455.592804
630.289063	523.543884
629.073242	1123.519897
627.856445	1303.948730
626.639648	1467.832397
625.421875	1286.712280
624.204102	555.609497
622.986328	586.691772
621.768555	207.716003
620.549805	151.581650
619.331055	48.926338
618.111328	115.267075
616.892578	-145.607391
