1721.000977	-148.557831
1720.027344	191.180557
1719.052734	627.820740
1718.078125	72.848427
1717.104492	271.334351
1716.128906	-110.895760
1715.154297	147.200043
1714.178711	199.187195
1713.204102	-39.286903
1712.228516	221.208786
1711.251953	-108.476997
1710.276367	473.172089
1709.299805	44.810139
1708.324219	81.985619
1707.347656	44.234730
1706.370117	-142.594116
1705.393555	-383.634918
1704.416016	280.486023
1703.438477	-58.861309
1702.460938	-124.943367
1701.483398	-398.574310
1700.505859	165.887970
1699.527344	-52.386204
1698.548828	-161.110352
1697.570313	202.433456
1696.591797	75.071815
1695.612305	-282.435486
1694.632813	-221.424362
1693.653320	2.621085
1692.673828	-151.404984
1691.694336	161.277664
1690.713867	-381.009399
1689.734375	201.451981
1688.753906	181.652893
1687.772461	-338.043488
1686.791992	82.830353
1685.810547	-319.760681
1684.830078	-194.923752
1683.848633	-11.738618
1682.866211	69.338928
1681.884766	-91.576462
1680.902344	241.277054
1679.919922	495.003296
1678.937500	-231.101242
1677.955078	-56.396748
1676.971680	-115.867516
1675.989258	-109.201660
1675.005859	189.757660
1674.022461	97.108063
1673.038086	233.160431
1672.054688	348.854034
1671.070313	-127.433273
1670.085938	-24.456934
1669.101563	-302.397186
1668.117188	8.776259
1667.131836	279.188690
1666.146484	59.751110
1665.161133	226.082733
1664.175781	9.357090
1663.189453	236.542145
1662.204102	245.666809
1661.217773	102.700264
1660.231445	-377.233734
1659.245117	-162.595840
1658.257813	-1.223818
1657.270508	165.219955
1656.284180	258.271667
1655.295898	-101.921761
1654.308594	127.959755
1653.321289	-140.742798
1652.333008	165.089096
1651.344727	-65.423752
1650.356445	-106.056595
1649.367188	156.820526
1648.378906	-88.433479
1647.389648	184.634506
1646.400391	-141.238998
1645.411133	326.470642
1644.420898	71.596199
1643.431641	82.150864
1642.441406	42.259968
1641.451172	184.252441
1640.459961	321.203156
1639.469727	-91.864487
1638.478516	57.909611
1637.487305	333.841675
1636.496094	223.923828
1635.504883	247.784775
1634.512695	415.386139
1633.520508	608.222839
1632.528320	526.435120
1631.536133	452.338715
1630.543945	373.339233
1629.550781	692.304626
1628.557617	515.264099
1627.564453	1030.603271
1626.571289	969.528442
1625.578125	936.253174
1624.583984	1697.962158
1623.589844	1342.785278
1622.595703	1676.818726
1621.601563	1751.866089
1620.606445	1809.346436
1619.611328	2113.162598
1618.616211	2241.070557
1617.621094	1934.459595
1616.625977	1630.578491
1615.629883	1801.416748
1614.633789	1912.020996
1613.637695	1683.842651
1612.641602	1759.458252
1611.645508	2075.959717
1610.648438	2164.126709
1609.651367	1650.489258
1608.654297	1530.768066
1607.657227	1925.020264
1606.659180	2269.025391
1605.662109	1969.059082
1604.664063	2200.322998
1603.666016	2639.432617
1602.666992	2928.144043
1601.668945	2390.689697
1600.669922	2128.810791
1599.670898	2472.688965
1598.671875	2198.513428
1597.671875	1686.838501
1596.672852	1890.715454
1595.672852	1241.913818
1594.672852	1538.360840
1593.671875	1584.770874
1592.671875	866.624512
1591.670898	1218.039551
1590.669922	977.392212
1589.668945	1029.059937
1588.667969	1000.857544
1587.666016	573.288757
1586.664063	86.046135
1585.662109	607.065735
1584.660156	309.681976
1583.658203	623.502869
1582.655273	553.184875
1581.652344	415.619537
1580.649414	335.473602
1579.646484	208.038651
1578.642578	521.643311
1577.638672	-1.809104
1576.634766	-16.972193
1575.630859	341.375519
1574.626953	216.662521
1573.622070	-109.602493
1572.618164	213.774658
1571.613281	280.757813
1570.607422	158.670303
1569.602539	143.616333
1568.596680	128.552261
1567.590820	-70.431175
1566.584961	-351.327087
1565.579102	252.453537
1564.572266	143.009766
1563.566406	95.750336
1562.559570	-16.070917
1561.551758	16.127386
1560.544922	-179.996094
1559.537109	-127.905998
1558.530273	-304.045288
1557.521484	-313.977509
1556.513672	-452.819916
1555.505859	-269.265930
1554.497070	-36.235382
1553.488281	-276.672577
1552.479492	-46.199081
1551.470703	-16.487118
1550.460938	-266.694580
1549.451172	92.386589
1548.441406	-80.978294
1547.431641	-103.273857
1546.421875	-380.453430
1545.411133	-264.135559
1544.400391	45.087059
1543.389648	-212.180222
1542.378906	143.894516
1541.367188	-110.838272
1540.355469	-26.838446
1539.343750	17.589308
1538.332031	-619.883118
1537.320313	-83.790764
1536.307617	-64.087700
1535.294922	-224.632141
1534.282227	-229.587997
1533.269531	150.478500
1532.256836	46.762859
1531.243164	-172.887894
1530.229492	253.773499
1529.215820	-293.783905
1528.202148	-47.235634
1527.187500	110.445259
1526.172852	4.377134
1525.158203	78.224426
1524.143555	322.018799
1523.127930	-47.552502
1522.113281	-84.518890
1521.097656	36.064079
1520.082031	351.045227
1519.065430	257.389374
1518.049805	-259.343201
1517.033203	75.182854
1516.016602	321.046844
1515.000000	-124.067062
1513.982422	126.649918
1512.965820	92.218819
1511.948242	-418.895691
1510.930664	524.534058
1509.913086	173.219620
1508.894531	43.044289
1507.875977	310.657501
1506.857422	342.540497
1505.838867	129.029907
1504.820313	146.259293
1503.800781	271.401184
1502.781250	212.573715
1501.761719	85.144867
1500.742188	624.576355
1499.721680	198.115128
1498.702148	100.246307
1497.681641	281.697418
1496.661133	281.844238
1495.639648	73.836235
1494.618164	201.365555
1493.597656	336.245239
1492.576172	336.464966
1491.553711	219.240601
1490.532227	175.517563
1489.509766	24.199907
1488.487305	-14.540014
1487.464844	108.122894
1486.442383	25.459049
1485.418945	240.962204
1484.395508	60.620937
1483.372070	136.869736
1482.348633	-97.021004
1481.324219	242.970062
1480.300781	194.760025
1479.276367	-29.140551
1478.251953	-8.899653
1477.226563	-117.944954
1476.202148	-287.848083
1475.176758	-316.230865
1474.151367	77.218971
1473.125000	-197.347900
1472.099609	71.719063
1471.073242	194.505539
1470.046875	358.698547
1469.020508	55.283283
1467.994141	421.635620
1466.966797	498.168304
1465.939453	345.939148
1464.912109	456.628693
1463.884766	95.362709
1462.856445	617.202698
1461.829102	628.231384
1460.800781	303.770050
1459.772461	453.501160
1458.743164	535.154297
1457.714844	811.237427
1456.685547	1186.834229
1455.656250	1062.024902
1454.625977	604.645203
1453.596680	1133.178711
1452.566406	812.026123
1451.536133	663.365234
1450.505859	755.016968
1449.474609	938.840576
1448.444336	807.420593
1447.413086	804.603638
1446.381836	569.145142
1445.350586	760.397400
1444.318359	1017.032349
1443.286133	738.258362
1442.253906	1082.122803
1441.221680	704.317749
1440.189453	544.632874
1439.156250	433.470947
1438.123047	191.754669
1437.089844	114.734550
1436.056641	836.055664
1435.022461	164.136749
1433.988281	-147.154617
1432.954102	433.756287
1431.919922	195.198029
1430.885742	196.034348
1429.850586	380.520294
1428.815430	-29.148943
1427.780273	276.202820
1426.744141	231.416824
1425.708984	-134.274078
1424.672852	-87.090134
1423.636719	109.741463
1422.600586	429.592133
1421.563477	139.209702
1420.527344	143.220627
1419.490234	149.698425
1418.452148	-26.938383
1417.415039	-232.306152
1416.376953	-3.889427
1415.338867	-199.396729
1414.300781	-120.218475
1413.262695	317.743164
1412.224609	-199.999924
1411.185547	146.484482
1410.146484	-173.559601
1409.107422	-159.014816
1408.067383	-113.151886
1407.027344	-307.668488
1405.987305	113.396423
1404.947266	183.468658
1403.907227	-183.740814
1402.866211	-233.611633
1401.826172	173.014114
1400.785156	-388.232239
1399.743164	6.372238
1398.702148	331.309052
1397.660156	533.776489
1396.618164	479.517212
1395.576172	439.757599
1394.533203	884.540588
1393.491211	1125.428711
1392.448242	1303.945190
1391.405273	1813.230835
1390.361328	1768.824585
1389.318359	2139.010986
1388.274414	2264.786621
1387.230469	3013.221436
1386.186523	3098.229248
1385.141602	2939.103516
1384.097656	3720.674561
1383.052734	3906.201660
1382.007813	3881.222656
1380.961914	4109.832520
1379.916992	3642.637939
1378.871094	3491.261963
1377.825195	3299.406494
1376.778320	3332.314697
1375.732422	2959.174805
1374.685547	2430.997559
1373.638672	2636.261230
1372.591797	2354.465576
1371.543945	2060.916748
1370.497070	1953.743652
1369.449219	1818.047363
1368.400391	2035.519043
1367.352539	1527.970459
1366.303711	1843.339111
1365.255859	1515.006714
1364.206055	1904.269287
1363.157227	1692.966553
1362.108398	1901.139526
1361.058594	1761.524902
1360.008789	1729.209595
1358.958984	1187.485718
1357.908203	1888.590576
1356.857422	1559.004761
1355.806641	1850.642090
1354.755859	1697.388428
1353.705078	1862.973877
1352.653320	1205.827271
1351.601563	1445.268677
1350.549805	1268.750854
1349.498047	1109.015137
1348.445313	1113.330688
1347.393555	1063.103271
1346.340820	1193.429810
1345.287109	834.669312
1344.234375	682.660828
1343.180664	905.736145
1342.126953	661.367126
1341.073242	789.599976
1340.019531	666.457520
1338.964844	735.474915
1337.910156	434.717377
1336.855469	525.219482
1335.799805	118.122002
1334.745117	346.196045
1333.689453	330.255310
1332.633789	437.524750
1331.578125	573.222473
1330.521484	-5.936083
1329.464844	226.937866
1328.408203	74.109261
1327.351563	-47.836632
1326.294922	-141.291138
1325.237305	-43.136162
1324.179688	192.141769
1323.122070	-24.040102
1322.064453	464.083160
1321.005859	125.188530
1319.947266	-367.027252
1318.888672	17.106983
1317.830078	2.141331
1316.770508	20.264685
1315.710938	78.552475
1314.651367	-235.910065
1313.591797	-203.432266
1312.531250	-78.957764
1311.471680	-206.753647
1310.411133	-202.452591
1309.349609	138.901901
1308.289063	6.561953
1307.227539	-448.428986
1306.166016	177.890671
1305.104492	-128.491486
1304.042969	-255.771469
1302.980469	61.884895
1301.917969	-117.076637
1300.855469	104.042458
1299.792969	-260.582764
1298.729492	-535.660828
1297.666016	-182.812668
1296.602539	-208.531097
1295.539063	148.878479
1294.474609	139.613922
1293.411133	-142.089737
1292.346680	-348.488342
1291.281250	-186.125381
1290.216797	-206.887238
1289.151367	375.579895
1288.085938	-243.610825
1287.020508	10.239100
1285.955078	153.769623
1284.888672	168.284531
1283.822266	161.724884
1282.755859	159.890778
1281.689453	223.711243
1280.622070	282.834015
1279.554688	414.578827
1278.487305	255.894318
1277.419922	90.287613
1276.351563	301.660492
1275.283203	61.266205
1274.214844	204.752548
1273.146484	366.919678
1272.077148	517.337463
1271.008789	263.188507
1269.939453	486.089813
1268.869141	334.923676
1267.799805	489.997406
1266.729492	-140.001343
1265.659180	134.266281
1264.588867	345.385590
1263.517578	182.848709
1262.447266	97.454796
1261.375977	159.133987
1260.304688	339.807068
1259.232422	179.821716
1258.161133	493.387054
1257.088867	699.562378
1256.016602	236.600388
1254.943359	517.348877
1253.871094	844.610535
1252.797852	729.085449
1251.724609	1007.264587
1250.650391	1269.023071
1249.577148	930.026917
1248.502930	819.292603
1247.428711	1264.811157
1246.354492	458.409912
1245.279297	685.167603
1244.204102	474.625610
1243.128906	540.873291
1242.053711	904.652283
1240.977539	1005.650574
1239.902344	1022.978821
1238.826172	183.080078
1237.750000	495.554260
1236.672852	640.694946
1235.595703	590.773926
1234.518555	475.892303
1233.441406	347.151093
1232.364258	299.670807
1231.286133	166.381897
1230.208008	427.388092
1229.129883	470.345154
1228.051758	446.072845
1226.972656	-275.760071
1225.893555	61.578983
1224.814453	-39.031563
1223.734375	233.252823
1222.655273	9.936838
1221.575195	147.831207
1220.495117	35.715347
1219.415039	67.108299
1218.333984	-405.844574
1217.252930	224.655701
1216.171875	133.421082
1215.090820	137.009674
1214.008789	279.262207
1212.926758	-264.870087
1211.844727	-117.973640
1210.762695	-33.509911
1209.679688	-69.184998
1208.597656	-280.299133
1207.513672	-156.657135
1206.430664	114.642441
1205.347656	-41.028378
1204.263672	94.003227
1203.179688	-193.077225
1202.095703	193.237595
1201.010742	106.788445
1199.925781	377.604614
1198.840820	270.400421
1197.755859	8.886287
1196.670898	-72.871925
1195.584961	-71.720901
1194.499023	221.794373
1193.413086	400.087433
1192.326172	235.401382
1191.239258	356.058441
1190.152344	-199.594269
1189.065430	431.598969
1187.978516	2.602390
1186.890625	-240.043976
1185.802734	117.204712
1184.714844	-79.437279
1183.625977	-83.066704
1182.538086	363.430145
1181.449219	302.266510
1180.360352	415.577118
1179.270508	799.620605
1178.180664	566.242615
1177.090820	550.880066
1176.000977	413.950256
1174.911133	685.214417
1173.820313	681.223999
1172.729492	514.481018
1171.638672	982.531616
1170.547852	334.644745
1169.456055	635.262573
1168.364258	484.597870
1167.272461	647.630493
1166.179688	773.931458
1165.087891	737.681030
1163.995117	1268.814697
1162.902344	1726.483032
1161.808594	1383.487183
1160.715820	2250.136475
1159.622070	2153.995361
1158.528320	1696.772827
1157.433594	1481.906738
1156.339844	1283.108887
1155.245117	1173.423828
1154.149414	1045.468140
1153.054688	623.066772
1151.958984	616.186218
1150.863281	629.812805
1149.767578	-9.061957
1148.671875	95.854088
1147.575195	-43.321598
1146.478516	403.432617
1145.381836	330.272186
1144.285156	325.465851
1143.187500	142.900497
1142.089844	500.207153
1140.992188	-1.216524
1139.894531	137.304428
1138.795898	216.523880
1137.697266	-362.024658
1136.598633	163.122787
1135.499023	-328.822937
1134.400391	-167.887558
1133.300781	131.609116
1132.201172	230.880371
1131.100586	-229.038910
1130.000977	-79.846107
1128.900391	-291.982391
1127.799805	-567.667969
1126.698242	255.690399
1125.596680	129.708557
1124.495117	146.713699
1123.393555	445.025238
1122.291992	139.693024
1121.189453	610.114807
1120.086914	996.363525
1118.984375	1203.278076
1117.881836	1672.963135
1116.778320	1865.898071
1115.674805	1945.402100
1114.571289	1902.490112
1113.466797	1886.692017
1112.363281	1898.015015
1111.258789	1762.121826
1110.153320	1807.241821
1109.048828	1879.440918
1107.943359	1790.916626
1106.837891	1320.164429
1105.732422	996.511475
1104.625977	849.233459
1103.520508	862.424133
1102.414063	1022.378296
1101.306641	798.141663
1100.200195	1007.566040
1099.092773	523.609924
1097.985352	1091.761230
1096.877930	810.964233
1095.769531	615.935669
1094.661133	619.433228
1093.552734	261.975342
1092.444336	522.439880
1091.335938	588.818054
1090.226563	659.572266
1089.117188	302.054230
1088.006836	437.976288
1086.897461	355.277771
1085.787109	558.493713
1084.676758	486.854950
1083.566406	793.297974
1082.455078	885.706604
1081.343750	764.241638
1080.232422	865.413818
1079.121094	1029.409546
1078.008789	943.647461
1076.896484	585.835693
1075.784180	825.863708
1074.671875	1103.875000
1073.558594	1073.897461
1072.445313	635.088623
1071.332031	912.619202
1070.217773	765.630066
1069.104492	315.641144
1067.990234	491.735870
1066.875977	438.826019
1065.760742	257.970123
1064.645508	276.642700
1063.530273	754.745117
1062.415039	91.729553
1061.299805	58.536434
1060.183594	648.005066
1059.067383	-285.916809
1057.951172	343.426056
1056.833984	150.739944
1055.716797	-75.554497
1054.599609	212.799637
1053.482422	-423.057922
1052.364258	283.227203
1051.247070	-41.782970
1050.128906	11.031212
1049.009766	-110.667320
1047.891602	-38.011200
1046.772461	208.728043
1045.653320	-74.145164
1044.533203	-37.710655
1043.414063	-193.408798
1042.293945	99.464691
1041.173828	128.738159
1040.052734	-406.625641
1038.932617	-243.683319
1037.811523	-34.145466
1036.689453	340.127594
1035.568359	-235.470871
1034.446289	310.000366
1033.324219	-29.457645
1032.202148	-212.974335
1031.079102	-164.958755
1029.957031	-128.215668
1028.833984	33.003765
1027.709961	-280.055176
1026.586914	36.588627
1025.462891	-100.882988
1024.338867	112.961815
1023.214844	93.091415
1022.089844	-75.876572
1020.964844	-358.263794
1019.839844	-118.504158
1018.714844	138.773178
1017.588867	-17.337971
1016.462891	-277.893036
1015.336914	131.955414
1014.210938	-31.152128
1013.083984	384.787994
1011.957031	-375.388489
1010.830078	428.283203
1009.702148	497.443207
1008.574219	1218.197266
1007.446289	1543.951538
1006.318359	3597.827393
1005.190430	4562.844238
1004.061523	5407.645508
1002.932617	3982.135254
1001.802734	2492.901855
1000.673828	1041.849976
999.543945	589.302002
998.414063	-75.580673
997.283203	-56.861774
996.153320	335.446777
995.022461	216.693390
993.891602	64.688866
992.759766	-275.259888
991.628906	242.058975
990.497070	102.938416
989.364258	5.667809
988.232422	316.768341
987.099609	106.630150
985.966797	395.182251
984.833984	189.241821
983.700195	944.966858
982.566406	72.677399
981.432617	400.061920
980.298828	244.414337
979.164063	507.392334
978.029297	265.558807
976.894531	735.196106
975.759766	380.824890
974.624023	510.844818
973.488281	462.370148
972.352539	206.910004
971.215820	158.231003
970.080078	226.057617
968.943359	496.027374
967.805664	433.703888
966.668945	246.007660
965.531250	493.399994
964.393555	509.843933
963.254883	849.051147
962.117188	737.778992
960.978516	606.648376
959.839844	499.607239
958.700195	495.621063
957.561523	853.600342
956.421875	998.481934
955.281250	882.162109
954.141602	1309.610596
953.000977	1432.006104
951.860352	1470.961548
950.719727	1270.951660
949.578125	1121.289551
948.436523	1011.021912
947.294922	872.244812
946.153320	838.515381
945.010742	782.794678
943.868164	225.915314
942.725586	539.899292
941.583008	88.147514
940.439453	478.355560
939.295898	260.551697
938.152344	250.406479
937.007813	17.279560
935.863281	-124.058357
934.718750	206.375961
933.574219	368.448639
932.428711	222.534882
931.283203	-194.020020
930.137695	162.029083
928.992188	402.235931
927.845703	175.491440
926.699219	389.285706
925.552734	644.356201
924.405273	1.238480
923.257813	131.961838
922.110352	835.560730
920.962891	-384.461578
919.814453	122.852417
918.666016	322.938477
917.517578	165.944519
916.369141	-171.610489
915.219727	-178.366562
914.070313	165.053635
912.920898	-94.049530
911.770508	-416.120667
910.621094	-85.943642
909.470703	-3.676696
908.319336	-169.144318
907.168945	130.322708
906.017578	-139.316467
904.866211	112.237511
903.713867	57.618515
902.562500	-146.656738
901.410156	57.031433
900.256836	-125.461571
899.104492	-218.892654
897.951172	-145.337158
896.797852	-108.620872
895.644531	88.482643
894.490234	-338.442963
893.335938	-139.137695
892.181641	-45.976627
891.027344	237.723755
889.872070	153.359894
888.716797	-0.144373
887.561523	404.679657
886.405273	-6.087748
885.249023	178.102066
884.092773	-117.672859
882.936523	291.431152
881.779297	-51.622459
880.622070	-158.926025
879.464844	-233.678879
878.307617	67.458717
877.149414	459.216217
875.991211	-161.432770
874.833008	159.206924
873.673828	33.189262
872.514648	222.276550
871.355469	-121.250191
870.196289	-320.039642
869.036133	-156.502228
867.875977	-92.032516
866.715820	157.834015
865.554688	504.632568
864.394531	504.737091
863.233398	500.659790
862.071289	455.818665
860.910156	628.535828
859.748047	476.433746
858.585938	436.424988
857.422852	661.084595
856.259766	812.715454
855.096680	1024.641113
853.933594	626.337158
852.770508	350.869324
851.606445	-1.636065
850.442383	187.372787
849.277344	320.643616
848.113281	-194.157974
846.948242	66.148193
845.783203	47.620724
844.617188	-50.074203
843.451172	283.516052
842.285156	336.304108
841.119141	29.182989
839.952148	-273.321259
838.785156	202.246796
837.618164	-213.239563
836.451172	61.241241
835.283203	-137.354599
834.115234	-147.271973
832.947266	69.877647
831.778320	28.261723
830.609375	185.825882
829.440430	315.747406
828.271484	43.906631
827.101563	206.315216
825.931641	697.980042
824.761719	587.175659
823.590820	794.898438
822.420898	332.256348
821.250000	179.620071
820.078125	486.190125
818.907227	630.701721
817.735352	455.354675
816.562500	344.306152
815.390625	741.102234
814.217773	822.408447
813.044922	735.540588
811.872070	195.064819
810.698242	268.646606
809.524414	327.530396
808.350586	-37.128212
807.176758	47.842007
806.001953	-135.182220
804.827148	94.944458
803.651367	-353.467468
802.476563	-8.050025
801.300781	80.127434
800.125000	53.704941
798.948242	172.047989
797.772461	220.467606
796.595703	184.106552
795.417969	337.014130
794.241211	776.769287
793.063477	806.796875
791.885742	622.667969
790.707031	738.041565
789.529297	889.658447
788.350586	685.088989
787.170898	1136.045654
785.992188	1167.267700
784.812500	978.244080
783.632813	931.489014
782.452148	916.728271
781.272461	603.554443
780.091797	898.430298
778.911133	505.341309
777.729492	419.505615
776.547852	293.693237
775.366211	434.677277
774.184570	391.769684
773.001953	-16.764507
771.819336	-105.726585
770.636719	-12.715095
769.453125	-137.242218
768.269531	-377.738983
767.085938	-254.706558
765.902344	-296.286896
764.717773	185.812653
763.533203	-292.460968
762.348633	136.925842
761.163086	142.211090
759.977539	-6.346366
758.791992	-125.201454
757.606445	-248.106018
756.419922	-385.614899
755.233398	-48.880039
754.046875	-19.770676
752.859375	464.306915
751.672852	-214.016541
750.485352	453.171082
749.296875	282.485077
748.108398	614.811829
746.919922	238.137497
745.731445	885.881836
744.542969	376.952942
743.353516	654.460571
742.164063	450.615143
740.973633	337.225800
739.783203	87.370224
738.592773	236.663727
737.402344	274.612366
736.211914	215.991852
735.020508	138.498489
733.829102	136.565796
732.636719	914.917725
731.444336	623.362976
730.251953	218.701431
729.059570	53.162735
727.866211	126.561264
726.673828	243.891617
725.479492	162.121994
724.286133	59.409088
723.091797	-627.429382
721.897461	-393.020233
720.703125	90.246826
719.507813	-682.066101
718.312500	-207.451965
717.117188	-105.346329
715.921875	172.260941
714.725586	-14.355773
713.529297	-117.363480
712.332031	471.122345
711.135742	117.277504
709.938477	189.512894
708.740234	662.478027
707.542969	822.084961
706.344727	1158.917847
705.146484	2150.598877
703.948242	3425.412842
702.749023	3312.896729
701.549805	3644.437012
700.350586	3010.781250
699.150391	1852.289063
697.950195	1160.962036
696.750000	736.538940
695.549805	270.661285
694.348633	-140.874252
693.147461	-208.796860
691.946289	-18.649504
690.744141	38.297108
689.541992	128.543365
688.339844	-55.653698
687.136719	-27.655037
685.934570	127.216721
684.730469	367.302521
683.527344	258.432281
682.323242	47.998554
681.119141	-143.466766
679.915039	416.810028
678.710938	236.158768
677.505859	99.413963
676.300781	220.237778
675.094727	198.214554
673.889648	230.466187
672.683594	-221.978043
671.476563	113.702972
670.270508	279.794739
669.063477	-249.697128
667.856445	-5.959391
666.648438	10.490694
665.440430	66.883781
664.232422	-234.088684
663.024414	22.341124
661.815430	74.639656
660.606445	-308.592224
659.397461	-35.380424
658.188477	379.196960
656.978516	13.455194
655.768555	-57.669369
654.557617	240.024689
653.346680	189.809769
652.135742	-220.386368
650.924805	116.070107
649.712891	-258.099457
648.501953	192.561371
647.289063	-712.503784
646.077148	-143.167526
644.864258	-248.487045
643.651367	-172.559998
642.438477	274.153412
641.224609	-142.466156
640.010742	382.474609
638.796875	71.429321
637.582031	176.753036
636.367188	329.849915
635.152344	357.975006
633.937500	193.457886
632.721680	607.835876
631.505859	1047.702148
630.289063	1268.604492
629.073242	1673.574463
627.856445	1804.529419
626.639648	1306.415649
625.421875	1570.222900
624.204102	1279.453491
622.986328	1066.895386
621.768555	862.908813
620.549805	766.210388
619.331055	506.097443
618.111328	21.435524
616.892578	87.444763
