1721.000977	88.811462
1720.027344	-47.274391
1719.052734	172.493820
1718.078125	-72.718369
1717.104492	102.426697
1716.128906	-112.801476
1715.154297	279.369568
1714.178711	227.452255
1713.204102	93.170738
1712.228516	-54.240700
1711.251953	-55.909336
1710.276367	116.295647
1709.299805	85.788437
1708.324219	101.105255
1707.347656	54.686333
1706.370117	46.402912
1705.393555	58.363560
1704.416016	-175.528702
1703.438477	-94.929680
1702.460938	-27.355070
1701.483398	-36.700893
1700.505859	66.252571
1699.527344	36.084583
1698.548828	276.619537
1697.570313	0.880515
1696.591797	-180.376343
1695.612305	215.407516
1694.632813	-35.000244
1693.653320	18.340860
1692.673828	-58.583164
1691.694336	-7.986887
1690.713867	93.514107
1689.734375	197.473602
1688.753906	-162.756271
1687.772461	-33.439419
1686.791992	67.762405
1685.810547	-65.571335
1684.830078	-109.690788
1683.848633	-136.003540
1682.866211	-164.887238
1681.884766	137.244125
1680.902344	6.475242
1679.919922	145.536575
1678.937500	243.832626
1677.955078	-1.343676
1676.971680	124.925896
1675.989258	17.227631
1675.005859	-98.047485
1674.022461	99.403702
1673.038086	121.431259
1672.054688	-8.948036
1671.070313	56.349602
1670.085938	-114.539665
1669.101563	240.309875
1668.117188	-16.773909
1667.131836	-42.744556
1666.146484	25.240191
1665.161133	-18.384905
1664.175781	47.137020
1663.189453	97.454536
1662.204102	127.543457
1661.217773	-52.744503
1660.231445	71.243126
1659.245117	-37.883034
1658.257813	70.958786
1657.270508	17.713425
1656.284180	-27.828993
1655.295898	-103.701614
1654.308594	71.141747
1653.321289	-103.269341
1652.333008	3.303855
1651.344727	102.310905
1650.356445	256.989288
1649.367188	318.094299
1648.378906	-103.619743
1647.389648	25.919027
1646.400391	44.279472
1645.411133	-197.535736
1644.420898	78.642670
1643.431641	-59.396957
1642.441406	75.372704
1641.451172	30.916227
1640.459961	-101.808983
1639.469727	-17.383612
1638.478516	3.983671
1637.487305	88.466881
1636.496094	39.320065
1635.504883	340.719086
1634.512695	231.151733
1633.520508	202.338394
1632.528320	402.894287
1631.536133	248.215790
1630.543945	335.454193
1629.550781	289.236023
1628.557617	421.844727
1627.564453	546.902100
1626.571289	566.263428
1625.578125	781.921631
1624.583984	715.788513
1623.589844	556.675476
1622.595703	807.538147
1621.601563	741.586243
1620.606445	964.737671
1619.611328	825.981995
1618.616211	983.788757
1617.621094	1221.953369
1616.625977	1131.072144
1615.629883	922.246826
1614.633789	1175.439453
1613.637695	1039.551025
1612.641602	1362.945313
1611.645508	1307.421875
1610.648438	1086.400757
1609.651367	1071.133179
1608.654297	1058.406616
1607.657227	1150.995117
1606.659180	1271.123901
1605.662109	1431.332886
1604.664063	1458.716187
1603.666016	1390.942505
1602.666992	1358.260620
1601.668945	1400.731689
1600.669922	1358.090942
1599.670898	1373.041992
1598.671875	1267.913818
1597.671875	1465.498169
1596.672852	1210.373779
1595.672852	840.340332
1594.672852	860.445557
1593.671875	870.541931
1592.671875	885.657166
1591.670898	531.021118
1590.669922	608.646118
1589.668945	538.911865
1588.667969	541.618225
1587.666016	397.039734
1586.664063	507.079437
1585.662109	260.277374
1584.660156	263.038788
1583.658203	358.081543
1582.655273	350.834717
1581.652344	378.492401
1580.649414	331.362305
1579.646484	134.732666
1578.642578	105.093231
1577.638672	252.319839
1576.634766	180.323822
1575.630859	193.008713
1574.626953	66.278122
1573.622070	71.487160
1572.618164	12.005555
1571.613281	-87.277954
1570.607422	9.952409
1569.602539	141.959045
1568.596680	112.283104
1567.590820	-39.189590
1566.584961	274.118591
1565.579102	127.621216
1564.572266	35.810341
1563.566406	-26.156900
1562.559570	-137.786148
1561.551758	-73.132469
1560.544922	264.519958
1559.537109	75.917496
1558.530273	-258.987610
1557.521484	28.813023
1556.513672	21.372980
1555.505859	180.043884
1554.497070	189.884369
1553.488281	-134.881393
1552.479492	23.662449
1551.470703	63.211098
1550.460938	248.848633
1549.451172	40.654823
1548.441406	248.467499
1547.431641	-241.855957
1546.421875	64.889526
1545.411133	-29.354473
1544.400391	-113.677948
1543.389648	19.659376
1542.378906	-5.328746
1541.367188	-168.776855
1540.355469	-55.345142
1539.343750	53.077858
1538.332031	109.558701
1537.320313	-125.470787
1536.307617	252.024826
1535.294922	-37.300056
1534.282227	-35.230354
1533.269531	119.841599
1532.256836	252.625061
1531.243164	79.421150
1530.229492	135.655869
1529.215820	211.583466
1528.202148	-57.696136
1527.187500	252.364319
1526.172852	49.690956
1525.158203	-157.836960
1524.143555	92.892296
1523.127930	-274.679443
1522.113281	-31.438492
1521.097656	159.976913
1520.082031	132.248871
1519.065430	-173.557724
1518.049805	-156.938492
1517.033203	-22.281603
1516.016602	1.645841
1515.000000	-156.386124
1513.982422	-228.337891
1512.965820	-5.333971
1511.948242	-116.612083
1510.930664	35.006042
1509.913086	-7.475133
1508.894531	136.667618
1507.875977	-119.426453
1506.857422	63.944386
1505.838867	114.718231
1504.820313	153.200348
1503.800781	108.250763
1502.781250	36.342693
1501.761719	15.955275
1500.742188	-1.973381
1499.721680	24.211704
1498.702148	214.575485
1497.681641	152.511307
1496.661133	347.656464
1495.639648	253.748001
1494.618164	316.577484
1493.597656	-24.491262
1492.576172	143.612930
1491.553711	37.599739
1490.532227	-73.241425
1489.509766	26.291565
1488.487305	76.886711
1487.464844	24.792704
1486.442383	21.611752
1485.418945	106.401375
1484.395508	-80.023529
1483.372070	119.577919
1482.348633	79.778610
1481.324219	64.413498
1480.300781	215.072449
1479.276367	28.871971
1478.251953	20.888569
1477.226563	86.093964
1476.202148	24.474340
1475.176758	-37.115349
1474.151367	-32.838943
1473.125000	100.626923
1472.099609	195.076828
1471.073242	36.104183
1470.046875	364.400513
1469.020508	81.294495
1467.994141	304.782867
1466.966797	537.921509
1465.939453	279.349091
1464.912109	320.206818
1463.884766	110.491333
1462.856445	-237.766739
1461.829102	231.240265
1460.800781	354.819092
1459.772461	565.879700
1458.743164	298.107147
1457.714844	363.357544
1456.685547	618.074646
1455.656250	374.828430
1454.625977	311.387939
1453.596680	626.728271
1452.566406	522.056946
1451.536133	337.379425
1450.505859	261.987122
1449.474609	213.326965
1448.444336	484.840424
1447.413086	528.346802
1446.381836	256.743713
1445.350586	646.910522
1444.318359	283.376343
1443.286133	382.726227
1442.253906	268.933167
1441.221680	302.931183
1440.189453	133.591705
1439.156250	-59.858704
1438.123047	317.908875
1437.089844	122.154533
1436.056641	98.259476
1435.022461	-15.080901
1433.988281	391.503143
1432.954102	17.150597
1431.919922	268.951569
1430.885742	283.884827
1429.850586	-41.787601
1428.815430	123.016609
1427.780273	-248.288223
1426.744141	68.655685
1425.708984	-51.372368
1424.672852	96.546089
1423.636719	-83.688484
1422.600586	25.658482
1421.563477	-45.889069
1420.527344	10.437926
1419.490234	177.659882
1418.452148	12.239941
1417.415039	-20.527719
1416.376953	-262.845123
1415.338867	-85.921623
1414.300781	52.438202
1413.262695	43.918026
1412.224609	-7.882456
1411.185547	-93.323730
1410.146484	-157.031418
1409.107422	-8.985971
1408.067383	71.686638
1407.027344	94.659416
1405.987305	158.531998
1404.947266	236.839554
1403.907227	-9.240219
1402.866211	49.924694
1401.826172	41.861309
1400.785156	65.052399
1399.743164	275.533203
1398.702148	10.703497
1397.660156	242.788483
1396.618164	114.915703
1395.576172	567.655396
1394.533203	552.559753
1393.491211	537.524109
1392.448242	692.733093
1391.405273	680.144043
1390.361328	1027.030029
1389.318359	913.834778
1388.274414	1322.880005
1387.230469	1341.450928
1386.186523	1860.443848
1385.141602	1603.690674
1384.097656	1722.825928
1383.052734	1758.197266
1382.007813	1879.712646
1380.961914	1730.950073
1379.916992	1658.817383
1378.871094	1636.947388
1377.825195	1593.617188
1376.778320	1593.346313
1375.732422	1404.389771
1374.685547	1155.828125
1373.638672	1069.799561
1372.591797	909.834900
1371.543945	895.573120
1370.497070	728.630188
1369.449219	781.297913
1368.400391	669.374878
1367.352539	583.779602
1366.303711	669.929016
1365.255859	760.856628
1364.206055	718.290894
1363.157227	492.305542
1362.108398	704.812988
1361.058594	645.722107
1360.008789	693.854004
1358.958984	682.477844
1357.908203	783.010315
1356.857422	907.331055
1355.806641	760.390808
1354.755859	539.804565
1353.705078	699.872681
1352.653320	745.763977
1351.601563	765.518005
1350.549805	818.571899
1349.498047	455.790558
1348.445313	520.821411
1347.393555	571.612610
1346.340820	520.293518
1345.287109	675.572754
1344.234375	358.462769
1343.180664	459.188782
1342.126953	301.280182
1341.073242	252.588150
1340.019531	215.805710
1338.964844	212.254395
1337.910156	559.584595
1336.855469	281.084991
1335.799805	422.143646
1334.745117	276.518494
1333.689453	5.441111
1332.633789	111.028549
1331.578125	183.450333
1330.521484	-9.249075
1329.464844	134.207428
1328.408203	121.469826
1327.351563	33.067047
1326.294922	-161.696609
1325.237305	-100.999191
1324.179688	-104.128212
1323.122070	48.751900
1322.064453	-176.478394
1321.005859	-127.555618
1319.947266	-175.468552
1318.888672	173.372269
1317.830078	73.519211
1316.770508	-146.656738
1315.710938	6.140694
1314.651367	3.174830
1313.591797	21.460924
1312.531250	2.018497
1311.471680	-88.124199
1310.411133	-88.636719
1309.349609	38.129097
1308.289063	65.900581
1307.227539	216.170441
1306.166016	182.683990
1305.104492	-25.020041
1304.042969	254.708389
1302.980469	-131.778931
1301.917969	-94.504356
1300.855469	112.166580
1299.792969	52.963993
1298.729492	22.017107
1297.666016	40.473446
1296.602539	26.028008
1295.539063	230.166809
1294.474609	330.839447
1293.411133	83.819656
1292.346680	-57.397335
1291.281250	-83.489494
1290.216797	160.420303
1289.151367	183.606735
1288.085938	223.221100
1287.020508	145.528748
1285.955078	-9.521366
1284.888672	-12.071260
1283.822266	34.626038
1282.755859	-73.388718
1281.689453	217.048279
1280.622070	331.638855
1279.554688	-15.278275
1278.487305	-200.437729
1277.419922	431.662231
1276.351563	333.114105
1275.283203	-97.721954
1274.214844	98.739799
1273.146484	79.897575
1272.077148	98.488487
1271.008789	308.836487
1269.939453	112.302803
1268.869141	135.568893
1267.799805	91.071930
1266.729492	513.864624
1265.659180	455.297302
1264.588867	317.363892
1263.517578	328.920837
1262.447266	139.735275
1261.375977	270.363953
1260.304688	265.612213
1259.232422	270.192047
1258.161133	316.766968
1257.088867	-145.002625
1256.016602	249.003052
1254.943359	230.298737
1253.871094	118.403381
1252.797852	241.860275
1251.724609	369.925903
1250.650391	574.783081
1249.577148	607.276733
1248.502930	595.528503
1247.428711	530.267517
1246.354492	523.208435
1245.279297	606.868042
1244.204102	413.748993
1243.128906	302.097198
1242.053711	269.537598
1240.977539	525.178833
1239.902344	390.356079
1238.826172	392.653961
1237.750000	518.049561
1236.672852	446.014832
1235.595703	290.441010
1234.518555	234.745987
1233.441406	297.425751
1232.364258	411.122833
1231.286133	445.904999
1230.208008	281.241486
1229.129883	163.026764
1228.051758	181.627991
1226.972656	-8.353849
1225.893555	19.546568
1224.814453	-3.522364
1223.734375	105.425148
1222.655273	-17.207607
1221.575195	-107.378677
1220.495117	207.513962
1219.415039	73.376503
1218.333984	166.009262
1217.252930	15.750536
1216.171875	62.113983
1215.090820	131.580032
1214.008789	-85.593971
1212.926758	-87.759163
1211.844727	-15.991763
1210.762695	122.735550
1209.679688	-191.228043
1208.597656	-20.192327
1207.513672	3.027066
1206.430664	-54.527733
1205.347656	-63.597374
1204.263672	-21.918566
1203.179688	-277.760498
1202.095703	52.171692
1201.010742	-21.458269
1199.925781	211.474915
1198.840820	71.025902
1197.755859	230.124344
1196.670898	-131.366531
1195.584961	221.134979
1194.499023	-96.452881
1193.413086	-50.231720
1192.326172	25.880169
1191.239258	-36.075958
1190.152344	157.313919
1189.065430	65.467690
1187.978516	44.936104
1186.890625	111.759880
1185.802734	107.316154
1184.714844	-23.492796
1183.625977	293.686279
1182.538086	195.052933
1181.449219	68.907463
1180.360352	277.972687
1179.270508	298.748291
1178.180664	99.240288
1177.090820	427.450531
1176.000977	152.320313
1174.911133	471.206970
1173.820313	120.534073
1172.729492	8.387628
1171.638672	52.115166
1170.547852	503.620880
1169.456055	350.234589
1168.364258	160.278549
1167.272461	185.617905
1166.179688	291.055115
1165.087891	552.066833
1163.995117	645.937866
1162.902344	607.097839
1161.808594	860.993774
1160.715820	1005.035828
1159.622070	726.118225
1158.528320	1089.520142
1157.433594	627.911255
1156.339844	586.838379
1155.245117	417.879303
1154.149414	381.426422
1153.054688	602.954285
1151.958984	427.251587
1150.863281	397.661926
1149.767578	454.774933
1148.671875	432.031738
1147.575195	272.473083
1146.478516	281.686676
1145.381836	400.301117
1144.285156	484.679474
1143.187500	170.311646
1142.089844	275.189575
1140.992188	138.629379
1139.894531	-95.775490
1138.795898	-68.316383
1137.697266	-24.944740
1136.598633	-70.330818
1135.499023	127.687149
1134.400391	164.147934
1133.300781	105.084343
1132.201172	-147.177780
1131.100586	-203.890778
1130.000977	-46.994389
1128.900391	-78.729317
1127.799805	18.999811
1126.698242	-10.487140
1125.596680	91.700104
1124.495117	177.943939
1123.393555	234.642395
1122.291992	-62.599491
1121.189453	62.145531
1120.086914	429.457153
1118.984375	413.454071
1117.881836	599.172913
1116.778320	782.523315
1115.674805	1278.428711
1114.571289	788.796875
1113.466797	867.767700
1112.363281	681.802002
1111.258789	559.277832
1110.153320	859.975952
1109.048828	850.564087
1107.943359	818.512146
1106.837891	809.073608
1105.732422	792.839722
1104.625977	484.985626
1103.520508	480.095001
1102.414063	280.866211
1101.306641	-69.648689
1100.200195	359.149811
1099.092773	295.495056
1097.985352	489.197235
1096.877930	193.033066
1095.769531	424.980194
1094.661133	131.167175
1093.552734	250.204742
1092.444336	35.437954
1091.335938	170.176758
1090.226563	336.377167
1089.117188	162.214691
1088.006836	66.946068
1086.897461	442.448425
1085.787109	200.733948
1084.676758	202.247696
1083.566406	199.227295
1082.455078	108.409836
1081.343750	519.316650
1080.232422	351.927460
1079.121094	598.366699
1078.008789	368.009949
1076.896484	524.347351
1075.784180	365.956329
1074.671875	609.779602
1073.558594	406.436829
1072.445313	268.277588
1071.332031	309.766052
1070.217773	438.738556
1069.104492	230.979279
1067.990234	285.786591
1066.875977	259.771942
1065.760742	287.548981
1064.645508	93.287727
1063.530273	107.555893
1062.415039	-8.219510
1061.299805	131.456924
1060.183594	60.438850
1059.067383	25.242241
1057.951172	-50.291805
1056.833984	236.825027
1055.716797	-201.408737
1054.599609	307.045227
1053.482422	29.973381
1052.364258	-112.831421
1051.247070	73.101570
1050.128906	209.708389
1049.009766	332.783142
1047.891602	227.822205
1046.772461	20.077812
1045.653320	194.324188
1044.533203	183.080521
1043.414063	37.835751
1042.293945	247.499939
1041.173828	93.259659
1040.052734	121.975723
1038.932617	-12.206306
1037.811523	-179.845428
1036.689453	-28.645519
1035.568359	115.746315
1034.446289	124.061836
1033.324219	-112.775703
1032.202148	-117.901649
1031.079102	231.005463
1029.957031	-70.452919
1028.833984	209.149857
1027.709961	10.063081
1026.586914	37.962799
1025.462891	-114.410187
1024.338867	-228.971970
1023.214844	-78.949623
1022.089844	-102.467308
1020.964844	-241.610870
1019.839844	1.423934
1018.714844	-126.710983
1017.588867	-28.323555
1016.462891	116.578773
1015.336914	90.405769
1014.210938	15.348477
1013.083984	299.714020
1011.957031	113.569481
1010.830078	195.807098
1009.702148	251.317871
1008.574219	410.926910
1007.446289	690.077271
1006.318359	1578.405518
1005.190430	2102.927002
1004.061523	2394.559814
1002.932617	1906.514160
1001.802734	1028.960205
1000.673828	733.863831
999.543945	208.678726
998.414063	287.640686
997.283203	207.224335
996.153320	416.472412
995.022461	152.412262
993.891602	235.424667
992.759766	501.732086
991.628906	509.358337
990.497070	682.558899
989.364258	1193.472290
988.232422	1339.792725
987.099609	1446.228516
985.966797	1384.821045
984.833984	1413.826538
983.700195	1559.640991
982.566406	1608.280640
981.432617	1568.630737
980.298828	1368.009766
979.164063	1363.532471
978.029297	1019.678406
976.894531	819.088623
975.759766	834.341614
974.624023	332.083221
973.488281	695.088257
972.352539	439.435364
971.215820	557.862061
970.080078	533.191711
968.943359	334.707367
967.805664	123.042351
966.668945	441.192291
965.531250	550.332642
964.393555	536.307312
963.254883	414.570465
962.117188	396.055786
960.978516	320.383789
959.839844	-16.552481
958.700195	484.974518
957.561523	433.277893
956.421875	495.600891
955.281250	720.120117
954.141602	622.158875
953.000977	809.157410
951.860352	520.411743
950.719727	685.317566
949.578125	683.584595
948.436523	556.958374
947.294922	456.609894
946.153320	380.335358
945.010742	242.748840
943.868164	389.635132
942.725586	79.183029
941.583008	389.977844
940.439453	462.223541
939.295898	195.537201
938.152344	162.793304
937.007813	256.746582
935.863281	156.182266
934.718750	295.877319
933.574219	308.821564
932.428711	234.381042
931.283203	68.270981
930.137695	-78.157372
928.992188	100.509766
927.845703	12.954924
926.699219	136.932571
925.552734	354.569489
924.405273	184.097046
923.257813	349.262054
922.110352	93.857430
920.962891	62.896717
919.814453	62.404392
918.666016	294.846161
917.517578	220.266968
916.369141	219.696152
915.219727	27.652384
914.070313	57.546841
912.920898	185.276123
911.770508	-174.060928
910.621094	38.426357
909.470703	161.707062
908.319336	243.642776
907.168945	-26.315308
906.017578	-215.809265
904.866211	13.810496
903.713867	-58.386219
902.562500	-56.741192
901.410156	75.080261
900.256836	102.730904
899.104492	-138.496338
897.951172	12.813499
896.797852	-171.891174
895.644531	109.433060
894.490234	-98.993248
893.335938	-175.163101
892.181641	86.562630
891.027344	92.729370
889.872070	-188.959686
888.716797	66.201561
887.561523	-61.653538
886.405273	184.789688
885.249023	178.153275
884.092773	288.322540
882.936523	-182.951965
881.779297	80.783363
880.622070	59.269501
879.464844	61.587105
878.307617	61.810959
877.149414	213.221085
875.991211	2.005511
874.833008	2.444102
873.673828	30.992872
872.514648	156.673630
871.355469	21.441998
870.196289	-8.000303
869.036133	-138.661819
867.875977	-17.038643
866.715820	121.854111
865.554688	433.084290
864.394531	59.468967
863.233398	241.584778
862.071289	275.186401
860.910156	427.246490
859.748047	308.244598
858.585938	167.898636
857.422852	348.138367
856.259766	199.462692
855.096680	296.012573
853.933594	300.229767
852.770508	405.546143
851.606445	177.989502
850.442383	-36.449680
849.277344	-14.505191
848.113281	39.767715
846.948242	8.297836
845.783203	397.489136
844.617188	113.106186
843.451172	159.244064
842.285156	233.371460
841.119141	294.746094
839.952148	345.513763
838.785156	240.003220
837.618164	89.710312
836.451172	-0.400398
835.283203	202.985168
834.115234	194.523193
832.947266	21.445621
831.778320	214.443741
830.609375	-58.779984
829.440430	363.279694
828.271484	-37.809593
827.101563	320.243378
825.931641	398.351227
824.761719	322.761078
823.590820	174.744843
822.420898	443.384857
821.250000	304.286407
820.078125	321.229980
818.907227	477.048798
817.735352	466.551910
816.562500	565.005981
815.390625	399.166809
814.217773	421.185974
813.044922	91.676765
811.872070	133.283905
810.698242	313.518341
809.524414	84.893066
808.350586	-66.791222
807.176758	26.600128
806.001953	-75.699074
804.827148	241.430618
803.651367	69.266083
802.476563	154.723038
801.300781	327.494293
800.125000	221.854584
798.948242	299.223572
797.772461	210.984085
796.595703	292.909851
795.417969	109.468925
794.241211	480.509766
793.063477	66.041016
791.885742	87.040665
790.707031	583.514587
789.529297	564.401550
788.350586	566.667847
787.170898	369.763123
785.992188	480.509796
784.812500	390.007446
783.632813	420.484314
782.452148	336.696442
781.272461	382.298615
780.091797	487.312927
778.911133	353.202972
777.729492	348.402527
776.547852	445.310272
775.366211	163.636063
774.184570	127.568230
773.001953	288.292480
771.819336	-227.410645
770.636719	144.924179
769.453125	-0.484164
768.269531	-137.256149
767.085938	-121.786224
765.902344	90.156113
764.717773	-124.321640
763.533203	-165.536118
762.348633	-77.921234
761.163086	83.577705
759.977539	-206.241257
758.791992	65.027473
757.606445	-131.733994
756.419922	25.737865
755.233398	-263.486145
754.046875	-82.750824
752.859375	-24.189203
751.672852	249.164612
750.485352	173.000549
749.296875	42.202145
748.108398	370.186981
746.919922	359.379303
745.731445	176.152512
744.542969	186.473755
743.353516	192.604095
742.164063	-127.000305
740.973633	204.884415
739.783203	372.770905
738.592773	210.858398
737.402344	269.467194
736.211914	65.644119
735.020508	459.995575
733.829102	239.387604
732.636719	209.733139
731.444336	33.253647
730.251953	265.646240
729.059570	43.022102
727.866211	-83.157150
726.673828	39.975815
725.479492	248.858734
724.286133	112.034157
723.091797	-12.244641
721.897461	104.154457
720.703125	-120.696213
719.507813	129.373749
718.312500	50.832817
717.117188	237.790649
715.921875	67.040634
714.725586	358.173065
713.529297	47.213799
712.332031	-10.940183
711.135742	41.491726
709.938477	490.509918
708.740234	377.580139
707.542969	583.888428
706.344727	848.368652
705.146484	1298.232178
703.948242	1935.430176
702.749023	1592.106323
701.549805	1478.090210
700.350586	1272.245972
699.150391	1053.815063
697.950195	731.144226
696.750000	562.565186
695.549805	383.466644
694.348633	204.262802
693.147461	416.229919
691.946289	448.960999
690.744141	167.363083
689.541992	122.802002
688.339844	456.497070
687.136719	365.770294
685.934570	426.615784
684.730469	302.316528
683.527344	113.498444
682.323242	406.401642
681.119141	254.660355
679.915039	167.165619
678.710938	469.705627
677.505859	396.389099
676.300781	451.558502
675.094727	160.216354
673.889648	80.354080
672.683594	207.680038
671.476563	30.176016
670.270508	-139.065842
669.063477	217.795639
667.856445	158.146515
666.648438	121.217262
665.440430	13.862826
664.232422	-2.435016
663.024414	-93.242287
661.815430	-35.099873
660.606445	142.955124
659.397461	0.492878
658.188477	54.500732
656.978516	34.147739
655.768555	20.087191
654.557617	115.612038
653.346680	31.573498
652.135742	-283.483643
650.924805	190.248550
649.712891	-25.237244
648.501953	34.021229
647.289063	64.654549
646.077148	103.850357
644.864258	-153.475250
643.651367	-22.803511
642.438477	-239.986832
641.224609	-285.602478
640.010742	-23.791069
638.796875	104.626114
637.582031	190.374115
636.367188	-89.587158
635.152344	223.901932
633.937500	418.708252
632.721680	93.935204
631.505859	189.666672
630.289063	276.035828
629.073242	492.860199
627.856445	577.126038
626.639648	830.953613
625.421875	825.085754
624.204102	442.744110
622.986328	39.396576
621.768555	68.676010
620.549805	120.023018
619.331055	-95.721916
618.111328	36.957268
616.892578	17.621279
