1721.000977	42.328766
1720.027344	-13.165305
1719.052734	200.623764
1718.078125	520.437805
1717.104492	-28.517597
1716.128906	52.132992
1715.154297	56.931942
1714.178711	6.467838
1713.204102	11.074141
1712.228516	29.737017
1711.251953	-19.489977
1710.276367	-18.645042
1709.299805	-262.263580
1708.324219	-48.538319
1707.347656	53.947021
1706.370117	-0.764238
1705.393555	71.549561
1704.416016	86.605293
1703.438477	-45.021393
1702.460938	-3.537277
1701.483398	-72.808601
1700.505859	-48.232113
1699.527344	302.708588
1698.548828	213.327652
1697.570313	-4.398157
1696.591797	48.079132
1695.612305	-94.152794
1694.632813	273.722473
1693.653320	-91.644806
1692.673828	-383.349457
1691.694336	156.368073
1690.713867	16.851835
1689.734375	4.532054
1688.753906	-235.136734
1687.772461	-345.085266
1686.791992	13.684651
1685.810547	-221.783417
1684.830078	6.273839
1683.848633	119.311264
1682.866211	155.618896
1681.884766	-67.986153
1680.902344	146.101563
1679.919922	286.103180
1678.937500	145.978287
1677.955078	194.013977
1676.971680	-2.317809
1675.989258	63.274223
1675.005859	-140.801819
1674.022461	-111.029167
1673.038086	195.625702
1672.054688	-183.895432
1671.070313	-62.908161
1670.085938	-63.915386
1669.101563	194.053772
1668.117188	154.871994
1667.131836	209.579117
1666.146484	56.183811
1665.161133	-18.481838
1664.175781	-85.478821
1663.189453	73.260185
1662.204102	-67.179993
1661.217773	-83.330643
1660.231445	-205.865784
1659.245117	61.946270
1658.257813	208.079254
1657.270508	133.867462
1656.284180	-540.365356
1655.295898	28.838989
1654.308594	-29.828373
1653.321289	136.870270
1652.333008	-96.213989
1651.344727	-38.171482
1650.356445	303.232056
1649.367188	133.780777
1648.378906	17.647167
1647.389648	5.282282
1646.400391	61.283104
1645.411133	84.540665
1644.420898	27.053246
1643.431641	-123.689079
1642.441406	-77.317169
1641.451172	135.785477
1640.459961	179.798447
1639.469727	102.840546
1638.478516	137.027344
1637.487305	-199.446030
1636.496094	508.399261
1635.504883	3.340724
1634.512695	257.356506
1633.520508	2.314224
1632.528320	344.695953
1631.536133	22.003109
1630.543945	301.551453
1629.550781	510.578888
1628.557617	787.631226
1627.564453	885.992493
1626.571289	954.251465
1625.578125	1523.309082
1624.583984	1375.303833
1623.589844	1207.371826
1622.595703	1519.910156
1621.601563	1460.377808
1620.606445	1597.011230
1619.611328	1914.648682
1618.616211	1797.628296
1617.621094	2243.439941
1616.625977	1556.570068
1615.629883	2107.903564
1614.633789	1424.062988
1613.637695	1744.522583
1612.641602	1856.694214
1611.645508	1775.759155
1610.648438	1880.536255
1609.651367	1651.858154
1608.654297	1706.679565
1607.657227	1791.661865
1606.659180	2044.581421
1605.662109	2174.745361
1604.664063	2164.634766
1603.666016	2435.124268
1602.666992	2452.654541
1601.668945	2415.215576
1600.669922	1882.257690
1599.670898	2232.959961
1598.671875	1790.491943
1597.671875	1620.899902
1596.672852	1549.016602
1595.672852	1527.207520
1594.672852	1592.967651
1593.671875	1208.863525
1592.671875	1302.277954
1591.670898	1088.397339
1590.669922	777.251709
1589.668945	678.549438
1588.667969	862.069336
1587.666016	656.128357
1586.664063	627.514160
1585.662109	1075.521118
1584.660156	478.150848
1583.658203	212.783813
1582.655273	274.186646
1581.652344	612.326477
1580.649414	992.728455
1579.646484	229.191101
1578.642578	285.657227
1577.638672	454.218872
1576.634766	112.202118
1575.630859	29.300203
1574.626953	95.815819
1573.622070	-153.792252
1572.618164	-34.974705
1571.613281	250.457611
1570.607422	199.979553
1569.602539	189.347366
1568.596680	54.387257
1567.590820	68.636719
1566.584961	-93.562134
1565.579102	159.253952
1564.572266	317.540466
1563.566406	16.315481
1562.559570	-232.660721
1561.551758	141.567551
1560.544922	-238.883942
1559.537109	256.776581
1558.530273	-250.081131
1557.521484	342.077087
1556.513672	212.331909
1555.505859	-81.012970
1554.497070	166.139145
1553.488281	36.455158
1552.479492	10.887251
1551.470703	74.504852
1550.460938	-20.466196
1549.451172	-80.737732
1548.441406	-197.947205
1547.431641	127.959381
1546.421875	40.422798
1545.411133	69.169121
1544.400391	3.885210
1543.389648	-232.042709
1542.378906	-119.236183
1541.367188	-184.519714
1540.355469	-232.495346
1539.343750	-151.968033
1538.332031	-241.969284
1537.320313	60.797554
1536.307617	-73.730110
1535.294922	-0.818105
1534.282227	-34.103214
1533.269531	38.730942
1532.256836	-288.221893
1531.243164	-23.008474
1530.229492	-122.964714
1529.215820	43.425163
1528.202148	-315.412903
1527.187500	-94.888794
1526.172852	-172.670273
1525.158203	178.274200
1524.143555	-266.609711
1523.127930	61.979134
1522.113281	1.392711
1521.097656	49.108021
1520.082031	8.176325
1519.065430	58.270000
1518.049805	396.198212
1517.033203	283.816986
1516.016602	267.373016
1515.000000	-211.304901
1513.982422	431.096375
1512.965820	-138.375519
1511.948242	-78.626144
1510.930664	526.458557
1509.913086	163.574661
1508.894531	124.945663
1507.875977	245.900543
1506.857422	511.615936
1505.838867	264.319305
1504.820313	529.902161
1503.800781	-249.626694
1502.781250	118.921196
1501.761719	-32.500099
1500.742188	88.247147
1499.721680	525.078125
1498.702148	62.462402
1497.681641	450.120026
1496.661133	526.548035
1495.639648	492.724243
1494.618164	267.946533
1493.597656	94.700157
1492.576172	437.885071
1491.553711	-46.102978
1490.532227	-99.310181
1489.509766	4.015130
1488.487305	124.420769
1487.464844	-70.572548
1486.442383	299.130127
1485.418945	328.999146
1484.395508	253.812698
1483.372070	203.103271
1482.348633	-35.608372
1481.324219	292.222473
1480.300781	109.779617
1479.276367	54.315388
1478.251953	-157.263260
1477.226563	111.830750
1476.202148	144.280960
1475.176758	-20.800648
1474.151367	287.184174
1473.125000	109.987473
1472.099609	220.483917
1471.073242	450.320953
1470.046875	134.452133
1469.020508	164.577911
1467.994141	133.855759
1466.966797	142.104431
1465.939453	425.414001
1464.912109	163.578613
1463.884766	337.369049
1462.856445	345.705780
1461.829102	509.739807
1460.800781	1084.611694
1459.772461	601.907227
1458.743164	396.472931
1457.714844	958.994446
1456.685547	1084.042358
1455.656250	1199.374268
1454.625977	1001.450012
1453.596680	512.372681
1452.566406	1064.768066
1451.536133	427.944244
1450.505859	820.117004
1449.474609	991.422424
1448.444336	738.353455
1447.413086	1093.993530
1446.381836	584.154114
1445.350586	690.176086
1444.318359	708.957458
1443.286133	785.938232
1442.253906	855.685852
1441.221680	702.693420
1440.189453	617.622070
1439.156250	380.139587
1438.123047	389.662170
1437.089844	241.987579
1436.056641	599.995605
1435.022461	292.846527
1433.988281	82.616257
1432.954102	737.957947
1431.919922	211.266998
1430.885742	334.864441
1429.850586	236.203842
1428.815430	193.216125
1427.780273	418.366852
1426.744141	93.023842
1425.708984	163.777817
1424.672852	-93.640106
1423.636719	109.958260
1422.600586	-154.414749
1421.563477	128.835602
1420.527344	-173.841599
1419.490234	160.086365
1418.452148	-144.758636
1417.415039	-1.174204
1416.376953	-64.767784
1415.338867	278.800262
1414.300781	143.100708
1413.262695	-257.287933
1412.224609	-178.412064
1411.185547	-46.563000
1410.146484	167.121796
1409.107422	-78.646416
1408.067383	-69.310997
1407.027344	392.150360
1405.987305	281.359009
1404.947266	55.342583
1403.907227	-189.715118
1402.866211	-179.936768
1401.826172	0.482303
1400.785156	130.468445
1399.743164	85.201805
1398.702148	683.365295
1397.660156	218.210007
1396.618164	480.346924
1395.576172	615.322998
1394.533203	889.414551
1393.491211	1388.897217
1392.448242	1380.015137
1391.405273	1630.077881
1390.361328	2057.428711
1389.318359	2386.482666
1388.274414	2576.547363
1387.230469	2436.150391
1386.186523	3160.214111
1385.141602	3185.081299
1384.097656	3482.873535
1383.052734	3431.281982
1382.007813	3779.291016
1380.961914	3900.017578
1379.916992	3497.152588
1378.871094	3027.590820
1377.825195	3189.308594
1376.778320	2536.185059
1375.732422	2115.187256
1374.685547	2067.058594
1373.638672	2186.204346
1372.591797	2434.315674
1371.543945	1682.232910
1370.497070	1851.770142
1369.449219	1756.460449
1368.400391	1544.377930
1367.352539	1723.621094
1366.303711	1123.149292
1365.255859	1745.998047
1364.206055	1503.445435
1363.157227	1680.497559
1362.108398	1140.456421
1361.058594	1772.604858
1360.008789	1116.244995
1358.958984	1312.598999
1357.908203	1189.973389
1356.857422	1262.627075
1355.806641	1045.059570
1354.755859	1396.199951
1353.705078	1388.152832
1352.653320	887.971436
1351.601563	1289.074341
1350.549805	1236.124756
1349.498047	1090.602783
1348.445313	911.948181
1347.393555	1054.122925
1346.340820	1013.445190
1345.287109	737.801147
1344.234375	170.406189
1343.180664	260.684326
1342.126953	1138.721313
1341.073242	721.266479
1340.019531	541.229187
1338.964844	472.768768
1337.910156	603.544861
1336.855469	677.451294
1335.799805	192.163116
1334.745117	-77.242447
1333.689453	617.527161
1332.633789	191.978729
1331.578125	282.806885
1330.521484	-50.047321
1329.464844	-86.877983
1328.408203	4.142192
1327.351563	-110.612595
1326.294922	-260.725189
1325.237305	19.613035
1324.179688	-399.841644
1323.122070	-112.379097
1322.064453	-75.449402
1321.005859	-128.263168
1319.947266	-173.904266
1318.888672	-101.396965
1317.830078	6.550868
1316.770508	-74.333649
1315.710938	-143.326050
1314.651367	146.389221
1313.591797	18.522276
1312.531250	-21.988588
1311.471680	-529.260681
1310.411133	102.302162
1309.349609	330.617340
1308.289063	-157.405518
1307.227539	-65.662010
1306.166016	188.606949
1305.104492	219.111450
1304.042969	-192.942307
1302.980469	82.505615
1301.917969	110.792175
1300.855469	-265.548279
1299.792969	-317.079102
1298.729492	-123.978378
1297.666016	-32.022671
1296.602539	-57.591671
1295.539063	97.852882
1294.474609	-268.359161
1293.411133	335.828888
1292.346680	148.300247
1291.281250	57.151939
1290.216797	-252.227615
1289.151367	98.080292
1288.085938	-75.013756
1287.020508	169.606659
1285.955078	92.815796
1284.888672	217.752533
1283.822266	150.417175
1282.755859	465.223053
1281.689453	189.360794
1280.622070	340.063263
1279.554688	197.924347
1278.487305	463.376923
1277.419922	-8.810192
1276.351563	329.189758
1275.283203	-159.099762
1274.214844	47.808823
1273.146484	245.293747
1272.077148	414.646759
1271.008789	523.161255
1269.939453	489.034729
1268.869141	450.258820
1267.799805	198.884567
1266.729492	293.410492
1265.659180	567.781677
1264.588867	360.974030
1263.517578	28.189814
1262.447266	342.182892
1261.375977	298.979462
1260.304688	353.813599
1259.232422	662.903259
1258.161133	911.252136
1257.088867	830.722595
1256.016602	421.536957
1254.943359	669.807800
1253.871094	554.480042
1252.797852	457.846039
1251.724609	824.780273
1250.650391	1310.325317
1249.577148	1337.027222
1248.502930	739.909241
1247.428711	908.701233
1246.354492	895.949524
1245.279297	946.017029
1244.204102	1189.098511
1243.128906	927.533386
1242.053711	1193.785889
1240.977539	1020.660461
1239.902344	696.605591
1238.826172	797.812561
1237.750000	1047.628418
1236.672852	435.849762
1235.595703	198.116669
1234.518555	206.526321
1233.441406	518.933716
1232.364258	318.483063
1231.286133	261.928131
1230.208008	309.760406
1229.129883	424.811523
1228.051758	-102.258781
1226.972656	161.151093
1225.893555	-36.623672
1224.814453	184.975128
1223.734375	-19.669628
1222.655273	0.393957
1221.575195	32.010155
1220.495117	128.424255
1219.415039	187.776550
1218.333984	293.360138
1217.252930	123.666359
1216.171875	201.476166
1215.090820	-18.980331
1214.008789	-93.730278
1212.926758	118.096573
1211.844727	61.831921
1210.762695	-255.419083
1209.679688	-223.831985
1208.597656	128.677704
1207.513672	-176.857361
1206.430664	34.697506
1205.347656	-53.790257
1204.263672	-229.906281
1203.179688	27.629755
1202.095703	-30.834784
1201.010742	-6.299587
1199.925781	-55.531204
1198.840820	68.075523
1197.755859	32.664818
1196.670898	149.279343
1195.584961	-97.998535
1194.499023	179.728668
1193.413086	102.870819
1192.326172	-213.290497
1191.239258	61.946877
1190.152344	215.156845
1189.065430	-197.422623
1187.978516	305.227692
1186.890625	78.979233
1185.802734	128.596634
1184.714844	254.005341
1183.625977	103.686203
1182.538086	320.895325
1181.449219	113.211845
1180.360352	803.177734
1179.270508	515.125366
1178.180664	656.272461
1177.090820	804.231995
1176.000977	559.921448
1174.911133	528.957764
1173.820313	720.360779
1172.729492	636.625549
1171.638672	754.571899
1170.547852	354.691803
1169.456055	875.735413
1168.364258	730.154846
1167.272461	623.543457
1166.179688	899.213928
1165.087891	1069.492798
1163.995117	1207.634644
1162.902344	1414.326050
1161.808594	1602.606323
1160.715820	1726.774292
1159.622070	1910.295898
1158.528320	1853.751953
1157.433594	1447.622925
1156.339844	1059.938599
1155.245117	857.390991
1154.149414	606.956177
1153.054688	294.987915
1151.958984	384.818909
1150.863281	543.041748
1149.767578	420.573975
1148.671875	117.957901
1147.575195	109.599838
1146.478516	-204.266983
1145.381836	452.958435
1144.285156	417.119232
1143.187500	-192.862778
1142.089844	283.894073
1140.992188	-34.349113
1139.894531	93.770332
1138.795898	92.045166
1137.697266	-132.724945
1136.598633	-145.829712
1135.499023	-92.999901
1134.400391	451.016937
1133.300781	19.330210
1132.201172	-62.119747
1131.100586	-48.126316
1130.000977	-134.132278
1128.900391	-201.973694
1127.799805	288.887390
1126.698242	-1.619828
1125.596680	34.870754
1124.495117	64.495079
1123.393555	470.748413
1122.291992	554.633911
1121.189453	674.724976
1120.086914	1209.692505
1118.984375	1259.219360
1117.881836	1832.269287
1116.778320	1722.915894
1115.674805	1643.021240
1114.571289	1646.924561
1113.466797	1469.605103
1112.363281	1618.351196
1111.258789	1556.466309
1110.153320	1347.449585
1109.048828	1305.917480
1107.943359	1510.903687
1106.837891	1220.473999
1105.732422	1420.760010
1104.625977	1263.733154
1103.520508	1099.951538
1102.414063	879.694824
1101.306641	1025.418701
1100.200195	1042.298950
1099.092773	503.642029
1097.985352	574.681641
1096.877930	772.018372
1095.769531	251.642548
1094.661133	622.530273
1093.552734	109.059242
1092.444336	450.369049
1091.335938	572.782715
1090.226563	575.598999
1089.117188	260.622162
1088.006836	463.861755
1086.897461	272.787445
1085.787109	394.727875
1084.676758	541.300049
1083.566406	926.319275
1082.455078	590.966553
1081.343750	865.394165
1080.232422	1031.651733
1079.121094	1235.984131
1078.008789	974.724487
1076.896484	704.509705
1075.784180	888.287781
1074.671875	1035.947998
1073.558594	828.526428
1072.445313	1085.988281
1071.332031	986.246399
1070.217773	534.012268
1069.104492	595.843384
1067.990234	228.976410
1066.875977	295.130951
1065.760742	681.857971
1064.645508	687.131165
1063.530273	479.335815
1062.415039	211.025452
1061.299805	209.374512
1060.183594	-27.613222
1059.067383	295.329193
1057.951172	284.380127
1056.833984	221.820496
1055.716797	-225.789566
1054.599609	58.419739
1053.482422	-221.384872
1052.364258	621.620117
1051.247070	516.010315
1050.128906	-7.749642
1049.009766	271.014496
1047.891602	361.839905
1046.772461	293.862518
1045.653320	301.740997
1044.533203	121.895828
1043.414063	-127.189667
1042.293945	317.885315
1041.173828	-54.138100
1040.052734	73.632889
1038.932617	85.240997
1037.811523	-30.417618
1036.689453	-52.528015
1035.568359	-195.117142
1034.446289	152.495712
1033.324219	-525.096008
1032.202148	-204.569122
1031.079102	133.476212
1029.957031	-112.110779
1028.833984	-46.099609
1027.709961	-44.815849
1026.586914	176.621658
1025.462891	-325.174408
1024.338867	-61.824379
1023.214844	-352.391754
1022.089844	37.245308
1020.964844	22.064463
1019.839844	144.502335
1018.714844	148.999451
1017.588867	-22.131334
1016.462891	-22.361013
1015.336914	-215.881775
1014.210938	54.403255
1013.083984	570.693298
1011.957031	128.224899
1010.830078	404.415436
1009.702148	536.170776
1008.574219	916.005371
1007.446289	1967.082642
1006.318359	3551.566162
1005.190430	4636.693848
1004.061523	4912.702637
1002.932617	3671.557617
1001.802734	2357.733887
1000.673828	1002.314392
999.543945	525.851990
998.414063	567.139954
997.283203	-17.737070
996.153320	465.605438
995.022461	254.329056
993.891602	208.762833
992.759766	372.967529
991.628906	592.188354
990.497070	769.156250
989.364258	307.640350
988.232422	265.683655
987.099609	576.731323
985.966797	605.000305
984.833984	756.643127
983.700195	678.622192
982.566406	454.920593
981.432617	151.784775
980.298828	357.820526
979.164063	614.259521
978.029297	326.198730
976.894531	624.052856
975.759766	459.126984
974.624023	472.433807
973.488281	283.055450
972.352539	511.746490
971.215820	405.706818
970.080078	416.167786
968.943359	380.254883
967.805664	706.972534
966.668945	270.611664
965.531250	638.640930
964.393555	654.788391
963.254883	692.718323
962.117188	763.441467
960.978516	517.769592
959.839844	513.532959
958.700195	491.563629
957.561523	607.713318
956.421875	754.351685
955.281250	1056.468140
954.141602	1316.661377
953.000977	1398.999756
951.860352	1413.213257
950.719727	1698.983398
949.578125	1224.293945
948.436523	1305.988770
947.294922	1109.421265
946.153320	505.624817
945.010742	768.661133
943.868164	674.773071
942.725586	495.482422
941.583008	458.314758
940.439453	130.191208
939.295898	650.320068
938.152344	208.406876
937.007813	113.989838
935.863281	307.879272
934.718750	739.632446
933.574219	778.025391
932.428711	475.697876
931.283203	134.120850
930.137695	246.476852
928.992188	142.706223
927.845703	65.030655
926.699219	235.890457
925.552734	99.183182
924.405273	422.325806
923.257813	553.469971
922.110352	157.251694
920.962891	259.924164
919.814453	390.756012
918.666016	477.910980
917.517578	377.775269
916.369141	-225.053879
915.219727	149.141357
914.070313	-40.240467
912.920898	216.202682
911.770508	-127.596443
910.621094	100.390465
909.470703	86.994087
908.319336	108.296295
907.168945	-148.439972
906.017578	-433.348846
904.866211	-69.007759
903.713867	-369.073578
902.562500	133.923935
901.410156	-166.086731
900.256836	32.882919
899.104492	201.424286
897.951172	122.696503
896.797852	304.110718
895.644531	84.546127
894.490234	51.385418
893.335938	462.293640
892.181641	-149.103729
891.027344	1.896878
889.872070	100.881485
888.716797	-176.691849
887.561523	-339.431946
886.405273	-186.283844
885.249023	174.440964
884.092773	171.829010
882.936523	417.849701
881.779297	-47.187778
880.622070	376.026001
879.464844	-90.812950
878.307617	194.147583
877.149414	142.221115
875.991211	286.822266
874.833008	-79.997482
873.673828	17.278790
872.514648	-577.789978
871.355469	270.210938
870.196289	35.618248
869.036133	152.566422
867.875977	-96.776649
866.715820	496.523315
865.554688	-39.039467
864.394531	481.005737
863.233398	449.752228
862.071289	442.306519
860.910156	413.513458
859.748047	326.767944
858.585938	427.349976
857.422852	377.481171
856.259766	207.402191
855.096680	546.992371
853.933594	381.588135
852.770508	222.881195
851.606445	133.140671
850.442383	200.387482
849.277344	-273.265259
848.113281	-87.515564
846.948242	244.249329
845.783203	-7.509114
844.617188	200.053162
843.451172	356.264343
842.285156	-98.414742
841.119141	-53.238144
839.952148	-190.033142
838.785156	-28.738243
837.618164	-49.357712
836.451172	305.022064
835.283203	64.261787
834.115234	-124.769524
832.947266	-73.799149
831.778320	154.948105
830.609375	212.723129
829.440430	283.556183
828.271484	175.020401
827.101563	-132.006943
825.931641	572.153442
824.761719	-97.495956
823.590820	391.106140
822.420898	98.188225
821.250000	448.284546
820.078125	713.097046
818.907227	636.645447
817.735352	208.468918
816.562500	262.804260
815.390625	366.462280
814.217773	212.369995
813.044922	69.292519
811.872070	152.449753
810.698242	370.060516
809.524414	149.088013
808.350586	-175.834259
807.176758	-74.522148
806.001953	-349.717377
804.827148	-101.013008
803.651367	22.333799
802.476563	-604.888916
801.300781	84.741966
800.125000	395.920746
798.948242	7.953121
797.772461	51.843231
796.595703	242.578018
795.417969	153.137619
794.241211	894.320984
793.063477	546.346558
791.885742	549.030579
790.707031	477.714569
789.529297	627.366577
788.350586	603.296143
787.170898	581.626709
785.992188	806.171997
784.812500	780.781433
783.632813	798.053528
782.452148	891.841858
781.272461	685.109863
780.091797	351.680817
778.911133	317.163177
777.729492	532.656738
776.547852	198.140320
775.366211	35.390884
774.184570	-152.420135
773.001953	224.662582
771.819336	185.342743
770.636719	93.439613
769.453125	-182.036774
768.269531	-258.587006
767.085938	81.185776
765.902344	38.822731
764.717773	-176.427811
763.533203	-45.251526
762.348633	52.298500
761.163086	-71.521645
759.977539	-102.301010
758.791992	-97.050232
757.606445	178.196442
756.419922	4.558309
755.233398	27.113018
754.046875	-34.459297
752.859375	-203.277710
751.672852	251.361649
750.485352	255.427185
749.296875	556.337036
748.108398	552.128296
746.919922	825.691040
745.731445	510.360870
744.542969	603.156677
743.353516	-67.072144
742.164063	437.862732
740.973633	152.607529
739.783203	43.983063
738.592773	302.964874
737.402344	76.848747
736.211914	428.114044
735.020508	420.363861
733.829102	548.996643
732.636719	534.924072
731.444336	774.591431
730.251953	280.313904
729.059570	371.051208
727.866211	352.726654
726.673828	-49.037201
725.479492	33.176384
724.286133	-177.891266
723.091797	121.908440
721.897461	78.208862
720.703125	-250.162567
719.507813	-11.516732
718.312500	-266.723572
717.117188	138.876801
715.921875	115.573410
714.725586	131.856476
713.529297	95.747818
712.332031	-103.457420
711.135742	64.890762
709.938477	402.136414
708.740234	774.530579
707.542969	931.603943
706.344727	1599.653809
705.146484	2559.267578
703.948242	3011.405273
702.749023	3579.902832
701.549805	3778.931396
700.350586	2697.952393
699.150391	1919.408081
697.950195	1430.596680
696.750000	773.102600
695.549805	723.725281
694.348633	397.276154
693.147461	437.068268
691.946289	166.598679
690.744141	409.860077
689.541992	126.617531
688.339844	334.011108
687.136719	337.375336
685.934570	-18.992403
684.730469	565.838196
683.527344	458.477264
682.323242	390.440582
681.119141	513.294006
679.915039	191.704071
678.710938	687.799500
677.505859	544.465271
676.300781	262.104553
675.094727	336.464264
673.889648	501.937744
672.683594	-37.517239
671.476563	-265.924164
670.270508	-84.006042
669.063477	-148.683441
667.856445	277.485046
666.648438	142.413361
665.440430	57.151943
664.232422	195.535278
663.024414	75.368500
661.815430	89.866493
660.606445	160.395813
659.397461	413.072449
658.188477	62.358299
656.978516	106.821556
655.768555	-15.705979
654.557617	415.775146
653.346680	444.851196
652.135742	-16.910055
650.924805	0.968121
649.712891	-228.154800
648.501953	-142.892105
647.289063	-275.546265
646.077148	-1.087512
644.864258	-76.331444
643.651367	-88.735130
642.438477	-176.324188
641.224609	66.858253
640.010742	113.421692
638.796875	278.628357
637.582031	449.265625
636.367188	265.256012
635.152344	253.701340
633.937500	640.859802
632.721680	706.747009
631.505859	875.265930
630.289063	899.784058
629.073242	1403.225342
627.856445	1337.510132
626.639648	1434.459595
625.421875	1199.167114
624.204102	1061.112671
622.986328	622.154785
621.768555	219.220016
620.549805	-83.931297
619.331055	178.396835
618.111328	-447.967407
616.892578	313.490021
