1721.000977	-176.351669
1720.027344	252.013382
1719.052734	22.811823
1718.078125	90.666245
1717.104492	57.811432
1716.128906	116.669960
1715.154297	92.868431
1714.178711	-13.532346
1713.204102	-92.222763
1712.228516	-61.212158
1711.251953	143.504471
1710.276367	22.365549
1709.299805	-150.399185
1708.324219	42.644173
1707.347656	12.478117
1706.370117	104.781281
1705.393555	-41.278603
1704.416016	-54.600193
1703.438477	-165.438843
1702.460938	222.130798
1701.483398	-19.708733
1700.505859	27.130764
1699.527344	-38.770344
1698.548828	109.746269
1697.570313	-33.251396
1696.591797	147.968185
1695.612305	114.400375
1694.632813	249.161346
1693.653320	-1.730813
1692.673828	-135.286804
1691.694336	6.620866
1690.713867	-4.735304
1689.734375	-51.898754
1688.753906	-66.024734
1687.772461	52.301239
1686.791992	-79.278404
1685.810547	-4.493967
1684.830078	57.463490
1683.848633	170.257111
1682.866211	132.677475
1681.884766	-55.138191
1680.902344	-29.103302
1679.919922	-140.545746
1678.937500	25.386271
1677.955078	-45.362022
1676.971680	41.583229
1675.989258	-102.904205
1675.005859	215.370468
1674.022461	2.262096
1673.038086	145.025238
1672.054688	-220.405075
1671.070313	-62.378052
1670.085938	118.463936
1669.101563	63.109409
1668.117188	-40.425041
1667.131836	236.828613
1666.146484	34.389977
1665.161133	-81.659630
1664.175781	56.044090
1663.189453	246.979218
1662.204102	87.997536
1661.217773	12.773753
1660.231445	-148.536377
1659.245117	-96.868385
1658.257813	63.757103
1657.270508	110.397438
1656.284180	-167.048660
1655.295898	-64.569572
1654.308594	129.075470
1653.321289	6.355391
1652.333008	-128.913071
1651.344727	-51.560623
1650.356445	-115.807442
1649.367188	-40.897526
1648.378906	102.326271
1647.389648	23.112663
1646.400391	-93.906197
1645.411133	-21.313383
1644.420898	10.886145
1643.431641	22.952709
1642.441406	-78.558113
1641.451172	32.097237
1640.459961	107.423485
1639.469727	36.442673
1638.478516	33.660820
1637.487305	204.988815
1636.496094	66.123032
1635.504883	43.360378
1634.512695	121.486786
1633.520508	103.872551
1632.528320	61.128826
1631.536133	91.520035
1630.543945	250.410156
1629.550781	190.196487
1628.557617	-18.476849
1627.564453	185.796936
1626.571289	130.830856
1625.578125	463.412506
1624.583984	325.487122
1623.589844	328.507904
1622.595703	331.573822
1621.601563	359.824890
1620.606445	586.654724
1619.611328	589.783691
1618.616211	683.397644
1617.621094	691.609192
1616.625977	858.067993
1615.629883	745.779968
1614.633789	924.765137
1613.637695	1005.828369
1612.641602	923.787231
1611.645508	979.788452
1610.648438	953.010071
1609.651367	1094.281372
1608.654297	789.245972
1607.657227	1113.521362
1606.659180	1004.113892
1605.662109	1185.430420
1604.664063	1321.583130
1603.666016	1367.531860
1602.666992	1348.356201
1601.668945	1286.655640
1600.669922	1417.704346
1599.670898	1238.405518
1598.671875	1534.550537
1597.671875	1172.699707
1596.672852	1316.190430
1595.672852	1279.584351
1594.672852	1217.996704
1593.671875	941.481934
1592.671875	1192.331665
1591.670898	885.950378
1590.669922	684.595947
1589.668945	952.791321
1588.667969	634.146362
1587.666016	692.530029
1586.664063	431.437683
1585.662109	564.667725
1584.660156	448.368134
1583.658203	357.042480
1582.655273	180.944717
1581.652344	478.574127
1580.649414	432.095459
1579.646484	400.567108
1578.642578	202.088699
1577.638672	347.417542
1576.634766	221.206833
1575.630859	296.704437
1574.626953	227.759888
1573.622070	29.383055
1572.618164	288.924103
1571.613281	396.558167
1570.607422	275.272552
1569.602539	47.089447
1568.596680	241.614655
1567.590820	227.224152
1566.584961	26.417116
1565.579102	166.057968
1564.572266	201.256287
1563.566406	92.365860
1562.559570	77.827293
1561.551758	115.378120
1560.544922	-102.765266
1559.537109	192.808334
1558.530273	-67.517487
1557.521484	-82.232239
1556.513672	46.870312
1555.505859	79.177155
1554.497070	-37.321308
1553.488281	-104.246292
1552.479492	-225.699738
1551.470703	-0.312855
1550.460938	24.296331
1549.451172	73.613319
1548.441406	204.566544
1547.431641	82.940956
1546.421875	129.605469
1545.411133	-222.165390
1544.400391	-37.032284
1543.389648	-64.718964
1542.378906	-104.803642
1541.367188	198.700073
1540.355469	54.661087
1539.343750	-64.652069
1538.332031	-28.312618
1537.320313	-113.069542
1536.307617	-79.311493
1535.294922	-238.199539
1534.282227	326.214691
1533.269531	100.579758
1532.256836	-97.863930
1531.243164	-91.524628
1530.229492	-11.239841
1529.215820	36.908627
1528.202148	260.037231
1527.187500	-24.757423
1526.172852	94.681496
1525.158203	11.990066
1524.143555	13.042642
1523.127930	115.011917
1522.113281	-46.555801
1521.097656	-62.868221
1520.082031	-12.762296
1519.065430	-127.605438
1518.049805	-72.669350
1517.033203	-172.775223
1516.016602	34.519493
1515.000000	138.422318
1513.982422	1.326532
1512.965820	6.808458
1511.948242	61.375782
1510.930664	54.466400
1509.913086	-13.879078
1508.894531	-143.638565
1507.875977	80.148430
1506.857422	109.896568
1505.838867	-54.270470
1504.820313	66.202621
1503.800781	-124.953148
1502.781250	54.260006
1501.761719	32.304653
1500.742188	74.063301
1499.721680	-6.787793
1498.702148	39.800297
1497.681641	-1.873338
1496.661133	5.428539
1495.639648	88.596977
1494.618164	-2.128790
1493.597656	83.413422
1492.576172	107.694420
1491.553711	95.222679
1490.532227	-66.474960
1489.509766	-37.377998
1488.487305	-30.324188
1487.464844	-187.091110
1486.442383	57.030964
1485.418945	-287.909790
1484.395508	-31.713022
1483.372070	-193.333023
1482.348633	55.369629
1481.324219	6.057303
1480.300781	15.350860
1479.276367	-99.862236
1478.251953	-29.599289
1477.226563	82.073517
1476.202148	96.139420
1475.176758	234.532684
1474.151367	-61.106747
1473.125000	-144.590195
1472.099609	47.339054
1471.073242	124.648415
1470.046875	214.094040
1469.020508	291.314392
1467.994141	139.613846
1466.966797	160.793411
1465.939453	147.881683
1464.912109	100.901825
1463.884766	17.443409
1462.856445	466.671631
1461.829102	113.232834
1460.800781	122.182251
1459.772461	97.093384
1458.743164	118.170494
1457.714844	88.227783
1456.685547	70.426994
1455.656250	132.778091
1454.625977	304.355438
1453.596680	80.167488
1452.566406	86.638710
1451.536133	37.295612
1450.505859	291.239380
1449.474609	103.603958
1448.444336	250.728729
1447.413086	138.350708
1446.381836	-29.728319
1445.350586	17.962919
1444.318359	17.163851
1443.286133	171.411560
1442.253906	153.639191
1441.221680	-48.149807
1440.189453	-27.118002
1439.156250	153.645920
1438.123047	87.509987
1437.089844	-155.205032
1436.056641	175.470108
1435.022461	472.141052
1433.988281	-65.463905
1432.954102	-95.188103
1431.919922	174.799927
1430.885742	12.163704
1429.850586	-145.574081
1428.815430	34.907455
1427.780273	-91.351273
1426.744141	21.453720
1425.708984	-99.892845
1424.672852	-98.114418
1423.636719	-72.194962
1422.600586	76.750595
1421.563477	6.167895
1420.527344	-18.540461
1419.490234	21.849508
1418.452148	21.250238
1417.415039	-174.495407
1416.376953	51.436264
1415.338867	-35.827671
1414.300781	-144.710815
1413.262695	-284.828217
1412.224609	-34.926746
1411.185547	60.852425
1410.146484	-271.662628
1409.107422	-106.078186
1408.067383	-60.811752
1407.027344	15.712685
1405.987305	48.951298
1404.947266	-52.398540
1403.907227	105.830254
1402.866211	11.740750
1401.826172	-120.704979
1400.785156	111.921806
1399.743164	-198.146362
1398.702148	128.050446
1397.660156	-6.660483
1396.618164	120.233025
1395.576172	-4.785629
1394.533203	167.644547
1393.491211	-38.816620
1392.448242	133.585098
1391.405273	39.890999
1390.361328	228.998260
1389.318359	262.335999
1388.274414	75.303139
1387.230469	340.969147
1386.186523	-78.199280
1385.141602	110.811333
1384.097656	302.167084
1383.052734	196.754440
1382.007813	67.484451
1380.961914	26.764223
1379.916992	55.437355
1378.871094	414.003723
1377.825195	45.845978
1376.778320	244.181793
1375.732422	-107.023384
1374.685547	24.415060
1373.638672	-104.483665
1372.591797	-1.720741
1371.543945	-42.219025
1370.497070	-154.263351
1369.449219	232.413116
1368.400391	-127.728867
1367.352539	180.102844
1366.303711	-60.617744
1365.255859	151.740265
1364.206055	213.838806
1363.157227	9.054459
1362.108398	130.759369
1361.058594	111.882385
1360.008789	147.798798
1358.958984	190.855942
1357.908203	169.625336
1356.857422	84.159866
1355.806641	91.537369
1354.755859	-22.392887
1353.705078	-93.455444
1352.653320	16.223989
1351.601563	180.543915
1350.549805	-182.835831
1349.498047	-251.392181
1348.445313	-60.969543
1347.393555	39.137455
1346.340820	110.699333
1345.287109	-235.629929
1344.234375	-130.789597
1343.180664	61.809299
1342.126953	74.010391
1341.073242	31.657059
1340.019531	79.450104
1338.964844	269.482727
1337.910156	174.967667
1336.855469	25.988491
1335.799805	185.111115
1334.745117	55.157700
1333.689453	-67.641922
1332.633789	-124.077065
1331.578125	-5.286776
1330.521484	32.964809
1329.464844	30.972326
1328.408203	19.520548
1327.351563	36.462608
1326.294922	86.511009
1325.237305	6.479810
1324.179688	-177.529770
1323.122070	182.136169
1322.064453	234.465546
1321.005859	107.213852
1319.947266	88.667824
1318.888672	48.877861
1317.830078	2.021327
1316.770508	4.738516
1315.710938	130.165756
1314.651367	7.806572
1313.591797	48.258270
1312.531250	260.834991
1311.471680	22.987446
1310.411133	-195.913513
1309.349609	136.750916
1308.289063	-18.467035
1307.227539	10.114096
1306.166016	142.310287
1305.104492	-210.632706
1304.042969	98.112907
1302.980469	-118.175766
1301.917969	91.555534
1300.855469	58.863140
1299.792969	-89.079453
1298.729492	-60.602531
1297.666016	-76.815880
1296.602539	-71.874107
1295.539063	15.314287
1294.474609	259.868256
1293.411133	114.367363
1292.346680	-2.909160
1291.281250	255.538391
1290.216797	20.885340
1289.151367	2.242923
1288.085938	77.462341
1287.020508	333.285522
1285.955078	277.028625
1284.888672	152.769623
1283.822266	218.457382
1282.755859	-165.941544
1281.689453	127.084358
1280.622070	-93.152580
1279.554688	-29.867498
1278.487305	45.087830
1277.419922	-71.999695
1276.351563	-22.856775
1275.283203	-36.936794
1274.214844	-51.023151
1273.146484	192.217957
1272.077148	124.253212
1271.008789	32.935844
1269.939453	35.144699
1268.869141	-16.430946
1267.799805	-7.228815
1266.729492	6.616250
1265.659180	158.256424
1264.588867	-66.171715
1263.517578	-57.047180
1262.447266	-57.264641
1261.375977	-157.863266
1260.304688	119.559181
1259.232422	16.590473
1258.161133	41.941483
1257.088867	393.696075
1256.016602	90.205750
1254.943359	-50.031563
1253.871094	68.447037
1252.797852	163.547653
1251.724609	41.975361
1250.650391	188.228088
1249.577148	120.221916
1248.502930	52.216469
1247.428711	182.034027
1246.354492	81.442162
1245.279297	185.563797
1244.204102	264.043549
1243.128906	44.857964
1242.053711	51.241421
1240.977539	-42.345257
1239.902344	233.559128
1238.826172	181.759003
1237.750000	85.836586
1236.672852	233.744858
1235.595703	232.993759
1234.518555	139.384109
1233.441406	20.277290
1232.364258	100.728035
1231.286133	118.486221
1230.208008	43.462227
1229.129883	237.402222
1228.051758	81.226189
1226.972656	135.978928
1225.893555	128.135315
1224.814453	201.357529
1223.734375	-35.817421
1222.655273	-87.656609
1221.575195	-72.367409
1220.495117	-170.504196
1219.415039	-30.281698
1218.333984	-15.071159
1217.252930	240.657074
1216.171875	61.532005
1215.090820	-221.561462
1214.008789	-310.402802
1212.926758	-6.376350
1211.844727	-183.046478
1210.762695	-54.756783
1209.679688	-298.349213
1208.597656	-142.410995
1207.513672	82.666550
1206.430664	28.403946
1205.347656	-131.982162
1204.263672	-266.950897
1203.179688	-168.939362
1202.095703	-80.207146
1201.010742	-3.066923
1199.925781	-84.998711
1198.840820	-1.002366
1197.755859	-152.034760
1196.670898	7.921823
1195.584961	-37.158180
1194.499023	-321.657104
1193.413086	45.331440
1192.326172	-206.880219
1191.239258	185.192764
1190.152344	59.548584
1189.065430	205.306534
1187.978516	-37.564472
1186.890625	147.191208
1185.802734	92.851418
1184.714844	199.357697
1183.625977	177.155167
1182.538086	290.465363
1181.449219	137.356094
1180.360352	443.419647
1179.270508	301.786621
1178.180664	412.607971
1177.090820	248.084930
1176.000977	37.756733
1174.911133	143.947708
1173.820313	82.718185
1172.729492	214.033478
1171.638672	26.762835
1170.547852	48.048962
1169.456055	275.444336
1168.364258	92.826401
1167.272461	-27.902424
1166.179688	73.427536
1165.087891	9.951862
1163.995117	95.197273
1162.902344	187.257950
1161.808594	233.518417
1160.715820	330.065369
1159.622070	179.671616
1158.528320	470.417664
1157.433594	372.580566
1156.339844	418.709930
1155.245117	668.062866
1154.149414	446.910980
1153.054688	691.563538
1151.958984	995.428101
1150.863281	683.055847
1149.767578	993.616699
1148.671875	866.114624
1147.575195	1060.170288
1146.478516	777.655273
1145.381836	987.585083
1144.285156	1126.772217
1143.187500	919.577698
1142.089844	842.302612
1140.992188	316.433258
1139.894531	546.672668
1138.795898	269.184601
1137.697266	285.383392
1136.598633	324.319702
1135.499023	158.491241
1134.400391	-25.449095
1133.300781	-84.275467
1132.201172	120.606110
1131.100586	127.650284
1130.000977	100.615417
1128.900391	-171.770737
1127.799805	-51.132984
1126.698242	58.075111
1125.596680	21.937708
1124.495117	78.862862
1123.393555	-118.389809
1122.291992	-288.339996
1121.189453	-29.564396
1120.086914	49.946938
1118.984375	113.541458
1117.881836	245.095917
1116.778320	301.785583
1115.674805	125.087105
1114.571289	50.385044
1113.466797	206.674927
1112.363281	39.140778
1111.258789	147.807068
1110.153320	82.146202
1109.048828	-101.134392
1107.943359	143.161621
1106.837891	-236.840729
1105.732422	93.270409
1104.625977	151.945541
1103.520508	36.577652
1102.414063	-53.912411
1101.306641	235.115646
1100.200195	115.234497
1099.092773	8.923531
1097.985352	62.926907
1096.877930	175.570450
1095.769531	6.078024
1094.661133	156.988693
1093.552734	-113.949852
1092.444336	183.455353
1091.335938	-64.856628
1090.226563	203.054794
1089.117188	74.228699
1088.006836	-83.857254
1086.897461	355.002472
1085.787109	27.994053
1084.676758	104.107750
1083.566406	-56.172501
1082.455078	422.683624
1081.343750	215.101913
1080.232422	405.722565
1079.121094	265.658386
1078.008789	-31.763514
1076.896484	138.472565
1075.784180	396.252838
1074.671875	489.877625
1073.558594	145.392746
1072.445313	207.524811
1071.332031	143.869034
1070.217773	116.117645
1069.104492	202.824127
1067.990234	311.887115
1066.875977	5.871146
1065.760742	195.597305
1064.645508	-34.088562
1063.530273	-44.011189
1062.415039	42.414845
1061.299805	108.603081
1060.183594	96.310020
1059.067383	144.463638
1057.951172	78.362213
1056.833984	-72.823730
1055.716797	19.986156
1054.599609	213.414398
1053.482422	62.198742
1052.364258	83.224457
1051.247070	106.455742
1050.128906	125.155815
1049.009766	65.564316
1047.891602	70.784264
1046.772461	118.397102
1045.653320	74.372055
1044.533203	-47.847183
1043.414063	53.227386
1042.293945	241.253174
1041.173828	-79.650078
1040.052734	-134.964554
1038.932617	244.684692
1037.811523	-53.840061
1036.689453	-173.922180
1035.568359	118.403275
1034.446289	194.363708
1033.324219	-295.678741
1032.202148	156.710983
1031.079102	123.339600
1029.957031	32.061066
1028.833984	-121.563522
1027.709961	-255.151886
1026.586914	-23.806881
1025.462891	-186.369919
1024.338867	-95.367226
1023.214844	-213.465210
1022.089844	-80.373001
1020.964844	-147.417465
1019.839844	-161.149765
1018.714844	-354.869080
1017.588867	-13.308056
1016.462891	-191.543396
1015.336914	-116.673080
1014.210938	-219.445465
1013.083984	-302.269073
1011.957031	-81.177452
1010.830078	-239.506790
1009.702148	85.568680
1008.574219	115.591751
1007.446289	-5.170219
1006.318359	157.708328
1005.190430	112.207687
1004.061523	312.516785
1002.932617	191.588852
1001.802734	221.190903
1000.673828	95.804070
999.543945	238.163712
998.414063	426.863892
997.283203	531.355164
996.153320	436.736176
995.022461	885.962830
993.891602	906.119568
992.759766	1489.709717
991.628906	1715.076294
990.497070	2326.819580
989.364258	2995.627197
988.232422	3906.953613
987.099609	3994.453857
985.966797	4479.089355
984.833984	4800.179199
983.700195	4898.263184
982.566406	4292.750977
981.432617	4117.400391
980.298828	3737.072754
979.164063	3215.806885
978.029297	2425.923828
976.894531	2294.982910
975.759766	1582.644531
974.624023	1544.308228
973.488281	1503.737305
972.352539	987.764160
971.215820	841.606628
970.080078	759.271973
968.943359	547.154236
967.805664	763.822327
966.668945	320.883209
965.531250	453.889160
964.393555	230.834488
963.254883	412.017059
962.117188	145.054077
960.978516	438.060120
959.839844	199.643051
958.700195	354.126099
957.561523	306.644409
956.421875	302.997986
955.281250	270.781372
954.141602	111.378021
953.000977	105.445297
951.860352	447.952789
950.719727	183.303802
949.578125	-153.570953
948.436523	105.401787
947.294922	320.424255
946.153320	423.667480
945.010742	25.603228
943.868164	341.033478
942.725586	290.947662
941.583008	138.058014
940.439453	311.002319
939.295898	70.656990
938.152344	274.083862
937.007813	-103.876007
935.863281	-95.004326
934.718750	171.569473
933.574219	64.596809
932.428711	234.895355
931.283203	-134.011703
930.137695	62.404510
928.992188	42.733425
927.845703	64.482269
926.699219	-51.169392
925.552734	73.034004
924.405273	286.517731
923.257813	-51.415501
922.110352	203.378616
920.962891	185.790527
919.814453	89.798370
918.666016	126.654167
917.517578	22.014067
916.369141	-150.030228
915.219727	-78.342194
914.070313	-258.988098
912.920898	110.625778
911.770508	-54.758427
910.621094	-13.544785
909.470703	131.954117
908.319336	-63.706860
907.168945	-39.861557
906.017578	66.496033
904.866211	79.473488
903.713867	-185.376160
902.562500	-11.707199
901.410156	40.398804
900.256836	83.821106
899.104492	127.276352
897.951172	-24.392900
896.797852	29.963808
895.644531	136.346786
894.490234	-41.108444
893.335938	216.936005
892.181641	202.054703
891.027344	42.175751
889.872070	-154.391235
888.716797	14.910242
887.561523	199.336441
886.405273	195.538986
885.249023	284.792969
884.092773	300.565643
882.936523	502.287109
881.779297	209.099548
880.622070	168.898911
879.464844	102.875107
878.307617	129.817657
877.149414	154.652222
875.991211	354.397583
874.833008	249.858826
873.673828	91.502953
872.514648	580.410950
871.355469	489.087128
870.196289	216.797592
869.036133	414.615112
867.875977	252.555832
866.715820	265.190521
865.554688	282.217194
864.394531	-12.895627
863.233398	385.484131
862.071289	368.347382
860.910156	560.091736
859.748047	414.066528
858.585938	704.878967
857.422852	621.479553
856.259766	574.793579
855.096680	362.748993
853.933594	331.443695
852.770508	461.422852
851.606445	441.102386
850.442383	433.811066
849.277344	512.527527
848.113281	288.711060
846.948242	110.191887
845.783203	388.886047
844.617188	240.737442
843.451172	277.228210
842.285156	399.614105
841.119141	489.943909
839.952148	186.068069
838.785156	383.827454
837.618164	339.610474
836.451172	426.205902
835.283203	118.974419
834.115234	242.283447
832.947266	635.333740
831.778320	330.894409
830.609375	484.502258
829.440430	608.271912
828.271484	578.222290
827.101563	319.640442
825.931641	770.826050
824.761719	719.907166
823.590820	816.561768
822.420898	851.431335
821.250000	754.085632
820.078125	814.906921
818.907227	641.156555
817.735352	563.664795
816.562500	891.645752
815.390625	669.492371
814.217773	394.320984
813.044922	592.647400
811.872070	309.468079
810.698242	589.042175
809.524414	472.500000
808.350586	241.208969
807.176758	406.200348
806.001953	286.079193
804.827148	291.752380
803.651367	301.858276
802.476563	263.234741
801.300781	105.727211
800.125000	133.438751
798.948242	157.066711
797.772461	-23.121113
796.595703	-39.459969
795.417969	54.833012
794.241211	193.866180
793.063477	40.041294
791.885742	217.576859
790.707031	-3.727743
789.529297	12.865066
788.350586	-131.572144
787.170898	-2.227893
785.992188	91.200615
784.812500	70.302208
783.632813	225.461594
782.452148	29.046906
781.272461	-25.195318
780.091797	-60.191082
778.911133	-281.298828
777.729492	-167.736160
776.547852	297.188782
775.366211	-217.420929
774.184570	-133.083420
773.001953	-162.820847
771.819336	-192.389496
770.636719	-173.184708
769.453125	23.648413
768.269531	-138.594330
767.085938	-214.027313
765.902344	177.360031
764.717773	26.163012
763.533203	-29.856628
762.348633	68.311432
761.163086	-97.135849
759.977539	-234.964630
758.791992	-39.461689
757.606445	21.150591
756.419922	58.661087
755.233398	39.371311
754.046875	298.257904
752.859375	188.564926
751.672852	116.923561
750.485352	76.980042
749.296875	49.771587
748.108398	233.065689
746.919922	-52.737457
745.731445	-79.653687
744.542969	185.771835
743.353516	175.769730
742.164063	12.423423
740.973633	59.319069
739.783203	62.137604
738.592773	125.909988
737.402344	93.118355
736.211914	41.496830
735.020508	296.331055
733.829102	58.028339
732.636719	-10.225137
731.444336	-84.709541
730.251953	69.395363
729.059570	57.855183
727.866211	299.905182
726.673828	-42.684677
725.479492	86.184082
724.286133	-4.885331
723.091797	176.261597
721.897461	70.562035
720.703125	52.797905
719.507813	246.340027
718.312500	-124.963852
717.117188	-230.532547
715.921875	10.984888
714.725586	26.627855
713.529297	117.471428
712.332031	137.217514
711.135742	324.022919
709.938477	172.428665
708.740234	70.980347
707.542969	9.210613
706.344727	-25.434469
705.146484	65.079124
703.948242	140.921249
702.749023	14.430687
701.549805	336.183563
700.350586	126.280510
699.150391	-60.628086
697.950195	371.244141
696.750000	305.116272
695.549805	95.324951
694.348633	310.289917
693.147461	217.115891
691.946289	223.853928
690.744141	490.616699
689.541992	364.174683
688.339844	501.869659
687.136719	510.628693
685.934570	527.715637
684.730469	513.655701
683.527344	493.408813
682.323242	331.993286
681.119141	509.150970
679.915039	123.744240
678.710938	440.060059
677.505859	235.533691
676.300781	174.337814
675.094727	142.323746
673.889648	98.022041
672.683594	128.511780
671.476563	119.783173
670.270508	-164.316483
669.063477	42.844673
667.856445	322.613647
666.648438	-28.972097
665.440430	124.936470
664.232422	32.808655
663.024414	251.384537
661.815430	-82.065781
660.606445	149.564926
659.397461	77.579430
658.188477	-39.409466
656.978516	-279.855042
655.768555	-280.032074
654.557617	-130.952347
653.346680	-198.186951
652.135742	-120.257706
650.924805	-14.876042
649.712891	-61.538857
648.501953	24.595579
647.289063	-187.571548
646.077148	56.902607
644.864258	-11.190533
643.651367	389.549561
642.438477	80.210350
641.224609	97.573997
640.010742	-50.776787
638.796875	-0.206767
637.582031	94.828125
636.367188	248.754990
635.152344	-77.488586
633.937500	-87.386322
632.721680	52.341419
631.505859	90.803833
630.289063	79.566216
629.073242	-215.584290
627.856445	-93.671028
626.639648	-58.199341
625.421875	127.185768
624.204102	150.367188
622.986328	128.561874
621.768555	221.978378
620.549805	-35.064194
619.331055	332.095367
618.111328	-120.555992
616.892578	155.548462
