1721.000977	77.348000
1720.027344	81.762611
1719.052734	-20.077040
1718.078125	41.209492
1717.104492	144.991318
1716.128906	68.161392
1715.154297	-263.498749
1714.178711	-137.088837
1713.204102	-73.173050
1712.228516	105.141922
1711.251953	228.722000
1710.276367	-27.673414
1709.299805	-13.286115
1708.324219	92.523399
1707.347656	5.568824
1706.370117	-18.061728
1705.393555	80.489578
1704.416016	-90.262405
1703.438477	-192.486618
1702.460938	-13.942126
1701.483398	-63.570446
1700.505859	300.406738
1699.527344	124.477547
1698.548828	45.244255
1697.570313	29.460386
1696.591797	222.691193
1695.612305	4.304807
1694.632813	48.587959
1693.653320	51.650620
1692.673828	151.345215
1691.694336	-45.288994
1690.713867	-129.919235
1689.734375	-49.011337
1688.753906	-126.508179
1687.772461	12.453332
1686.791992	95.063347
1685.810547	39.801514
1684.830078	241.692642
1683.848633	2.633353
1682.866211	-142.289337
1681.884766	-68.330467
1680.902344	247.265335
1679.919922	5.226120
1678.937500	142.299454
1677.955078	205.428757
1676.971680	-67.323151
1675.989258	18.520647
1675.005859	-43.227169
1674.022461	-46.554535
1673.038086	229.593536
1672.054688	73.649796
1671.070313	141.259750
1670.085938	-45.169430
1669.101563	22.377998
1668.117188	-72.599213
1667.131836	213.163406
1666.146484	-84.859001
1665.161133	241.380112
1664.175781	17.048044
1663.189453	43.878685
1662.204102	80.876579
1661.217773	-8.883646
1660.231445	-75.765717
1659.245117	32.258453
1658.257813	-161.218170
1657.270508	-5.029994
1656.284180	-84.355598
1655.295898	119.937965
1654.308594	91.335037
1653.321289	-56.145832
1652.333008	-155.446014
1651.344727	10.981144
1650.356445	-141.276947
1649.367188	116.227554
1648.378906	285.224670
1647.389648	75.062653
1646.400391	-94.505219
1645.411133	99.900482
1644.420898	-102.303207
1643.431641	82.073952
1642.441406	-3.736077
1641.451172	89.805885
1640.459961	-111.926369
1639.469727	70.080322
1638.478516	-108.696854
1637.487305	204.545029
1636.496094	33.543388
1635.504883	-1.152913
1634.512695	-38.289494
1633.520508	113.692581
1632.528320	-1.400364
1631.536133	155.710541
1630.543945	93.710320
1629.550781	220.664810
1628.557617	75.741417
1627.564453	353.830933
1626.571289	465.787994
1625.578125	565.194641
1624.583984	606.766174
1623.589844	741.449463
1622.595703	790.659363
1621.601563	668.971863
1620.606445	828.898132
1619.611328	828.001770
1618.616211	804.563538
1617.621094	962.056763
1616.625977	1225.026733
1615.629883	656.860962
1614.633789	982.657471
1613.637695	891.760315
1612.641602	873.728577
1611.645508	1076.530396
1610.648438	890.522888
1609.651367	1211.197388
1608.654297	1190.820557
1607.657227	904.803040
1606.659180	1152.742310
1605.662109	1132.542725
1604.664063	932.024170
1603.666016	1342.737915
1602.666992	1295.081665
1601.668945	1234.980591
1600.669922	1272.550171
1599.670898	1372.702515
1598.671875	1297.717407
1597.671875	1162.754272
1596.672852	1020.391235
1595.672852	1105.637573
1594.672852	975.895935
1593.671875	941.198975
1592.671875	724.145020
1591.670898	672.079712
1590.669922	749.941589
1589.668945	453.214325
1588.667969	638.490051
1587.666016	354.418976
1586.664063	320.048004
1585.662109	380.521027
1584.660156	480.896118
1583.658203	84.924660
1582.655273	132.969986
1581.652344	91.255730
1580.649414	268.907379
1579.646484	187.326843
1578.642578	155.604187
1577.638672	338.119293
1576.634766	64.817116
1575.630859	-36.566319
1574.626953	76.177689
1573.622070	188.863953
1572.618164	-26.946512
1571.613281	180.245422
1570.607422	-23.065304
1569.602539	-14.911326
1568.596680	221.956558
1567.590820	18.745672
1566.584961	-5.454189
1565.579102	42.402878
1564.572266	-274.951996
1563.566406	83.373535
1562.559570	36.778305
1561.551758	74.587608
1560.544922	137.197876
1559.537109	-68.249863
1558.530273	31.551081
1557.521484	84.141762
1556.513672	196.223892
1555.505859	-155.416458
1554.497070	-3.713933
1553.488281	63.639919
1552.479492	-149.055634
1551.470703	-116.421211
1550.460938	-192.813232
1549.451172	-194.903564
1548.441406	38.188282
1547.431641	6.304701
1546.421875	125.374069
1545.411133	-67.395508
1544.400391	-54.786953
1543.389648	4.785431
1542.378906	86.563622
1541.367188	-19.611393
1540.355469	190.606552
1539.343750	74.522995
1538.332031	-305.891418
1537.320313	2.989208
1536.307617	-36.506760
1535.294922	-51.318077
1534.282227	-182.168350
1533.269531	128.789169
1532.256836	-61.310665
1531.243164	89.078323
1530.229492	81.527374
1529.215820	88.752464
1528.202148	-145.659286
1527.187500	14.377411
1526.172852	-200.261368
1525.158203	-40.324371
1524.143555	11.135961
1523.127930	-154.187637
1522.113281	-176.636703
1521.097656	-130.178604
1520.082031	17.151861
1519.065430	105.329689
1518.049805	-128.828278
1517.033203	-289.126312
1516.016602	49.841320
1515.000000	-39.162189
1513.982422	-19.999693
1512.965820	122.032585
1511.948242	13.349084
1510.930664	238.793213
1509.913086	-78.668655
1508.894531	127.013771
1507.875977	146.010117
1506.857422	83.985085
1505.838867	-117.906418
1504.820313	109.637032
1503.800781	5.908909
1502.781250	-75.714981
1501.761719	63.358814
1500.742188	20.960081
1499.721680	103.553223
1498.702148	-139.786514
1497.681641	13.834829
1496.661133	152.688629
1495.639648	56.378014
1494.618164	170.656815
1493.597656	64.592339
1492.576172	235.100067
1491.553711	202.437607
1490.532227	-133.535568
1489.509766	-87.847313
1488.487305	11.616586
1487.464844	-67.426285
1486.442383	-153.767151
1485.418945	38.495064
1484.395508	162.270447
1483.372070	-12.004652
1482.348633	67.777000
1481.324219	-23.393660
1480.300781	119.833961
1479.276367	14.058149
1478.251953	-113.626472
1477.226563	134.426361
1476.202148	36.054451
1475.176758	113.293671
1474.151367	300.218079
1473.125000	121.443733
1472.099609	198.648132
1471.073242	-26.296787
1470.046875	-85.491844
1469.020508	57.490494
1467.994141	95.726181
1466.966797	-14.545617
1465.939453	31.011703
1464.912109	156.865677
1463.884766	100.224091
1462.856445	106.852524
1461.829102	239.961258
1460.800781	370.590515
1459.772461	462.293549
1458.743164	264.770599
1457.714844	388.086151
1456.685547	593.954468
1455.656250	554.461914
1454.625977	444.581146
1453.596680	315.362823
1452.566406	419.218658
1451.536133	399.298218
1450.505859	190.177368
1449.474609	298.913940
1448.444336	266.989777
1447.413086	264.190887
1446.381836	314.751648
1445.350586	248.990936
1444.318359	76.665977
1443.286133	129.736557
1442.253906	233.678787
1441.221680	177.791061
1440.189453	143.749634
1439.156250	279.175110
1438.123047	85.467445
1437.089844	85.428902
1436.056641	153.153671
1435.022461	-83.841103
1433.988281	-23.302090
1432.954102	138.775009
1431.919922	95.389633
1430.885742	39.977688
1429.850586	-68.530441
1428.815430	79.064583
1427.780273	-130.750580
1426.744141	69.974060
1425.708984	79.978195
1424.672852	-35.482059
1423.636719	-76.059219
1422.600586	-3.206137
1421.563477	62.411102
1420.527344	-86.543510
1419.490234	-199.244156
1418.452148	-147.976654
1417.415039	-217.161270
1416.376953	-86.328438
1415.338867	32.446007
1414.300781	-77.555557
1413.262695	108.662125
1412.224609	-56.587353
1411.185547	-113.440483
1410.146484	-184.661865
1409.107422	20.821812
1408.067383	-50.323105
1407.027344	-92.542061
1405.987305	-43.349678
1404.947266	-63.834808
1403.907227	184.859009
1402.866211	279.725372
1401.826172	50.345413
1400.785156	-25.213520
1399.743164	-81.500168
1398.702148	128.730286
1397.660156	151.715393
1396.618164	95.555008
1395.576172	260.153320
1394.533203	391.138000
1393.491211	404.625458
1392.448242	458.893616
1391.405273	417.310608
1390.361328	804.707397
1389.318359	782.317078
1388.274414	805.479492
1387.230469	1070.538086
1386.186523	1151.171387
1385.141602	1143.234863
1384.097656	1099.454468
1383.052734	1105.970825
1382.007813	1361.308228
1380.961914	1267.387329
1379.916992	1159.209229
1378.871094	1149.124146
1377.825195	1186.884033
1376.778320	966.584167
1375.732422	789.427979
1374.685547	918.113647
1373.638672	681.411682
1372.591797	822.078613
1371.543945	540.211548
1370.497070	485.229401
1369.449219	559.143188
1368.400391	630.667542
1367.352539	597.266968
1366.303711	344.538666
1365.255859	478.159943
1364.206055	197.027023
1363.157227	487.955719
1362.108398	545.318665
1361.058594	514.553162
1360.008789	388.578491
1358.958984	693.625671
1357.908203	589.147583
1356.857422	508.544006
1355.806641	589.800720
1354.755859	459.339172
1353.705078	638.143188
1352.653320	246.223511
1351.601563	263.393677
1350.549805	349.510590
1349.498047	271.658722
1348.445313	236.624298
1347.393555	367.904633
1346.340820	145.316849
1345.287109	105.657379
1344.234375	303.416565
1343.180664	156.999527
1342.126953	340.469543
1341.073242	151.457916
1340.019531	157.025604
1338.964844	48.794037
1337.910156	-2.473479
1336.855469	97.990097
1335.799805	-19.576580
1334.745117	-65.992256
1333.689453	-10.525156
1332.633789	267.534210
1331.578125	116.969467
1330.521484	-92.693489
1329.464844	173.421738
1328.408203	-90.542801
1327.351563	-61.055428
1326.294922	-182.922333
1325.237305	-35.178097
1324.179688	-19.862402
1323.122070	286.165802
1322.064453	-107.350815
1321.005859	-252.634277
1319.947266	-213.612991
1318.888672	54.460548
1317.830078	-159.188583
1316.770508	-18.683655
1315.710938	43.897415
1314.651367	-315.860901
1313.591797	-246.143707
1312.531250	-143.435501
1311.471680	-45.470860
1310.411133	208.035599
1309.349609	107.917397
1308.289063	52.626438
1307.227539	-89.801811
1306.166016	95.220657
1305.104492	42.339870
1304.042969	-151.763962
1302.980469	-68.043968
1301.917969	-163.199265
1300.855469	35.780464
1299.792969	178.225830
1298.729492	141.881042
1297.666016	124.365326
1296.602539	102.159721
1295.539063	94.068504
1294.474609	97.725594
1293.411133	-140.568680
1292.346680	6.408037
1291.281250	0.690529
1290.216797	-40.230438
1289.151367	-29.502588
1288.085938	126.708153
1287.020508	254.698318
1285.955078	-102.891800
1284.888672	22.741741
1283.822266	141.286545
1282.755859	175.396606
1281.689453	202.459305
1280.622070	-32.912758
1279.554688	162.833267
1278.487305	187.527176
1277.419922	15.527121
1276.351563	136.210358
1275.283203	195.988174
1274.214844	-62.491222
1273.146484	27.709423
1272.077148	122.540680
1271.008789	156.532394
1269.939453	120.366226
1268.869141	65.504860
1267.799805	185.933258
1266.729492	84.347725
1265.659180	-124.647003
1264.588867	219.916672
1263.517578	197.752075
1262.447266	289.979980
1261.375977	83.431473
1260.304688	-15.701741
1259.232422	174.460678
1258.161133	114.989731
1257.088867	176.782974
1256.016602	308.481323
1254.943359	186.060883
1253.871094	303.705963
1252.797852	321.111023
1251.724609	219.713913
1250.650391	532.854004
1249.577148	375.567291
1248.502930	339.374359
1247.428711	438.166260
1246.354492	415.925385
1245.279297	237.829056
1244.204102	166.783951
1243.128906	465.456116
1242.053711	280.474457
1240.977539	169.934311
1239.902344	-66.032585
1238.826172	281.184296
1237.750000	110.311996
1236.672852	187.961487
1235.595703	77.525848
1234.518555	90.149673
1233.441406	241.993210
1232.364258	303.283112
1231.286133	35.165569
1230.208008	210.088333
1229.129883	83.526154
1228.051758	-140.341171
1226.972656	92.421608
1225.893555	146.670517
1224.814453	-90.981010
1223.734375	-85.367256
1222.655273	-107.536041
1221.575195	275.402557
1220.495117	12.451111
1219.415039	-62.964470
1218.333984	234.098938
1217.252930	-296.981110
1216.171875	85.555328
1215.090820	-112.357964
1214.008789	98.915504
1212.926758	2.751349
1211.844727	-42.543598
1210.762695	-73.963272
1209.679688	-105.378975
1208.597656	133.356812
1207.513672	-98.920982
1206.430664	-324.167969
1205.347656	-9.415573
1204.263672	-234.589752
1203.179688	-72.217247
1202.095703	-154.325150
1201.010742	84.025803
1199.925781	-127.152031
1198.840820	-144.680695
1197.755859	176.441986
1196.670898	-55.342346
1195.584961	205.743515
1194.499023	107.577133
1193.413086	-36.579556
1192.326172	28.728420
1191.239258	-0.316717
1190.152344	25.855576
1189.065430	-53.764240
1187.978516	11.497891
1186.890625	216.944611
1185.802734	236.156570
1184.714844	39.385906
1183.625977	148.214615
1182.538086	98.541908
1181.449219	209.611603
1180.360352	130.105820
1179.270508	-18.219637
1178.180664	260.311523
1177.090820	635.072510
1176.000977	60.151459
1174.911133	267.411835
1173.820313	162.794983
1172.729492	-15.112710
1171.638672	175.995575
1170.547852	-70.553795
1169.456055	127.358284
1168.364258	98.480232
1167.272461	119.991913
1166.179688	301.719482
1165.087891	151.556000
1163.995117	525.393860
1162.902344	434.727539
1161.808594	152.002350
1160.715820	548.478394
1159.622070	672.757141
1158.528320	737.567383
1157.433594	635.553589
1156.339844	460.499268
1155.245117	315.214905
1154.149414	482.817810
1153.054688	358.153839
1151.958984	436.676086
1150.863281	394.234283
1149.767578	454.480804
1148.671875	421.192993
1147.575195	326.353394
1146.478516	719.442444
1145.381836	114.036293
1144.285156	224.443573
1143.187500	323.414337
1142.089844	101.182846
1140.992188	36.190510
1139.894531	107.839615
1138.795898	172.630219
1137.697266	105.405907
1136.598633	-102.841209
1135.499023	-74.425529
1134.400391	-114.234154
1133.300781	48.336632
1132.201172	-207.426346
1131.100586	-122.169510
1130.000977	-125.553543
1128.900391	-74.414139
1127.799805	-125.491898
1126.698242	-56.202789
1125.596680	-86.822609
1124.495117	-56.144543
1123.393555	26.717916
1122.291992	-137.731552
1121.189453	110.690659
1120.086914	270.568024
1118.984375	81.247955
1117.881836	401.999664
1116.778320	398.557556
1115.674805	521.993286
1114.571289	414.339783
1113.466797	284.089172
1112.363281	368.988525
1111.258789	356.514709
1110.153320	418.725983
1109.048828	422.089966
1107.943359	386.993744
1106.837891	471.776367
1105.732422	405.033142
1104.625977	247.894821
1103.520508	267.114166
1102.414063	256.943390
1101.306641	273.880096
1100.200195	180.147629
1099.092773	269.343933
1097.985352	227.567703
1096.877930	138.410217
1095.769531	110.207268
1094.661133	68.479416
1093.552734	-7.066885
1092.444336	14.376394
1091.335938	98.929764
1090.226563	-32.942142
1089.117188	213.808517
1088.006836	210.365082
1086.897461	222.687103
1085.787109	151.669235
1084.676758	227.013565
1083.566406	97.487015
1082.455078	139.026749
1081.343750	423.520416
1080.232422	581.910645
1079.121094	321.935059
1078.008789	221.688950
1076.896484	85.507187
1075.784180	52.748409
1074.671875	424.413849
1073.558594	113.014725
1072.445313	277.846893
1071.332031	539.132202
1070.217773	120.108421
1069.104492	19.946127
1067.990234	285.535645
1066.875977	93.362259
1065.760742	239.899963
1064.645508	141.944595
1063.530273	203.173050
1062.415039	-29.249447
1061.299805	-160.763199
1060.183594	-52.544720
1059.067383	109.350327
1057.951172	-71.453903
1056.833984	146.276154
1055.716797	209.441910
1054.599609	303.878418
1053.482422	181.233292
1052.364258	282.271240
1051.247070	-39.397240
1050.128906	112.996429
1049.009766	111.056755
1047.891602	-27.226669
1046.772461	-35.909687
1045.653320	-13.354371
1044.533203	-84.647774
1043.414063	-28.682892
1042.293945	-102.252121
1041.173828	-160.207657
1040.052734	38.388702
1038.932617	67.335648
1037.811523	-66.579399
1036.689453	-35.496086
1035.568359	62.405960
1034.446289	-33.673920
1033.324219	-194.372818
1032.202148	-252.580276
1031.079102	-94.791893
1029.957031	111.863853
1028.833984	44.564465
1027.709961	117.445724
1026.586914	-212.481888
1025.462891	-371.033295
1024.338867	-195.962372
1023.214844	143.511292
1022.089844	-195.248810
1020.964844	132.837524
1019.839844	-348.087860
1018.714844	253.009445
1017.588867	-56.835381
1016.462891	8.661249
1015.336914	-25.831450
1014.210938	-82.564171
1013.083984	-157.093674
1011.957031	183.197876
1010.830078	77.464088
1009.702148	51.532902
1008.574219	83.190269
1007.446289	693.253967
1006.318359	1065.869873
1005.190430	1613.265991
1004.061523	1692.990601
1002.932617	1343.013794
1001.802734	864.713928
1000.673828	379.930267
999.543945	258.203308
998.414063	353.276733
997.283203	83.267151
996.153320	397.119751
995.022461	469.763397
993.891602	403.049500
992.759766	561.690186
991.628906	921.244568
990.497070	1028.744629
989.364258	1140.529663
988.232422	1311.807861
987.099609	1763.257202
985.966797	1878.987549
984.833984	1928.399170
983.700195	1796.826904
982.566406	1962.957153
981.432617	1930.502563
980.298828	1723.847900
979.164063	1492.960815
978.029297	1114.480957
976.894531	1057.709106
975.759766	776.250977
974.624023	587.314209
973.488281	554.679443
972.352539	381.134003
971.215820	528.821106
970.080078	454.201019
968.943359	463.100983
967.805664	584.048462
966.668945	236.650711
965.531250	265.140900
964.393555	442.958710
963.254883	273.524475
962.117188	477.467560
960.978516	239.891922
959.839844	379.930939
958.700195	146.721725
957.561523	317.296509
956.421875	99.423073
955.281250	563.660583
954.141602	501.375641
953.000977	599.070251
951.860352	665.970154
950.719727	406.283356
949.578125	201.408447
948.436523	570.389893
947.294922	258.148651
946.153320	392.578247
945.010742	113.216049
943.868164	284.683014
942.725586	228.493973
941.583008	178.833664
940.439453	102.887871
939.295898	-18.989693
938.152344	232.881958
937.007813	-11.457886
935.863281	104.731453
934.718750	122.527565
933.574219	-169.810287
932.428711	221.247437
931.283203	-86.362961
930.137695	-68.739510
928.992188	90.636971
927.845703	-20.573093
926.699219	-81.616692
925.552734	81.880959
924.405273	105.758034
923.257813	-227.783005
922.110352	127.234268
920.962891	155.341034
919.814453	74.514244
918.666016	-36.781715
917.517578	-39.224545
916.369141	230.322556
915.219727	145.090500
914.070313	70.754860
912.920898	9.483769
911.770508	-103.964417
910.621094	-34.783478
909.470703	86.498230
908.319336	12.172033
907.168945	53.005192
906.017578	-27.802036
904.866211	-82.523010
903.713867	12.540327
902.562500	-16.120071
901.410156	-75.147522
900.256836	63.233925
899.104492	21.582647
897.951172	-132.783569
896.797852	-37.798115
895.644531	135.176361
894.490234	-6.067968
893.335938	32.556999
892.181641	-125.871864
891.027344	-22.230797
889.872070	-150.219620
888.716797	-113.652573
887.561523	78.711342
886.405273	322.924438
885.249023	208.092316
884.092773	37.143543
882.936523	244.588715
881.779297	4.648353
880.622070	-178.952911
879.464844	108.469383
878.307617	123.720795
877.149414	169.242798
875.991211	57.238380
874.833008	98.571701
873.673828	66.592651
872.514648	80.000130
871.355469	-70.415909
870.196289	31.570028
869.036133	172.378448
867.875977	24.440359
866.715820	-0.534362
865.554688	62.898441
864.394531	-123.398842
863.233398	101.697632
862.071289	339.696777
860.910156	130.085449
859.748047	331.599274
858.585938	186.822845
857.422852	300.273132
856.259766	301.985657
855.096680	394.093903
853.933594	-188.499069
852.770508	249.826553
851.606445	211.215088
850.442383	267.238495
849.277344	9.900662
848.113281	104.845993
846.948242	247.085632
845.783203	9.651892
844.617188	-120.292824
843.451172	35.183853
842.285156	122.125214
841.119141	243.469040
839.952148	-37.975422
838.785156	72.932465
837.618164	-287.285706
836.451172	55.219788
835.283203	76.574875
834.115234	-43.189911
832.947266	-30.057110
831.778320	-237.134888
830.609375	67.260971
829.440430	224.130142
828.271484	98.888275
827.101563	258.152130
825.931641	302.118683
824.761719	68.502190
823.590820	140.609100
822.420898	315.367523
821.250000	432.572632
820.078125	387.682953
818.907227	460.367584
817.735352	275.047424
816.562500	326.752930
815.390625	203.761444
814.217773	238.773743
813.044922	33.101372
811.872070	279.473236
810.698242	355.479645
809.524414	12.032992
808.350586	-301.251465
807.176758	60.678932
806.001953	203.393295
804.827148	63.211079
803.651367	-21.409874
802.476563	-203.638321
801.300781	-36.859055
800.125000	117.273651
798.948242	154.616241
797.772461	168.752106
796.595703	4.609758
795.417969	6.393499
794.241211	199.474503
793.063477	173.975143
791.885742	335.444305
790.707031	36.547146
789.529297	111.344551
788.350586	37.813110
787.170898	117.160103
785.992188	183.921661
784.812500	346.194000
783.632813	131.377472
782.452148	149.856140
781.272461	301.920288
780.091797	-5.425066
778.911133	-66.901779
777.729492	36.889782
776.547852	-53.891880
775.366211	3.599348
774.184570	-283.542511
773.001953	53.369190
771.819336	-114.992462
770.636719	-44.319008
769.453125	41.240170
768.269531	-223.796890
767.085938	-34.508850
765.902344	-113.359283
764.717773	88.701492
763.533203	-17.366058
762.348633	-74.754410
761.163086	-108.816368
759.977539	-195.498367
758.791992	-412.784271
757.606445	-191.421753
756.419922	122.642410
755.233398	-71.169846
754.046875	-22.579184
752.859375	42.893185
751.672852	-70.587540
750.485352	104.418533
749.296875	178.364258
748.108398	159.727280
746.919922	147.432816
745.731445	32.113010
744.542969	200.702682
743.353516	240.994492
742.164063	214.012466
740.973633	4.244402
739.783203	-49.998711
738.592773	74.268379
737.402344	-36.707390
736.211914	-128.776779
735.020508	436.012512
733.829102	234.682251
732.636719	259.928772
731.444336	163.467239
730.251953	83.749527
729.059570	-25.356451
727.866211	209.187134
726.673828	43.353638
725.479492	-158.106415
724.286133	-37.088413
723.091797	87.947159
721.897461	106.052216
720.703125	2.643803
719.507813	319.671600
718.312500	86.301331
717.117188	57.827335
715.921875	52.206165
714.725586	-26.729708
713.529297	50.928669
712.332031	117.931770
711.135742	234.848999
709.938477	36.208908
708.740234	432.462799
707.542969	266.876984
706.344727	585.282471
705.146484	1082.743164
703.948242	1112.557617
702.749023	1323.557007
701.549805	1404.986450
700.350586	1115.162842
699.150391	796.078308
697.950195	276.926636
696.750000	688.776123
695.549805	379.742340
694.348633	434.925690
693.147461	306.698334
691.946289	284.417603
690.744141	143.335175
689.541992	386.844971
688.339844	85.235664
687.136719	265.814880
685.934570	265.273407
684.730469	430.725647
683.527344	259.359955
682.323242	179.236465
681.119141	273.350891
679.915039	122.272324
678.710938	232.560959
677.505859	191.142410
676.300781	64.518456
675.094727	143.090958
673.889648	447.468475
672.683594	260.284302
671.476563	303.084625
670.270508	130.276794
669.063477	288.864044
667.856445	401.731537
666.648438	305.360596
665.440430	-153.243759
664.232422	-121.211319
663.024414	107.349030
661.815430	159.996277
660.606445	-138.887711
659.397461	44.151226
658.188477	88.713303
656.978516	-36.071507
655.768555	-319.719330
654.557617	-1.994892
653.346680	-49.696083
652.135742	-53.756886
650.924805	-92.603508
649.712891	-112.519447
648.501953	-202.180817
647.289063	-268.685913
646.077148	121.028305
644.864258	-187.777847
643.651367	-34.182594
642.438477	-129.352768
641.224609	11.058332
640.010742	106.843773
638.796875	112.795486
637.582031	64.043503
636.367188	34.783672
635.152344	278.156097
633.937500	119.309563
632.721680	87.162544
631.505859	45.997814
630.289063	207.642685
629.073242	156.884109
627.856445	407.642456
626.639648	353.811279
625.421875	371.539307
624.204102	302.769928
622.986328	-28.862637
621.768555	214.240585
620.549805	118.783134
619.331055	-68.744766
618.111328	-95.891167
616.892578	37.309017
