1721.000977	17.864759
1720.027344	185.980087
1719.052734	-118.123398
1718.078125	-53.361549
1717.104492	-215.075348
1716.128906	-49.116581
1715.154297	39.197178
1714.178711	80.701385
1713.204102	21.631161
1712.228516	77.324348
1711.251953	19.709318
1710.276367	-64.018509
1709.299805	-20.170200
1708.324219	110.241325
1707.347656	165.895828
1706.370117	-27.180763
1705.393555	129.977982
1704.416016	107.582504
1703.438477	-4.705662
1702.460938	2.884418
1701.483398	5.016628
1700.505859	45.166775
1699.527344	-40.245449
1698.548828	9.510803
1697.570313	265.895081
1696.591797	-32.323067
1695.612305	105.985840
1694.632813	169.968719
1693.653320	157.133896
1692.673828	215.556580
1691.694336	-68.125023
1690.713867	-40.668564
1689.734375	-61.832600
1688.753906	64.737572
1687.772461	170.707275
1686.791992	161.818573
1685.810547	94.192665
1684.830078	-27.005899
1683.848633	-8.170802
1682.866211	46.205215
1681.884766	34.291050
1680.902344	111.391594
1679.919922	63.686993
1678.937500	94.826927
1677.955078	26.687286
1676.971680	-10.955135
1675.989258	12.425586
1675.005859	56.095673
1674.022461	36.178963
1673.038086	8.618933
1672.054688	14.104547
1671.070313	29.731833
1670.085938	108.849152
1669.101563	-81.219048
1668.117188	-169.648575
1667.131836	-14.371507
1666.146484	-36.773899
1665.161133	55.028259
1664.175781	30.136534
1663.189453	101.646393
1662.204102	-65.165215
1661.217773	-176.111389
1660.231445	19.704483
1659.245117	-149.407120
1658.257813	26.134842
1657.270508	-120.024704
1656.284180	-109.050781
1655.295898	-60.073009
1654.308594	44.642921
1653.321289	65.856972
1652.333008	-74.825073
1651.344727	-182.500824
1650.356445	-87.730469
1649.367188	82.913811
1648.378906	-32.117302
1647.389648	22.305786
1646.400391	-143.084503
1645.411133	-70.838257
1644.420898	57.009167
1643.431641	-148.485474
1642.441406	-15.485409
1641.451172	11.501591
1640.459961	-178.522858
1639.469727	50.501884
1638.478516	-184.721985
1637.487305	-3.585727
1636.496094	152.326447
1635.504883	101.496628
1634.512695	83.517204
1633.520508	138.702332
1632.528320	78.025093
1631.536133	135.845245
1630.543945	188.670929
1629.550781	223.905029
1628.557617	166.038773
1627.564453	166.155289
1626.571289	339.981201
1625.578125	362.834930
1624.583984	327.874329
1623.589844	456.466003
1622.595703	466.884216
1621.601563	449.705048
1620.606445	626.115723
1619.611328	845.230408
1618.616211	931.153442
1617.621094	735.767273
1616.625977	834.343140
1615.629883	742.099609
1614.633789	923.566589
1613.637695	1029.715332
1612.641602	1103.248413
1611.645508	1028.784790
1610.648438	1002.044128
1609.651367	882.575378
1608.654297	886.049988
1607.657227	917.137451
1606.659180	1146.224609
1605.662109	994.418152
1604.664063	1075.672974
1603.666016	1181.975342
1602.666992	1263.218140
1601.668945	1064.080811
1600.669922	1298.059692
1599.670898	1234.182739
1598.671875	1110.314819
1597.671875	1339.213257
1596.672852	1302.959473
1595.672852	1089.212402
1594.672852	1005.569031
1593.671875	991.953003
1592.671875	800.960266
1591.670898	892.359253
1590.669922	871.339844
1589.668945	780.424011
1588.667969	564.727661
1587.666016	713.565063
1586.664063	515.459106
1585.662109	287.507080
1584.660156	511.178375
1583.658203	243.435577
1582.655273	245.104889
1581.652344	269.216949
1580.649414	156.236389
1579.646484	190.332855
1578.642578	124.750648
1577.638672	303.308533
1576.634766	138.114777
1575.630859	92.504143
1574.626953	106.654251
1573.622070	202.918884
1572.618164	239.428055
1571.613281	273.418793
1570.607422	133.271896
1569.602539	202.072571
1568.596680	104.248291
1567.590820	212.771393
1566.584961	209.403641
1565.579102	136.455658
1564.572266	215.050949
1563.566406	-83.901840
1562.559570	118.834404
1561.551758	170.025467
1560.544922	25.105524
1559.537109	282.231628
1558.530273	23.187693
1557.521484	-121.677597
1556.513672	-25.935011
1555.505859	106.941429
1554.497070	33.980621
1553.488281	30.426844
1552.479492	-7.836676
1551.470703	-31.241142
1550.460938	-121.541817
1549.451172	70.476456
1548.441406	-123.837181
1547.431641	-142.346451
1546.421875	-94.051765
1545.411133	199.140259
1544.400391	-44.616505
1543.389648	114.838707
1542.378906	182.712616
1541.367188	-51.082031
1540.355469	66.170311
1539.343750	2.954732
1538.332031	-75.085434
1537.320313	138.353317
1536.307617	-33.587734
1535.294922	-163.510223
1534.282227	-78.641823
1533.269531	-23.452387
1532.256836	56.361706
1531.243164	44.826496
1530.229492	35.735100
1529.215820	34.018147
1528.202148	-113.185715
1527.187500	-117.400246
1526.172852	-62.496227
1525.158203	-54.455070
1524.143555	-4.568696
1523.127930	126.532661
1522.113281	-25.604181
1521.097656	132.471207
1520.082031	226.460526
1519.065430	-201.306488
1518.049805	-139.324768
1517.033203	-47.888138
1516.016602	77.911324
1515.000000	-25.024805
1513.982422	-71.416634
1512.965820	-29.330099
1511.948242	160.130295
1510.930664	52.236904
1509.913086	118.744904
1508.894531	128.712463
1507.875977	123.920845
1506.857422	52.834236
1505.838867	-5.975747
1504.820313	35.807648
1503.800781	-148.133408
1502.781250	129.042053
1501.761719	-57.338444
1500.742188	65.215736
1499.721680	-32.894535
1498.702148	248.834839
1497.681641	145.784348
1496.661133	-84.610138
1495.639648	160.137192
1494.618164	-26.144194
1493.597656	-182.982178
1492.576172	-75.475876
1491.553711	80.891731
1490.532227	-110.183571
1489.509766	4.511549
1488.487305	-49.579067
1487.464844	84.577293
1486.442383	-67.307945
1485.418945	47.204102
1484.395508	-19.139919
1483.372070	134.365570
1482.348633	87.538460
1481.324219	-76.490005
1480.300781	108.621719
1479.276367	-55.367294
1478.251953	290.668579
1477.226563	-14.817170
1476.202148	111.530754
1475.176758	208.540695
1474.151367	198.228943
1473.125000	-19.283049
1472.099609	65.479187
1471.073242	164.804901
1470.046875	268.952606
1469.020508	-38.534237
1467.994141	206.819519
1466.966797	250.000519
1465.939453	74.110054
1464.912109	156.221878
1463.884766	111.786705
1462.856445	40.600754
1461.829102	273.422699
1460.800781	151.167740
1459.772461	262.313110
1458.743164	171.689194
1457.714844	309.504883
1456.685547	243.196823
1455.656250	405.211975
1454.625977	280.623871
1453.596680	228.927521
1452.566406	259.766571
1451.536133	186.247177
1450.505859	345.666656
1449.474609	262.451111
1448.444336	-38.973946
1447.413086	181.002075
1446.381836	122.121902
1445.350586	179.598892
1444.318359	222.507584
1443.286133	129.743057
1442.253906	252.578186
1441.221680	184.070038
1440.189453	197.908463
1439.156250	306.134827
1438.123047	106.990822
1437.089844	297.462189
1436.056641	212.106888
1435.022461	-98.123482
1433.988281	46.342728
1432.954102	67.471710
1431.919922	-17.741076
1430.885742	-148.817734
1429.850586	-183.208069
1428.815430	-212.742813
1427.780273	86.152534
1426.744141	150.739182
1425.708984	-163.639053
1424.672852	-147.269714
1423.636719	-145.373306
1422.600586	-73.512047
1421.563477	29.671944
1420.527344	21.919777
1419.490234	-48.503235
1418.452148	-48.998154
1417.415039	-141.037857
1416.376953	31.968225
1415.338867	36.311108
1414.300781	-103.817589
1413.262695	-0.710620
1412.224609	-179.257431
1411.185547	-1.556085
1410.146484	-175.195602
1409.107422	52.973621
1408.067383	112.700218
1407.027344	-58.412506
1405.987305	37.402195
1404.947266	20.229439
1403.907227	-1.726536
1402.866211	55.613045
1401.826172	-40.769306
1400.785156	124.648079
1399.743164	-70.130707
1398.702148	83.251678
1397.660156	-22.607771
1396.618164	123.524818
1395.576172	264.813568
1394.533203	480.395996
1393.491211	237.932892
1392.448242	376.748962
1391.405273	479.571106
1390.361328	438.580780
1389.318359	385.655426
1388.274414	474.078857
1387.230469	574.454834
1386.186523	583.825317
1385.141602	564.475403
1384.097656	391.996124
1383.052734	341.624603
1382.007813	707.525024
1380.961914	666.698242
1379.916992	652.217651
1378.871094	599.501038
1377.825195	628.087585
1376.778320	338.856110
1375.732422	334.073151
1374.685547	350.796356
1373.638672	346.037323
1372.591797	283.996216
1371.543945	248.247314
1370.497070	444.029541
1369.449219	224.573593
1368.400391	193.671432
1367.352539	305.905579
1366.303711	258.341827
1365.255859	101.161232
1364.206055	413.582245
1363.157227	163.526855
1362.108398	139.921936
1361.058594	213.992355
1360.008789	509.514038
1358.958984	254.944870
1357.908203	159.976532
1356.857422	184.055817
1355.806641	284.278290
1354.755859	313.108643
1353.705078	277.727386
1352.653320	-40.587730
1351.601563	83.421440
1350.549805	131.334839
1349.498047	191.123032
1348.445313	196.250290
1347.393555	156.269058
1346.340820	94.938141
1345.287109	154.723251
1344.234375	126.678688
1343.180664	-29.500128
1342.126953	-78.827652
1341.073242	-23.747400
1340.019531	211.567612
1338.964844	79.261475
1337.910156	198.310898
1336.855469	170.374878
1335.799805	156.672775
1334.745117	109.829857
1333.689453	-69.627113
1332.633789	9.122217
1331.578125	161.243698
1330.521484	173.648163
1329.464844	15.670566
1328.408203	37.588078
1327.351563	-35.111187
1326.294922	116.904640
1325.237305	25.317942
1324.179688	14.155988
1323.122070	135.361969
1322.064453	43.862488
1321.005859	-109.017433
1319.947266	54.674217
1318.888672	-36.724827
1317.830078	176.478638
1316.770508	89.824539
1315.710938	29.176956
1314.651367	-26.716221
1313.591797	-44.835613
1312.531250	-6.344352
1311.471680	105.237686
1310.411133	110.694756
1309.349609	19.522839
1308.289063	98.058441
1307.227539	70.550743
1306.166016	-8.751513
1305.104492	-24.433424
1304.042969	18.755857
1302.980469	17.205082
1301.917969	116.852417
1300.855469	21.188942
1299.792969	172.555359
1298.729492	114.556313
1297.666016	183.552765
1296.602539	76.228203
1295.539063	-56.894043
1294.474609	-30.184868
1293.411133	104.587456
1292.346680	2.091407
1291.281250	82.790794
1290.216797	-216.839539
1289.151367	-16.413269
1288.085938	38.445168
1287.020508	-282.081696
1285.955078	-234.212677
1284.888672	-127.739464
1283.822266	-138.532608
1282.755859	-39.145882
1281.689453	-3.071541
1280.622070	-123.992798
1279.554688	92.459984
1278.487305	53.551418
1277.419922	-57.919727
1276.351563	181.797958
1275.283203	-84.116318
1274.214844	-12.959490
1273.146484	-40.083138
1272.077148	-39.129356
1271.008789	-89.607979
1269.939453	0.206625
1268.869141	111.017586
1267.799805	116.634369
1266.729492	40.476025
1265.659180	57.790054
1264.588867	68.095985
1263.517578	-120.063599
1262.447266	-16.339272
1261.375977	40.662739
1260.304688	-135.682175
1259.232422	21.634466
1258.161133	-56.662998
1257.088867	249.812469
1256.016602	152.854202
1254.943359	293.671906
1253.871094	168.797470
1252.797852	269.956879
1251.724609	177.755997
1250.650391	241.615433
1249.577148	63.330750
1248.502930	245.912186
1247.428711	223.629593
1246.354492	261.856079
1245.279297	321.000671
1244.204102	168.494324
1243.128906	206.720886
1242.053711	224.015381
1240.977539	206.441177
1239.902344	158.682312
1238.826172	208.512909
1237.750000	130.587540
1236.672852	85.205933
1235.595703	86.282387
1234.518555	194.133392
1233.441406	60.609615
1232.364258	103.472862
1231.286133	157.915512
1230.208008	149.729736
1229.129883	99.821899
1228.051758	172.796555
1226.972656	-57.847198
1225.893555	10.506007
1224.814453	-13.821464
1223.734375	-123.825615
1222.655273	62.608891
1221.575195	8.210675
1220.495117	-87.814110
1219.415039	59.172318
1218.333984	111.246284
1217.252930	26.846323
1216.171875	-78.318481
1215.090820	-53.963860
1214.008789	76.704330
1212.926758	186.527908
1211.844727	-283.581940
1210.762695	-58.217834
1209.679688	-285.575867
1208.597656	-208.054672
1207.513672	-89.022804
1206.430664	-115.416222
1205.347656	-153.325500
1204.263672	27.929363
1203.179688	-259.056061
1202.095703	-216.183029
1201.010742	31.841721
1199.925781	169.140121
1198.840820	-103.763329
1197.755859	63.474186
1196.670898	14.146695
1195.584961	-81.208313
1194.499023	37.592525
1193.413086	64.285591
1192.326172	-81.616982
1191.239258	207.380630
1190.152344	132.838013
1189.065430	111.230812
1187.978516	2.277824
1186.890625	118.642593
1185.802734	205.092331
1184.714844	66.349701
1183.625977	51.716000
1182.538086	57.776234
1181.449219	114.351700
1180.360352	175.505402
1179.270508	234.342361
1178.180664	180.731232
1177.090820	471.260834
1176.000977	410.763245
1174.911133	288.392670
1173.820313	49.163410
1172.729492	114.888313
1171.638672	373.080048
1170.547852	117.988556
1169.456055	153.905472
1168.364258	-52.918915
1167.272461	-172.639938
1166.179688	76.216652
1165.087891	36.637684
1163.995117	207.570786
1162.902344	312.103027
1161.808594	432.602295
1160.715820	356.433167
1159.622070	428.886108
1158.528320	489.890961
1157.433594	459.477661
1156.339844	355.994049
1155.245117	462.676056
1154.149414	498.530365
1153.054688	552.646973
1151.958984	688.908203
1150.863281	950.618774
1149.767578	847.210083
1148.671875	860.178040
1147.575195	761.409119
1146.478516	719.687439
1145.381836	910.480469
1144.285156	777.609314
1143.187500	658.470154
1142.089844	384.503265
1140.992188	390.768951
1139.894531	438.020813
1138.795898	314.535004
1137.697266	163.802444
1136.598633	286.170502
1135.499023	-53.282944
1134.400391	260.124329
1133.300781	-74.611809
1132.201172	172.742676
1131.100586	-27.731441
1130.000977	33.193859
1128.900391	103.177597
1127.799805	191.303284
1126.698242	-40.774029
1125.596680	-75.242348
1124.495117	-3.019046
1123.393555	-26.128942
1122.291992	-19.734549
1121.189453	-51.905468
1120.086914	217.531555
1118.984375	126.380791
1117.881836	406.990417
1116.778320	429.136505
1115.674805	43.468842
1114.571289	319.371704
1113.466797	269.046967
1112.363281	268.558197
1111.258789	417.456085
1110.153320	165.720551
1109.048828	242.166168
1107.943359	293.686340
1106.837891	250.195374
1105.732422	215.762070
1104.625977	319.223938
1103.520508	232.799835
1102.414063	383.646729
1101.306641	220.416382
1100.200195	386.992676
1099.092773	133.499329
1097.985352	151.005920
1096.877930	28.563593
1095.769531	59.597668
1094.661133	286.873962
1093.552734	191.510025
1092.444336	152.550125
1091.335938	118.103020
1090.226563	331.581238
1089.117188	83.003563
1088.006836	73.323486
1086.897461	47.871235
1085.787109	231.832825
1084.676758	89.245560
1083.566406	196.551163
1082.455078	267.778259
1081.343750	244.460281
1080.232422	295.362152
1079.121094	132.580826
1078.008789	244.141953
1076.896484	169.061401
1075.784180	264.787689
1074.671875	209.911865
1073.558594	251.621613
1072.445313	88.920158
1071.332031	153.041153
1070.217773	214.854813
1069.104492	207.047211
1067.990234	262.035248
1066.875977	-75.600624
1065.760742	230.549774
1064.645508	171.045456
1063.530273	44.286072
1062.415039	7.200554
1061.299805	-94.881760
1060.183594	47.226513
1059.067383	-3.378393
1057.951172	152.010788
1056.833984	204.308884
1055.716797	120.016525
1054.599609	228.165176
1053.482422	61.055882
1052.364258	68.436356
1051.247070	326.230774
1050.128906	83.074959
1049.009766	34.439777
1047.891602	271.824768
1046.772461	-24.903917
1045.653320	187.725296
1044.533203	163.496078
1043.414063	174.962006
1042.293945	-224.337265
1041.173828	-110.233658
1040.052734	-96.634079
1038.932617	79.751686
1037.811523	-65.130707
1036.689453	140.040222
1035.568359	90.961182
1034.446289	-82.952644
1033.324219	-163.260437
1032.202148	19.268602
1031.079102	239.514450
1029.957031	156.804138
1028.833984	69.617905
1027.709961	-13.139691
1026.586914	-158.207748
1025.462891	126.059769
1024.338867	-217.030655
1023.214844	-110.874100
1022.089844	52.968693
1020.964844	167.782883
1019.839844	-39.702560
1018.714844	52.747227
1017.588867	-128.092697
1016.462891	-113.509178
1015.336914	-81.233162
1014.210938	13.111867
1013.083984	38.556709
1011.957031	112.733688
1010.830078	87.005707
1009.702148	-36.348507
1008.574219	-53.297001
1007.446289	302.057343
1006.318359	579.629211
1005.190430	852.577576
1004.061523	1016.798096
1002.932617	837.645386
1001.802734	313.130341
1000.673828	198.276245
999.543945	211.746811
998.414063	335.765045
997.283203	506.100555
996.153320	183.162811
995.022461	618.625977
993.891602	890.255310
992.759766	1119.697266
991.628906	1410.837402
990.497070	1977.875000
989.364258	2736.701416
988.232422	2852.641113
987.099609	3319.416504
985.966797	3684.397949
984.833984	3881.462402
983.700195	3767.339111
982.566406	3785.517822
981.432617	3186.274170
980.298828	2948.744873
979.164063	2649.540039
978.029297	2218.206543
976.894531	1714.312500
975.759766	1347.124390
974.624023	1090.118896
973.488281	874.988770
972.352539	673.096619
971.215820	574.635193
970.080078	524.558167
968.943359	307.286774
967.805664	406.662231
966.668945	534.516418
965.531250	387.520477
964.393555	541.552063
963.254883	330.782440
962.117188	390.196289
960.978516	190.415665
959.839844	227.751205
958.700195	462.526428
957.561523	236.359299
956.421875	207.663666
955.281250	235.936340
954.141602	180.828903
953.000977	160.756958
951.860352	331.317810
950.719727	297.965576
949.578125	260.185791
948.436523	115.052551
947.294922	184.525940
946.153320	70.026993
945.010742	226.917206
943.868164	103.603973
942.725586	-39.387077
941.583008	-59.875008
940.439453	109.831764
939.295898	135.132095
938.152344	-156.538101
937.007813	-91.946198
935.863281	-79.851364
934.718750	130.957794
933.574219	62.129269
932.428711	183.220886
931.283203	232.198318
930.137695	-96.384132
928.992188	35.478088
927.845703	112.713959
926.699219	28.522757
925.552734	-182.099670
924.405273	176.220032
923.257813	-62.720062
922.110352	53.542763
920.962891	15.091374
919.814453	185.680099
918.666016	86.218468
917.517578	-222.161728
916.369141	-38.611897
915.219727	-98.831703
914.070313	-43.749367
912.920898	-51.757423
911.770508	-194.567169
910.621094	-337.298706
909.470703	132.832367
908.319336	103.049873
907.168945	-161.282867
906.017578	-15.069802
904.866211	-79.505592
903.713867	21.053198
902.562500	-6.440298
901.410156	100.597511
900.256836	159.876953
899.104492	-114.792473
897.951172	35.614429
896.797852	64.598305
895.644531	58.925148
894.490234	-31.218260
893.335938	-47.640892
892.181641	9.609818
891.027344	25.738401
889.872070	-144.259552
888.716797	-86.910889
887.561523	-49.013969
886.405273	-30.563267
885.249023	186.882050
884.092773	58.358612
882.936523	-50.595013
881.779297	35.041592
880.622070	99.095810
879.464844	-54.975807
878.307617	-23.192282
877.149414	90.678001
875.991211	-15.600320
874.833008	154.469360
873.673828	199.392288
872.514648	95.541321
871.355469	62.984322
870.196289	82.271584
869.036133	84.383247
867.875977	108.133240
866.715820	58.711479
865.554688	7.243836
864.394531	326.305176
863.233398	236.242523
862.071289	81.739220
860.910156	112.492546
859.748047	233.690918
858.585938	253.845657
857.422852	289.147675
856.259766	204.149078
855.096680	284.815002
853.933594	283.901550
852.770508	59.667740
851.606445	138.517700
850.442383	120.819359
849.277344	-70.654831
848.113281	148.072128
846.948242	201.582230
845.783203	-10.835357
844.617188	308.924225
843.451172	193.347092
842.285156	84.396049
841.119141	48.516281
839.952148	184.225998
838.785156	-22.775415
837.618164	160.303726
836.451172	112.170120
835.283203	166.968292
834.115234	170.522873
832.947266	368.966187
831.778320	261.524048
830.609375	179.957016
829.440430	372.308380
828.271484	306.037384
827.101563	346.827148
825.931641	430.498993
824.761719	618.981689
823.590820	408.110962
822.420898	426.005402
821.250000	512.370605
820.078125	372.608215
818.907227	755.902100
817.735352	390.337402
816.562500	509.292114
815.390625	321.290802
814.217773	314.763062
813.044922	351.037537
811.872070	283.049957
810.698242	296.220825
809.524414	435.225739
808.350586	131.408356
807.176758	59.963844
806.001953	86.631218
804.827148	156.016830
803.651367	155.334412
802.476563	97.397354
801.300781	288.451904
800.125000	67.150352
798.948242	-13.599086
797.772461	63.107262
796.595703	-8.767795
795.417969	-67.700554
794.241211	26.451704
793.063477	82.509758
791.885742	174.786270
790.707031	88.934845
789.529297	264.227570
788.350586	199.924377
787.170898	125.207359
785.992188	67.639458
784.812500	50.522079
783.632813	-106.287926
782.452148	109.977478
781.272461	-48.595798
780.091797	49.266869
778.911133	-206.312988
777.729492	37.860458
776.547852	-280.798767
775.366211	-146.458649
774.184570	32.364048
773.001953	-152.462006
771.819336	-208.123245
770.636719	-219.252975
769.453125	-124.607529
768.269531	-162.980453
767.085938	-207.560989
765.902344	-184.444778
764.717773	-36.684090
763.533203	-78.840843
762.348633	-63.911343
761.163086	-82.648140
759.977539	75.868736
758.791992	42.517693
757.606445	-144.624695
756.419922	-23.903883
755.233398	84.186386
754.046875	44.833752
752.859375	-23.923548
751.672852	-119.967529
750.485352	51.427563
749.296875	92.305618
748.108398	-72.991959
746.919922	125.738632
745.731445	53.110317
744.542969	-114.074585
743.353516	23.639872
742.164063	89.849541
740.973633	-129.706528
739.783203	-92.886665
738.592773	118.220596
737.402344	266.231812
736.211914	38.422672
735.020508	110.802589
733.829102	132.768982
732.636719	261.674927
731.444336	-89.753029
730.251953	217.277420
729.059570	44.106445
727.866211	46.998188
726.673828	-50.737629
725.479492	100.773605
724.286133	46.917015
723.091797	93.507538
721.897461	112.786034
720.703125	-22.885447
719.507813	232.648834
718.312500	-5.660796
717.117188	132.448395
715.921875	19.509766
714.725586	73.728043
713.529297	196.766296
712.332031	121.156471
711.135742	283.568970
709.938477	36.494171
708.740234	194.418243
707.542969	335.433716
706.344727	359.392242
705.146484	504.197296
703.948242	648.789429
702.749023	682.650757
701.549805	793.481750
700.350586	603.981689
699.150391	404.000366
697.950195	291.456451
696.750000	222.548264
695.549805	422.126923
694.348633	459.078339
693.147461	452.149384
691.946289	289.012726
690.744141	238.132416
689.541992	413.818573
688.339844	373.027527
687.136719	369.525299
685.934570	351.333466
684.730469	501.306885
683.527344	441.269012
682.323242	329.205963
681.119141	472.455200
679.915039	474.363068
678.710938	388.993317
677.505859	216.416107
676.300781	234.663589
675.094727	192.670609
673.889648	183.798737
672.683594	81.584633
671.476563	-91.097488
670.270508	163.070984
669.063477	69.097038
667.856445	107.693352
666.648438	15.839169
665.440430	81.360619
664.232422	51.698658
663.024414	-13.062083
661.815430	-160.452332
660.606445	-45.044739
659.397461	-12.265633
658.188477	39.248005
656.978516	-107.470383
655.768555	-65.915245
654.557617	81.186409
653.346680	-91.593735
652.135742	-113.293663
650.924805	183.195709
649.712891	238.471970
648.501953	-167.994049
647.289063	-35.517097
646.077148	181.912369
644.864258	-43.473625
643.651367	111.039909
642.438477	146.572525
641.224609	83.860733
640.010742	-72.856270
638.796875	-136.084564
637.582031	124.728195
636.367188	36.409153
635.152344	185.682571
633.937500	23.191063
632.721680	-0.370648
631.505859	-2.241877
630.289063	-39.917141
629.073242	172.347382
627.856445	38.618164
626.639648	278.167847
625.421875	85.784019
624.204102	256.427643
622.986328	108.431892
621.768555	159.268677
620.549805	-48.622883
619.331055	-53.453003
618.111328	-29.558739
616.892578	33.350327
