1721.000977	243.645782
1720.027344	-28.600483
1719.052734	177.216492
1718.078125	-22.903454
1717.104492	261.470367
1716.128906	129.791718
1715.154297	79.835686
1714.178711	-34.587959
1713.204102	-118.559692
1712.228516	84.151489
1711.251953	-295.161835
1710.276367	311.570770
1709.299805	-50.327538
1708.324219	-130.696274
1707.347656	-11.647996
1706.370117	245.279510
1705.393555	-107.141769
1704.416016	69.904366
1703.438477	213.403564
1702.460938	-152.266968
1701.483398	282.275452
1700.505859	0.707998
1699.527344	-17.704681
1698.548828	160.467361
1697.570313	-90.767807
1696.591797	-112.179878
1695.612305	-3.512089
1694.632813	-252.442734
1693.653320	78.021156
1692.673828	53.512802
1691.694336	-136.936447
1690.713867	-13.665730
1689.734375	30.422112
1688.753906	48.886597
1687.772461	306.880676
1686.791992	-138.748840
1685.810547	73.169525
1684.830078	-153.246262
1683.848633	27.905058
1682.866211	-12.646690
1681.884766	76.647591
1680.902344	114.930367
1679.919922	137.893341
1678.937500	13.234285
1677.955078	275.289429
1676.971680	71.734955
1675.989258	-17.299074
1675.005859	-85.992012
1674.022461	208.821304
1673.038086	-9.871223
1672.054688	132.340988
1671.070313	76.326653
1670.085938	-185.386459
1669.101563	-12.776327
1668.117188	101.376213
1667.131836	169.780777
1666.146484	316.833588
1665.161133	90.878365
1664.175781	138.981308
1663.189453	78.009804
1662.204102	-15.861785
1661.217773	-152.795120
1660.231445	-142.648804
1659.245117	47.422081
1658.257813	95.542236
1657.270508	44.881969
1656.284180	22.142574
1655.295898	-84.155525
1654.308594	-15.703244
1653.321289	-202.866516
1652.333008	156.592316
1651.344727	68.165024
1650.356445	68.320694
1649.367188	182.273392
1648.378906	-17.265699
1647.389648	73.963272
1646.400391	81.785553
1645.411133	274.072205
1644.420898	-218.273361
1643.431641	-86.564102
1642.441406	259.721649
1641.451172	262.561005
1640.459961	38.249863
1639.469727	-120.312248
1638.478516	18.898333
1637.487305	271.583038
1636.496094	304.784424
1635.504883	297.656250
1634.512695	537.572571
1633.520508	527.904419
1632.528320	306.606323
1631.536133	332.304688
1630.543945	635.069153
1629.550781	361.049103
1628.557617	698.947510
1627.564453	913.386597
1626.571289	1011.992798
1625.578125	1032.577759
1624.583984	1075.791016
1623.589844	1242.239624
1622.595703	1124.496948
1621.601563	1396.482178
1620.606445	1462.247192
1619.611328	1515.433960
1618.616211	1664.080933
1617.621094	1405.757690
1616.625977	1489.096069
1615.629883	1620.095459
1614.633789	1452.325562
1613.637695	1239.461182
1612.641602	1335.328125
1611.645508	1436.181152
1610.648438	1486.816772
1609.651367	1645.267334
1608.654297	1377.442261
1607.657227	1771.483521
1606.659180	1581.423828
1605.662109	1957.724976
1604.664063	1787.751953
1603.666016	1733.062622
1602.666992	1761.009888
1601.668945	1836.530518
1600.669922	2064.682861
1599.670898	1662.128052
1598.671875	1635.025879
1597.671875	1570.393677
1596.672852	1778.400269
1595.672852	1501.235107
1594.672852	1619.151367
1593.671875	1074.686035
1592.671875	1052.707153
1591.670898	908.298950
1590.669922	946.283020
1589.668945	1146.561279
1588.667969	735.068909
1587.666016	608.282410
1586.664063	683.691528
1585.662109	769.043884
1584.660156	535.046326
1583.658203	525.606689
1582.655273	438.846344
1581.652344	441.862274
1580.649414	150.755890
1579.646484	251.005585
1578.642578	84.599792
1577.638672	433.879883
1576.634766	103.125053
1575.630859	200.761002
1574.626953	-124.843170
1573.622070	-144.208649
1572.618164	244.527176
1571.613281	-41.117439
1570.607422	160.834122
1569.602539	-184.370728
1568.596680	206.466034
1567.590820	244.160583
1566.584961	83.017723
1565.579102	36.228992
1564.572266	143.451172
1563.566406	228.289185
1562.559570	79.652168
1561.551758	17.944643
1560.544922	-28.833891
1559.537109	60.868362
1558.530273	215.052872
1557.521484	98.754288
1556.513672	22.198343
1555.505859	77.081062
1554.497070	-150.680786
1553.488281	-177.600891
1552.479492	147.350418
1551.470703	150.101288
1550.460938	-198.884552
1549.451172	-25.218412
1548.441406	-7.602962
1547.431641	76.835304
1546.421875	-224.826950
1545.411133	-125.553627
1544.400391	5.838941
1543.389648	-23.584280
1542.378906	-30.738770
1541.367188	18.952705
1540.355469	-171.126984
1539.343750	83.682915
1538.332031	296.386871
1537.320313	29.807732
1536.307617	-56.395092
1535.294922	-21.571156
1534.282227	10.774308
1533.269531	154.173187
1532.256836	201.286255
1531.243164	-92.074593
1530.229492	-54.798016
1529.215820	2.200642
1528.202148	-83.810371
1527.187500	-41.616741
1526.172852	-24.075899
1525.158203	-284.944977
1524.143555	-134.315048
1523.127930	-84.727562
1522.113281	-175.480316
1521.097656	73.526718
1520.082031	73.857918
1519.065430	-36.547600
1518.049805	-181.315918
1517.033203	-60.372169
1516.016602	-50.126713
1515.000000	53.563763
1513.982422	76.093628
1512.965820	-26.686911
1511.948242	-421.817932
1510.930664	-62.582993
1509.913086	-66.977425
1508.894531	-32.075462
1507.875977	113.313881
1506.857422	-53.058655
1505.838867	107.049843
1504.820313	605.698669
1503.800781	64.083351
1502.781250	204.509888
1501.761719	43.316906
1500.742188	276.901611
1499.721680	88.844353
1498.702148	99.396729
1497.681641	48.710987
1496.661133	311.598785
1495.639648	82.173859
1494.618164	97.710648
1493.597656	61.891651
1492.576172	38.342171
1491.553711	-210.282700
1490.532227	174.832352
1489.509766	-34.509403
1488.487305	348.016998
1487.464844	121.691483
1486.442383	196.135773
1485.418945	-12.893443
1484.395508	-102.079247
1483.372070	45.750839
1482.348633	154.484131
1481.324219	1.947800
1480.300781	137.585022
1479.276367	256.106201
1478.251953	91.577927
1477.226563	27.167345
1476.202148	-59.102715
1475.176758	76.593750
1474.151367	185.463699
1473.125000	191.945953
1472.099609	-50.079720
1471.073242	212.369339
1470.046875	60.654102
1469.020508	245.134415
1467.994141	166.621277
1466.966797	139.295975
1465.939453	146.109055
1464.912109	345.201569
1463.884766	206.103195
1462.856445	234.927078
1461.829102	713.686462
1460.800781	411.845551
1459.772461	428.614166
1458.743164	805.088074
1457.714844	457.416748
1456.685547	488.887024
1455.656250	559.257324
1454.625977	661.205627
1453.596680	704.915955
1452.566406	365.161987
1451.536133	518.213562
1450.505859	515.984985
1449.474609	487.119232
1448.444336	172.176712
1447.413086	630.847595
1446.381836	451.856445
1445.350586	435.375305
1444.318359	675.783813
1443.286133	111.878479
1442.253906	398.388031
1441.221680	583.132874
1440.189453	503.974457
1439.156250	589.484009
1438.123047	396.725342
1437.089844	358.948517
1436.056641	251.100876
1435.022461	116.742134
1433.988281	217.031509
1432.954102	239.982666
1431.919922	-14.951257
1430.885742	78.231674
1429.850586	224.569962
1428.815430	-271.560760
1427.780273	31.866781
1426.744141	57.572903
1425.708984	-109.758163
1424.672852	15.029157
1423.636719	149.472198
1422.600586	-58.612755
1421.563477	-76.040283
1420.527344	-122.322166
1419.490234	159.309082
1418.452148	-106.234421
1417.415039	-120.990234
1416.376953	-17.649544
1415.338867	196.502136
1414.300781	-143.236603
1413.262695	-131.268280
1412.224609	-116.839249
1411.185547	-34.988186
1410.146484	-128.754898
1409.107422	27.750996
1408.067383	85.627663
1407.027344	184.415176
1405.987305	59.646427
1404.947266	7.092618
1403.907227	72.360855
1402.866211	-56.950420
1401.826172	-49.228447
1400.785156	232.290421
1399.743164	21.553295
1398.702148	317.449890
1397.660156	344.478516
1396.618164	501.114166
1395.576172	760.887634
1394.533203	979.819702
1393.491211	786.301331
1392.448242	1127.501465
1391.405273	1274.470703
1390.361328	1397.452759
1389.318359	1618.672119
1388.274414	2029.059814
1387.230469	2111.246338
1386.186523	2162.324951
1385.141602	1741.861694
1384.097656	2427.287842
1383.052734	2607.606934
1382.007813	2426.681641
1380.961914	2496.994385
1379.916992	2325.833008
1378.871094	2083.061035
1377.825195	2198.957031
1376.778320	1767.624756
1375.732422	1463.156006
1374.685547	1674.780151
1373.638672	1413.525513
1372.591797	1405.506714
1371.543945	1302.046387
1370.497070	1470.743896
1369.449219	687.395508
1368.400391	1154.403076
1367.352539	1308.832642
1366.303711	867.117249
1365.255859	997.787537
1364.206055	1137.955566
1363.157227	1015.994690
1362.108398	1046.600708
1361.058594	1139.151123
1360.008789	881.638611
1358.958984	1138.543091
1357.908203	1012.128906
1356.857422	1180.904175
1355.806641	1192.610596
1354.755859	814.226074
1353.705078	804.673889
1352.653320	849.841858
1351.601563	761.899841
1350.549805	828.519165
1349.498047	880.884949
1348.445313	477.113495
1347.393555	669.740051
1346.340820	601.087830
1345.287109	796.023621
1344.234375	252.701553
1343.180664	711.114990
1342.126953	647.376892
1341.073242	346.480835
1340.019531	508.213470
1338.964844	454.125183
1337.910156	151.176346
1336.855469	433.800110
1335.799805	379.839905
1334.745117	65.341782
1333.689453	39.961948
1332.633789	99.871597
1331.578125	143.207001
1330.521484	-14.655042
1329.464844	19.263271
1328.408203	79.219292
1327.351563	-173.072571
1326.294922	-70.481926
1325.237305	29.713943
1324.179688	127.525894
1323.122070	-266.276978
1322.064453	216.760025
1321.005859	-70.546577
1319.947266	-187.648865
1318.888672	-68.541389
1317.830078	57.619198
1316.770508	120.007027
1315.710938	-15.837912
1314.651367	164.546890
1313.591797	-240.118225
1312.531250	-128.123871
1311.471680	-233.067642
1310.411133	244.295837
1309.349609	-25.641134
1308.289063	142.836227
1307.227539	-308.319519
1306.166016	-274.078308
1305.104492	216.985352
1304.042969	62.793011
1302.980469	-164.289429
1301.917969	-5.329592
1300.855469	3.002298
1299.792969	-158.008881
1298.729492	-67.315453
1297.666016	13.950416
1296.602539	257.390045
1295.539063	-150.250748
1294.474609	-19.640955
1293.411133	89.791122
1292.346680	-42.725880
1291.281250	94.852806
1290.216797	-112.701988
1289.151367	-10.347024
1288.085938	-53.509491
1287.020508	255.265503
1285.955078	8.028547
1284.888672	485.515167
1283.822266	13.278577
1282.755859	221.021759
1281.689453	379.473083
1280.622070	116.122055
1279.554688	173.816788
1278.487305	477.404816
1277.419922	-139.317093
1276.351563	185.289078
1275.283203	144.661270
1274.214844	111.080620
1273.146484	472.886902
1272.077148	170.290482
1271.008789	305.124237
1269.939453	334.699707
1268.869141	359.589172
1267.799805	330.738647
1266.729492	147.705902
1265.659180	329.155365
1264.588867	328.379913
1263.517578	280.912445
1262.447266	196.136398
1261.375977	251.426086
1260.304688	220.371658
1259.232422	284.978729
1258.161133	309.927490
1257.088867	388.498688
1256.016602	695.507080
1254.943359	226.253159
1253.871094	439.975708
1252.797852	478.881409
1251.724609	673.835632
1250.650391	335.439941
1249.577148	337.126221
1248.502930	692.618896
1247.428711	575.554810
1246.354492	749.383301
1245.279297	660.285950
1244.204102	466.587128
1243.128906	686.855225
1242.053711	402.598206
1240.977539	353.202759
1239.902344	380.528381
1238.826172	321.891541
1237.750000	535.034485
1236.672852	253.488693
1235.595703	441.029510
1234.518555	166.616013
1233.441406	226.490463
1232.364258	200.510391
1231.286133	269.646729
1230.208008	292.385773
1229.129883	-34.963806
1228.051758	164.021896
1226.972656	247.054169
1225.893555	165.558640
1224.814453	9.986604
1223.734375	146.295456
1222.655273	363.605804
1221.575195	-16.423422
1220.495117	15.693867
1219.415039	-63.257076
1218.333984	19.771090
1217.252930	7.948029
1216.171875	35.455467
1215.090820	46.779816
1214.008789	169.052460
1212.926758	37.093380
1211.844727	129.306946
1210.762695	43.638561
1209.679688	-196.708084
1208.597656	71.010216
1207.513672	163.179901
1206.430664	-300.845093
1205.347656	-47.089611
1204.263672	-229.416229
1203.179688	-24.194607
1202.095703	-68.071198
1201.010742	-86.562874
1199.925781	83.958694
1198.840820	-121.170540
1197.755859	383.350250
1196.670898	217.433167
1195.584961	53.897373
1194.499023	251.894501
1193.413086	155.203827
1192.326172	-97.914040
1191.239258	-228.971619
1190.152344	-63.234550
1189.065430	-173.513397
1187.978516	166.900787
1186.890625	-67.481346
1185.802734	-2.990800
1184.714844	169.473938
1183.625977	185.669647
1182.538086	66.379494
1181.449219	224.976440
1180.360352	190.691864
1179.270508	71.511108
1178.180664	404.425232
1177.090820	218.754440
1176.000977	420.785706
1174.911133	455.352936
1173.820313	455.523499
1172.729492	153.165268
1171.638672	368.832794
1170.547852	786.023987
1169.456055	348.690979
1168.364258	651.223083
1167.272461	406.456024
1166.179688	381.543213
1165.087891	812.059998
1163.995117	386.704071
1162.902344	1064.089111
1161.808594	1064.253296
1160.715820	1178.754272
1159.622070	1336.643311
1158.528320	1140.237061
1157.433594	1236.386353
1156.339844	820.812561
1155.245117	544.744812
1154.149414	243.684769
1153.054688	506.638947
1151.958984	221.719269
1150.863281	511.955170
1149.767578	334.400940
1148.671875	250.446793
1147.575195	275.986450
1146.478516	137.379272
1145.381836	-26.234528
1144.285156	332.074280
1143.187500	68.256012
1142.089844	319.334045
1140.992188	123.964111
1139.894531	144.977768
1138.795898	68.100677
1137.697266	-347.821594
1136.598633	-206.125549
1135.499023	-437.548401
1134.400391	102.095512
1133.300781	109.449455
1132.201172	-155.980957
1131.100586	-37.218163
1130.000977	-2.570725
1128.900391	-70.170776
1127.799805	-174.081146
1126.698242	-89.488365
1125.596680	-211.519745
1124.495117	174.896286
1123.393555	123.196510
1122.291992	334.673187
1121.189453	505.217865
1120.086914	360.482422
1118.984375	1075.034546
1117.881836	1410.738525
1116.778320	1297.591431
1115.674805	987.381897
1114.571289	1055.567993
1113.466797	1114.644653
1112.363281	1284.629395
1111.258789	1164.786255
1110.153320	1155.864258
1109.048828	1038.336060
1107.943359	882.385498
1106.837891	810.164368
1105.732422	552.554688
1104.625977	668.017944
1103.520508	738.218079
1102.414063	532.702148
1101.306641	661.580505
1100.200195	582.605042
1099.092773	429.123474
1097.985352	460.797363
1096.877930	575.938232
1095.769531	-134.859756
1094.661133	278.086487
1093.552734	178.838440
1092.444336	478.725159
1091.335938	489.884247
1090.226563	374.778931
1089.117188	266.455566
1088.006836	43.242527
1086.897461	281.841217
1085.787109	40.639832
1084.676758	227.270752
1083.566406	539.826660
1082.455078	627.161133
1081.343750	718.914368
1080.232422	709.366638
1079.121094	670.545959
1078.008789	618.200439
1076.896484	622.030884
1075.784180	439.286224
1074.671875	645.271973
1073.558594	628.728027
1072.445313	347.138733
1071.332031	564.079041
1070.217773	381.290833
1069.104492	429.699066
1067.990234	303.011108
1066.875977	140.434082
1065.760742	305.305267
1064.645508	436.411957
1063.530273	327.534180
1062.415039	167.096619
1061.299805	264.353973
1060.183594	240.526154
1059.067383	153.931870
1057.951172	33.724277
1056.833984	123.935638
1055.716797	-85.880798
1054.599609	321.932037
1053.482422	2.406216
1052.364258	262.243713
1051.247070	182.003967
1050.128906	-52.542782
1049.009766	108.557274
1047.891602	46.051418
1046.772461	213.604111
1045.653320	77.230095
1044.533203	1.125104
1043.414063	9.822113
1042.293945	-95.413330
1041.173828	232.248260
1040.052734	30.898861
1038.932617	-103.515862
1037.811523	-93.010147
1036.689453	207.238998
1035.568359	224.181595
1034.446289	-28.636442
1033.324219	-190.082336
1032.202148	-33.002762
1031.079102	228.572723
1029.957031	51.319542
1028.833984	-108.150650
1027.709961	-432.340912
1026.586914	26.737137
1025.462891	-35.035671
1024.338867	-14.592271
1023.214844	-221.052612
1022.089844	14.848154
1020.964844	-200.625320
1019.839844	-111.690590
1018.714844	59.298080
1017.588867	305.607269
1016.462891	96.503967
1015.336914	260.346893
1014.210938	151.014267
1013.083984	150.344711
1011.957031	236.088074
1010.830078	119.851189
1009.702148	41.245892
1008.574219	882.596619
1007.446289	1138.314941
1006.318359	2395.406250
1005.190430	2989.401367
1004.061523	3607.368652
1002.932617	2677.071045
1001.802734	1603.170166
1000.673828	447.760925
999.543945	317.325928
998.414063	427.987610
997.283203	357.099304
996.153320	195.473053
995.022461	221.722031
993.891602	378.254211
992.759766	417.465668
991.628906	578.071655
990.497070	590.483643
989.364258	867.763733
988.232422	871.043884
987.099609	1008.840515
985.966797	1150.873047
984.833984	1069.887695
983.700195	1339.536011
982.566406	1229.631470
981.432617	1075.564941
980.298828	1223.446167
979.164063	1073.619629
978.029297	507.323395
976.894531	610.821411
975.759766	775.821167
974.624023	572.922974
973.488281	720.007813
972.352539	587.416138
971.215820	344.744141
970.080078	412.254181
968.943359	358.647949
967.805664	432.472809
966.668945	339.099152
965.531250	291.798615
964.393555	574.000061
963.254883	649.455688
962.117188	509.554321
960.978516	575.994873
959.839844	629.130493
958.700195	370.473022
957.561523	397.095703
956.421875	542.048523
955.281250	566.193787
954.141602	835.827881
953.000977	984.652893
951.860352	863.735718
950.719727	920.263306
949.578125	928.462097
948.436523	763.539978
947.294922	436.564850
946.153320	146.866455
945.010742	104.518738
943.868164	331.247681
942.725586	247.138947
941.583008	539.178650
940.439453	209.973862
939.295898	160.668991
938.152344	30.439730
937.007813	166.766190
935.863281	204.646561
934.718750	-194.391769
933.574219	155.670776
932.428711	250.060410
931.283203	58.416336
930.137695	202.842255
928.992188	17.715355
927.845703	-32.173733
926.699219	118.519630
925.552734	131.739166
924.405273	323.611450
923.257813	-232.088974
922.110352	-38.140903
920.962891	51.120224
919.814453	218.674530
918.666016	-64.546867
917.517578	96.345306
916.369141	48.224751
915.219727	224.161499
914.070313	-211.211929
912.920898	134.259521
911.770508	-107.469307
910.621094	-68.702225
909.470703	67.797882
908.319336	-373.700531
907.168945	-150.341049
906.017578	-16.148148
904.866211	128.831299
903.713867	-277.599976
902.562500	64.838394
901.410156	-96.233444
900.256836	128.847733
899.104492	93.620102
897.951172	-10.973762
896.797852	283.320190
895.644531	29.235538
894.490234	167.411255
893.335938	-121.162262
892.181641	-143.216232
891.027344	-169.561951
889.872070	174.252289
888.716797	26.710936
887.561523	9.086739
886.405273	110.462395
885.249023	47.484406
884.092773	8.364993
882.936523	27.677708
881.779297	133.458618
880.622070	-283.593231
879.464844	21.052774
878.307617	-47.975128
877.149414	-65.099602
875.991211	-60.563236
874.833008	118.846199
873.673828	101.901558
872.514648	-206.149734
871.355469	-235.782974
870.196289	-211.416840
869.036133	11.319465
867.875977	70.266769
866.715820	51.723141
865.554688	244.364304
864.394531	635.154968
863.233398	259.394623
862.071289	230.453857
860.910156	322.165833
859.748047	71.854050
858.585938	413.295898
857.422852	171.907852
856.259766	681.097900
855.096680	510.949036
853.933594	405.479706
852.770508	-4.889327
851.606445	315.366333
850.442383	-94.525871
849.277344	-5.998404
848.113281	95.523033
846.948242	270.098511
845.783203	-16.533436
844.617188	-66.941719
843.451172	-33.536636
842.285156	120.074814
841.119141	-26.310139
839.952148	50.394260
838.785156	212.929245
837.618164	-14.281179
836.451172	-127.717392
835.283203	150.857086
834.115234	12.086931
832.947266	215.954437
831.778320	205.946350
830.609375	166.179291
829.440430	26.106033
828.271484	407.944916
827.101563	135.718094
825.931641	53.996368
824.761719	218.195038
823.590820	40.742779
822.420898	149.727219
821.250000	109.397125
820.078125	654.109375
818.907227	360.127930
817.735352	290.483643
816.562500	626.320129
815.390625	262.761414
814.217773	492.245270
813.044922	191.087509
811.872070	126.803955
810.698242	231.048630
809.524414	162.917847
808.350586	48.169209
807.176758	106.118851
806.001953	134.434723
804.827148	-13.686494
803.651367	-278.557220
802.476563	14.166228
801.300781	-135.363113
800.125000	240.487808
798.948242	376.172363
797.772461	129.499146
796.595703	14.844756
795.417969	414.430817
794.241211	272.539124
793.063477	152.126984
791.885742	664.454224
790.707031	595.300659
789.529297	477.571350
788.350586	213.728104
787.170898	234.323715
785.992188	636.687622
784.812500	733.825256
783.632813	557.740479
782.452148	589.512085
781.272461	371.516724
780.091797	354.941956
778.911133	330.066040
777.729492	453.506775
776.547852	325.239136
775.366211	129.483932
774.184570	-0.469742
773.001953	-164.054871
771.819336	-94.889343
770.636719	-294.037964
769.453125	-106.285355
768.269531	-49.474724
767.085938	-123.516953
765.902344	47.528526
764.717773	-85.388596
763.533203	-275.118286
762.348633	-15.226193
761.163086	-132.969711
759.977539	-96.607635
758.791992	-188.797699
757.606445	-84.818848
756.419922	-315.914948
755.233398	68.418236
754.046875	140.866302
752.859375	126.988029
751.672852	268.978394
750.485352	274.114960
749.296875	355.051941
748.108398	482.271271
746.919922	-105.752777
745.731445	370.670837
744.542969	632.420593
743.353516	225.596039
742.164063	159.418961
740.973633	-81.122475
739.783203	94.351677
738.592773	-32.684513
737.402344	-0.118289
736.211914	82.780296
735.020508	52.278568
733.829102	195.887466
732.636719	391.817657
731.444336	-102.347557
730.251953	-65.899513
729.059570	266.013062
727.866211	-5.842484
726.673828	-80.708435
725.479492	1.465693
724.286133	33.252552
723.091797	129.827759
721.897461	67.174240
720.703125	142.554276
719.507813	29.489428
718.312500	158.990753
717.117188	-397.591064
715.921875	156.098740
714.725586	109.513855
713.529297	129.682190
712.332031	-55.041943
711.135742	207.154678
709.938477	132.879517
708.740234	659.734741
707.542969	432.716888
706.344727	950.593811
705.146484	1482.667969
703.948242	2429.385254
702.749023	2551.832031
701.549805	1948.574341
700.350586	1749.779785
699.150391	1623.838745
697.950195	764.502625
696.750000	601.044067
695.549805	556.193726
694.348633	278.048645
693.147461	93.536728
691.946289	169.056305
690.744141	-63.489208
689.541992	267.553131
688.339844	207.400192
687.136719	508.849884
685.934570	176.163132
684.730469	454.381744
683.527344	152.803741
682.323242	229.249710
681.119141	359.560760
679.915039	57.967651
678.710938	472.448242
677.505859	280.830750
676.300781	317.454773
675.094727	269.014008
673.889648	11.198421
672.683594	-68.208321
671.476563	82.491531
670.270508	214.544296
669.063477	-51.088394
667.856445	-53.480015
666.648438	-86.796440
665.440430	-140.629822
664.232422	-10.066978
663.024414	-53.132599
661.815430	-93.860580
660.606445	169.705780
659.397461	218.459000
658.188477	124.928108
656.978516	17.374598
655.768555	79.722473
654.557617	134.259430
653.346680	44.750774
652.135742	125.151520
650.924805	-233.491333
649.712891	-120.807289
648.501953	-158.043167
647.289063	-149.099167
646.077148	-291.900452
644.864258	91.966766
643.651367	-83.977448
642.438477	-93.954185
641.224609	72.293243
640.010742	93.415855
638.796875	214.622864
637.582031	335.057770
636.367188	360.123871
635.152344	261.168427
633.937500	344.877838
632.721680	555.696594
631.505859	319.958252
630.289063	674.136841
629.073242	801.990723
627.856445	968.869873
626.639648	961.206604
625.421875	1128.389404
624.204102	727.134277
622.986328	470.260529
621.768555	472.708679
620.549805	285.134338
619.331055	139.565491
618.111328	46.406128
616.892578	-18.914221
