1721.000977	213.225815
1720.027344	319.982300
1719.052734	-50.421776
1718.078125	133.218781
1717.104492	562.770081
1716.128906	101.818726
1715.154297	202.371567
1714.178711	238.486740
1713.204102	12.925097
1712.228516	-128.260880
1711.251953	14.732955
1710.276367	-172.957245
1709.299805	-240.449310
1708.324219	75.990677
1707.347656	-12.397155
1706.370117	21.885122
1705.393555	-338.045685
1704.416016	187.161911
1703.438477	29.058996
1702.460938	162.412323
1701.483398	-535.371033
1700.505859	-279.520966
1699.527344	-54.599434
1698.548828	-128.841293
1697.570313	246.460251
1696.591797	-75.753906
1695.612305	66.781059
1694.632813	262.790619
1693.653320	-36.542873
1692.673828	-72.966980
1691.694336	76.813461
1690.713867	1.952507
1689.734375	-139.195999
1688.753906	-140.131104
1687.772461	-148.796844
1686.791992	-106.476509
1685.810547	-71.892540
1684.830078	72.241730
1683.848633	290.121429
1682.866211	-95.702293
1681.884766	86.443474
1680.902344	-57.371700
1679.919922	165.356384
1678.937500	16.490711
1677.955078	221.300385
1676.971680	1.229833
1675.989258	53.392204
1675.005859	425.848541
1674.022461	15.262190
1673.038086	217.288055
1672.054688	61.034588
1671.070313	-26.585876
1670.085938	144.913559
1669.101563	-191.484390
1668.117188	-131.676056
1667.131836	369.742981
1666.146484	345.692566
1665.161133	187.217484
1664.175781	-250.184509
1663.189453	35.375175
1662.204102	125.655273
1661.217773	223.505478
1660.231445	247.856476
1659.245117	8.705537
1658.257813	25.538765
1657.270508	-81.705795
1656.284180	-297.711487
1655.295898	-146.541718
1654.308594	141.345139
1653.321289	211.509125
1652.333008	56.463600
1651.344727	-275.549530
1650.356445	462.478088
1649.367188	54.719982
1648.378906	71.951584
1647.389648	314.148346
1646.400391	-201.835175
1645.411133	174.329407
1644.420898	179.022705
1643.431641	-18.238602
1642.441406	322.419800
1641.451172	-23.663700
1640.459961	67.055656
1639.469727	160.347733
1638.478516	-18.854177
1637.487305	61.873802
1636.496094	374.629181
1635.504883	127.575851
1634.512695	311.696289
1633.520508	722.617065
1632.528320	594.193420
1631.536133	423.046112
1630.543945	513.967834
1629.550781	902.007629
1628.557617	987.819031
1627.564453	930.171143
1626.571289	623.458069
1625.578125	1383.726318
1624.583984	1439.345459
1623.589844	1635.828003
1622.595703	1648.720215
1621.601563	2026.177979
1620.606445	1724.864136
1619.611328	2051.950928
1618.616211	2228.203369
1617.621094	1977.410034
1616.625977	2271.730469
1615.629883	1805.160034
1614.633789	1878.538452
1613.637695	1924.326172
1612.641602	1917.444336
1611.645508	1945.728516
1610.648438	1740.748291
1609.651367	1912.046265
1608.654297	1957.953979
1607.657227	2104.150635
1606.659180	2235.252686
1605.662109	2093.267578
1604.664063	2181.812012
1603.666016	2513.299561
1602.666992	2614.280518
1601.668945	1981.773438
1600.669922	2305.665283
1599.670898	2106.447021
1598.671875	2064.970215
1597.671875	2346.187988
1596.672852	1822.082642
1595.672852	1865.776245
1594.672852	1786.990479
1593.671875	1790.717773
1592.671875	1734.541870
1591.670898	976.378235
1590.669922	745.584839
1589.668945	804.594910
1588.667969	998.435303
1587.666016	922.606628
1586.664063	502.443451
1585.662109	586.496216
1584.660156	705.471436
1583.658203	353.048462
1582.655273	299.993835
1581.652344	194.638031
1580.649414	535.511902
1579.646484	320.560486
1578.642578	556.644226
1577.638672	291.984131
1576.634766	15.009527
1575.630859	12.067822
1574.626953	504.537628
1573.622070	-55.985889
1572.618164	-175.783661
1571.613281	-56.707981
1570.607422	136.932449
1569.602539	-59.873966
1568.596680	-234.225342
1567.590820	272.606781
1566.584961	-170.092621
1565.579102	187.484894
1564.572266	231.899826
1563.566406	-73.836433
1562.559570	144.487198
1561.551758	315.538696
1560.544922	-7.354348
1559.537109	-134.078232
1558.530273	-206.106277
1557.521484	-124.353493
1556.513672	-129.377640
1555.505859	61.503231
1554.497070	170.490799
1553.488281	-82.393921
1552.479492	76.185013
1551.470703	-30.354412
1550.460938	-260.700958
1549.451172	-77.376678
1548.441406	-104.549484
1547.431641	44.058006
1546.421875	11.973219
1545.411133	51.648277
1544.400391	74.014114
1543.389648	-484.808075
1542.378906	7.525554
1541.367188	-54.122486
1540.355469	72.131729
1539.343750	89.624283
1538.332031	-446.281403
1537.320313	-337.237488
1536.307617	-161.564865
1535.294922	-341.485168
1534.282227	231.599411
1533.269531	170.192978
1532.256836	163.123886
1531.243164	262.134003
1530.229492	-31.037535
1529.215820	-139.109283
1528.202148	-76.995079
1527.187500	-140.620743
1526.172852	-73.575470
1525.158203	175.797241
1524.143555	87.614845
1523.127930	415.690002
1522.113281	-201.840012
1521.097656	268.997559
1520.082031	-52.855492
1519.065430	137.261383
1518.049805	214.188248
1517.033203	59.870899
1516.016602	126.981461
1515.000000	36.738995
1513.982422	175.144135
1512.965820	200.509155
1511.948242	186.549881
1510.930664	-63.206303
1509.913086	514.881592
1508.894531	-174.341858
1507.875977	123.685799
1506.857422	284.175873
1505.838867	444.628662
1504.820313	241.939102
1503.800781	-48.969788
1502.781250	665.792297
1501.761719	517.202271
1500.742188	-165.692657
1499.721680	247.261276
1498.702148	517.992188
1497.681641	391.732941
1496.661133	-94.485817
1495.639648	97.841393
1494.618164	383.159149
1493.597656	460.368866
1492.576172	331.985229
1491.553711	463.020477
1490.532227	131.733932
1489.509766	72.078079
1488.487305	0.262817
1487.464844	182.772888
1486.442383	333.471954
1485.418945	503.674652
1484.395508	-66.424965
1483.372070	480.040649
1482.348633	408.470276
1481.324219	163.592911
1480.300781	175.205704
1479.276367	-3.530644
1478.251953	427.866608
1477.226563	476.095367
1476.202148	536.573425
1475.176758	67.895592
1474.151367	325.977905
1473.125000	254.916931
1472.099609	359.426880
1471.073242	298.231903
1470.046875	30.064217
1469.020508	499.982758
1467.994141	492.519073
1466.966797	577.586548
1465.939453	414.417206
1464.912109	341.405792
1463.884766	321.998016
1462.856445	375.591827
1461.829102	949.642273
1460.800781	942.406006
1459.772461	859.876343
1458.743164	806.568604
1457.714844	435.070129
1456.685547	1091.313843
1455.656250	1210.589722
1454.625977	1169.589111
1453.596680	1191.804932
1452.566406	1032.006714
1451.536133	1131.980103
1450.505859	1096.108154
1449.474609	892.914612
1448.444336	862.071533
1447.413086	1233.751343
1446.381836	870.844666
1445.350586	1077.679932
1444.318359	1039.734497
1443.286133	926.769836
1442.253906	1201.426880
1441.221680	1095.858032
1440.189453	779.770752
1439.156250	926.154175
1438.123047	390.117249
1437.089844	372.121094
1436.056641	538.033081
1435.022461	360.499023
1433.988281	436.975159
1432.954102	20.344484
1431.919922	167.071960
1430.885742	584.427307
1429.850586	28.072258
1428.815430	314.950958
1427.780273	-141.975510
1426.744141	323.571991
1425.708984	91.441872
1424.672852	457.926727
1423.636719	-283.115631
1422.600586	-54.075737
1421.563477	358.189178
1420.527344	-75.949791
1419.490234	316.992035
1418.452148	138.597031
1417.415039	1.337332
1416.376953	223.127777
1415.338867	98.052109
1414.300781	-106.374016
1413.262695	276.798676
1412.224609	-47.796970
1411.185547	-203.759674
1410.146484	-191.170197
1409.107422	283.338684
1408.067383	380.098114
1407.027344	371.085724
1405.987305	-27.296146
1404.947266	-9.649081
1403.907227	15.265203
1402.866211	-84.717880
1401.826172	17.195711
1400.785156	592.176880
1399.743164	221.010971
1398.702148	402.175171
1397.660156	405.715790
1396.618164	805.211182
1395.576172	643.274658
1394.533203	886.765503
1393.491211	998.359375
1392.448242	1603.790771
1391.405273	1990.919067
1390.361328	2183.830322
1389.318359	2542.051270
1388.274414	2840.281738
1387.230469	3133.657959
1386.186523	3201.918213
1385.141602	3538.285645
1384.097656	3862.629883
1383.052734	4117.491699
1382.007813	3860.389160
1380.961914	3813.901855
1379.916992	3734.046875
1378.871094	3465.408447
1377.825195	3306.895508
1376.778320	3358.774658
1375.732422	2777.617676
1374.685547	3109.177002
1373.638672	2067.536865
1372.591797	2060.205322
1371.543945	2205.691406
1370.497070	2401.312012
1369.449219	2238.996094
1368.400391	1983.759644
1367.352539	1220.719482
1366.303711	1655.039551
1365.255859	1796.035889
1364.206055	1832.121094
1363.157227	2151.843262
1362.108398	1637.649292
1361.058594	2000.252686
1360.008789	1407.830444
1358.958984	1668.077637
1357.908203	1525.969482
1356.857422	1957.526611
1355.806641	2298.545654
1354.755859	1490.518677
1353.705078	1562.863159
1352.653320	1585.289063
1351.601563	1562.597900
1350.549805	1181.086304
1349.498047	1239.402588
1348.445313	1523.428467
1347.393555	1289.618164
1346.340820	1186.556396
1345.287109	936.375610
1344.234375	1025.822754
1343.180664	559.947449
1342.126953	865.445129
1341.073242	1144.776611
1340.019531	387.644531
1338.964844	584.068237
1337.910156	578.961670
1336.855469	498.074493
1335.799805	722.933899
1334.745117	-16.437176
1333.689453	371.984772
1332.633789	220.378952
1331.578125	319.854462
1330.521484	144.751312
1329.464844	118.869606
1328.408203	116.716858
1327.351563	-100.640839
1326.294922	117.304008
1325.237305	108.208115
1324.179688	21.156445
1323.122070	47.644760
1322.064453	-91.229614
1321.005859	-227.645645
1319.947266	-97.053795
1318.888672	-11.333311
1317.830078	-305.695465
1316.770508	-123.100250
1315.710938	12.267244
1314.651367	24.945736
1313.591797	58.899727
1312.531250	-15.607892
1311.471680	-196.119507
1310.411133	-220.933151
1309.349609	-191.498230
1308.289063	-58.334042
1307.227539	77.164063
1306.166016	273.888580
1305.104492	-304.133545
1304.042969	-208.547180
1302.980469	80.039978
1301.917969	255.590469
1300.855469	151.146912
1299.792969	89.134697
1298.729492	-198.580994
1297.666016	-6.490968
1296.602539	-94.158104
1295.539063	-327.453857
1294.474609	-170.579285
1293.411133	49.718163
1292.346680	20.993893
1291.281250	4.052358
1290.216797	-151.326889
1289.151367	216.786865
1288.085938	-53.480499
1287.020508	621.870605
1285.955078	-32.945324
1284.888672	37.160149
1283.822266	308.906464
1282.755859	371.965057
1281.689453	294.425385
1280.622070	366.895691
1279.554688	273.059967
1278.487305	450.972504
1277.419922	418.121185
1276.351563	169.938629
1275.283203	226.163315
1274.214844	179.443298
1273.146484	151.500793
1272.077148	240.538116
1271.008789	425.461914
1269.939453	-32.588352
1268.869141	273.906555
1267.799805	220.438934
1266.729492	302.527405
1265.659180	365.929626
1264.588867	128.082611
1263.517578	133.177292
1262.447266	227.025848
1261.375977	638.248901
1260.304688	417.010040
1259.232422	394.168396
1258.161133	555.633362
1257.088867	402.260284
1256.016602	596.341553
1254.943359	969.822205
1253.871094	415.759949
1252.797852	407.104065
1251.724609	894.603821
1250.650391	916.169250
1249.577148	1079.787354
1248.502930	1413.267212
1247.428711	599.342224
1246.354492	1093.379028
1245.279297	1135.940308
1244.204102	766.876587
1243.128906	656.089600
1242.053711	573.270264
1240.977539	887.918884
1239.902344	626.224854
1238.826172	845.528992
1237.750000	521.279236
1236.672852	561.749451
1235.595703	75.231148
1234.518555	111.180878
1233.441406	404.719147
1232.364258	449.907959
1231.286133	149.478226
1230.208008	259.662781
1229.129883	-66.058449
1228.051758	55.755363
1226.972656	-107.528008
1225.893555	-106.214935
1224.814453	1.670568
1223.734375	206.777588
1222.655273	-60.518017
1221.575195	-165.647934
1220.495117	90.331322
1219.415039	-91.116028
1218.333984	-4.125944
1217.252930	198.479324
1216.171875	-17.527403
1215.090820	-328.213165
1214.008789	463.750977
1212.926758	-41.004181
1211.844727	-279.838684
1210.762695	-79.690689
1209.679688	-64.379616
1208.597656	-150.639633
1207.513672	-172.248016
1206.430664	-233.061646
1205.347656	-296.146057
1204.263672	-119.304977
1203.179688	343.439758
1202.095703	164.985901
1201.010742	164.103958
1199.925781	-46.501385
1198.840820	-45.022251
1197.755859	-68.885132
1196.670898	8.604567
1195.584961	302.502533
1194.499023	269.357086
1193.413086	-5.445788
1192.326172	161.680878
1191.239258	183.789261
1190.152344	79.374710
1189.065430	62.389587
1187.978516	376.485474
1186.890625	-116.395256
1185.802734	-18.446526
1184.714844	557.350403
1183.625977	282.945740
1182.538086	190.100739
1181.449219	469.240021
1180.360352	436.044647
1179.270508	173.335815
1178.180664	190.665665
1177.090820	797.541138
1176.000977	605.988770
1174.911133	1152.859253
1173.820313	718.262939
1172.729492	838.509644
1171.638672	436.223480
1170.547852	460.223969
1169.456055	369.656464
1168.364258	443.987122
1167.272461	639.605591
1166.179688	546.692566
1165.087891	1103.731812
1163.995117	1166.296143
1162.902344	2082.011963
1161.808594	1583.969971
1160.715820	2014.419556
1159.622070	2056.035156
1158.528320	2184.446777
1157.433594	1899.198364
1156.339844	1291.961304
1155.245117	883.648132
1154.149414	1002.921875
1153.054688	512.610413
1151.958984	714.012817
1150.863281	319.735901
1149.767578	92.134186
1148.671875	-32.765980
1147.575195	321.203857
1146.478516	25.232597
1145.381836	356.159119
1144.285156	418.001953
1143.187500	163.081741
1142.089844	76.786736
1140.992188	320.690125
1139.894531	-98.095810
1138.795898	-143.449768
1137.697266	-154.698273
1136.598633	54.712341
1135.499023	2.368114
1134.400391	79.644630
1133.300781	109.074333
1132.201172	224.819122
1131.100586	110.902367
1130.000977	-357.460205
1128.900391	-146.459137
1127.799805	309.680878
1126.698242	231.936234
1125.596680	47.476784
1124.495117	105.887436
1123.393555	645.264771
1122.291992	422.084351
1121.189453	985.962891
1120.086914	1093.734497
1118.984375	1475.710693
1117.881836	1676.120850
1116.778320	2021.386353
1115.674805	2060.579590
1114.571289	1904.887085
1113.466797	1946.194824
1112.363281	1871.962036
1111.258789	1548.684204
1110.153320	1983.578979
1109.048828	1601.441895
1107.943359	1413.920410
1106.837891	1579.200806
1105.732422	1059.246948
1104.625977	1072.901367
1103.520508	1285.370361
1102.414063	898.878906
1101.306641	891.968872
1100.200195	975.335083
1099.092773	1119.526611
1097.985352	511.831696
1096.877930	441.475952
1095.769531	551.563110
1094.661133	472.014587
1093.552734	270.614502
1092.444336	484.119629
1091.335938	487.775085
1090.226563	419.192108
1089.117188	-9.996646
1088.006836	137.632446
1086.897461	618.463562
1085.787109	585.540039
1084.676758	606.561340
1083.566406	496.925018
1082.455078	758.526855
1081.343750	848.918213
1080.232422	826.699585
1079.121094	869.600586
1078.008789	844.911316
1076.896484	781.913818
1075.784180	707.595520
1074.671875	442.228943
1073.558594	1043.920288
1072.445313	942.299744
1071.332031	934.917053
1070.217773	296.620605
1069.104492	751.476807
1067.990234	297.272827
1066.875977	388.268066
1065.760742	245.841705
1064.645508	56.272930
1063.530273	173.791443
1062.415039	158.904282
1061.299805	67.720055
1060.183594	-19.081709
1059.067383	-85.807205
1057.951172	431.804565
1056.833984	33.413357
1055.716797	199.100021
1054.599609	-44.905647
1053.482422	73.493355
1052.364258	390.757233
1051.247070	300.787781
1050.128906	280.017731
1049.009766	95.942291
1047.891602	-90.395485
1046.772461	20.346737
1045.653320	293.957886
1044.533203	189.897552
1043.414063	157.217545
1042.293945	68.595390
1041.173828	-209.804520
1040.052734	-648.874451
1038.932617	-68.475800
1037.811523	-161.978638
1036.689453	-17.035994
1035.568359	7.362504
1034.446289	-376.239716
1033.324219	-122.575806
1032.202148	-245.622635
1031.079102	72.183945
1029.957031	178.210907
1028.833984	-47.651569
1027.709961	60.260067
1026.586914	5.579150
1025.462891	-371.792999
1024.338867	124.903664
1023.214844	-72.498901
1022.089844	-72.124741
1020.964844	-200.795425
1019.839844	-411.760956
1018.714844	-378.404114
1017.588867	103.408524
1016.462891	-227.827652
1015.336914	-192.760956
1014.210938	-115.676445
1013.083984	-14.386253
1011.957031	46.789101
1010.830078	522.552979
1009.702148	683.061707
1008.574219	885.479614
1007.446289	2047.381104
1006.318359	2900.598877
1005.190430	4907.519531
1004.061523	4773.760254
1002.932617	3844.947266
1001.802734	2342.997559
1000.673828	1423.741577
999.543945	265.752411
998.414063	386.914154
997.283203	-29.625389
996.153320	226.175903
995.022461	108.058235
993.891602	-72.027214
992.759766	-157.163422
991.628906	73.567703
990.497070	-109.020111
989.364258	24.112738
988.232422	-26.169649
987.099609	172.840500
985.966797	225.982040
984.833984	5.388760
983.700195	161.934189
982.566406	245.508347
981.432617	355.377930
980.298828	443.028442
979.164063	277.051941
978.029297	216.784256
976.894531	442.789093
975.759766	327.216187
974.624023	306.223755
973.488281	467.831757
972.352539	393.768097
971.215820	326.194794
970.080078	232.170853
968.943359	47.878265
967.805664	274.697205
966.668945	182.585693
965.531250	94.780045
964.393555	602.355835
963.254883	193.525620
962.117188	533.724670
960.978516	627.720093
959.839844	785.228638
958.700195	637.474304
957.561523	842.986877
956.421875	675.349487
955.281250	1235.813843
954.141602	1239.011719
953.000977	1347.315186
951.860352	1102.617188
950.719727	1473.673706
949.578125	678.997681
948.436523	1312.607544
947.294922	763.419556
946.153320	341.377167
945.010742	479.723755
943.868164	744.849182
942.725586	351.294739
941.583008	3.781452
940.439453	471.958893
939.295898	209.678146
938.152344	74.226738
937.007813	266.515961
935.863281	449.924408
934.718750	320.860809
933.574219	440.741730
932.428711	246.115173
931.283203	182.488892
930.137695	55.564678
928.992188	-152.065018
927.845703	-58.672478
926.699219	-255.378632
925.552734	3.612165
924.405273	290.758148
923.257813	41.680691
922.110352	143.448944
920.962891	312.667267
919.814453	70.192360
918.666016	176.145752
917.517578	88.315437
916.369141	24.454256
915.219727	202.071411
914.070313	-96.738876
912.920898	276.526306
911.770508	-457.014343
910.621094	-205.558182
909.470703	267.414459
908.319336	-44.151939
907.168945	-620.525146
906.017578	-284.587646
904.866211	-161.557709
903.713867	17.847672
902.562500	-6.768313
901.410156	-22.694107
900.256836	139.249237
899.104492	90.828751
897.951172	44.607822
896.797852	-27.565620
895.644531	253.561493
894.490234	-76.383629
893.335938	235.017136
892.181641	299.454346
891.027344	11.013093
889.872070	231.402908
888.716797	282.951813
887.561523	-95.993378
886.405273	-81.058891
885.249023	-85.522385
884.092773	9.541072
882.936523	407.247803
881.779297	188.936722
880.622070	-158.822510
879.464844	279.906708
878.307617	-186.310120
877.149414	153.061569
875.991211	-55.889469
874.833008	-286.226654
873.673828	-328.676941
872.514648	28.039557
871.355469	82.785103
870.196289	-67.199158
869.036133	231.309448
867.875977	206.551178
866.715820	61.271049
865.554688	6.617753
864.394531	150.263229
863.233398	281.029510
862.071289	454.884552
860.910156	824.647827
859.748047	680.145996
858.585938	327.204041
857.422852	737.963562
856.259766	636.979736
855.096680	540.489380
853.933594	762.241028
852.770508	201.994858
851.606445	333.787506
850.442383	14.708339
849.277344	211.184830
848.113281	214.572067
846.948242	190.195389
845.783203	142.401230
844.617188	150.543228
843.451172	145.983032
842.285156	-381.531311
841.119141	-91.962776
839.952148	-63.820583
838.785156	356.556854
837.618164	-508.254578
836.451172	203.633499
835.283203	-112.311134
834.115234	-57.623150
832.947266	-169.691711
831.778320	-18.384699
830.609375	6.840676
829.440430	549.755188
828.271484	145.492798
827.101563	647.873596
825.931641	445.017456
824.761719	449.690979
823.590820	283.663757
822.420898	677.422791
821.250000	360.232910
820.078125	521.493774
818.907227	473.769196
817.735352	946.813171
816.562500	519.712524
815.390625	577.104004
814.217773	918.199463
813.044922	664.662842
811.872070	650.115356
810.698242	426.976013
809.524414	208.404144
808.350586	83.836990
807.176758	398.098511
806.001953	548.506592
804.827148	35.125729
803.651367	15.738802
802.476563	190.137695
801.300781	283.834229
800.125000	75.801826
798.948242	444.050415
797.772461	-126.891685
796.595703	511.441528
795.417969	656.897034
794.241211	745.158142
793.063477	457.797058
791.885742	669.547058
790.707031	1097.813232
789.529297	1224.839478
788.350586	872.636597
787.170898	1256.582275
785.992188	383.399567
784.812500	793.084412
783.632813	554.352722
782.452148	1061.606079
781.272461	641.132385
780.091797	782.159058
778.911133	800.506409
777.729492	478.248169
776.547852	549.887878
775.366211	372.036072
774.184570	158.475281
773.001953	359.603760
771.819336	-312.282959
770.636719	140.687164
769.453125	-27.638115
768.269531	370.422791
767.085938	316.468353
765.902344	-117.383591
764.717773	-409.464691
763.533203	83.843422
762.348633	45.330330
761.163086	-166.022919
759.977539	-100.868034
758.791992	-328.704590
757.606445	183.608414
756.419922	-408.557037
755.233398	0.513926
754.046875	19.790361
752.859375	216.066345
751.672852	517.641418
750.485352	516.037109
749.296875	257.769562
748.108398	630.931946
746.919922	827.309631
745.731445	615.688171
744.542969	503.071686
743.353516	546.130066
742.164063	608.163086
740.973633	214.293930
739.783203	97.959084
738.592773	223.252838
737.402344	470.328125
736.211914	-113.888588
735.020508	706.171753
733.829102	15.273886
732.636719	763.694153
731.444336	442.291046
730.251953	30.929058
729.059570	104.007904
727.866211	-70.199242
726.673828	-413.980316
725.479492	-290.479156
724.286133	-26.685019
723.091797	126.045555
721.897461	67.325851
720.703125	-152.466644
719.507813	-135.725189
718.312500	-64.578148
717.117188	230.313629
715.921875	150.867645
714.725586	-260.859009
713.529297	401.721069
712.332031	144.775040
711.135742	-168.408661
709.938477	136.676315
708.740234	141.015869
707.542969	702.672729
706.344727	1385.115601
705.146484	2453.219238
703.948242	3316.459229
702.749023	3274.342041
701.549805	3399.067871
700.350586	2577.555176
699.150391	2100.292236
697.950195	1417.078613
696.750000	459.334076
695.549805	312.115967
694.348633	341.989410
693.147461	159.650238
691.946289	23.270861
690.744141	-42.214275
689.541992	189.857285
688.339844	353.331848
687.136719	483.595551
685.934570	79.839867
684.730469	189.636703
683.527344	405.510529
682.323242	152.105469
681.119141	476.244873
679.915039	200.542450
678.710938	226.132370
677.505859	123.323128
676.300781	410.820068
675.094727	329.324890
673.889648	573.710266
672.683594	-108.255127
671.476563	319.183228
670.270508	502.333405
669.063477	428.957581
667.856445	57.849281
666.648438	310.576141
665.440430	81.398430
664.232422	30.835312
663.024414	129.821320
661.815430	221.083786
660.606445	-437.714539
659.397461	515.002136
658.188477	58.326653
656.978516	379.604248
655.768555	11.490251
654.557617	-12.735671
653.346680	-246.693222
652.135742	-149.288696
650.924805	456.796112
649.712891	153.624802
648.501953	-243.220688
647.289063	-446.905609
646.077148	29.108170
644.864258	-250.421753
643.651367	314.472565
642.438477	-131.247269
641.224609	213.715515
640.010742	-125.800125
638.796875	150.045624
637.582031	876.216980
636.367188	358.642792
635.152344	643.549438
633.937500	442.693359
632.721680	741.649170
631.505859	937.679138
630.289063	1310.546753
629.073242	1494.344727
627.856445	1314.721924
626.639648	1932.610107
625.421875	1449.980591
624.204102	1122.197266
622.986328	1062.153564
621.768555	1000.929565
620.549805	688.386536
619.331055	444.772858
618.111328	65.138016
616.892578	176.990540
